"","Age","Sex","Grade","race","schooltype","curious_trying_others","Smoked_cigarettes_on_1_or","Smoked_cigars_cigarillos","chewing_tobacco_snuff_or","Smoked_tobacco_pipe_not_h","Smoked_bidis_on_1_or_more","Smoked_tobacco_hookah_or","snus_such_as_Camel_or_Mar","dissolvable_tobacco_such","electronic_cigarettes_suc","curious_smoke_cig","housemoate_no_smoke","smoked","curious"
"1",4,"F",1,"Black","Middle",2,0,0,0,0,0,0,0,0,0,4,"1",FALSE,0
"2",4,"F",2,"Black","Middle",2,0,0,0,0,0,0,0,0,0,4,"1",FALSE,0
"3",5,"F",2,"Black","Middle",2,0,0,0,0,0,0,0,0,0,4,NA,FALSE,0
"4",4,"F",2,"Black","Middle",2,0,0,0,0,0,0,0,0,0,2,NA,FALSE,1
"5",5,"M",2,"Black","Middle",1,0,0,0,0,0,0,0,0,0,1,"1",FALSE,1
"6",5,"F",2,"Hispanic","Middle",NA,0,0,0,0,0,0,0,0,NA,4,"1",NA,0
"7",5,"M",2,"White","Middle",2,0,0,0,0,0,0,0,0,0,3,NA,FALSE,0
"8",5,"M",2,"White","Middle",2,0,0,0,0,0,0,0,0,0,4,"1",FALSE,0
"9",5,"F",2,"Black","Middle",2,0,0,0,0,0,0,0,0,0,4,"1",FALSE,0
"10",5,"F",2,"White","Middle",2,0,0,0,0,0,0,0,0,0,2,"1",FALSE,1
"11",4,"M",2,"Black","Middle",2,0,0,0,0,0,0,0,0,0,4,"1",FALSE,0
"12",5,"M",2,"Black","Middle",2,0,0,NA,0,0,0,0,0,0,4,"1",NA,0
"13",4,"M",2,"Black","Middle",2,0,0,0,0,0,0,0,0,0,4,"1",FALSE,0
"14",5,"M",2,"Hispanic","Middle",2,0,0,0,0,0,0,0,0,0,3,NA,FALSE,0
"15",5,"F",2,"Hispanic","Middle",2,0,0,0,0,0,0,0,0,0,4,"1",FALSE,0
"16",5,"F",2,"Black","Middle",2,0,0,0,0,0,0,0,0,0,4,"1",FALSE,0
"17",4,"F",2,"Hispanic","Middle",2,0,0,0,0,0,0,0,0,0,2,"1",FALSE,1
"18",5,"F",2,"Black","Middle",2,0,0,0,0,0,0,0,0,0,1,NA,FALSE,1
"19",4,"F",2,"Black","Middle",2,0,0,0,0,0,0,0,0,0,2,NA,FALSE,1
"20",5,"M",2,"Black","Middle",2,0,0,0,0,0,0,0,0,0,4,"1",FALSE,0
"21",5,"F",2,"White","Middle",2,0,0,0,0,0,0,0,0,0,4,NA,FALSE,0
"22",4,"M",2,"Black","Middle",2,0,0,0,0,0,0,0,0,0,4,"1",FALSE,0
"23",5,"F",2,"Hispanic","Middle",2,0,0,0,0,0,0,0,0,0,3,"1",FALSE,0
"24",5,"M",2,"Hispanic","Middle",NA,1,NA,NA,0,0,0,0,0,0,1,NA,TRUE,1
"25",5,"M",2,"Black","Middle",2,0,0,0,0,0,0,0,0,0,4,"1",FALSE,0
"26",4,"F",2,"Black","Middle",2,0,0,0,0,0,0,0,0,0,4,"1",FALSE,0
"27",5,"M",2,"Black","Middle",2,0,0,NA,0,0,0,0,0,0,4,"1",NA,0
"28",5,"F",2,"Black","Middle",2,0,0,0,0,0,0,0,0,0,4,NA,FALSE,0
"29",4,"F",2,"Black","Middle",2,0,0,0,0,0,0,0,0,0,4,"1",FALSE,0
"30",5,"F",2,"Black","Middle",2,0,0,0,0,0,0,0,0,0,4,"1",FALSE,0
"31",NA,NA,NA,"Black",NA,NA,0,NA,NA,0,0,0,0,0,0,3,NA,NA,0
"32",5,"F",2,"Hispanic","Middle",2,0,0,NA,0,0,0,0,0,0,4,"1",NA,0
"33",5,"M",2,"Hispanic","Middle",2,0,0,0,0,0,0,0,0,0,3,NA,FALSE,0
"34",4,"M",2,NA,"Middle",2,0,0,0,0,0,0,0,0,0,1,NA,FALSE,1
"35",NA,"F",NA,NA,NA,2,0,0,0,0,0,0,0,0,0,4,"1",FALSE,0
"36",4,"F",2,"Hispanic","Middle",2,0,0,0,0,0,0,0,0,0,4,"1",FALSE,0
"37",NA,NA,NA,NA,NA,2,0,0,0,0,0,0,0,0,0,4,NA,FALSE,0
"38",4,"M",2,"Hispanic","Middle",2,0,0,0,0,0,0,0,0,0,NA,NA,FALSE,NA
"39",5,"M",2,NA,"Middle",2,0,0,0,0,0,0,0,0,0,2,"1",FALSE,1
"40",5,"M",2,"NHOPI","Middle",2,0,0,0,0,0,0,0,0,0,4,NA,FALSE,0
"41",NA,NA,NA,NA,NA,2,0,0,0,0,0,0,0,0,0,4,"1",FALSE,0
"42",NA,"M",NA,NA,NA,2,0,0,0,0,0,0,0,0,0,4,"1",FALSE,0
"43",NA,"F",NA,"Hispanic",NA,2,0,0,0,0,0,0,0,0,0,4,NA,FALSE,0
"44",NA,NA,NA,NA,NA,2,0,0,0,NA,NA,NA,NA,NA,0,3,"1",NA,0
"45",4,"F",2,"Hispanic","Middle",2,0,0,0,0,0,0,0,0,0,4,"1",FALSE,0
"46",5,"M",2,NA,"Middle",1,0,0,0,NA,NA,0,NA,NA,0,2,NA,NA,1
"47",3,"F",1,"Black","Middle",2,0,0,0,0,0,0,0,0,0,4,"1",FALSE,0
"48",3,"F",1,"Black","Middle",2,0,0,0,0,0,0,0,0,0,4,"1",FALSE,0
"49",3,"F",1,"Hispanic","Middle",2,0,0,0,0,0,0,0,0,0,3,"1",FALSE,0
"50",3,"F",1,"Black","Middle",2,0,0,0,0,0,0,0,0,0,2,"1",FALSE,1
"51",4,"F",1,"Black","Middle",2,0,0,0,0,0,0,0,0,0,4,"1",FALSE,0
"52",3,"F",1,"Black","Middle",2,0,0,0,0,0,0,0,0,0,4,"1",FALSE,0
"53",4,"F",1,"Black","Middle",NA,1,0,0,1,0,0,0,0,0,2,NA,TRUE,1
"54",4,"F",1,"Hispanic","Middle",2,0,0,0,0,0,NA,0,0,0,4,"1",NA,0
"55",5,"M",1,"Hispanic","Middle",2,0,0,0,0,0,0,0,0,0,2,NA,FALSE,1
"56",4,"M",1,"Black","Middle",1,NA,0,0,0,0,0,0,0,0,4,"1",NA,0
"57",4,"M",1,"AI/AN","Middle",2,0,0,0,0,0,0,0,0,0,4,"1",FALSE,0
"58",4,"M",1,"Hispanic","Middle",2,0,0,0,0,0,0,0,0,0,4,"1",FALSE,0
"59",4,"F",1,"White","Middle",2,0,0,0,0,0,0,0,0,0,2,"1",FALSE,1
"60",4,"M",1,"Hispanic","Middle",2,0,0,0,0,0,0,0,0,0,4,"1",FALSE,0
"61",4,"F",1,"Hispanic","Middle",1,0,NA,0,0,0,0,0,0,0,1,NA,NA,1
"62",4,"M",1,"Black","Middle",2,0,0,0,0,0,0,0,0,0,4,NA,FALSE,0
"63",4,"F",1,"Hispanic","Middle",2,0,0,0,0,0,0,0,0,0,4,"1",FALSE,0
"64",4,"M",1,"Black","Middle",2,0,0,0,0,0,0,0,0,0,1,NA,FALSE,1
"65",4,"F",1,"White","Middle",2,0,0,0,0,0,0,0,0,0,4,NA,FALSE,0
"66",3,"M",1,"Hispanic","Middle",2,0,0,0,0,0,0,0,0,0,3,"1",FALSE,0
"67",4,"F",1,"Hispanic","Middle",2,0,0,0,0,0,0,0,0,0,2,NA,FALSE,1
"68",4,"F",1,"White","Middle",2,0,0,0,0,0,0,0,0,0,2,NA,FALSE,1
"69",3,"M",1,"Black","Middle",2,0,0,0,0,0,0,0,0,0,4,"1",FALSE,0
"70",3,"M",1,"Black","Middle",2,0,0,0,0,0,0,0,0,0,2,"1",FALSE,1
"71",4,"M",1,"Black","Middle",2,0,0,0,0,0,0,0,0,0,1,NA,FALSE,1
"72",3,"M",1,NA,"Middle",2,0,0,0,0,0,0,0,0,0,4,"1",FALSE,0
"73",4,"F",1,"White","Middle",2,0,0,0,0,0,0,0,0,0,3,NA,FALSE,0
"74",3,"F",1,"Black","Middle",1,0,0,0,0,0,0,0,0,0,1,NA,FALSE,1
"75",3,"M",1,"White","Middle",2,0,0,0,0,0,0,0,0,0,2,NA,FALSE,1
"76",4,"M",1,"Hispanic","Middle",NA,NA,NA,NA,NA,NA,NA,NA,NA,0,4,"1",NA,0
"77",3,"F",1,"Black","Middle",2,0,0,0,0,0,0,0,0,0,4,"1",FALSE,0
"78",4,"F",1,"Black","Middle",1,0,0,0,0,0,0,0,0,0,4,NA,FALSE,0
"79",4,"M",1,"Black","Middle",2,0,0,0,0,0,0,0,0,0,4,NA,FALSE,0
"80",3,"F",1,"Hispanic","Middle",2,0,0,0,0,0,0,0,0,0,4,"1",FALSE,0
"81",4,"F",1,"Black","Middle",2,0,0,0,0,0,0,0,0,0,4,NA,FALSE,0
"82",NA,NA,1,NA,"Middle",2,0,0,0,0,0,0,0,0,0,3,"1",FALSE,0
"83",4,"M",1,"White","Middle",2,0,0,0,0,0,NA,0,0,0,4,"1",NA,0
"84",4,"M",1,"Black","Middle",2,0,0,0,0,0,0,0,0,0,4,"1",FALSE,0
"85",4,"F",1,NA,"Middle",2,0,0,0,0,0,0,0,0,0,4,"1",FALSE,0
"86",4,"M",2,"Hispanic","Middle",2,0,0,0,0,0,0,0,0,0,4,"1",FALSE,0
"87",4,"F",1,"White","Middle",2,0,0,0,0,0,0,0,0,0,4,NA,FALSE,0
"88",5,"F",3,"Black","Middle",2,0,0,0,0,0,0,0,0,0,4,"1",FALSE,0
"89",5,"F",3,"Black","Middle",2,0,0,0,0,0,0,0,0,0,2,NA,FALSE,1
"90",6,"M",3,"Black","Middle",2,0,0,0,0,0,0,0,0,0,3,"1",FALSE,0
"91",6,"M",3,"Black","Middle",2,0,0,0,0,0,0,0,0,0,4,"1",FALSE,0
"92",6,"M",3,"Black","Middle",2,0,0,0,0,0,0,0,0,0,2,NA,FALSE,1
"93",6,"F",3,"White","Middle",2,0,0,0,0,0,0,0,0,0,4,NA,FALSE,0
"94",6,"F",3,"White","Middle",2,0,0,0,0,0,0,0,0,0,4,"1",FALSE,0
"95",NA,NA,NA,NA,NA,2,0,0,0,0,0,0,0,0,0,4,"1",FALSE,0
"96",5,"F",3,NA,"Middle",2,0,0,0,0,0,0,0,0,0,4,NA,FALSE,0
"97",5,"F",3,"Black","Middle",2,0,0,0,0,0,0,0,0,0,4,"1",FALSE,0
"98",5,"F",3,"Black","Middle",1,0,0,0,0,0,0,0,0,0,4,NA,FALSE,0
"99",5,"F",3,"Black","Middle",2,0,0,0,0,0,0,0,0,0,4,NA,FALSE,0
"100",6,"F",3,"Black","Middle",2,0,0,0,0,0,0,0,0,1,1,NA,TRUE,1
"101",5,"F",3,"White","Middle",2,0,0,0,0,0,0,0,0,0,4,"1",FALSE,0
"102",6,"F",3,NA,"Middle",2,0,0,0,0,0,0,0,0,0,4,NA,FALSE,0
"103",6,"F",3,"Black","Middle",2,0,0,0,0,0,0,0,0,0,2,"1",FALSE,1
"104",6,"F",3,"Black","Middle",1,0,0,0,0,0,0,0,0,0,4,NA,FALSE,0
"105",5,"F",3,"Black","Middle",1,0,NA,0,0,0,0,0,0,0,4,NA,NA,0
"106",7,"F",3,"White","Middle",2,0,0,0,0,0,1,0,0,1,2,"1",TRUE,1
"107",5,"F",3,"Black","Middle",2,0,0,0,0,0,0,0,0,0,3,"1",FALSE,0
"108",5,"F",3,"White","Middle",2,0,0,0,0,0,0,0,0,0,4,NA,FALSE,0
"109",6,"M",3,"Hispanic","Middle",2,0,0,NA,0,0,0,0,0,0,3,NA,NA,0
"110",6,"M",3,"Black","Middle",2,0,0,0,0,0,0,0,0,0,4,NA,FALSE,0
"111",6,"M",3,"Black","Middle",2,0,0,0,0,0,0,0,0,0,2,NA,FALSE,1
"112",6,"M",3,"White","Middle",2,0,0,0,0,0,0,0,0,0,4,"1",FALSE,0
"113",7,"M",3,"Black","Middle",2,0,0,0,0,0,0,0,0,0,3,"1",FALSE,0
"114",5,"M",3,"Hispanic","Middle",1,0,0,0,0,0,0,0,0,0,2,NA,FALSE,1
"115",5,"F",3,"Black","Middle",2,0,0,0,0,0,0,0,0,0,2,"1",FALSE,1
"116",6,"M",3,"Black","Middle",2,0,0,0,0,0,0,0,0,0,4,"1",FALSE,0
"117",6,"M",3,"Black","Middle",2,0,0,0,0,0,0,0,0,0,4,NA,FALSE,0
"118",5,"F",3,"Black","Middle",2,0,0,0,0,0,0,0,0,0,4,NA,FALSE,0
"119",5,"F",3,"Hispanic","Middle",2,0,0,0,0,0,0,0,0,0,4,"1",FALSE,0
"120",5,"F",3,"Black","Middle",2,0,0,0,0,0,0,0,0,0,4,"1",FALSE,0
"121",6,"F",3,"Black","Middle",2,0,0,0,0,0,0,0,0,0,4,"1",FALSE,0
"122",5,"M",3,"Black","Middle",2,0,0,0,0,0,0,0,0,0,2,NA,FALSE,1
"123",6,"F",3,"Black","Middle",1,0,1,0,0,0,0,0,0,0,2,NA,TRUE,1
"124",6,"M",3,"Black","Middle",2,0,0,0,0,0,0,0,0,0,4,NA,FALSE,0
"125",6,"F",3,"Black","Middle",1,0,1,0,0,0,0,0,0,0,4,NA,TRUE,0
"126",5,"M",3,"Black","Middle",NA,0,NA,NA,0,0,0,0,0,NA,4,"1",NA,0
"127",6,"M",3,"Black","Middle",2,0,0,0,0,0,0,0,0,0,4,NA,FALSE,0
"128",7,"F",3,"Hispanic","Middle",1,0,0,0,0,0,0,0,0,0,1,"1",FALSE,1
"129",7,"M",3,"Hispanic","Middle",1,0,1,0,0,0,0,0,1,0,2,"1",TRUE,1
"130",6,"M",3,"Hispanic","Middle",2,0,0,0,0,0,0,0,0,0,3,NA,FALSE,0
"131",5,"F",3,"Hispanic","Middle",2,0,0,0,0,0,0,0,0,0,2,NA,FALSE,1
"132",4,"F",2,"Hispanic","Middle",2,0,0,0,0,0,0,0,0,0,4,"1",FALSE,0
"133",4,"M",2,"Hispanic","Middle",2,0,0,0,0,0,0,0,0,0,4,"1",FALSE,0
"134",5,"M",2,"Hispanic","Middle",2,0,0,0,0,0,0,0,0,0,4,"1",FALSE,0
"135",5,"F",2,"Hispanic","Middle",1,0,0,1,0,0,0,0,0,0,1,NA,TRUE,1
"136",5,"M",2,"Hispanic","Middle",2,0,0,0,0,0,0,0,0,0,4,NA,FALSE,0
"137",4,"M",2,"Hispanic","Middle",2,0,0,0,0,0,0,0,0,0,4,"1",FALSE,0
"138",4,"F",2,"Hispanic","Middle",2,0,0,0,0,0,0,0,0,0,4,"1",FALSE,0
"139",4,"F",2,"Hispanic","Middle",2,0,0,0,0,0,0,0,0,0,4,NA,FALSE,0
"140",5,"F",2,"Hispanic","Middle",2,0,0,0,0,0,0,0,0,0,2,"1",FALSE,1
"141",5,"M",2,"Hispanic","Middle",2,0,0,0,0,0,0,0,0,0,1,"1",FALSE,1
"142",6,"F",3,"Hispanic","Middle",2,0,0,0,0,0,0,0,0,0,4,"1",FALSE,0
"143",5,"F",3,"Hispanic","Middle",2,0,0,0,0,0,0,0,0,0,2,NA,FALSE,1
"144",5,"F",3,"Hispanic","Middle",2,0,0,0,0,0,0,0,0,0,4,"1",FALSE,0
"145",4,"F",2,"Hispanic","Middle",2,0,0,0,0,0,0,0,0,0,4,NA,FALSE,0
"146",5,"M",2,"Black","Middle",2,0,0,0,0,0,0,0,0,0,3,"1",FALSE,0
"147",4,"M",2,"White","Middle",2,0,0,0,0,0,0,0,0,0,2,NA,FALSE,1
"148",4,"F",2,"Hispanic","Middle",2,0,0,0,0,0,0,0,0,0,4,NA,FALSE,0
"149",4,"F",2,"Hispanic","Middle",1,0,0,0,0,0,0,0,0,0,1,"1",FALSE,1
"150",5,"F",2,"Hispanic","Middle",2,0,0,0,0,0,0,0,0,0,1,"1",FALSE,1
"151",5,"F",2,"Hispanic","Middle",1,1,1,1,0,0,NA,1,0,1,3,NA,TRUE,0
"152",4,"F",2,"Hispanic","Middle",2,0,0,0,0,0,0,0,0,0,3,"1",FALSE,0
"153",4,"F",2,"Hispanic","Middle",2,0,0,0,0,0,0,0,0,0,4,NA,FALSE,0
"154",NA,NA,NA,"Hispanic",NA,1,0,1,1,0,0,NA,0,0,1,1,NA,TRUE,1
"155",5,"F",2,"Hispanic","Middle",2,0,0,0,0,0,0,0,0,0,4,"1",FALSE,0
"156",5,"M",2,"Hispanic","Middle",1,0,0,0,0,0,0,0,0,0,1,NA,FALSE,1
"157",5,"F",2,"Hispanic","Middle",2,0,0,0,0,0,0,0,0,0,3,NA,FALSE,0
"158",4,"F",2,"Hispanic","Middle",2,0,0,0,0,0,0,0,0,0,4,"1",FALSE,0
"159",5,"M",2,"Hispanic","Middle",2,0,0,0,0,0,0,0,0,0,4,"1",FALSE,0
"160",5,"M",2,"Hispanic","Middle",2,0,0,0,0,0,0,0,0,0,4,"1",FALSE,0
"161",5,"M",2,"Hispanic","Middle",2,NA,0,0,NA,NA,0,NA,NA,0,4,NA,NA,0
"162",6,"F",3,"Hispanic","Middle",2,0,0,0,0,0,0,0,0,0,3,"1",FALSE,0
"163",6,"M",3,"Hispanic","Middle",2,0,0,0,0,0,0,0,0,0,4,NA,FALSE,0
"164",6,"M",3,"Hispanic","Middle",2,0,0,0,0,0,0,0,0,0,4,"1",FALSE,0
"165",6,"F",3,"Hispanic","Middle",2,0,0,NA,0,0,0,0,0,0,4,"1",NA,0
"166",5,"F",3,"Hispanic","Middle",2,0,0,0,0,0,0,0,0,0,1,"1",FALSE,1
"167",5,"F",3,"White","Middle",2,0,0,0,0,0,0,0,0,0,4,"1",FALSE,0
"168",5,"M",3,"Hispanic","Middle",2,0,0,0,0,0,0,0,0,0,4,"1",FALSE,0
"169",5,"M",3,"Hispanic","Middle",2,0,0,0,0,0,0,0,0,0,4,"1",FALSE,0
"170",5,"M",3,"Hispanic","Middle",2,0,0,0,0,0,0,0,0,0,4,NA,FALSE,0
"171",5,"M",3,"Black","Middle",2,0,0,0,0,0,0,0,0,0,4,"1",FALSE,0
"172",5,"F",3,"White","Middle",2,0,0,0,0,0,0,0,0,0,4,"1",FALSE,0
"173",5,"M",3,"Hispanic","Middle",2,0,0,0,0,0,0,0,0,0,3,"1",FALSE,0
"174",6,"F",3,"Hispanic","Middle",2,0,0,0,0,0,0,0,0,0,4,"1",FALSE,0
"175",5,"F",3,"Hispanic","Middle",2,0,0,0,0,0,0,0,0,0,3,"1",FALSE,0
"176",5,"F",3,"Hispanic","Middle",2,0,0,0,0,0,0,0,0,0,4,"1",FALSE,0
"177",6,"M",3,"Hispanic","Middle",2,0,0,0,0,0,0,0,0,1,3,NA,TRUE,0
"178",6,"M",3,"Hispanic","Middle",2,0,0,0,NA,NA,0,NA,NA,0,4,NA,NA,0
"179",5,"M",3,"Hispanic","Middle",2,0,0,0,0,0,1,0,0,0,2,"1",TRUE,1
"180",5,"M",3,"Hispanic","Middle",2,0,0,0,0,0,0,0,0,0,4,"1",FALSE,0
"181",5,"M",3,"Hispanic","Middle",2,0,0,0,0,0,NA,0,0,0,4,"1",NA,0
"182",8,"F",6,"White","High",2,0,0,0,0,0,0,0,0,0,2,NA,FALSE,1
"183",9,"F",6,"White","High",2,0,0,0,0,0,0,0,0,NA,4,"1",NA,0
"184",10,"M",7,"Hispanic","High",2,0,0,0,0,0,0,0,0,1,4,"1",TRUE,0
"185",10,"F",7,"White","High",2,0,0,0,0,0,0,0,0,0,2,NA,FALSE,1
"186",10,"M",7,"Hispanic","High",2,0,0,0,0,0,0,0,0,0,4,"1",FALSE,0
"187",10,"M",7,"Hispanic","High",2,0,0,0,0,0,0,0,0,1,4,NA,TRUE,0
"188",9,"M",7,"White","High",2,0,0,0,0,0,0,0,0,1,4,NA,TRUE,0
"189",10,"M",7,"Asian","High",2,0,0,0,0,0,0,0,0,0,4,"1",FALSE,0
"190",9,"M",7,"Hispanic","High",1,0,0,0,0,0,0,0,0,0,4,"1",FALSE,0
"191",11,"M",7,"Hispanic","High",2,0,0,0,0,0,0,0,0,0,4,"1",FALSE,0
"192",10,"F",7,"Hispanic","High",2,0,0,0,0,0,0,0,0,0,4,"1",FALSE,0
"193",10,"M",7,"Hispanic","High",2,0,0,0,0,0,0,0,0,0,4,NA,FALSE,0
"194",10,"F",7,"Hispanic","High",2,0,0,0,0,0,0,0,0,0,4,"1",FALSE,0
"195",9,"F",7,"White","High",2,0,0,0,0,0,0,0,0,1,4,NA,TRUE,0
"196",10,"F",7,"White","High",2,0,0,0,0,0,0,0,0,0,4,NA,FALSE,0
"197",10,"M",7,"White","High",2,0,0,0,0,0,0,0,0,0,4,"1",FALSE,0
"198",10,"F",7,"Hispanic","High",2,0,0,0,0,0,0,0,0,0,4,"1",FALSE,0
"199",10,"F",7,"White","High",2,0,0,0,0,0,0,0,0,0,2,"1",FALSE,1
"200",10,"F",7,"White","High",2,0,0,0,0,0,0,0,0,0,4,"1",FALSE,0
"201",9,"F",7,"White","High",2,0,0,0,0,0,0,0,0,0,4,"1",FALSE,0
"202",10,"F",7,"White","High",2,0,0,0,0,0,0,0,0,0,4,NA,FALSE,0
"203",10,"F",7,"White","High",2,0,0,0,0,0,0,0,0,0,3,NA,FALSE,0
"204",9,"F",7,"Hispanic","High",2,0,0,0,0,0,0,0,0,0,4,NA,FALSE,0
"205",9,"F",7,"Hispanic","High",2,0,0,0,NA,NA,0,NA,NA,0,4,NA,NA,0
"206",9,"M",7,"White","High",2,0,0,0,0,0,0,0,0,0,4,"1",FALSE,0
"207",10,"M",7,"White","High",1,1,1,0,0,0,0,0,0,1,1,NA,TRUE,1
"208",10,"M",7,"Hispanic","High",2,0,0,0,0,0,0,0,0,1,4,"1",TRUE,0
"209",10,"F",7,"White","High",2,0,0,0,0,0,0,0,0,0,4,NA,FALSE,0
"210",NA,NA,NA,NA,NA,NA,NA,NA,NA,NA,NA,NA,NA,NA,NA,NA,NA,NA,NA
"211",9,"M",7,"White","High",2,0,0,0,0,0,0,0,0,1,4,NA,TRUE,0
"212",8,"M",5,"White","High",1,0,0,0,0,0,1,0,0,0,4,"1",TRUE,0
"213",7,"F",4,"White","High",2,NA,0,0,0,0,0,0,0,1,1,"1",TRUE,1
"214",7,"F",4,"AI/AN","High",2,0,0,0,0,0,0,0,0,0,3,"1",FALSE,0
"215",7,"M",4,"White","High",2,0,0,0,0,0,0,0,0,0,3,"1",FALSE,0
"216",7,"M",4,"White","High",2,0,0,0,0,0,0,0,0,0,4,"1",FALSE,0
"217",7,"F",5,"White","High",2,0,0,0,0,0,0,0,0,0,4,"1",FALSE,0
"218",7,"M",4,"White","High",2,0,0,0,0,0,0,0,0,0,4,NA,FALSE,0
"219",10,"F",7,"White","High",2,0,0,0,0,0,1,0,0,1,4,"1",TRUE,0
"220",1,"M",1,"White","Middle",1,1,1,1,0,0,1,0,0,1,1,NA,TRUE,1
"221",7,"F",4,"Black","High",2,0,0,0,0,0,0,0,0,1,4,NA,TRUE,0
"222",8,"M",5,NA,"High",NA,0,NA,NA,NA,NA,NA,NA,NA,NA,3,NA,NA,0
"223",6,"F",4,"Hispanic","High",2,0,0,0,0,0,0,0,0,0,4,NA,FALSE,0
"224",8,"F",5,"Hispanic","High",2,0,0,0,0,0,0,0,0,1,4,"1",TRUE,0
"225",6,"F",4,"Hispanic","High",1,0,0,0,0,0,0,0,0,1,4,NA,TRUE,0
"226",8,"F",5,"Hispanic","High",2,0,0,0,0,0,0,0,0,0,4,"1",FALSE,0
"227",7,"M",5,"Hispanic","High",2,0,0,0,0,0,NA,0,0,0,4,NA,NA,0
"228",6,"M",4,"White","High",1,0,0,0,0,0,0,0,0,0,3,NA,FALSE,0
"229",6,"F",4,"Hispanic","High",2,0,0,0,0,0,0,0,0,0,4,"1",FALSE,0
"230",7,"F",5,"White","High",2,0,0,0,0,0,0,0,0,1,4,"1",TRUE,0
"231",7,"F",5,"Hispanic","High",2,0,0,0,0,0,0,0,0,1,1,"1",TRUE,1
"232",7,"F",5,"White","High",1,1,0,0,NA,NA,0,NA,NA,1,1,NA,TRUE,1
"233",8,"F",5,"White","High",1,1,1,0,0,0,0,1,0,0,1,NA,TRUE,1
"234",8,"M",5,"White","High",1,1,0,0,0,0,0,0,0,1,1,"1",TRUE,1
"235",7,"M",4,"Hispanic","High",2,0,0,0,0,0,0,0,0,1,2,NA,TRUE,1
"236",8,"M",5,"White","High",2,0,0,0,0,0,0,0,0,0,4,"1",FALSE,0
"237",6,"M",4,"White","High",2,0,0,1,0,0,0,0,0,0,4,NA,TRUE,0
"238",8,"M",5,"Hispanic","High",2,0,0,0,0,0,0,0,0,0,4,NA,FALSE,0
"239",8,"M",4,"White","High",2,0,0,0,0,0,0,0,0,0,4,"1",FALSE,0
"240",8,"M",5,"Hispanic","High",2,NA,0,0,NA,NA,0,NA,NA,1,1,"1",TRUE,1
"241",7,"F",4,"Hispanic","High",2,0,0,0,0,0,0,0,0,0,4,NA,FALSE,0
"242",6,"F",4,"White","High",2,0,0,0,0,0,0,0,0,0,4,NA,FALSE,0
"243",8,"M",5,"Hispanic","High",2,0,0,0,0,0,0,0,0,1,1,"1",TRUE,1
"244",8,"M",5,"Black","High",2,0,0,0,0,0,0,0,0,0,4,NA,FALSE,0
"245",8,"M",5,"White","High",2,0,0,0,0,0,0,0,0,0,4,"1",FALSE,0
"246",8,"M",5,"White","High",2,0,0,0,0,0,0,0,0,0,3,"1",FALSE,0
"247",7,"M",4,"White","High",2,0,0,0,0,0,0,0,0,0,4,"1",FALSE,0
"248",8,"M",5,"White","High",2,0,0,0,0,0,0,0,0,0,4,"1",FALSE,0
"249",7,"F",4,"White","High",2,0,0,0,0,0,0,0,0,0,4,NA,FALSE,0
"250",8,"M",5,"Hispanic","High",1,1,0,NA,0,0,1,0,0,1,1,NA,TRUE,1
"251",7,"M",5,"White","High",2,0,0,0,0,0,0,0,0,1,1,NA,TRUE,1
"252",8,"M",5,"White","High",2,0,0,0,0,0,0,0,0,0,4,NA,FALSE,0
"253",8,"F",5,"White","High",2,0,0,0,0,0,0,0,0,0,4,NA,FALSE,0
"254",7,"F",5,"White","High",2,0,0,0,0,0,0,0,0,0,3,"1",FALSE,0
"255",10,"M",7,"Hispanic","High",2,0,0,0,0,0,0,0,0,0,4,"1",FALSE,0
"256",8,"M",5,"White","High",1,0,0,1,0,0,0,1,0,1,1,NA,TRUE,1
"257",9,"F",6,"White","High",2,0,0,0,0,0,0,0,0,0,3,"1",FALSE,0
"258",8,"F",6,"White","High",2,NA,NA,NA,NA,NA,NA,NA,NA,NA,4,NA,NA,0
"259",8,"M",5,"NHOPI","High",2,0,0,0,0,0,1,0,0,0,3,"1",TRUE,0
"260",10,"F",7,"White","High",2,0,0,0,0,0,0,0,0,0,4,"1",FALSE,0
"261",NA,NA,NA,NA,NA,NA,NA,NA,NA,NA,NA,NA,NA,NA,NA,4,NA,NA,0
"262",9,"M",6,"White","High",2,0,0,NA,NA,NA,NA,NA,NA,NA,4,NA,NA,0
"263",9,"M",6,NA,"High",NA,0,NA,NA,NA,NA,NA,NA,NA,NA,4,NA,NA,0
"264",8,"F",6,"Hispanic","High",1,0,0,0,0,0,0,0,0,0,1,"1",FALSE,1
"265",8,"F",6,"Hispanic","High",2,0,0,0,0,0,0,0,0,0,1,"1",FALSE,1
"266",10,"M",6,"White","High",1,0,0,0,0,0,0,0,0,1,2,"1",TRUE,1
"267",8,"F",6,"White","High",2,0,0,0,0,0,0,0,0,0,4,"1",FALSE,0
"268",8,"F",6,"White","High",2,0,0,0,0,0,0,0,0,1,4,NA,TRUE,0
"269",8,"F",6,"Hispanic","High",1,0,0,0,0,0,0,0,0,1,2,"1",TRUE,1
"270",9,"F",6,NA,"High",1,NA,0,0,0,0,0,0,0,1,1,"1",TRUE,1
"271",9,"M",6,"Hispanic","High",1,0,0,0,0,0,0,0,0,0,2,"1",FALSE,1
"272",8,"F",6,"Hispanic","High",2,NA,0,0,0,0,0,0,0,0,4,NA,NA,0
"273",8,"M",6,"White","High",NA,0,NA,NA,NA,NA,NA,NA,NA,NA,4,"1",NA,0
"274",NA,NA,NA,NA,NA,NA,NA,NA,NA,NA,NA,NA,NA,NA,NA,NA,NA,NA,NA
"275",8,"F",6,"White","High",2,0,0,0,NA,NA,NA,NA,NA,0,4,"1",NA,0
"276",9,"M",6,"Hispanic","High",2,0,0,0,0,0,0,0,0,0,4,NA,FALSE,0
"277",8,"M",6,NA,"High",NA,0,NA,NA,NA,NA,0,NA,NA,1,3,NA,TRUE,0
"278",9,"M",6,"White","High",2,0,0,0,0,0,0,0,0,0,4,"1",FALSE,0
"279",8,"M",6,"White","High",NA,0,NA,NA,NA,NA,NA,NA,NA,NA,4,NA,NA,0
"280",9,"M",6,"White","High",2,0,0,0,0,0,0,0,0,0,4,NA,FALSE,0
"281",9,"F",6,"Hispanic","High",2,0,0,0,0,0,0,0,0,0,3,"1",FALSE,0
"282",9,"F",6,"AI/AN","High",2,0,0,0,0,0,0,0,0,0,4,NA,FALSE,0
"283",8,"F",6,"White","High",2,0,0,0,0,0,0,0,0,0,4,NA,FALSE,0
"284",9,"F",6,"White","High",2,0,0,0,0,0,0,0,0,0,2,"1",FALSE,1
"285",9,"M",6,"Hispanic","High",1,1,1,NA,NA,NA,NA,NA,NA,NA,1,NA,TRUE,1
"286",9,"M",6,"White","High",2,0,0,0,0,0,0,0,0,1,1,NA,TRUE,1
"287",9,"F",6,NA,"High",2,0,0,0,NA,NA,NA,NA,NA,0,4,NA,NA,0
"288",7,"M",5,"Hispanic","High",2,0,0,0,0,0,0,0,0,0,3,"1",FALSE,0
"289",1,"F",1,"Hispanic","Middle",NA,NA,NA,NA,NA,NA,NA,NA,NA,NA,1,NA,NA,1
"290",3,"M",1,"White","Middle",2,0,0,0,0,0,0,0,0,0,4,"1",FALSE,0
"291",4,"M",1,"AI/AN","Middle",2,0,0,0,0,0,0,0,0,0,2,"1",FALSE,1
"292",3,"F",1,"Hispanic","Middle",2,0,0,NA,0,0,0,0,0,0,4,"1",NA,0
"293",4,"M",1,"Hispanic","Middle",2,0,0,0,0,0,0,0,0,0,4,"1",FALSE,0
"294",4,"M",1,NA,"Middle",2,0,0,0,0,0,0,0,0,0,4,"1",FALSE,0
"295",3,"F",1,"Hispanic","Middle",2,0,0,0,0,0,0,0,0,0,4,NA,FALSE,0
"296",3,"F",1,"White","Middle",2,0,0,0,0,0,0,0,0,0,2,NA,FALSE,1
"297",3,"F",1,"Hispanic","Middle",2,0,0,0,0,0,0,0,0,0,4,"1",FALSE,0
"298",4,"M",1,"White","Middle",2,0,0,0,NA,NA,0,NA,NA,0,4,"1",NA,0
"299",4,"M",1,"White","Middle",2,0,0,0,0,0,0,0,0,0,4,"1",FALSE,0
"300",3,"F",1,"Hispanic","Middle",2,0,0,0,0,0,0,0,0,1,2,NA,TRUE,1
"301",4,"F",1,"Hispanic","Middle",2,0,0,0,0,0,0,0,0,0,4,"1",FALSE,0
"302",3,"F",1,"Hispanic","Middle",2,0,0,0,0,0,0,0,0,0,4,"1",FALSE,0
"303",4,"M",1,"White","Middle",2,0,0,0,0,0,0,0,0,0,4,"1",FALSE,0
"304",3,"F",1,"Hispanic","Middle",2,0,0,0,0,0,0,0,0,0,4,"1",FALSE,0
"305",4,"F",1,"White","Middle",2,0,0,0,0,0,0,0,0,0,4,NA,FALSE,0
"306",4,"F",1,"White","Middle",2,0,0,0,0,0,0,0,0,0,2,"1",FALSE,1
"307",3,"F",1,NA,"Middle",2,0,0,0,0,0,0,0,0,0,4,"1",FALSE,0
"308",3,"M",1,"White","Middle",2,0,0,0,0,0,0,0,0,0,4,"1",FALSE,0
"309",6,"F",3,"Hispanic","Middle",2,0,0,0,0,0,0,0,0,0,4,"1",FALSE,0
"310",7,"M",3,"Hispanic","Middle",2,0,0,0,0,0,0,0,0,0,4,"1",FALSE,0
"311",7,"M",3,"Hispanic","Middle",2,0,0,NA,0,0,0,0,0,0,3,"1",NA,0
"312",5,"M",3,"Hispanic","Middle",2,0,0,0,0,0,0,0,0,1,2,"1",TRUE,1
"313",6,"F",3,NA,"Middle",2,0,0,0,0,0,0,0,0,0,4,"1",FALSE,0
"314",6,"F",3,"Hispanic","Middle",1,0,1,0,0,0,0,0,0,1,3,"1",TRUE,0
"315",5,"M",3,"Hispanic","Middle",2,0,0,0,0,0,0,0,0,0,4,"1",FALSE,0
"316",6,"M",3,"Hispanic","Middle",2,0,0,0,0,0,0,0,0,0,4,NA,FALSE,0
"317",6,"M",3,"Hispanic","Middle",2,0,0,0,0,0,0,0,0,0,4,NA,FALSE,0
"318",6,"M",3,"Hispanic","Middle",2,0,0,0,0,0,0,0,0,0,2,"1",FALSE,1
"319",6,"M",3,"Asian","Middle",2,0,0,0,0,0,0,0,0,0,4,"1",FALSE,0
"320",5,NA,3,"Hispanic","Middle",2,0,0,0,0,0,0,0,0,0,1,"1",FALSE,1
"321",6,"F",3,"Hispanic","Middle",2,0,0,0,0,0,0,0,0,0,2,NA,FALSE,1
"322",6,"M",3,"Hispanic","Middle",1,0,0,0,0,0,NA,0,0,0,2,NA,NA,1
"323",6,"M",3,"White","Middle",2,0,0,0,0,0,0,0,0,0,3,NA,FALSE,0
"324",6,"F",3,"AI/AN","Middle",2,0,0,0,0,0,0,0,0,0,4,"1",FALSE,0
"325",6,"F",3,"White","Middle",2,0,0,0,0,0,0,0,0,0,2,NA,FALSE,1
"326",5,"F",3,"Black","Middle",1,1,NA,0,0,0,0,0,0,1,4,"1",TRUE,0
"327",6,"M",3,"Hispanic","Middle",2,0,0,0,0,0,0,0,0,0,3,"1",FALSE,0
"328",6,"M",3,"Hispanic","Middle",2,0,0,0,0,0,0,0,0,0,4,"1",FALSE,0
"329",6,"F",3,"Hispanic","Middle",2,0,0,0,0,0,0,0,0,0,4,"1",FALSE,0
"330",6,"F",3,NA,"Middle",1,0,1,0,0,0,0,0,0,0,2,"1",TRUE,1
"331",6,"F",3,"Hispanic","Middle",2,0,0,0,0,0,0,0,0,0,2,NA,FALSE,1
"332",5,"M",3,"Hispanic","Middle",NA,NA,NA,NA,0,0,0,0,1,NA,4,NA,TRUE,0
"333",6,"M",3,"Black","Middle",2,0,0,0,0,0,0,0,0,0,4,"1",FALSE,0
"334",3,"M",1,"White","Middle",2,0,0,0,0,0,0,0,0,0,2,NA,FALSE,1
"335",4,"F",1,"Black","Middle",2,0,0,0,0,0,0,0,0,0,4,"1",FALSE,0
"336",3,"M",1,"Hispanic","Middle",2,0,0,0,0,0,NA,0,0,0,4,"1",NA,0
"337",NA,NA,1,NA,"Middle",2,0,0,0,0,0,0,0,0,0,4,NA,FALSE,0
"338",3,"F",1,"Hispanic","Middle",2,0,0,0,0,0,0,0,0,0,4,"1",FALSE,0
"339",4,"F",1,"White","Middle",2,0,0,0,0,0,0,0,0,0,4,NA,FALSE,0
"340",NA,"F",1,"Black","Middle",2,0,0,0,0,0,0,0,0,0,4,NA,FALSE,0
"341",4,"F",1,"Hispanic","Middle",2,0,0,0,0,0,0,0,0,0,2,"1",FALSE,1
"342",3,"F",1,"Hispanic","Middle",2,0,0,0,0,0,0,0,0,0,4,"1",FALSE,0
"343",4,"F",1,"Hispanic","Middle",2,0,0,0,0,0,0,0,0,0,4,"1",FALSE,0
"344",3,"M",1,"Hispanic","Middle",2,0,0,NA,0,0,0,0,0,0,3,NA,NA,0
"345",3,"F",1,"Hispanic","Middle",2,0,0,0,0,0,0,0,0,0,4,"1",FALSE,0
"346",3,"M",1,"Black","Middle",2,0,0,0,0,0,0,0,0,0,3,"1",FALSE,0
"347",5,"M",1,"Hispanic","Middle",2,0,0,0,0,0,0,0,0,1,2,"1",TRUE,1
"348",4,"M",1,"Black","Middle",2,0,0,0,0,0,0,0,0,0,3,"1",FALSE,0
"349",3,"M",1,"Hispanic","Middle",2,0,0,0,0,0,0,0,0,0,4,"1",FALSE,0
"350",4,"M",1,"Hispanic","Middle",2,0,0,0,0,0,0,0,0,0,4,"1",FALSE,0
"351",5,NA,1,NA,"Middle",2,0,0,0,0,0,0,0,0,0,4,"1",FALSE,0
"352",4,"M",1,"Hispanic","Middle",2,0,0,0,0,0,0,0,0,0,4,"1",FALSE,0
"353",4,"F",1,"Hispanic","Middle",2,0,0,0,0,0,0,0,0,0,4,"1",FALSE,0
"354",4,"F",1,"Asian","Middle",2,0,0,0,0,0,0,0,0,0,4,NA,FALSE,0
"355",3,"F",1,"Hispanic","Middle",2,0,0,0,0,0,0,0,0,0,4,"1",FALSE,0
"356",4,"F",1,"Hispanic","Middle",2,0,0,0,0,0,0,0,0,0,2,"1",FALSE,1
"357",4,"M",1,"Hispanic","Middle",2,0,0,0,0,0,0,0,0,0,4,NA,FALSE,0
"358",4,"M",1,"Hispanic","Middle",2,0,0,0,0,0,0,0,0,0,2,NA,FALSE,1
"359",4,"F",1,"Hispanic","Middle",2,0,0,0,0,0,0,0,0,0,4,"1",FALSE,0
"360",4,"M",1,"Hispanic","Middle",2,0,0,0,0,0,NA,0,0,0,4,NA,NA,0
"361",4,"F",2,"Black","Middle",2,0,0,0,0,0,0,0,0,0,4,"1",FALSE,0
"362",5,"F",2,"White","Middle",2,0,0,0,0,0,0,0,0,0,2,NA,FALSE,1
"363",4,"M",2,"Hispanic","Middle",2,0,0,0,0,0,0,0,0,0,2,"1",FALSE,1
"364",5,"M",2,"Hispanic","Middle",2,0,0,0,0,0,0,0,0,0,4,"1",FALSE,0
"365",5,"M",2,"Hispanic","Middle",2,0,0,0,0,0,0,0,0,0,4,"1",FALSE,0
"366",4,"F",2,"Hispanic","Middle",NA,0,0,0,0,0,0,0,0,0,4,"1",FALSE,0
"367",4,"F",2,"White","Middle",2,0,0,0,0,0,0,0,0,0,2,NA,FALSE,1
"368",4,"F",2,"Hispanic","Middle",2,0,0,0,0,0,0,0,0,0,3,NA,FALSE,0
"369",4,"M",2,"Hispanic","Middle",2,0,0,0,0,0,0,0,0,0,4,NA,FALSE,0
"370",5,"M",2,"Hispanic","Middle",2,0,0,0,0,0,0,0,0,0,4,NA,FALSE,0
"371",5,"F",2,"Black","Middle",2,0,0,0,0,0,0,0,0,0,4,"1",FALSE,0
"372",5,"F",2,"Hispanic","Middle",2,0,0,0,0,0,0,0,0,0,3,NA,FALSE,0
"373",5,"F",2,"Hispanic","Middle",2,0,0,0,0,0,0,0,0,0,4,"1",FALSE,0
"374",5,"M",2,"Hispanic","Middle",2,0,0,0,0,0,0,0,0,0,4,"1",FALSE,0
"375",6,"F",2,"Hispanic","Middle",2,0,0,0,0,0,0,0,0,0,4,"1",FALSE,0
"376",5,"F",2,"AI/AN","Middle",2,0,0,0,0,0,0,0,0,0,4,"1",FALSE,0
"377",5,"M",2,"AI/AN","Middle",2,0,0,0,0,0,0,0,0,0,4,NA,FALSE,0
"378",4,"M",2,"Hispanic","Middle",2,0,0,0,0,0,0,0,0,0,1,"1",FALSE,1
"379",4,"M",2,"Hispanic","Middle",2,0,0,0,NA,NA,0,NA,NA,0,4,"1",NA,0
"380",6,"M",2,"Hispanic","Middle",2,0,0,0,0,0,NA,0,0,NA,2,"1",NA,1
"381",5,"M",2,"Black","Middle",2,0,0,0,0,0,0,0,0,0,2,NA,FALSE,1
"382",4,"F",2,"Hispanic","Middle",2,0,0,0,0,0,0,0,0,0,4,"1",FALSE,0
"383",4,"F",2,"Hispanic","Middle",1,0,0,0,0,0,0,0,0,0,2,"1",FALSE,1
"384",4,"F",2,"Hispanic","Middle",2,0,0,0,0,0,0,0,0,0,4,"1",FALSE,0
"385",5,"M",2,"Black","Middle",2,0,0,0,0,0,0,0,0,0,4,"1",FALSE,0
"386",4,"M",2,NA,"Middle",2,0,0,0,0,0,0,0,0,0,3,NA,FALSE,0
"387",5,"F",2,"Hispanic","Middle",2,0,0,0,0,0,0,0,0,0,3,"1",FALSE,0
"388",4,"M",2,"Hispanic","Middle",2,0,0,0,0,0,0,0,0,0,4,NA,FALSE,0
"389",5,"F",2,"Hispanic","Middle",2,0,0,0,0,0,NA,0,0,0,4,"1",NA,0
"390",5,"F",2,"Hispanic","Middle",2,0,0,0,0,0,1,0,0,0,3,NA,TRUE,0
"391",6,"M",3,"Hispanic","Middle",2,0,0,0,0,0,0,0,0,0,2,"1",FALSE,1
"392",10,"F",7,"Hispanic","High",1,0,0,0,0,0,0,0,0,0,4,"1",FALSE,0
"393",11,"M",7,"Hispanic","High",1,1,1,0,0,0,0,0,0,0,1,NA,TRUE,1
"394",11,"M",7,NA,"High",1,NA,NA,0,0,0,0,0,0,0,3,"1",NA,0
"395",9,"M",7,"Hispanic","High",2,0,0,0,0,0,0,0,0,0,4,NA,FALSE,0
"396",8,"M",6,"White","High",2,0,0,0,0,0,0,0,0,0,4,"1",FALSE,0
"397",11,"M",7,"White","High",NA,0,0,0,0,0,0,0,0,1,2,NA,TRUE,1
"398",10,"M",5,"Hispanic","High",1,0,0,0,1,0,0,0,1,0,1,NA,TRUE,1
"399",8,"M",5,"Hispanic","High",2,0,0,0,0,0,0,0,0,0,4,NA,FALSE,0
"400",8,"M",5,"Hispanic","High",2,0,0,0,0,0,0,0,0,0,3,"1",FALSE,0
"401",9,"F",5,"Hispanic","High",2,0,0,0,0,0,0,0,0,0,4,"1",FALSE,0
"402",8,"F",5,"Hispanic","High",2,0,0,0,0,0,0,0,0,0,3,NA,FALSE,0
"403",9,"F",5,"Hispanic","High",2,0,0,0,0,0,0,0,0,0,4,"1",FALSE,0
"404",7,"M",5,"Hispanic","High",2,0,0,0,0,0,0,0,0,0,4,NA,FALSE,0
"405",8,"M",5,"Hispanic","High",1,0,1,0,0,0,0,0,0,0,1,NA,TRUE,1
"406",9,"M",5,"Hispanic","High",1,1,1,0,0,0,1,0,0,1,3,"1",TRUE,0
"407",8,"M",5,"Hispanic","High",2,0,0,0,0,0,0,0,0,0,4,"1",FALSE,0
"408",7,"M",5,"Hispanic","High",2,0,0,0,0,0,0,0,0,0,4,"1",FALSE,0
"409",7,"F",5,"Hispanic","High",1,0,0,0,0,0,0,0,0,0,2,NA,FALSE,1
"410",9,"M",5,"Hispanic","High",1,0,0,0,0,0,0,0,0,0,4,NA,FALSE,0
"411",8,"M",5,"Hispanic","High",2,0,0,0,0,0,0,0,0,0,4,"1",FALSE,0
"412",7,"F",4,"Hispanic","High",1,0,0,0,0,0,0,0,0,0,2,"1",FALSE,1
"413",6,"F",4,"Hispanic","High",2,0,0,0,0,0,0,0,0,0,3,NA,FALSE,0
"414",7,"F",4,"White","High",2,0,0,0,0,0,0,0,0,0,4,NA,FALSE,0
"415",7,"F",4,"Hispanic","High",1,0,NA,0,0,0,0,0,0,0,3,NA,NA,0
"416",6,"M",4,"Hispanic","High",2,0,0,0,0,0,0,0,0,0,4,NA,FALSE,0
"417",7,"M",4,"Hispanic","High",1,1,1,0,0,0,0,0,0,0,2,"1",TRUE,1
"418",6,"M",4,"Black","High",2,0,0,0,0,0,0,0,0,0,4,NA,FALSE,0
"419",9,"M",6,"Hispanic","High",2,0,0,0,0,0,0,0,0,0,3,"1",FALSE,0
"420",9,"F",6,"AI/AN","High",2,0,0,0,0,0,0,0,0,0,4,NA,FALSE,0
"421",10,"F",6,"Hispanic","High",2,0,0,0,0,0,0,0,0,0,2,NA,FALSE,1
"422",8,"F",6,"Hispanic","High",2,0,0,0,0,0,0,0,0,0,4,"1",FALSE,0
"423",9,"F",6,"Hispanic","High",1,1,1,0,0,0,1,0,0,0,1,NA,TRUE,1
"424",9,"F",6,"Hispanic","High",2,0,0,0,0,0,0,0,0,0,4,NA,FALSE,0
"425",9,"F",6,"Hispanic","High",1,0,0,NA,0,0,0,0,0,0,4,"1",NA,0
"426",7,"F",4,"Hispanic","High",2,0,0,0,0,0,0,0,0,0,4,NA,FALSE,0
"427",7,"M",4,"Hispanic","High",2,0,0,0,0,0,0,0,0,0,4,"1",FALSE,0
"428",6,"F",4,"Hispanic","High",1,0,0,0,0,0,0,0,0,0,3,NA,FALSE,0
"429",7,"M",4,"Hispanic","High",2,0,0,0,0,0,0,0,0,0,4,"1",FALSE,0
"430",8,"F",6,"Hispanic","High",2,0,0,0,0,0,0,0,0,0,4,"1",FALSE,0
"431",9,"M",6,"Hispanic","High",1,0,0,0,0,0,0,0,0,1,3,NA,TRUE,0
"432",8,"M",6,"Hispanic","High",1,NA,1,0,0,0,1,0,0,0,3,"1",TRUE,0
"433",10,"F",6,"White","High",2,0,0,0,0,0,1,0,0,0,4,NA,TRUE,0
"434",10,"M",6,"Hispanic","High",1,1,1,0,0,1,0,1,0,1,1,NA,TRUE,1
"435",8,"M",6,"Hispanic","High",1,0,0,0,0,0,NA,0,0,0,4,"1",NA,0
"436",9,"F",6,"Hispanic","High",2,0,0,0,0,0,0,0,0,0,4,"1",FALSE,0
"437",10,"M",6,"Hispanic","High",1,0,0,0,0,0,1,0,0,0,1,NA,TRUE,1
"438",9,"M",6,"Hispanic","High",2,0,0,0,0,0,0,0,0,0,4,"1",FALSE,0
"439",9,"F",7,"White","High",1,0,1,0,0,0,0,0,0,0,1,NA,TRUE,1
"440",10,"F",7,"Hispanic","High",1,0,0,0,0,0,0,0,0,0,2,"1",FALSE,1
"441",11,"F",7,"Hispanic","High",2,0,0,0,0,0,0,0,0,0,4,NA,FALSE,0
"442",10,"M",7,"Hispanic","High",1,0,0,0,0,0,0,0,0,0,1,"1",FALSE,1
"443",10,"M",7,"Hispanic","High",1,0,1,0,0,0,0,0,0,0,2,"1",TRUE,1
"444",10,"M",7,"Hispanic","High",2,0,0,0,0,0,0,0,0,0,4,"1",FALSE,0
"445",10,"M",7,"Hispanic","High",2,0,0,0,0,0,0,0,0,0,4,"1",FALSE,0
"446",11,"M",7,"Hispanic","High",2,0,0,0,0,0,0,0,0,0,4,"1",FALSE,0
"447",11,"F",7,"Hispanic","High",1,1,1,0,0,0,0,0,0,0,1,NA,TRUE,1
"448",11,"M",7,"Hispanic","High",2,0,0,0,0,0,0,0,0,0,4,NA,FALSE,0
"449",10,"M",7,"Hispanic","High",2,0,0,0,0,0,0,0,0,0,4,"1",FALSE,0
"450",10,"F",7,"White","High",2,0,0,0,0,0,0,0,0,0,4,NA,FALSE,0
"451",10,"F",7,"Hispanic","High",2,0,0,0,0,0,0,0,0,0,4,NA,FALSE,0
"452",8,"M",5,"White","High",2,0,0,0,0,0,0,0,0,0,4,NA,FALSE,0
"453",8,"M",5,"AI/AN","High",2,0,0,0,0,0,0,0,0,0,4,"1",FALSE,0
"454",7,"F",4,"White","High",1,0,1,0,0,1,0,0,0,1,1,NA,TRUE,1
"455",7,"F",5,"White","High",2,0,0,0,0,0,0,0,0,0,4,NA,FALSE,0
"456",7,"F",5,"White","High",2,0,0,0,0,0,0,0,0,0,1,"1",FALSE,1
"457",8,"M",5,"Black","High",2,0,0,0,0,0,0,0,0,0,4,"1",FALSE,0
"458",7,"F",5,"White","High",2,0,0,0,0,0,0,0,0,0,2,NA,FALSE,1
"459",7,"M",4,"White","High",2,1,0,0,0,0,0,0,0,0,2,NA,TRUE,1
"460",7,"F",5,"White","High",2,0,0,0,0,0,0,0,0,0,4,"1",FALSE,0
"461",9,"M",7,"White","High",1,0,0,0,0,0,0,0,0,1,3,NA,TRUE,0
"462",8,"F",5,"White","High",2,0,0,0,0,0,0,0,0,0,2,NA,FALSE,1
"463",7,"M",5,"NHOPI","High",2,0,0,0,0,0,1,0,0,0,2,NA,TRUE,1
"464",7,"F",4,"NHOPI","High",2,0,0,0,0,0,0,0,0,0,4,NA,FALSE,0
"465",9,"F",5,"Hispanic","High",2,0,0,0,0,0,0,0,0,0,4,NA,FALSE,0
"466",7,"M",5,"AI/AN","High",2,0,0,0,0,0,0,0,0,0,4,"1",FALSE,0
"467",8,"M",5,"Black","High",2,0,0,0,0,0,0,0,0,0,4,NA,FALSE,0
"468",7,"M",5,"White","High",2,0,0,0,0,0,0,0,0,0,4,NA,FALSE,0
"469",8,"F",5,"White","High",2,0,0,0,0,0,0,0,0,0,4,"1",FALSE,0
"470",7,"M",5,"Hispanic","High",2,0,0,0,0,0,0,0,0,0,3,"1",FALSE,0
"471",7,"M",5,"Black","High",2,0,0,0,0,0,NA,0,0,0,3,"1",NA,0
"472",7,"F",4,"Hispanic","High",2,0,0,0,0,0,0,0,0,0,3,"1",FALSE,0
"473",8,"M",5,"White","High",2,0,0,0,0,0,0,0,0,0,3,NA,FALSE,0
"474",6,"F",4,"Hispanic","High",2,0,0,0,0,0,0,0,0,0,4,"1",FALSE,0
"475",7,"M",4,"Hispanic","High",2,0,0,0,0,0,0,0,0,0,2,NA,FALSE,1
"476",7,"M",4,"Hispanic","High",2,0,0,0,0,0,0,0,0,1,4,"1",TRUE,0
"477",7,"M",5,"Hispanic","High",2,0,0,0,0,0,0,0,0,0,4,"1",FALSE,0
"478",8,"M",4,"Black","High",2,0,0,0,0,0,NA,0,0,0,4,"1",NA,0
"479",7,"F",4,"White","High",2,0,0,0,0,0,0,0,0,0,4,"1",FALSE,0
"480",1,"F",1,"Hispanic","Middle",1,1,1,NA,0,0,1,0,0,1,1,NA,TRUE,1
"481",7,"M",5,"Hispanic","High",2,0,0,0,NA,NA,0,NA,NA,0,3,"1",NA,0
"482",7,"M",5,"White","High",2,0,0,0,0,0,0,0,0,0,4,"1",FALSE,0
"483",6,"F",4,"White","High",2,0,0,0,0,0,0,0,0,0,4,"1",FALSE,0
"484",6,"M",4,"White","High",1,0,0,0,0,0,0,0,0,0,3,NA,FALSE,0
"485",8,"F",4,"Hispanic","High",2,0,0,0,0,0,0,0,0,0,3,"1",FALSE,0
"486",7,"F",4,"Hispanic","High",2,0,0,0,0,0,0,0,0,0,3,NA,FALSE,0
"487",7,"F",4,"Hispanic","High",2,0,0,0,0,0,1,0,0,0,2,"1",TRUE,1
"488",6,"M",4,"Hispanic","High",2,0,0,1,0,0,0,0,0,0,4,"1",TRUE,0
"489",7,"M",4,"White","High",1,0,0,0,NA,NA,0,NA,NA,1,1,NA,TRUE,1
"490",7,"M",4,"White","High",2,0,0,0,0,0,1,0,0,0,3,NA,TRUE,0
"491",7,"F",4,"Black","High",1,0,1,0,0,0,0,0,0,0,2,NA,TRUE,1
"492",8,"M",5,"White","High",2,0,0,0,0,0,0,0,0,1,3,"1",TRUE,0
"493",7,"M",4,"Hispanic","High",1,0,0,0,0,0,0,0,0,0,2,NA,FALSE,1
"494",6,"F",4,"White","High",2,0,0,0,0,0,0,0,0,0,4,NA,FALSE,0
"495",7,"M",4,NA,"High",2,0,0,0,0,0,0,0,0,0,4,"1",FALSE,0
"496",8,"F",6,"White","High",2,0,0,0,0,0,0,0,0,0,3,NA,FALSE,0
"497",8,"F",6,"White","High",1,1,0,0,0,1,1,1,0,1,1,NA,TRUE,1
"498",8,"M",6,"White","High",1,0,0,0,0,0,0,0,0,0,2,NA,FALSE,1
"499",9,"F",6,"White","High",2,0,0,0,0,0,0,0,0,0,4,"1",FALSE,0
"500",8,"M",6,NA,"High",2,0,0,0,0,0,0,0,0,0,2,"1",FALSE,1
"501",9,"M",6,"Hispanic","High",1,0,1,0,0,0,0,0,0,1,2,"1",TRUE,1
"502",9,"M",6,"Black","High",2,0,0,NA,0,0,0,0,0,0,4,NA,NA,0
"503",8,"F",6,NA,"High",2,0,0,0,0,0,0,0,0,0,4,NA,FALSE,0
"504",9,"F",6,"Black","High",2,0,0,0,0,0,0,0,0,0,4,"1",FALSE,0
"505",9,"F",7,"White","High",2,0,0,0,0,0,0,0,0,0,4,"1",FALSE,0
"506",8,"F",6,"White","High",2,0,0,0,NA,NA,0,NA,NA,1,2,NA,TRUE,1
"507",8,"F",6,"Black","High",2,0,0,0,0,0,0,0,0,0,4,NA,FALSE,0
"508",9,"M",6,"Hispanic","High",2,0,0,0,0,0,0,0,0,0,2,"1",FALSE,1
"509",9,"M",6,"NHOPI","High",2,0,0,0,0,0,0,0,0,0,4,NA,FALSE,0
"510",8,"M",6,"Hispanic","High",2,0,0,0,0,0,0,0,0,0,4,"1",FALSE,0
"511",8,"F",6,"Hispanic","High",2,0,0,0,0,0,0,0,0,0,4,NA,FALSE,0
"512",8,"M",6,"NHOPI","High",1,0,1,0,0,0,0,0,0,1,4,NA,TRUE,0
"513",8,"M",6,"Hispanic","High",2,0,0,0,0,0,0,0,0,0,2,"1",FALSE,1
"514",9,"F",6,"White","High",2,0,0,0,0,0,0,0,0,0,4,"1",FALSE,0
"515",8,"M",6,"White","High",2,0,0,0,0,0,0,0,0,0,2,"1",FALSE,1
"516",9,"F",6,"Hispanic","High",2,0,0,0,0,0,0,0,0,0,4,"1",FALSE,0
"517",8,"M",6,"White","High",2,0,0,0,0,0,0,0,0,0,4,"1",FALSE,0
"518",8,"F",6,"Hispanic","High",2,0,0,0,0,0,0,0,0,0,4,"1",FALSE,0
"519",8,"F",6,"Hispanic","High",1,0,1,0,0,0,0,0,0,1,2,"1",TRUE,1
"520",8,"F",6,"Hispanic","High",2,0,0,0,0,0,0,0,0,0,4,"1",FALSE,0
"521",9,"F",6,"Hispanic","High",1,1,0,0,0,0,0,0,0,1,2,NA,TRUE,1
"522",9,"M",6,"Hispanic","High",2,0,0,1,0,0,0,0,0,0,2,"1",TRUE,1
"523",9,"F",6,"White","High",2,0,0,0,NA,NA,1,NA,NA,0,2,NA,TRUE,1
"524",10,"M",7,"White","High",2,0,0,0,0,0,0,0,0,0,4,"1",FALSE,0
"525",9,"M",1,"Hispanic","Middle",1,0,1,0,0,0,0,0,0,0,2,NA,TRUE,1
"526",9,"M",7,"White","High",1,0,0,0,0,0,0,0,0,1,3,"1",TRUE,0
"527",10,"M",7,"White","High",2,0,0,0,0,0,0,0,0,0,3,"1",FALSE,0
"528",10,"M",7,"White","High",1,0,0,0,0,0,0,0,0,0,3,NA,FALSE,0
"529",9,"M",7,"Hispanic","High",1,0,0,0,0,0,0,0,0,1,2,"1",TRUE,1
"530",10,"M",7,"White","High",2,0,0,0,0,0,0,0,0,0,4,"1",FALSE,0
"531",10,"F",7,"White","High",2,0,0,0,0,0,0,0,0,0,4,NA,FALSE,0
"532",10,"F",7,"Hispanic","High",2,0,0,0,0,0,0,0,0,0,3,NA,FALSE,0
"533",11,"F",7,"Hispanic","High",2,0,0,0,0,0,0,0,0,0,1,NA,FALSE,1
"534",9,"M",7,"NHOPI","High",2,0,0,0,0,0,1,0,0,1,4,NA,TRUE,0
"535",9,"F",7,"White","High",2,0,0,0,0,0,0,0,0,0,4,"1",FALSE,0
"536",9,"M",7,"White","High",1,0,0,NA,0,0,0,0,0,1,4,NA,TRUE,0
"537",10,"M",7,"Hispanic","High",2,0,0,0,0,0,0,0,0,0,3,"1",FALSE,0
"538",10,"F",7,"Hispanic","High",2,0,0,0,0,0,0,0,0,0,4,"1",FALSE,0
"539",10,"F",7,"Hispanic","High",2,0,0,0,0,0,0,0,0,1,4,NA,TRUE,0
"540",10,"F",7,"Hispanic","High",1,0,0,0,0,0,0,0,0,0,1,"1",FALSE,1
"541",9,"M",7,"White","High",2,0,0,0,0,0,0,0,0,0,2,NA,FALSE,1
"542",10,"F",7,"White","High",2,1,0,0,0,0,0,0,0,0,1,NA,TRUE,1
"543",4,"F",1,NA,"Middle",1,0,0,0,0,0,0,0,0,1,2,NA,TRUE,1
"544",4,"M",1,"White","Middle",2,0,0,0,0,0,0,0,0,0,4,NA,FALSE,0
"545",4,"F",1,NA,"Middle",2,0,0,0,0,0,0,0,0,0,NA,NA,FALSE,NA
"546",4,"F",1,"White","Middle",2,0,0,0,0,0,0,0,0,0,4,NA,FALSE,0
"547",4,"M",1,"Hispanic","Middle",2,0,0,0,0,0,0,0,0,0,4,"1",FALSE,0
"548",4,"F",1,"White","Middle",2,0,0,0,0,0,0,0,0,0,4,NA,FALSE,0
"549",4,"F",1,"White","Middle",2,0,0,0,0,0,0,0,0,0,4,"1",FALSE,0
"550",3,"F",1,"White","Middle",2,0,0,0,0,0,0,0,0,0,4,"1",FALSE,0
"551",3,"F",1,NA,"Middle",2,0,0,0,0,0,0,0,0,0,4,"1",FALSE,0
"552",3,"F",1,"White","Middle",2,0,0,0,0,0,0,0,0,0,3,"1",FALSE,0
"553",4,"M",1,"White","Middle",2,0,0,0,0,0,0,0,0,0,3,NA,FALSE,0
"554",3,"M",1,"Hispanic","Middle",2,0,0,0,0,0,0,0,0,0,4,"1",FALSE,0
"555",4,"M",1,"White","Middle",2,0,0,0,0,0,0,0,0,0,4,NA,FALSE,0
"556",4,"F",1,"Hispanic","Middle",2,0,0,0,0,0,0,0,0,1,4,"1",TRUE,0
"557",4,"F",1,"White","Middle",2,0,0,0,0,0,0,0,0,0,4,NA,FALSE,0
"558",3,"F",1,"White","Middle",2,0,0,0,0,0,0,0,0,0,3,NA,FALSE,0
"559",4,"M",1,"White","Middle",2,0,0,0,0,0,0,0,0,0,4,"1",FALSE,0
"560",4,"M",1,"White","Middle",2,0,0,0,0,0,0,0,0,0,4,NA,FALSE,0
"561",3,"M",1,"White","Middle",2,0,0,0,0,0,0,0,0,0,4,"1",FALSE,0
"562",4,"M",1,NA,"Middle",2,0,0,0,0,0,0,0,0,0,4,"1",FALSE,0
"563",4,"F",1,NA,"Middle",2,0,0,0,0,0,0,0,0,1,2,NA,TRUE,1
"564",4,"F",1,"White","Middle",2,0,0,0,0,0,0,0,0,0,4,NA,FALSE,0
"565",3,"M",1,"Hispanic","Middle",NA,NA,0,0,0,0,0,0,0,1,3,NA,TRUE,0
"566",4,"F",1,"White","Middle",2,0,0,0,0,0,0,0,0,0,4,"1",FALSE,0
"567",3,"F",1,"Hispanic","Middle",2,0,0,0,0,0,0,0,0,1,1,"1",TRUE,1
"568",4,"M",1,"Hispanic","Middle",2,0,0,0,0,0,0,0,0,0,2,NA,FALSE,1
"569",3,"M",1,"White","Middle",2,0,0,0,0,0,0,0,0,0,4,"1",FALSE,0
"570",4,"M",1,"Asian","Middle",2,0,0,0,NA,NA,NA,NA,NA,0,4,NA,NA,0
"571",4,"F",1,"White","Middle",2,0,0,0,0,0,0,0,0,0,4,NA,FALSE,0
"572",3,"M",1,"White","Middle",2,0,0,0,0,0,0,0,0,0,2,NA,FALSE,1
"573",4,"M",1,NA,"Middle",2,0,0,0,0,0,0,0,0,0,4,"1",FALSE,0
"574",4,"M",1,"White","Middle",2,NA,0,NA,0,0,0,0,0,0,2,"1",NA,1
"575",3,"F",1,"AI/AN","Middle",2,0,0,0,0,0,0,0,0,0,4,"1",FALSE,0
"576",3,"F",1,"White","Middle",2,0,0,0,0,0,0,0,0,0,4,"1",FALSE,0
"577",4,"F",1,"White","Middle",2,0,0,0,0,0,0,0,0,0,4,"1",FALSE,0
"578",3,"F",1,"White","Middle",2,0,0,0,0,0,0,0,0,0,4,"1",FALSE,0
"579",3,"M",1,"White","Middle",2,0,0,0,0,0,0,0,0,0,2,NA,FALSE,1
"580",4,"M",1,"White","Middle",2,0,0,0,0,0,0,0,0,0,4,NA,FALSE,0
"581",3,"F",1,"White","Middle",2,0,0,0,0,0,0,0,0,0,4,"1",FALSE,0
"582",4,"F",1,"White","Middle",2,0,0,0,0,0,0,0,0,0,4,NA,FALSE,0
"583",4,"M",1,"White","Middle",2,0,0,0,0,0,0,0,0,0,3,NA,FALSE,0
"584",4,"F",1,"White","Middle",2,0,0,0,0,0,0,0,0,0,4,"1",FALSE,0
"585",4,"M",1,"White","Middle",2,0,0,0,0,0,0,0,0,0,4,"1",FALSE,0
"586",3,"F",1,"AI/AN","Middle",2,0,0,0,0,0,0,0,0,0,3,"1",FALSE,0
"587",4,NA,1,"White","Middle",2,0,0,0,0,0,0,0,0,0,4,"1",FALSE,0
"588",3,"F",1,"White","Middle",2,0,0,NA,0,0,0,0,0,0,4,NA,NA,0
"589",5,"M",1,"White","Middle",2,0,0,0,0,0,0,0,0,0,4,"1",FALSE,0
"590",4,"M",1,"Hispanic","Middle",2,0,0,0,0,0,0,0,0,0,4,NA,FALSE,0
"591",4,"F",1,"White","Middle",2,0,0,0,0,0,0,0,0,0,4,"1",FALSE,0
"592",3,"F",1,"White","Middle",2,0,0,0,0,0,0,0,0,0,4,"1",FALSE,0
"593",4,"M",1,"Hispanic","Middle",2,0,0,0,0,0,0,0,0,0,2,"1",FALSE,1
"594",3,"F",1,"White","Middle",2,0,0,0,0,0,0,0,0,0,4,"1",FALSE,0
"595",3,"F",1,"White","Middle",2,0,0,0,0,0,0,0,0,0,4,"1",FALSE,0
"596",3,"M",1,NA,"Middle",2,0,0,0,0,0,0,0,0,0,4,NA,FALSE,0
"597",3,"F",1,NA,"Middle",2,0,0,0,0,0,0,0,0,0,4,NA,FALSE,0
"598",3,"F",1,"Black","Middle",2,0,0,0,0,0,0,0,0,0,4,"1",FALSE,0
"599",4,"M",1,"Black","Middle",2,0,0,0,0,0,0,0,0,0,4,"1",FALSE,0
"600",4,"F",1,"White","Middle",NA,0,0,NA,NA,NA,0,NA,NA,0,NA,NA,NA,NA
"601",4,"F",1,"White","Middle",2,0,0,0,0,0,0,0,0,0,4,"1",FALSE,0
"602",4,"M",1,"White","Middle",2,0,0,0,0,0,0,0,0,0,4,NA,FALSE,0
"603",4,"M",1,"White","Middle",2,0,0,0,0,0,0,0,0,0,4,"1",FALSE,0
"604",3,"F",1,"White","Middle",2,0,0,0,0,0,0,0,0,0,4,"1",FALSE,0
"605",4,"M",1,"White","Middle",2,0,0,0,0,0,0,0,0,0,4,"1",FALSE,0
"606",3,"F",1,"White","Middle",2,0,0,0,0,0,0,0,0,0,4,"1",FALSE,0
"607",5,"M",1,"White","Middle",2,0,0,0,0,0,0,0,0,0,4,NA,FALSE,0
"608",4,"M",1,NA,"Middle",2,0,0,0,0,0,0,0,0,0,4,NA,FALSE,0
"609",4,"M",1,NA,"Middle",2,0,0,0,0,0,0,0,0,0,2,"1",FALSE,1
"610",4,"M",1,"White","Middle",2,0,0,NA,0,0,0,0,0,0,4,NA,NA,0
"611",4,"F",1,"AI/AN","Middle",2,0,0,0,0,0,0,0,0,0,4,NA,FALSE,0
"612",4,"F",1,"White","Middle",2,0,0,0,0,0,0,0,0,0,3,NA,FALSE,0
"613",3,"M",1,"White","Middle",2,0,0,0,0,0,0,0,0,0,4,NA,FALSE,0
"614",4,"F",1,"White","Middle",2,0,0,0,NA,NA,0,NA,NA,0,4,"1",NA,0
"615",4,"M",1,"White","Middle",2,0,0,0,0,0,0,0,0,0,4,"1",FALSE,0
"616",3,"F",1,"White","Middle",2,0,0,0,0,0,0,0,0,0,3,"1",FALSE,0
"617",3,"M",1,"White","Middle",2,0,0,0,0,0,0,0,0,0,NA,NA,FALSE,NA
"618",4,"F",1,NA,"Middle",2,0,0,0,0,0,0,0,0,0,3,"1",FALSE,0
"619",4,"F",1,"White","Middle",2,0,0,0,0,0,0,0,0,0,4,"1",FALSE,0
"620",3,"F",1,"White","Middle",2,0,0,0,0,0,0,0,0,0,3,"1",FALSE,0
"621",3,"F",1,NA,"Middle",2,0,0,0,0,0,0,0,0,0,3,NA,FALSE,0
"622",4,"F",1,"White","Middle",2,0,0,0,0,0,0,0,0,0,4,NA,FALSE,0
"623",4,"M",1,"Hispanic","Middle",2,0,0,NA,0,0,0,0,0,0,4,NA,NA,0
"624",4,"F",1,"Hispanic","Middle",2,0,0,0,0,0,0,0,0,0,4,"1",FALSE,0
"625",4,"F",1,"Hispanic","Middle",2,0,0,0,0,0,0,0,0,0,4,NA,FALSE,0
"626",3,"F",1,"Hispanic","Middle",2,0,0,0,0,0,0,0,0,0,4,NA,FALSE,0
"627",4,"M",1,"Hispanic","Middle",2,0,0,0,0,0,0,0,0,0,2,NA,FALSE,1
"628",4,"F",1,"Hispanic","Middle",2,0,0,0,0,0,0,0,0,0,4,NA,FALSE,0
"629",3,"F",1,"Hispanic","Middle",2,0,0,0,0,0,0,0,0,0,4,"1",FALSE,0
"630",3,"M",1,"Hispanic","Middle",2,0,0,0,0,0,0,0,0,0,4,"1",FALSE,0
"631",4,"F",1,"Hispanic","Middle",2,0,0,0,0,0,0,0,0,0,4,"1",FALSE,0
"632",4,"M",1,"Hispanic","Middle",2,0,0,0,0,0,0,0,0,0,4,NA,FALSE,0
"633",4,"M",1,"Hispanic","Middle",2,0,0,0,0,0,0,0,0,0,4,"1",FALSE,0
"634",4,"F",1,"Hispanic","Middle",2,0,0,0,0,0,0,0,0,0,4,NA,FALSE,0
"635",4,"F",1,"Hispanic","Middle",2,0,0,0,0,0,0,0,0,0,3,"1",FALSE,0
"636",4,"M",1,"Hispanic","Middle",2,0,0,0,0,0,0,0,0,0,4,"1",FALSE,0
"637",4,"M",1,"Hispanic","Middle",2,0,0,0,0,0,0,0,0,0,4,"1",FALSE,0
"638",3,"F",1,"Hispanic","Middle",2,0,0,0,0,0,0,0,0,0,4,"1",FALSE,0
"639",3,"F",1,"Hispanic","Middle",2,0,0,0,0,0,0,0,0,0,4,NA,FALSE,0
"640",4,"F",1,"Hispanic","Middle",2,0,0,0,0,0,0,0,0,0,4,NA,FALSE,0
"641",3,"F",1,"Hispanic","Middle",2,0,0,0,0,0,0,0,0,0,4,"1",FALSE,0
"642",3,"M",1,NA,"Middle",2,0,0,0,0,0,0,0,0,0,4,"1",FALSE,0
"643",4,"F",1,"Hispanic","Middle",2,0,0,0,0,0,0,0,0,0,4,"1",FALSE,0
"644",3,"M",1,"Hispanic","Middle",2,0,0,0,0,0,0,0,0,0,2,NA,FALSE,1
"645",4,"F",1,"Hispanic","Middle",2,0,0,0,0,0,0,0,0,0,4,NA,FALSE,0
"646",3,"F",1,"Hispanic","Middle",2,0,0,0,0,0,0,0,0,0,2,NA,FALSE,1
"647",4,"M",1,"Hispanic","Middle",2,0,0,0,0,0,0,0,0,0,4,"1",FALSE,0
"648",3,"M",1,"Hispanic","Middle",2,0,0,0,0,0,0,0,0,0,4,"1",FALSE,0
"649",4,"M",1,"Hispanic","Middle",2,0,0,0,0,0,0,0,0,0,3,"1",FALSE,0
"650",3,"F",1,"Hispanic","Middle",2,0,0,0,0,0,0,0,0,0,4,"1",FALSE,0
"651",3,"M",1,"Hispanic","Middle",2,0,0,0,0,0,0,0,0,0,3,NA,FALSE,0
"652",3,"M",1,"Hispanic","Middle",2,0,0,0,0,0,0,0,0,0,4,"1",FALSE,0
"653",4,"F",1,"Hispanic","Middle",2,0,0,0,0,0,0,0,0,0,4,NA,FALSE,0
"654",3,"F",1,"White","Middle",2,0,0,0,0,0,0,0,0,0,4,NA,FALSE,0
"655",5,"F",3,"White","Middle",2,0,0,0,0,0,0,0,0,0,4,"1",FALSE,0
"656",5,"M",2,"Hispanic","Middle",2,0,0,0,0,0,0,0,0,0,4,"1",FALSE,0
"657",4,"M",2,"White","Middle",2,0,0,0,0,0,0,0,0,0,4,NA,FALSE,0
"658",6,"F",NA,"Hispanic",NA,2,0,0,0,NA,NA,0,NA,NA,0,4,"1",NA,0
"659",5,"F",2,"Hispanic","Middle",2,0,0,0,0,0,0,0,0,0,2,"1",FALSE,1
"660",6,"M",3,"White","Middle",2,0,0,0,0,0,0,0,0,0,4,"1",FALSE,0
"661",5,"M",3,"White","Middle",2,0,0,0,NA,NA,0,NA,NA,0,3,NA,NA,0
"662",6,"M",3,"White","Middle",2,0,0,0,0,0,0,0,0,0,4,NA,FALSE,0
"663",6,"M",3,"White","Middle",2,0,0,0,0,0,0,0,0,0,1,NA,FALSE,1
"664",5,"M",3,"White","Middle",2,0,0,0,0,0,0,0,0,0,4,"1",FALSE,0
"665",6,"F",3,NA,"Middle",2,0,0,0,0,0,0,0,0,0,2,NA,FALSE,1
"666",6,"F",3,"Hispanic","Middle",2,0,0,0,0,0,0,0,0,0,4,"1",FALSE,0
"667",5,"F",3,"White","Middle",2,0,0,0,0,0,0,0,0,0,4,"1",FALSE,0
"668",6,"M",3,"Hispanic","Middle",2,0,0,0,0,0,0,0,0,0,3,NA,FALSE,0
"669",5,"M",2,"White","Middle",2,0,0,0,0,0,0,0,0,0,4,"1",FALSE,0
"670",4,"F",2,"Hispanic","Middle",2,0,0,0,0,0,0,0,0,0,4,NA,FALSE,0
"671",5,"F",2,"AI/AN","Middle",2,0,0,0,0,0,0,0,0,0,4,"1",FALSE,0
"672",6,"M",2,NA,"Middle",2,0,0,0,0,0,0,0,0,0,4,NA,FALSE,0
"673",5,"F",2,"Hispanic","Middle",2,0,0,0,0,0,0,0,0,0,4,"1",FALSE,0
"674",5,"F",2,"White","Middle",2,0,0,0,0,0,0,0,0,0,4,NA,FALSE,0
"675",4,"F",2,"White","Middle",2,0,0,0,0,0,0,0,0,0,4,NA,FALSE,0
"676",4,"M",1,"AI/AN","Middle",2,0,0,0,0,0,0,0,0,0,3,NA,FALSE,0
"677",10,"M",7,"White","High",2,0,0,0,0,0,0,0,0,0,3,NA,FALSE,0
"678",9,"M",7,"Hispanic","High",2,0,0,0,0,0,0,0,0,0,4,NA,FALSE,0
"679",10,"F",7,"Hispanic","High",1,0,0,0,0,0,0,0,0,0,2,"1",FALSE,1
"680",10,"M",7,NA,"High",NA,NA,NA,NA,NA,NA,NA,NA,NA,NA,NA,NA,NA,NA
"681",10,"F",7,"Hispanic","High",1,0,0,0,0,0,0,0,0,0,2,NA,FALSE,1
"682",10,"M",7,"Hispanic","High",2,0,0,0,0,0,0,0,0,0,4,"1",FALSE,0
"683",10,"M",7,"Hispanic","High",2,0,0,0,0,0,0,0,0,0,4,NA,FALSE,0
"684",10,"M",7,"Hispanic","High",1,0,0,0,0,0,0,0,0,0,2,"1",FALSE,1
"685",10,"M",7,"Hispanic","High",2,0,0,0,0,0,0,0,0,0,4,NA,FALSE,0
"686",10,"M",7,"Hispanic","High",2,0,0,0,0,0,0,0,0,0,2,"1",FALSE,1
"687",9,"M",7,"Hispanic","High",1,0,0,0,0,0,0,0,0,0,2,"1",FALSE,1
"688",10,"F",7,"AI/AN","High",2,0,0,0,0,0,0,0,0,0,4,"1",FALSE,0
"689",10,"F",7,"Hispanic","High",2,0,0,0,0,0,0,0,0,0,4,NA,FALSE,0
"690",10,"F",7,"Hispanic","High",1,0,1,0,0,0,0,0,0,0,4,"1",TRUE,0
"691",10,"F",7,"Hispanic","High",1,0,1,0,0,0,0,0,0,1,4,NA,TRUE,0
"692",9,"F",6,"Hispanic","High",2,0,0,0,0,0,0,0,0,0,4,"1",FALSE,0
"693",10,"F",6,"Hispanic","High",2,0,0,0,0,0,0,0,0,0,4,"1",FALSE,0
"694",9,"F",6,"Hispanic","High",1,0,0,0,0,0,0,0,0,1,4,NA,TRUE,0
"695",8,"F",6,"Hispanic","High",2,0,0,0,0,0,0,0,0,0,4,"1",FALSE,0
"696",9,"F",7,"Hispanic","High",1,0,1,0,0,0,0,0,0,0,4,"1",TRUE,0
"697",10,"F",7,"Hispanic","High",1,1,1,0,0,0,0,0,0,0,3,NA,TRUE,0
"698",8,"F",6,"Hispanic","High",2,0,0,0,0,0,0,0,0,0,4,"1",FALSE,0
"699",10,"F",7,"Hispanic","High",2,0,0,0,0,0,0,0,0,0,4,"1",FALSE,0
"700",9,"F",7,"Hispanic","High",2,0,0,0,0,0,0,0,0,0,4,"1",FALSE,0
"701",9,"F",6,"Hispanic","High",2,0,0,0,0,0,0,0,0,0,2,"1",FALSE,1
"702",9,"M",7,"Hispanic","High",2,0,0,0,0,0,0,0,0,0,2,"1",FALSE,1
"703",8,"F",6,"White","High",2,0,0,0,0,0,0,0,0,1,2,"1",TRUE,1
"704",9,"F",6,"Hispanic","High",2,0,0,0,0,0,0,0,0,0,3,"1",FALSE,0
"705",9,"M",6,"Hispanic","High",2,0,0,0,0,0,0,0,0,0,1,"1",FALSE,1
"706",10,"F",7,"White","High",1,0,1,0,0,0,0,0,0,0,2,NA,TRUE,1
"707",8,"M",6,"Hispanic","High",2,0,0,0,0,0,0,0,0,1,1,NA,TRUE,1
"708",9,"F",6,"White","High",2,NA,0,0,0,0,0,0,0,0,1,NA,NA,1
"709",10,"F",7,"Hispanic","High",2,0,0,0,0,0,0,0,0,0,2,"1",FALSE,1
"710",10,"M",7,"AI/AN","High",2,0,0,0,0,0,0,0,0,0,4,"1",FALSE,0
"711",11,"F",7,"AI/AN","High",1,1,1,0,0,0,0,0,0,0,4,NA,TRUE,0
"712",6,"F",4,"Hispanic","High",2,0,0,0,0,0,0,0,0,0,3,NA,FALSE,0
"713",7,"F",4,"Hispanic","High",1,1,1,0,1,0,1,0,0,0,2,"1",TRUE,1
"714",6,"F",4,"Hispanic","High",2,0,0,0,0,0,NA,0,0,0,2,"1",NA,1
"715",7,"F",4,"Hispanic","High",2,0,0,0,0,0,0,0,0,0,3,"1",FALSE,0
"716",6,"M",4,"Hispanic","High",2,0,0,0,0,0,0,0,0,0,2,NA,FALSE,1
"717",6,"M",4,"Hispanic","High",2,0,0,0,0,0,0,0,0,0,2,"1",FALSE,1
"718",8,"M",4,"Hispanic","High",2,0,0,0,0,0,0,0,0,0,4,"1",FALSE,0
"719",6,"M",4,"Hispanic","High",2,0,0,0,0,0,0,0,0,1,4,NA,TRUE,0
"720",9,"M",4,"Hispanic","High",1,1,1,0,1,0,1,0,0,1,2,"1",TRUE,1
"721",7,"F",4,"Hispanic","High",2,0,0,0,0,0,0,0,0,0,4,"1",FALSE,0
"722",7,"M",4,"Hispanic","High",1,1,1,1,0,0,0,1,0,0,2,NA,TRUE,1
"723",6,"F",4,NA,"High",1,0,1,0,0,0,0,0,0,1,3,NA,TRUE,0
"724",7,"M",4,"AI/AN","High",2,0,0,0,0,0,0,0,0,0,2,"1",FALSE,1
"725",7,"M",4,"Hispanic","High",2,0,0,0,0,0,0,0,0,0,3,NA,FALSE,0
"726",6,"F",4,"Hispanic","High",1,0,1,0,0,0,0,0,0,0,3,"1",TRUE,0
"727",7,"M",4,"Hispanic","High",1,1,1,0,0,0,0,0,0,0,2,NA,TRUE,1
"728",7,"M",4,"Hispanic","High",2,0,0,0,0,0,0,0,0,1,4,"1",TRUE,0
"729",7,"F",4,"Hispanic","High",2,0,0,0,0,0,0,0,0,0,2,NA,FALSE,1
"730",6,"F",4,"Hispanic","High",2,0,0,0,0,0,0,0,0,0,2,"1",FALSE,1
"731",6,"M",4,"Hispanic","High",1,1,1,0,1,0,1,1,1,1,1,NA,TRUE,1
"732",7,"F",4,"Hispanic","High",2,0,0,0,0,0,0,0,0,0,2,"1",FALSE,1
"733",6,"F",4,"AI/AN","High",2,0,0,0,0,0,0,0,0,0,4,"1",FALSE,0
"734",7,"M",4,"Hispanic","High",2,0,0,0,0,0,0,0,0,0,4,"1",FALSE,0
"735",6,"F",4,"Hispanic","High",1,0,0,0,0,0,0,0,0,0,2,"1",FALSE,1
"736",6,"F",4,"Hispanic","High",2,0,0,0,0,0,0,0,0,0,4,"1",FALSE,0
"737",7,"F",4,"Hispanic","High",2,0,0,0,0,0,0,0,0,0,2,"1",FALSE,1
"738",7,"M",4,"White","High",2,0,0,0,0,0,0,0,0,0,4,"1",FALSE,0
"739",7,"M",5,"Black","High",2,0,0,0,0,0,0,0,0,0,3,"1",FALSE,0
"740",7,"F",5,"Hispanic","High",2,0,0,0,0,0,0,0,0,0,3,"1",FALSE,0
"741",8,"M",5,"Hispanic","High",2,0,0,0,0,0,0,0,0,0,4,"1",FALSE,0
"742",8,"F",5,"Hispanic","High",2,0,0,0,0,0,0,0,0,0,4,"1",FALSE,0
"743",7,"F",5,"Black","High",2,0,0,0,0,0,0,0,0,0,3,"1",FALSE,0
"744",8,"F",5,"Hispanic","High",2,0,0,0,0,0,0,0,0,0,3,"1",FALSE,0
"745",7,"F",5,"Hispanic","High",2,0,0,0,0,0,0,0,0,0,2,NA,FALSE,1
"746",8,"F",5,"Hispanic","High",2,0,0,0,0,0,0,0,0,0,4,NA,FALSE,0
"747",7,"F",5,"Hispanic","High",2,0,0,0,0,0,0,0,0,0,4,"1",FALSE,0
"748",7,"F",5,"Hispanic","High",2,0,0,0,0,0,0,0,0,0,4,"1",FALSE,0
"749",8,"F",5,"Hispanic","High",2,0,0,0,0,0,0,0,0,0,2,"1",FALSE,1
"750",8,"F",5,"Hispanic","High",1,1,0,0,0,0,0,0,0,1,1,"1",TRUE,1
"751",NA,"M",5,"White","High",2,0,0,0,0,0,0,0,0,1,3,NA,TRUE,0
"752",8,"F",5,"Hispanic","High",2,0,0,0,0,0,0,0,0,0,3,"1",FALSE,0
"753",8,"M",5,"Hispanic","High",2,0,0,0,0,0,0,0,0,0,4,NA,FALSE,0
"754",8,"M",5,"Hispanic","High",2,0,0,0,0,0,0,0,0,0,2,NA,FALSE,1
"755",8,"F",5,"Hispanic","High",2,0,0,0,0,0,0,0,0,0,1,"1",FALSE,1
"756",7,"M",5,"White","High",2,0,0,0,0,0,0,0,0,0,4,"1",FALSE,0
"757",7,"F",5,"Hispanic","High",2,0,0,0,0,0,0,0,0,0,2,"1",FALSE,1
"758",8,"M",5,"Hispanic","High",2,0,0,0,0,0,0,0,0,0,4,"1",FALSE,0
"759",7,"M",5,"Hispanic","High",2,0,0,0,0,0,0,0,0,0,4,"1",FALSE,0
"760",8,"M",5,"Hispanic","High",2,0,0,0,0,0,0,0,0,0,4,NA,FALSE,0
"761",8,"M",5,"Hispanic","High",2,0,0,0,0,0,0,0,0,0,4,"1",FALSE,0
"762",7,"M",5,"Hispanic","High",2,0,0,0,0,0,0,0,0,0,4,"1",FALSE,0
"763",8,"M",5,"Hispanic","High",2,0,0,0,0,0,0,0,0,0,4,"1",FALSE,0
"764",7,"F",5,"Hispanic","High",2,0,0,0,0,0,0,0,0,0,3,NA,FALSE,0
"765",7,"F",5,"Hispanic","High",2,0,0,0,0,0,0,0,0,0,4,"1",FALSE,0
"766",8,"M",5,"Hispanic","High",2,0,0,0,0,0,0,0,0,0,4,"1",FALSE,0
"767",7,"F",5,"Hispanic","High",2,0,0,0,0,0,0,0,0,0,3,NA,FALSE,0
"768",8,"M",5,"Hispanic","High",2,0,0,0,0,0,0,0,0,0,4,"1",FALSE,0
"769",8,"M",5,"Hispanic","High",2,0,0,0,0,0,0,0,0,0,4,"1",FALSE,0
"770",9,"M",5,"Hispanic","High",2,0,0,0,0,0,0,0,0,0,4,"1",FALSE,0
"771",8,"M",5,"Hispanic","High",2,0,0,0,0,0,0,0,0,0,4,NA,FALSE,0
"772",7,"M",5,"Hispanic","High",2,0,0,NA,0,0,0,0,0,0,4,"1",NA,0
"773",9,"F",6,"Hispanic","High",2,0,0,0,0,0,0,0,0,0,4,"1",FALSE,0
"774",9,"M",6,"Hispanic","High",2,0,0,0,0,0,0,0,0,0,4,"1",FALSE,0
"775",9,"M",6,"White","High",NA,NA,NA,1,0,0,1,0,0,0,4,NA,TRUE,0
"776",8,"F",6,"Hispanic","High",2,0,0,0,0,0,0,0,0,0,4,"1",FALSE,0
"777",10,"F",7,"Hispanic","High",2,0,0,0,0,0,0,0,0,0,4,"1",FALSE,0
"778",9,"F",7,"Hispanic","High",2,0,0,0,0,0,0,0,0,0,4,"1",FALSE,0
"779",10,"F",7,"Hispanic","High",1,1,1,0,0,0,1,0,0,0,1,"1",TRUE,1
"780",11,"M",8,"Hispanic",NA,NA,NA,NA,NA,0,0,NA,0,0,NA,4,"1",NA,0
"781",9,"F",6,"Hispanic","High",2,0,0,0,0,0,0,0,0,0,4,"1",FALSE,0
"782",9,"F",6,"Hispanic","High",2,0,0,0,0,0,0,0,0,0,4,"1",FALSE,0
"783",9,"F",6,"Hispanic","High",2,0,0,0,0,0,0,0,0,0,2,NA,FALSE,1
"784",10,"F",7,"Hispanic","High",2,0,0,0,0,0,0,0,0,0,4,"1",FALSE,0
"785",9,"M",6,"White","High",2,0,0,0,0,0,0,0,0,1,4,"1",TRUE,0
"786",8,"F",6,"Hispanic","High",2,0,0,0,0,0,0,0,0,0,4,"1",FALSE,0
"787",10,"M",7,"White","High",2,0,0,0,0,0,0,0,0,0,2,"1",FALSE,1
"788",10,"M",7,"Hispanic","High",2,0,0,0,0,0,0,0,0,0,4,NA,FALSE,0
"789",8,"M",6,"Hispanic","High",2,0,0,0,0,0,0,0,0,0,2,"1",FALSE,1
"790",9,"F",6,"Hispanic","High",2,0,0,0,0,0,0,0,0,0,4,"1",FALSE,0
"791",9,"F",6,"Hispanic","High",2,0,0,0,0,0,0,0,0,0,1,NA,FALSE,1
"792",10,"F",7,"Hispanic","High",2,0,0,0,0,0,0,0,0,0,4,"1",FALSE,0
"793",10,"F",7,"Hispanic","High",2,0,0,0,0,0,0,0,0,0,4,"1",FALSE,0
"794",10,"F",7,"Hispanic","High",2,0,0,0,0,0,0,0,0,0,4,"1",FALSE,0
"795",9,"F",6,"Hispanic","High",2,0,0,0,0,0,0,0,0,0,1,"1",FALSE,1
"796",5,"F",2,"Hispanic","Middle",2,0,0,0,0,0,0,0,0,0,4,"1",FALSE,0
"797",4,"F",2,"Hispanic","Middle",2,0,0,0,0,0,0,0,0,0,2,"1",FALSE,1
"798",4,"F",2,"Hispanic","Middle",2,0,0,0,0,0,0,0,0,0,4,"1",FALSE,0
"799",5,"M",2,NA,"Middle",2,0,0,0,0,0,0,0,0,0,NA,"1",FALSE,NA
"800",5,"F",2,"Hispanic","Middle",2,0,0,0,0,0,0,0,0,0,2,"1",FALSE,1
"801",5,"F",2,"Hispanic","Middle",2,0,0,0,0,0,0,0,0,0,2,"1",FALSE,1
"802",5,"F",2,"Hispanic","Middle",2,0,0,0,0,0,0,0,0,0,4,NA,FALSE,0
"803",5,"F",2,"Hispanic","Middle",1,1,1,1,1,1,1,1,1,1,1,NA,TRUE,1
"804",5,"F",2,"Hispanic","Middle",2,1,0,1,0,0,0,1,0,0,1,NA,TRUE,1
"805",5,"F",2,"Hispanic","Middle",1,0,1,0,0,0,0,0,0,1,2,NA,TRUE,1
"806",5,"F",2,"Hispanic","Middle",1,NA,0,0,0,0,1,0,0,1,2,NA,TRUE,1
"807",5,"M",2,"Hispanic","Middle",2,0,0,0,0,0,0,0,0,0,3,NA,FALSE,0
"808",6,"F",3,"Hispanic","Middle",2,0,0,0,0,0,0,0,0,0,2,"1",FALSE,1
"809",6,"M",3,"Hispanic","Middle",2,0,0,0,0,0,0,0,0,0,4,"1",FALSE,0
"810",6,"F",3,"White","Middle",2,0,0,0,0,0,0,0,0,0,2,NA,FALSE,1
"811",6,"M",3,"Hispanic","Middle",2,0,0,0,0,0,0,0,0,0,1,"1",FALSE,1
"812",6,"F",3,"Hispanic","Middle",2,0,0,0,0,0,0,0,0,0,4,"1",FALSE,0
"813",6,"F",3,"Hispanic","Middle",2,0,0,0,0,0,0,0,0,0,4,NA,FALSE,0
"814",6,"F",3,"Hispanic","Middle",NA,NA,0,0,0,0,0,0,0,0,2,NA,NA,1
"815",6,"M",3,"Hispanic","Middle",1,0,0,0,0,0,0,0,0,0,3,"1",FALSE,0
"816",6,"M",3,"White","Middle",2,0,0,0,0,0,0,0,0,0,4,"1",FALSE,0
"817",6,"M",3,"Hispanic","Middle",1,0,1,0,NA,NA,0,NA,NA,0,1,"1",TRUE,1
"818",6,"F",3,"Hispanic","Middle",2,0,0,0,0,0,0,0,0,0,4,"1",FALSE,0
"819",5,"F",3,"Hispanic","Middle",2,0,0,0,0,0,0,0,0,0,3,"1",FALSE,0
"820",6,"M",3,"Hispanic","Middle",2,0,0,0,1,0,1,0,0,0,4,"1",TRUE,0
"821",5,"F",3,"Hispanic","Middle",2,0,0,0,0,0,0,0,0,0,4,"1",FALSE,0
"822",6,"M",3,NA,"Middle",2,0,0,0,0,0,0,0,0,0,4,"1",FALSE,0
"823",6,"M",3,"Hispanic","Middle",2,0,0,0,0,0,0,0,0,0,4,"1",FALSE,0
"824",6,"M",3,"White","Middle",2,0,0,0,0,0,0,0,0,0,4,"1",FALSE,0
"825",6,"F",3,"Hispanic","Middle",2,0,0,0,0,0,0,0,0,1,2,NA,TRUE,1
"826",6,"M",3,"Hispanic","Middle",1,0,0,0,0,0,0,0,0,1,1,NA,TRUE,1
"827",6,"F",3,"Hispanic","Middle",2,0,0,0,0,0,0,0,0,0,3,"1",FALSE,0
"828",5,"M",3,"Hispanic","Middle",2,0,0,0,0,0,0,0,0,0,4,"1",FALSE,0
"829",6,"M",3,"Hispanic","Middle",2,0,0,0,0,0,0,0,0,0,1,NA,FALSE,1
"830",5,"M",3,"Hispanic","Middle",2,0,0,0,0,0,0,0,0,0,4,"1",FALSE,0
"831",6,"F",3,"Hispanic","Middle",2,0,0,0,0,0,0,0,0,0,4,"1",FALSE,0
"832",6,"F",3,"Hispanic","Middle",2,0,0,0,0,0,0,0,0,0,4,NA,FALSE,0
"833",4,"F",2,NA,"Middle",2,0,0,0,0,0,0,0,0,0,4,"1",FALSE,0
"834",4,"F",2,"Hispanic","Middle",2,0,0,0,0,0,0,0,0,0,3,"1",FALSE,0
"835",5,"F",2,"Hispanic","Middle",2,0,0,0,0,0,0,0,0,0,1,"1",FALSE,1
"836",4,"F",2,"Hispanic","Middle",2,0,0,0,0,0,0,0,0,0,2,NA,FALSE,1
"837",5,"F",2,"Hispanic","Middle",2,0,0,0,0,0,0,0,0,0,2,"1",FALSE,1
"838",4,"F",2,"Hispanic","Middle",2,0,0,0,0,0,0,0,0,0,4,"1",FALSE,0
"839",5,"M",2,"Hispanic","Middle",2,0,0,0,0,0,0,0,0,0,4,"1",FALSE,0
"840",4,"M",2,"Hispanic","Middle",2,0,0,0,0,0,0,0,0,0,4,"1",FALSE,0
"841",5,"M",2,NA,"Middle",2,0,0,0,0,0,0,0,0,0,4,NA,FALSE,0
"842",4,"F",2,"Hispanic","Middle",2,0,0,0,0,0,0,0,0,0,4,"1",FALSE,0
"843",4,"F",2,"Hispanic","Middle",2,0,0,0,0,0,0,0,0,0,3,"1",FALSE,0
"844",4,"F",2,"Black","Middle",2,0,0,0,0,0,0,0,0,0,3,"1",FALSE,0
"845",4,"F",2,"Hispanic","Middle",2,0,0,0,0,0,0,0,0,1,2,"1",TRUE,1
"846",5,"F",2,"Hispanic","Middle",2,0,0,0,0,0,1,0,0,0,2,NA,TRUE,1
"847",5,"F",2,"Hispanic","Middle",2,0,0,0,0,0,0,0,0,0,4,"1",FALSE,0
"848",5,"F",2,"Hispanic","Middle",2,0,0,0,0,0,0,0,0,0,2,"1",FALSE,1
"849",5,"M",2,"Hispanic","Middle",2,0,0,0,0,0,0,0,0,0,4,"1",FALSE,0
"850",5,"M",2,"Hispanic","Middle",2,0,0,0,0,0,0,0,0,0,4,NA,FALSE,0
"851",5,"M",2,"Hispanic","Middle",2,NA,0,0,0,0,NA,0,0,0,2,NA,NA,1
"852",5,"M",2,"Hispanic","Middle",NA,0,0,0,0,0,0,0,0,0,2,NA,FALSE,1
"853",5,"M",2,"Hispanic","Middle",2,0,0,0,0,0,0,0,0,0,4,NA,FALSE,0
"854",4,"M",2,"Hispanic","Middle",2,NA,0,0,0,0,0,0,0,0,4,"1",NA,0
"855",5,"M",2,"Hispanic","Middle",2,0,0,0,0,0,0,0,0,0,3,"1",FALSE,0
"856",6,"M",2,"White","Middle",2,0,0,0,0,0,0,0,0,0,4,"1",FALSE,0
"857",4,"M",2,"Hispanic","Middle",2,0,0,0,0,0,0,0,0,0,4,NA,FALSE,0
"858",5,"M",2,NA,"Middle",2,0,0,0,0,0,0,0,0,0,3,"1",FALSE,0
"859",5,"M",2,"Hispanic","Middle",2,0,0,0,0,0,0,0,0,0,4,"1",FALSE,0
"860",5,"M",2,"White","Middle",1,NA,1,NA,0,0,1,0,0,0,3,NA,TRUE,0
"861",5,"M",2,NA,"Middle",2,0,0,0,0,0,0,0,0,0,4,"1",FALSE,0
"862",5,"M",2,"Hispanic","Middle",2,0,0,0,0,0,0,0,0,0,4,"1",FALSE,0
"863",5,"M",2,"Hispanic","Middle",2,0,0,0,0,0,0,0,0,0,4,NA,FALSE,0
"864",3,"F",1,"Hispanic","Middle",2,0,0,0,0,0,0,0,0,0,4,"1",FALSE,0
"865",4,"M",1,"White","Middle",2,0,0,0,0,0,0,0,0,0,4,"1",FALSE,0
"866",4,"F",1,"White","Middle",2,0,0,0,0,0,0,0,0,0,4,"1",FALSE,0
"867",4,"M",1,"Asian","Middle",2,0,0,0,0,0,0,0,0,0,2,"1",FALSE,1
"868",3,"M",1,"Black","Middle",2,0,0,0,0,0,0,0,0,0,4,"1",FALSE,0
"869",4,"M",1,"White","Middle",2,0,0,0,0,0,0,0,0,0,4,"1",FALSE,0
"870",3,"F",1,"White","Middle",2,0,0,0,0,0,0,0,0,0,4,"1",FALSE,0
"871",4,"F",1,"Hispanic","Middle",2,0,0,0,0,0,0,0,0,0,4,"1",FALSE,0
"872",3,"F",1,"Asian","Middle",2,0,0,0,0,0,0,0,0,0,4,"1",FALSE,0
"873",3,"F",1,"White","Middle",2,0,0,0,0,0,0,0,0,0,1,NA,FALSE,1
"874",3,"F",1,"White","Middle",2,0,0,0,0,0,0,0,0,0,4,"1",FALSE,0
"875",5,"F",2,"White","Middle",2,0,0,0,0,0,0,0,0,0,4,"1",FALSE,0
"876",4,"M",2,"Hispanic","Middle",2,0,0,0,0,0,0,0,0,0,4,"1",FALSE,0
"877",4,"M",2,"White","Middle",2,0,0,0,0,0,0,0,0,0,4,"1",FALSE,0
"878",4,"F",1,"Black","Middle",2,0,0,0,0,0,0,0,0,0,3,"1",FALSE,0
"879",3,"F",1,"Hispanic","Middle",2,0,0,0,0,0,0,0,0,0,4,NA,FALSE,0
"880",4,"F",1,"White","Middle",2,0,0,0,0,0,0,0,0,0,2,"1",FALSE,1
"881",4,"M",1,"Hispanic","Middle",2,0,0,0,0,0,0,0,0,0,4,"1",FALSE,0
"882",4,"F",1,"White","Middle",2,0,0,0,0,0,0,0,0,0,4,NA,FALSE,0
"883",3,"F",1,"White","Middle",2,0,0,0,0,0,0,0,0,0,3,"1",FALSE,0
"884",4,"F",1,"White","Middle",2,0,0,0,0,0,0,0,0,0,4,NA,FALSE,0
"885",5,"M",2,"Hispanic","Middle",1,1,0,0,0,1,0,0,0,1,1,NA,TRUE,1
"886",4,"F",2,"White","Middle",2,0,0,0,0,0,0,0,0,0,4,"1",FALSE,0
"887",5,"F",2,NA,"Middle",2,0,0,0,0,0,0,0,0,1,4,"1",TRUE,0
"888",4,"F",2,"White","Middle",2,0,0,0,0,0,0,0,0,0,2,"1",FALSE,1
"889",NA,NA,NA,"White",NA,2,0,0,NA,0,0,0,0,0,0,3,NA,NA,0
"890",4,"F",2,"Hispanic","Middle",2,0,0,0,0,0,NA,0,0,0,4,NA,NA,0
"891",4,"M",2,"Hispanic","Middle",2,0,0,0,0,0,0,0,0,0,4,"1",FALSE,0
"892",5,"M",2,"Hispanic","Middle",2,0,0,0,0,0,0,0,0,0,4,"1",FALSE,0
"893",4,"M",2,"Hispanic","Middle",2,0,0,0,0,0,0,0,0,0,4,NA,FALSE,0
"894",5,"M",2,"Black","Middle",2,0,0,0,0,0,0,0,0,0,4,"1",FALSE,0
"895",4,"M",2,"White","Middle",2,0,0,0,0,0,0,0,0,0,4,NA,FALSE,0
"896",5,"M",2,"Hispanic","Middle",2,0,0,0,0,0,0,0,0,0,4,"1",FALSE,0
"897",4,"F",2,"Asian","Middle",2,0,0,0,0,0,0,0,0,0,4,"1",FALSE,0
"898",4,"F",2,"Asian","Middle",2,0,0,0,0,0,0,0,0,0,2,"1",FALSE,1
"899",4,"M",2,"White","Middle",2,0,0,0,0,0,0,0,0,0,4,"1",FALSE,0
"900",4,"M",2,NA,"Middle",2,0,0,0,0,0,0,0,0,0,4,"1",FALSE,0
"901",5,"F",2,"White","Middle",2,0,0,0,0,0,0,0,0,0,4,"1",FALSE,0
"902",4,"M",NA,"Hispanic",NA,2,0,0,0,0,0,0,0,0,0,4,"1",FALSE,0
"903",4,"M",2,"AI/AN","Middle",2,0,0,0,0,0,0,0,0,0,4,"1",FALSE,0
"904",4,"F",2,"Asian","Middle",2,0,0,0,0,0,0,0,0,0,4,"1",FALSE,0
"905",4,"F",2,"Asian","Middle",2,0,0,0,0,0,0,0,0,0,4,"1",FALSE,0
"906",6,"F",3,"White","Middle",2,0,0,0,0,0,0,0,0,0,3,"1",FALSE,0
"907",5,"F",3,"Asian","Middle",2,0,0,0,0,0,0,0,0,0,3,NA,FALSE,0
"908",5,"M",3,"Black","Middle",2,0,0,0,0,0,0,0,0,0,2,NA,FALSE,1
"909",6,"M",3,"Black","Middle",2,1,0,0,0,0,1,0,0,1,1,NA,TRUE,1
"910",5,"M",3,"White","Middle",2,0,0,0,0,0,0,0,0,0,4,"1",FALSE,0
"911",4,"M",2,"NHOPI","Middle",2,0,0,0,0,0,0,0,0,0,4,"1",FALSE,0
"912",5,"F",2,"Hispanic","Middle",2,0,0,0,0,0,0,0,0,0,3,"1",FALSE,0
"913",4,"M",2,"Hispanic","Middle",1,1,0,0,0,0,0,0,0,1,3,"1",TRUE,0
"914",5,"F",2,"White","Middle",2,0,0,0,0,0,0,0,0,0,2,"1",FALSE,1
"915",4,"F",2,"Black","Middle",2,0,0,0,0,0,0,0,0,0,3,NA,FALSE,0
"916",4,"M",2,"Hispanic","Middle",2,0,0,0,0,0,0,0,0,0,4,"1",FALSE,0
"917",5,"M",3,"Hispanic","Middle",2,0,0,0,0,0,0,0,0,0,2,"1",FALSE,1
"918",5,"F",3,"White","Middle",2,0,0,0,0,0,0,0,0,0,4,"1",FALSE,0
"919",5,"M",3,"Asian","Middle",2,0,0,0,0,0,0,0,0,0,4,NA,FALSE,0
"920",6,"M",3,"Asian","Middle",2,0,0,0,0,0,0,0,0,0,3,"1",FALSE,0
"921",5,"M",3,"White","Middle",2,0,0,0,0,0,0,0,0,0,2,"1",FALSE,1
"922",5,"F",3,NA,"Middle",2,0,0,0,0,0,0,0,0,0,4,"1",FALSE,0
"923",5,"M",3,"White","Middle",2,0,0,0,0,0,0,0,0,0,4,"1",FALSE,0
"924",5,"M",3,"Hispanic","Middle",2,0,0,0,0,0,0,0,0,0,3,"1",FALSE,0
"925",6,"F",3,"White","Middle",2,0,0,0,0,0,0,0,0,0,4,"1",FALSE,0
"926",6,"M",3,"Hispanic","Middle",2,0,0,0,0,0,0,0,0,0,4,"1",FALSE,0
"927",5,"M",3,"Hispanic","Middle",2,0,0,0,0,0,0,0,0,0,4,"1",FALSE,0
"928",6,"M",3,"White","Middle",2,0,0,0,0,0,0,0,0,0,3,"1",FALSE,0
"929",6,"M",3,"Black","Middle",2,0,0,0,0,0,0,0,0,0,4,"1",FALSE,0
"930",6,"M",3,"Hispanic","Middle",2,0,0,0,0,0,0,0,0,0,2,"1",FALSE,1
"931",6,"F",3,"White","Middle",2,0,0,0,0,0,0,0,0,0,4,"1",FALSE,0
"932",7,"F",3,"Hispanic","Middle",2,0,0,0,0,0,0,0,0,0,4,"1",FALSE,0
"933",6,"F",3,"White","Middle",2,0,0,0,0,0,0,0,0,0,2,NA,FALSE,1
"934",5,"M",3,"White","Middle",2,0,0,0,0,0,0,0,0,0,4,"1",FALSE,0
"935",6,"M",3,"White","Middle",2,0,0,0,0,0,0,0,0,0,4,"1",FALSE,0
"936",10,"F",7,"Hispanic","High",1,0,0,0,0,0,0,0,0,0,3,NA,FALSE,0
"937",7,"M",5,"White","High",2,0,0,NA,0,0,0,0,0,0,4,"1",NA,0
"938",7,"M",4,"Hispanic","High",2,0,0,0,0,0,0,0,0,0,4,"1",FALSE,0
"939",7,"M",4,"White","High",2,0,0,0,0,0,0,0,0,0,4,NA,FALSE,0
"940",9,"M",7,"Black","High",1,1,0,0,0,0,0,0,0,1,1,"1",TRUE,1
"941",9,"M",5,"NHOPI","High",2,0,0,0,0,0,1,0,0,0,1,"1",TRUE,1
"942",9,"M",6,"White","High",1,0,1,0,0,0,0,0,0,0,1,"1",TRUE,1
"943",8,"F",6,"White","High",1,NA,NA,NA,0,1,NA,0,0,NA,4,NA,TRUE,0
"944",8,"M",6,"White","High",2,0,0,0,0,0,0,0,0,0,3,NA,FALSE,0
"945",10,"M",7,"Hispanic","High",NA,1,NA,0,0,0,0,0,0,1,4,NA,TRUE,0
"946",10,"M",7,"White","High",1,0,0,0,0,0,0,0,0,1,2,"1",TRUE,1
"947",10,"M",7,"Hispanic","High",2,0,0,0,0,0,0,0,0,0,4,"1",FALSE,0
"948",8,"M",6,"White","High",1,NA,0,0,0,0,0,0,0,0,1,NA,NA,1
"949",9,"F",7,"Hispanic","High",2,0,0,0,0,0,0,0,0,0,3,NA,FALSE,0
"950",9,"F",7,"Hispanic","High",2,0,0,0,0,0,0,0,0,0,3,"1",FALSE,0
"951",8,"F",6,"White","High",2,1,0,0,0,0,0,0,0,1,1,NA,TRUE,1
"952",9,"M",7,"White","High",1,1,0,0,0,0,0,0,0,0,1,"1",TRUE,1
"953",8,"M",5,NA,"High",2,0,0,1,0,0,0,0,0,1,3,"1",TRUE,0
"954",9,"F",6,"Black","High",2,0,0,0,0,0,0,0,0,0,3,NA,FALSE,0
"955",8,"F",6,"Hispanic","High",2,0,0,0,0,0,0,0,0,1,2,NA,TRUE,1
"956",8,"F",5,"White","High",1,1,0,0,1,0,0,0,0,0,2,NA,TRUE,1
"957",9,"F",7,"White","High",1,1,0,0,0,0,0,0,0,0,2,NA,TRUE,1
"958",9,"M",6,"Hispanic","High",2,0,0,0,0,0,0,0,0,0,4,"1",FALSE,0
"959",9,"M",5,"Hispanic","High",2,0,0,0,0,0,0,0,0,0,1,NA,FALSE,1
"960",8,"F",6,"Hispanic","High",1,NA,1,0,0,0,0,0,0,1,4,"1",TRUE,0
"961",9,"M",6,"Hispanic","High",2,0,0,0,0,0,0,0,0,0,4,"1",FALSE,0
"962",9,"M",6,"White","High",1,NA,0,0,0,0,1,0,0,1,1,"1",TRUE,1
"963",10,"M",7,"Hispanic","High",2,0,0,0,0,0,0,0,0,0,3,"1",FALSE,0
"964",9,"M",7,"Hispanic","High",2,0,0,0,0,0,0,0,0,0,4,"1",FALSE,0
"965",9,"M",7,"Hispanic","High",2,0,0,0,0,0,0,0,0,0,3,"1",FALSE,0
"966",8,"M",6,"White","High",1,1,0,1,0,0,NA,1,0,0,1,NA,TRUE,1
"967",8,"M",6,"White","High",1,0,1,0,0,0,0,0,0,1,1,NA,TRUE,1
"968",9,"M",7,"Hispanic","High",1,0,1,0,0,0,1,0,0,1,2,"1",TRUE,1
"969",8,"F",5,"Hispanic","High",2,0,0,0,0,0,0,0,0,1,2,"1",TRUE,1
"970",8,"F",6,"White","High",2,0,0,0,0,0,0,0,0,0,4,NA,FALSE,0
"971",8,"F",6,"Hispanic","High",2,0,0,0,0,0,0,0,0,1,3,"1",TRUE,0
"972",8,"F",6,"Hispanic","High",1,0,0,0,NA,NA,0,NA,NA,1,3,NA,TRUE,0
"973",9,"M",6,"Hispanic","High",1,0,1,0,0,0,0,0,0,1,4,NA,TRUE,0
"974",10,"M",7,NA,"High",2,0,0,0,0,0,0,0,0,1,NA,"1",TRUE,NA
"975",9,"M",6,"Hispanic","High",1,1,1,1,0,0,1,0,0,1,1,"1",TRUE,1
"976",10,"M",7,"Hispanic","High",NA,1,NA,0,0,0,0,0,0,0,4,"1",TRUE,0
"977",10,"F",7,"Hispanic","High",1,0,0,0,0,0,0,0,0,0,1,"1",FALSE,1
"978",8,"M",6,"Hispanic","High",1,0,0,0,0,0,0,0,0,1,2,NA,TRUE,1
"979",8,"M",5,"White","High",1,0,1,0,0,0,0,0,0,1,3,"1",TRUE,0
"980",8,"M",6,"White","High",2,0,0,0,0,0,0,0,0,0,4,"1",FALSE,0
"981",8,"M",6,"White","High",1,0,0,0,0,0,0,0,0,1,2,"1",TRUE,1
"982",9,"F",7,"White","High",2,0,0,0,0,0,0,0,0,0,3,"1",FALSE,0
"983",9,"M",7,"White","High",1,1,0,0,0,0,0,0,0,1,2,NA,TRUE,1
"984",10,"F",7,"Hispanic","High",1,0,0,0,0,0,1,0,0,1,2,"1",TRUE,1
"985",10,"M",7,"Hispanic","High",2,0,0,0,0,0,0,0,0,0,3,"1",FALSE,0
"986",10,"M",7,"Hispanic","High",2,0,0,0,0,0,0,0,0,0,3,"1",FALSE,0
"987",10,"M",7,"Hispanic","High",2,0,0,0,0,0,0,0,0,0,3,"1",FALSE,0
"988",11,"M",7,"Hispanic","High",2,NA,0,NA,0,0,0,0,0,0,1,NA,NA,1
"989",9,"F",6,"Hispanic","High",2,0,0,0,0,0,0,0,0,0,4,"1",FALSE,0
"990",10,"M",6,"Hispanic","High",2,0,0,0,0,0,0,0,0,1,1,NA,TRUE,1
"991",9,"M",6,"Hispanic","High",1,0,0,0,0,0,0,0,0,0,4,"1",FALSE,0
"992",8,"F",6,"Hispanic","High",2,0,0,0,0,0,0,0,0,0,4,"1",FALSE,0
"993",10,"M",7,"Black","High",2,0,0,0,0,0,0,0,0,0,1,"1",FALSE,1
"994",9,"F",7,"Hispanic","High",1,0,0,0,0,0,0,0,0,0,4,"1",FALSE,0
"995",9,"M",6,"White","High",1,1,0,0,0,0,0,0,0,1,1,NA,TRUE,1
"996",8,"M",6,"White","High",2,0,0,0,0,0,0,0,0,1,1,NA,TRUE,1
"997",9,"F",6,"Hispanic","High",2,0,0,0,0,0,0,0,0,0,4,"1",FALSE,0
"998",9,"F",6,"Hispanic","High",2,0,0,0,0,0,0,0,0,1,3,"1",TRUE,0
"999",9,"M",6,"Hispanic","High",2,0,0,0,0,0,0,0,0,0,1,NA,FALSE,1
"1000",9,"M",6,"Hispanic","High",2,0,0,0,0,0,0,0,0,0,4,"1",FALSE,0
"1001",8,"M",6,"Hispanic","High",2,0,0,0,0,0,0,0,0,0,4,"1",FALSE,0
"1002",8,"F",6,"White","High",2,0,0,0,0,0,0,0,0,1,4,"1",TRUE,0
"1003",9,"M",6,"White","High",2,0,0,0,0,0,0,0,0,1,4,"1",TRUE,0
"1004",8,"M",6,"NHOPI","High",2,0,0,0,0,0,0,0,0,0,4,"1",FALSE,0
"1005",8,"M",6,"White","High",2,0,0,0,0,0,0,0,0,0,2,"1",FALSE,1
"1006",9,"M",6,"White","High",2,0,0,0,0,0,0,0,0,0,4,"1",FALSE,0
"1007",8,"F",6,"White","High",2,0,0,0,0,0,0,0,0,1,4,"1",TRUE,0
"1008",8,"M",6,"Hispanic","High",2,0,0,0,0,0,0,0,0,0,3,"1",FALSE,0
"1009",9,"F",6,"Asian","High",2,0,0,0,0,0,0,0,0,0,4,NA,FALSE,0
"1010",9,"F",6,"White","High",2,0,0,0,0,0,0,0,0,0,4,NA,FALSE,0
"1011",9,"F",6,"White","High",2,0,0,0,0,0,0,0,0,0,3,"1",FALSE,0
"1012",9,"F",6,"White","High",2,0,0,0,0,0,0,0,0,0,3,"1",FALSE,0
"1013",8,"F",6,"Asian","High",2,0,0,0,0,0,0,0,0,0,4,"1",FALSE,0
"1014",9,"F",6,"Hispanic","High",2,0,0,0,0,0,0,0,0,0,4,"1",FALSE,0
"1015",8,"F",6,"Asian","High",2,0,0,0,0,0,0,0,0,1,3,"1",TRUE,0
"1016",8,"M",6,"Asian","High",2,0,0,0,0,0,0,0,0,1,2,"1",TRUE,1
"1017",8,"F",6,"Asian","High",2,0,0,0,0,0,0,0,0,0,4,"1",FALSE,0
"1018",9,"F",6,"White","High",1,0,0,0,0,0,0,0,0,1,4,"1",TRUE,0
"1019",9,"F",6,"White","High",2,1,0,0,0,0,0,0,0,1,3,"1",TRUE,0
"1020",9,"F",6,"Hispanic","High",2,0,0,0,0,0,0,0,0,1,4,NA,TRUE,0
"1021",9,"F",6,"White","High",1,0,0,0,0,0,0,0,0,1,4,NA,TRUE,0
"1022",9,"M",6,"White","High",1,0,0,NA,0,0,0,0,0,0,3,"1",NA,0
"1023",8,"M",6,"White","High",2,0,0,0,0,0,0,0,0,0,4,"1",FALSE,0
"1024",8,"M",6,"Hispanic","High",2,0,NA,0,0,0,0,0,0,0,4,"1",NA,0
"1025",8,"M",6,"White","High",2,0,0,0,0,0,0,0,0,0,3,"1",FALSE,0
"1026",8,"F",6,"Asian","High",2,0,0,0,0,0,0,0,0,0,4,"1",FALSE,0
"1027",9,"M",6,"White","High",2,0,0,0,0,0,0,0,0,0,4,"1",FALSE,0
"1028",8,"M",6,"White","High",1,0,0,0,0,0,0,0,0,0,1,"1",FALSE,1
"1029",9,"F",6,"White","High",2,0,0,0,0,0,0,0,0,0,4,"1",FALSE,0
"1030",8,"F",6,"Black","High",2,0,0,0,0,0,0,0,0,0,4,"1",FALSE,0
"1031",7,"M",4,"White","High",2,0,0,0,0,0,0,0,0,0,4,NA,FALSE,0
"1032",7,"M",4,"Hispanic","High",2,0,0,0,0,0,0,0,0,1,1,"1",TRUE,1
"1033",7,"M",4,"Hispanic","High",2,0,0,0,0,0,0,0,0,0,4,"1",FALSE,0
"1034",7,"M",4,"White","High",2,0,0,0,0,0,0,0,0,0,4,"1",FALSE,0
"1035",6,"M",4,"White","High",2,0,0,0,0,0,0,0,0,0,4,"1",FALSE,0
"1036",7,"F",4,"Hispanic","High",2,0,0,0,0,0,0,0,0,0,4,"1",FALSE,0
"1037",6,"F",4,"NHOPI","High",2,0,0,0,0,0,NA,0,0,1,4,"1",TRUE,0
"1038",7,"M",4,"Black","High",1,NA,1,0,0,0,1,0,0,NA,4,NA,TRUE,0
"1039",7,"F",4,"Hispanic","High",2,0,0,0,0,0,0,0,0,1,4,NA,TRUE,0
"1040",6,NA,4,NA,"High",1,1,1,1,NA,NA,1,NA,NA,1,1,NA,TRUE,1
"1041",6,"F",4,"Hispanic","High",NA,0,0,0,0,0,0,0,1,0,4,NA,TRUE,0
"1042",7,"M",4,"White","High",2,0,0,0,0,0,0,0,0,0,4,"1",FALSE,0
"1043",NA,NA,NA,NA,NA,2,0,0,0,0,0,0,0,0,0,4,"1",FALSE,0
"1044",6,"M",4,"White","High",2,0,0,0,0,0,0,0,0,0,4,"1",FALSE,0
"1045",7,"M",4,"White","High",2,0,0,0,0,0,0,0,0,0,4,NA,FALSE,0
"1046",6,"M",4,"White","High",1,0,0,1,0,0,0,0,0,0,4,"1",TRUE,0
"1047",7,"M",4,"White","High",1,0,0,1,0,0,0,0,0,1,4,NA,TRUE,0
"1048",7,"M",4,"White","High",2,0,0,0,0,0,0,0,0,0,4,"1",FALSE,0
"1049",7,"M",4,"Hispanic","High",1,0,0,0,0,0,1,0,0,0,3,"1",TRUE,0
"1050",6,"F",4,"Hispanic","High",1,1,1,0,0,0,1,0,0,1,2,NA,TRUE,1
"1051",7,"M",4,"Hispanic","High",2,0,0,0,0,0,0,0,0,NA,4,"1",NA,0
"1052",7,"F",4,"White","High",2,0,0,0,0,0,0,0,0,0,4,NA,FALSE,0
"1053",7,"F",4,"White","High",2,0,0,0,0,0,0,0,0,0,2,"1",FALSE,1
"1054",7,"F",4,"White","High",2,0,0,0,0,0,0,0,0,1,4,"1",TRUE,0
"1055",7,"M",4,"White","High",2,0,0,0,0,0,0,0,0,0,4,"1",FALSE,0
"1056",6,"F",4,"AI/AN","High",2,0,0,0,0,0,0,0,0,0,4,"1",FALSE,0
"1057",7,"F",4,"White","High",2,0,0,0,0,0,0,0,0,0,4,"1",FALSE,0
"1058",6,"F",4,"White","High",2,0,0,0,0,0,0,0,0,0,3,"1",FALSE,0
"1059",7,"F",4,"White","High",2,0,0,0,0,0,0,0,0,0,4,"1",FALSE,0
"1060",8,"M",5,"Hispanic","High",2,0,0,0,0,0,0,0,0,0,4,NA,FALSE,0
"1061",8,"F",5,"Hispanic","High",1,0,0,0,0,0,0,0,0,1,3,"1",TRUE,0
"1062",7,"F",5,"Asian","High",2,0,0,0,0,0,0,0,0,0,4,"1",FALSE,0
"1063",7,"M",5,"White","High",2,0,0,0,0,0,0,0,0,0,4,"1",FALSE,0
"1064",7,"F",5,"Black","High",2,0,0,0,0,0,0,0,0,0,1,"1",FALSE,1
"1065",8,"M",5,"Hispanic","High",1,0,1,0,0,0,0,0,0,1,2,"1",TRUE,1
"1066",7,"F",5,"NHOPI","High",2,0,0,0,0,0,0,0,0,0,4,"1",FALSE,0
"1067",7,"M",5,"Hispanic","High",1,0,0,0,0,0,0,0,0,1,4,"1",TRUE,0
"1068",7,"M",5,"White","High",2,1,0,0,0,0,0,0,0,1,2,"1",TRUE,1
"1069",8,"F",5,"Hispanic","High",2,0,0,0,0,0,0,0,0,0,4,NA,FALSE,0
"1070",8,"F",5,"Hispanic","High",2,0,0,0,0,0,0,0,0,0,4,"1",FALSE,0
"1071",9,"M",5,"Hispanic","High",1,0,0,0,0,0,0,0,0,0,4,"1",FALSE,0
"1072",7,"F",5,"Hispanic","High",2,0,0,0,0,0,1,0,0,0,2,NA,TRUE,1
"1073",7,"M",5,"Hispanic","High",2,0,0,0,0,0,0,0,0,0,4,"1",FALSE,0
"1074",8,"F",5,"White","High",2,0,0,0,0,0,0,0,0,0,3,"1",FALSE,0
"1075",8,"F",5,"Asian","High",2,0,0,0,0,0,0,0,0,0,3,"1",FALSE,0
"1076",8,"M",5,"Hispanic","High",2,0,0,0,0,0,0,0,0,1,4,NA,TRUE,0
"1077",8,"M",5,"Hispanic","High",2,0,0,0,0,0,0,0,0,0,3,"1",FALSE,0
"1078",8,"M",5,"Hispanic","High",2,0,0,0,0,0,0,0,0,0,4,"1",FALSE,0
"1079",7,"M",5,"Hispanic","High",1,0,0,0,0,0,0,0,0,0,4,NA,FALSE,0
"1080",8,"M",5,"White","High",2,0,0,0,0,0,0,0,0,0,4,"1",FALSE,0
"1081",7,"F",5,"White","High",2,0,0,0,0,0,0,0,0,0,4,"1",FALSE,0
"1082",7,"F",5,"Hispanic","High",2,0,0,0,0,0,0,0,0,0,4,NA,FALSE,0
"1083",8,"F",5,"White","High",1,0,0,NA,0,0,0,0,0,1,4,NA,TRUE,0
"1084",9,"M",7,"White","High",1,0,0,0,0,0,0,0,0,1,2,"1",TRUE,1
"1085",10,"M",7,"White","High",1,0,1,1,0,0,1,0,0,1,2,"1",TRUE,1
"1086",10,"F",7,"Hispanic","High",2,0,0,0,0,0,0,0,0,0,3,"1",FALSE,0
"1087",10,"F",7,"White","High",1,0,0,0,0,0,0,0,0,0,2,"1",FALSE,1
"1088",10,"F",7,"White","High",1,0,0,0,0,0,0,0,0,1,4,"1",TRUE,0
"1089",10,"F",7,"Hispanic","High",2,0,0,0,0,0,0,0,0,0,4,NA,FALSE,0
"1090",8,"F",7,"Asian","High",2,0,0,0,0,0,0,0,0,0,4,"1",FALSE,0
"1091",9,"F",7,"Hispanic","High",2,0,0,0,0,0,0,0,0,0,4,"1",FALSE,0
"1092",9,"F",7,"White","High",2,0,0,0,0,0,0,0,0,0,4,"1",FALSE,0
"1093",9,"F",7,"White","High",1,0,1,0,0,0,0,0,0,0,4,"1",TRUE,0
"1094",10,"M",7,"Asian","High",2,0,0,0,0,0,0,0,0,0,4,"1",FALSE,0
"1095",10,"M",7,"White","High",2,0,0,0,0,0,0,0,0,0,4,"1",FALSE,0
"1096",9,"M",7,NA,"High",NA,NA,NA,NA,NA,NA,NA,NA,NA,NA,4,NA,NA,0
"1097",9,"M",7,"Black","High",2,0,0,0,0,0,0,0,0,0,4,NA,FALSE,0
"1098",10,"M",7,"Hispanic","High",2,0,0,0,0,0,0,0,0,0,4,"1",FALSE,0
"1099",10,"F",7,"Hispanic","High",2,0,0,0,0,0,0,0,0,0,4,"1",FALSE,0
"1100",10,"F",7,"Hispanic","High",2,0,0,0,0,0,0,0,0,0,4,"1",FALSE,0
"1101",11,"M",7,"White","High",2,0,0,0,0,0,0,0,0,0,4,"1",FALSE,0
"1102",4,"M",1,"Hispanic","Middle",2,0,0,0,0,0,0,0,0,0,4,"1",FALSE,0
"1103",3,"M",1,"Hispanic","Middle",2,0,0,0,0,0,0,0,0,0,4,"1",FALSE,0
"1104",3,"M",1,"Hispanic","Middle",2,0,0,0,0,0,0,0,0,0,4,"1",FALSE,0
"1105",5,"F",1,NA,"Middle",NA,0,0,0,0,0,0,0,0,0,3,"1",FALSE,0
"1106",4,"F",1,"Hispanic","Middle",2,0,0,0,0,0,0,0,0,0,4,"1",FALSE,0
"1107",4,"M",1,"Hispanic","Middle",2,0,0,0,0,0,0,0,0,0,4,"1",FALSE,0
"1108",4,"M",1,"Hispanic","Middle",2,0,0,0,0,0,0,0,0,0,2,"1",FALSE,1
"1109",4,"F",1,"Hispanic","Middle",2,0,0,0,0,0,0,0,0,0,4,"1",FALSE,0
"1110",3,"M",1,"Hispanic","Middle",2,0,0,0,0,0,0,0,0,0,4,"1",FALSE,0
"1111",3,"M",1,"Hispanic","Middle",2,0,0,0,0,0,0,0,0,0,4,"1",FALSE,0
"1112",3,"F",1,"Hispanic","Middle",2,0,0,0,0,0,0,0,0,0,4,"1",FALSE,0
"1113",4,"M",1,NA,"Middle",2,0,0,0,0,0,0,0,0,0,4,"1",FALSE,0
"1114",4,"M",1,"Black","Middle",NA,0,0,0,0,0,0,0,0,0,3,"1",FALSE,0
"1115",4,"F",1,"White","Middle",2,0,0,0,0,0,0,0,0,0,4,"1",FALSE,0
"1116",3,"M",1,"Hispanic","Middle",2,0,0,0,0,0,0,0,0,0,3,"1",FALSE,0
"1117",3,"F",1,"Hispanic","Middle",2,0,0,0,0,0,0,0,0,0,3,"1",FALSE,0
"1118",3,"F",1,"Hispanic","Middle",2,0,0,0,0,0,0,0,0,0,4,"1",FALSE,0
"1119",3,"F",1,"Hispanic","Middle",2,0,0,0,0,0,0,0,0,0,4,"1",FALSE,0
"1120",4,"M",1,"Asian","Middle",2,0,0,0,0,0,0,0,0,0,4,"1",FALSE,0
"1121",3,"M",1,"Hispanic","Middle",2,0,0,0,0,0,0,0,0,0,4,"1",FALSE,0
"1122",3,"F",1,"Hispanic","Middle",2,0,0,0,0,0,0,0,0,0,4,"1",FALSE,0
"1123",3,"F",1,"Hispanic","Middle",2,0,NA,0,0,0,0,0,0,0,4,NA,NA,0
"1124",3,"M",1,"Hispanic","Middle",2,0,0,0,0,0,0,0,0,0,1,"1",FALSE,1
"1125",4,"F",1,"Black","Middle",2,0,0,0,0,0,0,0,0,0,4,"1",FALSE,0
"1126",4,"M",1,"Hispanic","Middle",2,0,0,0,0,0,0,0,0,0,2,"1",FALSE,1
"1127",3,"M",1,"Hispanic","Middle",2,0,0,0,1,0,1,0,0,1,4,NA,TRUE,0
"1128",7,"F",4,"Hispanic","High",1,0,0,0,0,0,0,0,0,0,4,"1",FALSE,0
"1129",6,"F",4,"Hispanic","High",1,0,1,0,0,0,0,0,0,1,4,NA,TRUE,0
"1130",6,"F",4,"Hispanic","High",2,0,0,0,0,0,0,0,0,0,2,NA,FALSE,1
"1131",6,"F",4,"Hispanic","High",2,0,0,0,0,0,0,0,0,0,4,"1",FALSE,0
"1132",6,"F",4,"Hispanic","High",2,0,0,0,0,0,0,0,0,0,4,"1",FALSE,0
"1133",7,"M",4,"Hispanic","High",2,0,0,0,0,0,0,0,0,0,4,"1",FALSE,0
"1134",7,"M",4,"Hispanic","High",2,0,0,0,0,0,0,0,0,0,4,NA,FALSE,0
"1135",7,"M",4,"Hispanic","High",2,0,0,NA,0,0,0,0,0,0,4,"1",NA,0
"1136",7,"M",4,"Hispanic","High",2,0,0,0,0,0,0,0,0,0,4,"1",FALSE,0
"1137",7,"M",4,"Black","High",1,0,0,0,0,0,0,0,0,0,4,"1",FALSE,0
"1138",6,"M",4,"Hispanic","High",2,0,0,NA,NA,NA,0,NA,NA,0,4,NA,NA,0
"1139",6,"M",4,"Hispanic","High",2,0,0,0,0,0,0,0,0,0,4,"1",FALSE,0
"1140",6,"F",4,"Asian","High",2,0,0,0,0,0,0,0,0,0,2,NA,FALSE,1
"1141",8,"F",4,"Hispanic","High",2,0,0,0,0,0,0,0,0,0,4,NA,FALSE,0
"1142",7,"F",4,"Asian","High",2,0,0,0,0,0,0,0,0,0,2,"1",FALSE,1
"1143",6,"F",4,"Hispanic","High",2,0,0,0,0,0,0,0,0,0,4,NA,FALSE,0
"1144",6,"F",4,"Hispanic","High",2,0,0,0,0,0,0,0,0,1,4,"1",TRUE,0
"1145",7,"F",5,"White","High",2,0,0,0,0,0,0,0,0,0,4,NA,FALSE,0
"1146",9,"F",7,"Hispanic","High",1,0,0,0,0,0,1,0,0,1,1,"1",TRUE,1
"1147",6,"F",4,"Hispanic","High",2,0,0,0,0,0,0,0,0,1,2,"1",TRUE,1
"1148",8,"F",4,"Hispanic","High",2,0,0,0,0,0,0,0,0,0,4,"1",FALSE,0
"1149",6,"F",4,"White","High",2,0,0,0,0,0,0,0,0,0,2,"1",FALSE,1
"1150",6,"F",4,"Hispanic","High",2,0,0,0,0,0,0,0,0,1,2,"1",TRUE,1
"1151",7,"M",4,"Hispanic","High",2,0,0,0,0,0,0,0,0,0,4,"1",FALSE,0
"1152",6,"M",4,"Hispanic","High",2,0,0,0,0,0,0,0,0,0,4,NA,FALSE,0
"1153",7,"M",4,"Hispanic","High",2,0,0,0,0,0,0,0,0,0,2,"1",FALSE,1
"1154",8,"M",5,"White","High",1,1,1,0,0,0,1,0,0,1,1,NA,TRUE,1
"1155",8,"M",5,"Hispanic","High",2,0,0,0,0,0,0,0,0,0,4,"1",FALSE,0
"1156",7,"F",5,"Hispanic","High",1,0,0,0,0,0,0,0,0,1,3,NA,TRUE,0
"1157",7,"F",5,"Hispanic","High",2,0,0,0,0,0,0,0,0,0,4,"1",FALSE,0
"1158",8,"M",5,"White","High",2,0,0,0,0,0,0,0,0,0,2,NA,FALSE,1
"1159",8,"F",5,"Hispanic","High",1,0,0,0,0,0,0,0,0,0,2,"1",FALSE,1
"1160",8,"M",5,"White","High",2,0,0,0,0,0,0,0,0,0,3,NA,FALSE,0
"1161",8,"M",5,"White","High",2,0,0,0,0,0,0,0,0,1,4,"1",TRUE,0
"1162",8,"M",5,"Hispanic","High",1,0,0,0,0,0,1,0,0,0,2,"1",TRUE,1
"1163",8,"M",5,"Hispanic","High",2,0,0,0,0,0,0,0,0,0,4,"1",FALSE,0
"1164",8,"F",5,"Hispanic","High",2,0,0,0,0,0,0,0,0,0,2,"1",FALSE,1
"1165",7,"M",5,"Hispanic","High",1,0,0,0,0,0,0,0,0,0,4,"1",FALSE,0
"1166",7,"M",5,"Hispanic","High",2,0,0,0,0,0,0,0,0,0,4,"1",FALSE,0
"1167",7,"M",5,"Hispanic","High",2,0,0,0,0,0,0,0,0,0,4,NA,FALSE,0
"1168",8,"M",5,"Hispanic","High",1,0,0,0,0,0,0,0,0,0,4,"1",FALSE,0
"1169",7,"M",5,"White","High",2,0,0,0,0,0,0,0,0,0,4,NA,FALSE,0
"1170",7,"M",5,"Hispanic","High",2,0,0,0,0,0,0,0,0,0,2,"1",FALSE,1
"1171",1,"M",5,"Hispanic","High",2,0,0,0,0,0,0,0,0,0,4,"1",FALSE,0
"1172",7,"F",5,"Hispanic","High",2,0,0,0,0,0,0,0,0,0,4,"1",FALSE,0
"1173",8,"F",5,"Hispanic","High",2,0,0,0,0,0,0,0,0,0,4,NA,FALSE,0
"1174",7,"M",5,"Hispanic","High",1,0,NA,0,0,0,0,0,0,0,2,"1",NA,1
"1175",7,"M",5,"Hispanic","High",1,0,0,0,0,0,0,0,0,0,4,"1",FALSE,0
"1176",7,"F",5,"Hispanic","High",2,0,0,0,0,0,0,0,0,0,2,"1",FALSE,1
"1177",8,"M",5,"Black","High",2,0,0,0,0,0,0,0,0,0,3,"1",FALSE,0
"1178",7,"M",5,"Hispanic","High",2,0,0,0,0,0,0,0,0,0,4,"1",FALSE,0
"1179",8,"F",4,"Asian","High",2,0,0,0,0,0,0,0,0,1,4,"1",TRUE,0
"1180",8,"F",5,"Hispanic","High",2,0,0,0,0,0,0,0,0,0,2,"1",FALSE,1
"1181",8,"F",5,"Hispanic","High",1,0,0,0,0,0,0,0,0,0,4,"1",FALSE,0
"1182",8,"F",5,"Black","High",2,0,0,0,0,0,0,0,0,0,2,"1",FALSE,1
"1183",8,"F",6,"Hispanic","High",2,0,0,0,0,0,0,0,0,0,4,NA,FALSE,0
"1184",9,"F",6,"Asian","High",2,0,0,0,0,0,0,0,0,0,2,NA,FALSE,1
"1185",9,"F",6,"Hispanic","High",2,0,0,0,0,0,0,0,0,1,4,"1",TRUE,0
"1186",9,"M",6,"White","High",2,0,0,0,0,0,0,0,0,0,2,NA,FALSE,1
"1187",9,"F",6,"Hispanic","High",1,0,0,0,0,0,0,0,0,1,2,NA,TRUE,1
"1188",8,"M",6,NA,"High",2,0,0,1,0,0,0,0,0,0,4,NA,TRUE,0
"1189",8,"M",7,NA,"High",2,0,0,1,0,0,0,0,0,0,4,"1",TRUE,0
"1190",9,"F",6,"Asian","High",2,0,0,0,0,0,0,0,0,0,4,"1",FALSE,0
"1191",8,"M",6,"Black","High",2,0,0,0,0,0,0,0,0,0,2,NA,FALSE,1
"1192",8,"M",6,"Asian","High",2,0,0,0,0,0,0,0,0,1,2,"1",TRUE,1
"1193",9,"M",6,"Asian","High",1,0,0,0,0,0,0,0,0,0,2,NA,FALSE,1
"1194",9,"M",6,"Hispanic","High",2,0,0,0,0,0,0,0,0,0,2,"1",FALSE,1
"1195",9,"M",6,"White","High",2,0,0,0,0,0,0,0,0,0,2,NA,FALSE,1
"1196",8,"M",6,"Hispanic","High",1,0,1,0,0,0,0,0,0,1,1,"1",TRUE,1
"1197",9,"M",6,"Hispanic","High",1,0,0,0,0,0,0,0,0,1,2,NA,TRUE,1
"1198",8,"F",6,"White","High",2,0,0,0,0,0,0,0,0,0,4,"1",FALSE,0
"1199",9,"F",7,"Asian","High",2,0,0,0,0,0,0,0,0,0,4,"1",FALSE,0
"1200",9,"F",6,"Hispanic","High",1,0,0,0,0,0,0,0,0,0,4,NA,FALSE,0
"1201",8,"M",6,"Asian","High",2,0,0,0,0,0,0,0,0,1,2,NA,TRUE,1
"1202",8,"F",6,"Hispanic","High",2,0,0,0,0,0,0,0,0,0,2,NA,FALSE,1
"1203",8,"F",6,"Hispanic","High",2,0,0,0,0,0,0,0,0,0,1,"1",FALSE,1
"1204",10,"F",6,"Hispanic","High",2,0,0,0,0,0,1,0,0,0,1,"1",TRUE,1
"1205",9,"F",6,"White","High",2,0,0,0,0,0,0,0,0,0,2,NA,FALSE,1
"1206",9,"M",7,"White","High",2,0,0,0,0,0,0,0,0,0,4,"1",FALSE,0
"1207",10,"M",7,"Hispanic","High",2,0,0,0,0,0,0,0,0,0,4,"1",FALSE,0
"1208",9,"F",7,"Black","High",2,0,0,0,0,0,0,0,0,0,4,"1",FALSE,0
"1209",10,"F",7,"Hispanic","High",2,NA,0,0,1,0,1,0,0,NA,1,NA,TRUE,1
"1210",10,"M",7,"Hispanic","High",2,0,0,0,0,0,0,0,0,0,4,"1",FALSE,0
"1211",9,"F",6,"White","High",2,0,0,0,0,0,0,0,0,0,1,NA,FALSE,1
"1212",8,"M",6,"Hispanic","High",2,0,0,0,0,0,0,0,0,0,3,NA,FALSE,0
"1213",9,"F",6,"Hispanic","High",2,0,0,0,0,0,0,0,0,0,4,"1",FALSE,0
"1214",9,"M",6,NA,"High",1,0,0,0,0,0,0,0,0,0,1,NA,FALSE,1
"1215",9,"F",6,"Hispanic","High",2,0,0,0,0,0,0,0,0,0,4,NA,FALSE,0
"1216",10,"M",7,"White","High",2,0,0,0,0,0,0,0,0,0,4,"1",FALSE,0
"1217",9,"F",7,"Hispanic","High",2,0,0,0,0,0,0,0,0,0,1,"1",FALSE,1
"1218",10,"M",7,"Hispanic","High",2,0,0,0,0,0,0,0,0,0,4,NA,FALSE,0
"1219",9,"F",7,"Hispanic","High",2,0,0,0,0,0,0,0,0,0,4,"1",FALSE,0
"1220",9,"M",7,"Asian","High",2,0,NA,0,0,0,0,0,0,0,4,"1",NA,0
"1221",9,"F",7,"Black","High",2,0,0,0,0,0,0,0,0,0,4,NA,FALSE,0
"1222",10,"F",7,"White","High",2,0,0,0,0,0,0,0,0,0,4,"1",FALSE,0
"1223",10,"F",7,"White","High",2,0,0,0,0,0,0,0,0,0,4,"1",FALSE,0
"1224",10,"F",7,"Hispanic","High",2,0,0,0,0,0,0,0,0,0,4,"1",FALSE,0
"1225",9,"F",7,"Hispanic","High",2,0,0,0,0,0,0,0,0,0,4,NA,FALSE,0
"1226",10,"M",7,"Hispanic","High",1,1,1,0,0,0,0,0,0,1,2,"1",TRUE,1
"1227",9,"F",7,"Asian","High",2,0,0,0,0,0,0,0,0,0,4,"1",FALSE,0
"1228",10,"F",7,"Black","High",1,0,1,0,0,0,0,0,0,0,1,NA,TRUE,1
"1229",9,"M",7,"Hispanic","High",2,0,0,0,0,0,0,0,0,0,4,"1",FALSE,0
"1230",9,"M",7,"Hispanic","High",2,0,0,0,0,0,0,0,0,0,4,"1",FALSE,0
"1231",10,"F",7,"Hispanic","High",1,0,0,0,0,0,0,0,0,0,4,"1",FALSE,0
"1232",10,"F",7,"Hispanic","High",1,0,0,0,0,0,0,0,0,0,4,NA,FALSE,0
"1233",10,"M",7,"Hispanic","High",2,0,0,0,0,0,0,0,0,0,4,"1",FALSE,0
"1234",9,"M",7,"Black","High",2,0,0,0,0,0,0,0,0,0,4,"1",FALSE,0
"1235",9,"M",7,"Hispanic","High",1,0,0,0,0,0,0,0,0,0,1,"1",FALSE,1
"1236",10,"F",7,"Hispanic","High",2,1,0,0,0,0,0,0,0,0,2,"1",TRUE,1
"1237",9,"M",7,"Black","High",2,0,0,0,0,0,0,0,0,0,4,NA,FALSE,0
"1238",9,"M",7,"Black","High",1,0,0,0,0,0,0,0,0,0,4,NA,FALSE,0
"1239",10,"F",7,"Hispanic","High",2,0,0,0,0,0,0,0,0,0,4,"1",FALSE,0
"1240",9,"F",7,"White","High",2,0,0,0,0,0,0,0,0,0,4,"1",FALSE,0
"1241",10,"M",7,"White","High",2,0,0,0,0,0,0,0,0,0,4,"1",FALSE,0
"1242",10,"M",7,"Black","High",2,0,0,0,0,0,0,0,0,0,4,NA,FALSE,0
"1243",9,"F",7,"Hispanic","High",2,0,0,0,0,0,0,0,0,0,4,"1",FALSE,0
"1244",9,"F",7,"White","High",2,0,0,0,0,0,0,0,0,1,3,NA,TRUE,0
"1245",7,"M",3,"Black","Middle",2,0,0,0,0,0,0,0,0,0,4,"1",FALSE,0
"1246",5,"M",2,"Hispanic","Middle",2,0,0,0,0,0,0,0,0,0,4,"1",FALSE,0
"1247",4,"M",2,"White","Middle",2,0,0,0,0,0,0,0,0,0,4,NA,FALSE,0
"1248",4,"M",2,"Hispanic","Middle",2,0,0,0,0,0,NA,0,0,0,4,NA,NA,0
"1249",4,"M",2,"Hispanic","Middle",2,0,0,0,0,0,0,0,0,0,4,"1",FALSE,0
"1250",5,"M",3,"AI/AN","Middle",2,0,0,0,0,0,0,0,0,0,4,"1",FALSE,0
"1251",6,"F",3,"Hispanic","Middle",2,0,0,0,0,0,0,0,0,0,4,NA,FALSE,0
"1252",6,"F",3,"Hispanic","Middle",2,0,0,0,0,0,0,0,0,0,2,NA,FALSE,1
"1253",6,"F",3,"Hispanic","Middle",2,0,0,0,0,0,0,0,0,0,2,"1",FALSE,1
"1254",6,"F",3,"Hispanic","Middle",2,0,0,0,0,0,0,0,0,0,4,NA,FALSE,0
"1255",6,"F",3,NA,"Middle",1,0,1,0,0,0,0,0,0,0,NA,NA,TRUE,NA
"1256",5,"M",3,"Hispanic","Middle",2,0,0,0,0,0,NA,0,0,0,2,"1",NA,1
"1257",6,"F",3,"Hispanic","Middle",2,0,0,0,0,0,0,0,0,0,4,"1",FALSE,0
"1258",5,"M",3,"Hispanic","Middle",2,0,0,0,0,0,0,0,0,0,4,NA,FALSE,0
"1259",6,"F",3,"Hispanic","Middle",2,0,0,0,0,0,0,0,0,0,4,"1",FALSE,0
"1260",5,"M",3,"White","Middle",2,0,0,0,0,0,0,0,0,0,4,"1",FALSE,0
"1261",6,"F",3,"Hispanic","Middle",2,0,0,0,0,0,0,0,0,0,2,NA,FALSE,1
"1262",5,"M",3,"Hispanic","Middle",2,0,0,0,0,0,0,0,0,0,4,"1",FALSE,0
"1263",6,"F",3,"Hispanic","Middle",2,0,0,0,0,0,0,0,0,0,2,NA,FALSE,1
"1264",5,"F",3,"Hispanic","Middle",2,0,0,0,0,0,0,0,0,0,4,"1",FALSE,0
"1265",6,"M",3,"Hispanic","Middle",2,0,0,0,0,0,0,0,0,0,4,"1",FALSE,0
"1266",6,"F",3,"Black","Middle",2,0,0,0,0,0,0,0,0,0,3,"1",FALSE,0
"1267",5,"M",3,"Hispanic","Middle",2,0,0,0,0,0,0,0,0,0,4,"1",FALSE,0
"1268",5,"M",3,"Hispanic","Middle",2,0,0,0,0,0,0,0,0,0,4,"1",FALSE,0
"1269",5,"F",3,"Hispanic","Middle",2,0,0,0,0,0,0,0,0,0,4,"1",FALSE,0
"1270",6,"M",3,"Hispanic","Middle",1,0,0,0,0,0,0,0,0,0,4,"1",FALSE,0
"1271",6,"F",3,"Hispanic","Middle",2,0,0,0,0,0,0,0,0,0,4,"1",FALSE,0
"1272",4,"M",2,"Hispanic","Middle",2,0,0,0,0,0,0,0,0,0,4,"1",FALSE,0
"1273",4,"M",2,"Hispanic","Middle",2,0,0,0,0,0,0,0,0,0,4,"1",FALSE,0
"1274",5,"F",2,"Hispanic","Middle",2,0,0,0,0,0,0,0,0,0,4,"1",FALSE,0
"1275",4,"M",2,"Hispanic","Middle",2,0,0,0,0,0,0,0,0,0,3,"1",FALSE,0
"1276",4,"M",2,"Hispanic","Middle",2,0,0,0,0,0,0,0,0,0,4,"1",FALSE,0
"1277",5,"M",2,"Hispanic","Middle",2,0,0,0,0,0,0,0,0,0,4,"1",FALSE,0
"1278",5,"F",2,"Hispanic","Middle",2,0,0,0,0,0,0,0,0,0,4,"1",FALSE,0
"1279",5,"M",2,"Hispanic","Middle",2,0,0,NA,0,0,0,0,0,0,1,NA,NA,1
"1280",5,"F",2,"Hispanic","Middle",2,0,0,0,0,0,0,0,0,0,4,"1",FALSE,0
"1281",5,"F",2,"Hispanic","Middle",2,0,0,0,0,0,0,0,0,0,4,"1",FALSE,0
"1282",4,"F",2,"Hispanic","Middle",2,0,0,0,0,0,0,0,0,0,4,"1",FALSE,0
"1283",4,"M",2,"Hispanic","Middle",2,0,0,0,0,0,0,0,0,0,4,"1",FALSE,0
"1284",4,"F",2,"Hispanic","Middle",2,1,0,0,0,0,1,0,0,0,1,"1",TRUE,1
"1285",4,"M",2,"Hispanic","Middle",2,0,0,0,0,0,0,0,0,0,4,"1",FALSE,0
"1286",5,"M",2,"Hispanic","Middle",2,0,0,0,0,0,0,0,0,0,3,"1",FALSE,0
"1287",4,"M",2,"White","Middle",2,0,0,0,0,0,0,0,0,0,4,"1",FALSE,0
"1288",4,"M",2,NA,"Middle",2,0,0,0,0,0,0,0,0,0,4,"1",FALSE,0
"1289",4,"M",2,"Hispanic","Middle",2,0,0,0,0,0,0,0,0,0,4,"1",FALSE,0
"1290",4,"F",2,"Asian","Middle",2,0,0,0,0,0,0,0,0,0,2,NA,FALSE,1
"1291",4,"F",2,"Hispanic","Middle",2,0,0,0,0,0,0,0,0,NA,4,NA,NA,0
"1292",5,"M",2,"AI/AN","Middle",2,0,0,0,0,0,0,0,0,0,4,"1",FALSE,0
"1293",4,"F",2,"Hispanic","Middle",2,0,0,0,0,0,0,0,0,0,4,"1",FALSE,0
"1294",4,"M",2,"Hispanic","Middle",2,0,0,0,0,0,0,0,0,0,3,"1",FALSE,0
"1295",5,"M",2,"Black","Middle",2,0,0,0,0,0,0,0,0,0,3,NA,FALSE,0
"1296",4,"F",2,"AI/AN","Middle",2,0,0,0,0,0,0,0,0,0,4,"1",FALSE,0
"1297",4,"F",2,"Hispanic","Middle",2,0,0,0,0,0,0,0,0,0,2,"1",FALSE,1
"1298",4,"M",2,"AI/AN","Middle",2,0,0,NA,0,0,0,0,0,0,4,"1",NA,0
"1299",5,"M",2,"Hispanic","Middle",2,0,0,0,0,0,0,0,0,0,4,"1",FALSE,0
"1300",4,"M",2,"White","Middle",2,0,0,0,0,0,0,0,0,0,4,"1",FALSE,0
"1301",5,"F",2,"Hispanic","Middle",2,0,0,0,0,0,0,0,0,0,4,"1",FALSE,0
"1302",4,"F",2,"Hispanic","Middle",2,0,0,0,0,0,0,0,0,0,4,NA,FALSE,0
"1303",4,"F",2,"Hispanic","Middle",1,0,NA,0,NA,NA,1,NA,NA,0,3,"1",TRUE,0
"1304",4,"M",2,"Hispanic","Middle",2,0,0,0,0,0,0,0,0,0,4,"1",FALSE,0
"1305",5,"F",2,"White","Middle",2,0,0,0,0,0,0,0,0,0,3,NA,FALSE,0
"1306",5,"F",2,"Hispanic","Middle",2,0,0,0,0,0,0,0,0,0,4,"1",FALSE,0
"1307",5,"M",2,"Black","Middle",2,0,0,0,0,0,0,0,0,0,4,"1",FALSE,0
"1308",5,"M",2,NA,"Middle",2,0,0,0,0,0,0,0,0,0,4,"1",FALSE,0
"1309",5,"M",2,"Hispanic","Middle",2,0,0,NA,0,0,0,0,0,0,4,"1",NA,0
"1310",5,"F",2,"Hispanic","Middle",2,0,0,0,0,0,0,0,0,0,4,"1",FALSE,0
"1311",4,"M",2,"Hispanic","Middle",2,0,0,0,0,0,0,0,0,0,2,"1",FALSE,1
"1312",8,"M",4,"Asian","High",2,0,0,0,0,0,0,0,0,0,4,"1",FALSE,0
"1313",7,"M",4,"Asian","High",2,0,0,0,0,0,0,0,0,0,4,"1",FALSE,0
"1314",7,"F",4,"Hispanic","High",2,0,0,0,NA,NA,0,NA,NA,0,4,NA,NA,0
"1315",6,"M",4,"Hispanic","High",2,0,0,0,0,0,0,0,0,0,3,"1",FALSE,0
"1316",7,"M",4,"Hispanic","High",2,0,0,0,0,0,0,0,0,0,4,"1",FALSE,0
"1317",7,"M",4,"Hispanic","High",2,0,0,0,0,0,0,0,0,0,4,"1",FALSE,0
"1318",4,"M",4,"Hispanic","High",1,0,0,0,0,0,0,0,0,0,3,"1",FALSE,0
"1319",7,"M",4,"Hispanic","High",2,0,0,0,0,0,0,0,0,0,4,"1",FALSE,0
"1320",7,"M",4,"Asian","High",2,0,0,0,0,0,0,0,0,0,4,"1",FALSE,0
"1321",6,"M",4,"Hispanic","High",2,0,0,0,0,0,0,0,0,0,4,"1",FALSE,0
"1322",7,"M",4,"Hispanic","High",2,0,0,0,0,0,0,0,0,0,4,"1",FALSE,0
"1323",6,"M",4,"Hispanic","High",2,0,0,0,0,0,0,0,0,0,4,"1",FALSE,0
"1324",5,"M",4,"Hispanic","High",1,0,0,0,0,0,0,0,0,1,3,NA,TRUE,0
"1325",7,"F",4,"Hispanic","High",1,0,0,0,0,0,0,0,0,0,2,NA,FALSE,1
"1326",9,"M",7,"Hispanic","High",2,0,0,0,0,0,0,0,0,0,4,"1",FALSE,0
"1327",9,"M",6,"Hispanic","High",2,0,0,0,0,0,0,0,0,0,4,"1",FALSE,0
"1328",8,"M",5,"Hispanic","High",2,0,0,0,0,0,0,0,0,0,3,"1",FALSE,0
"1329",6,"F",4,NA,"High",2,0,0,0,0,0,0,0,0,1,3,"1",TRUE,0
"1330",7,"M",4,"Hispanic","High",2,0,NA,0,0,0,0,0,0,0,4,"1",NA,0
"1331",6,"M",4,"Asian","High",1,1,1,0,0,0,1,0,1,1,1,NA,TRUE,1
"1332",7,"M",4,"Hispanic","High",2,0,0,0,0,0,0,0,0,0,4,"1",FALSE,0
"1333",7,"M",4,"White","High",2,0,0,0,0,0,0,0,0,0,2,NA,FALSE,1
"1334",7,"M",4,"Asian","High",2,0,0,0,0,0,0,0,0,0,4,NA,FALSE,0
"1335",7,"M",4,"Hispanic","High",2,0,0,0,0,0,0,0,0,0,1,NA,FALSE,1
"1336",7,"M",4,"Asian","High",2,0,0,0,0,0,0,0,0,0,4,NA,FALSE,0
"1337",6,"M",4,"Hispanic","High",1,0,1,0,0,1,0,0,0,0,4,"1",TRUE,0
"1338",7,"F",5,"Hispanic","High",2,0,0,0,0,0,0,0,0,0,2,"1",FALSE,1
"1339",9,"F",7,"Hispanic","High",2,0,0,0,0,0,0,0,0,0,4,"1",FALSE,0
"1340",7,"M",5,"Hispanic","High",2,0,0,0,0,0,0,0,0,0,3,"1",FALSE,0
"1341",9,"M",7,"Hispanic","High",1,1,1,NA,0,0,0,0,0,1,1,NA,TRUE,1
"1342",10,"M",7,"Asian","High",1,0,0,0,0,0,0,0,0,1,4,NA,TRUE,0
"1343",9,"M",7,"Hispanic","High",2,0,0,0,0,0,0,0,0,0,4,"1",FALSE,0
"1344",8,"M",5,"Asian","High",2,0,0,0,0,0,0,0,0,0,4,"1",FALSE,0
"1345",8,"M",5,"White","High",2,0,0,0,0,0,0,0,0,0,2,NA,FALSE,1
"1346",8,"M",5,"White","High",2,0,0,0,0,0,0,0,0,0,2,NA,FALSE,1
"1347",10,"M",7,"Hispanic","High",2,0,0,0,0,0,0,0,0,0,4,"1",FALSE,0
"1348",9,"F",6,"Hispanic","High",2,0,0,0,0,0,0,0,0,0,4,"1",FALSE,0
"1349",9,"M",6,"Hispanic","High",2,0,0,0,0,0,0,0,0,0,2,"1",FALSE,1
"1350",8,"F",6,"White","High",2,0,0,0,0,0,0,0,0,0,1,NA,FALSE,1
"1351",11,"F",7,"Hispanic","High",2,0,0,0,0,0,0,0,0,0,4,"1",FALSE,0
"1352",9,"F",7,"Hispanic","High",2,0,0,0,0,0,0,0,0,0,4,"1",FALSE,0
"1353",9,"F",7,"Asian","High",2,0,0,0,0,0,0,0,0,0,4,NA,FALSE,0
"1354",9,"F",7,"Hispanic","High",2,0,0,0,0,0,0,0,0,0,4,"1",FALSE,0
"1355",9,"F",7,"Hispanic","High",2,0,0,0,0,0,0,0,0,0,1,"1",FALSE,1
"1356",10,"F",7,"Hispanic","High",1,0,0,0,0,0,0,0,0,0,3,"1",FALSE,0
"1357",10,"F",7,"White","High",2,0,0,0,0,0,0,0,0,0,2,NA,FALSE,1
"1358",9,"F",7,"Black","High",2,0,0,0,0,0,0,0,0,0,4,"1",FALSE,0
"1359",11,"F",7,"NHOPI","High",1,0,0,0,0,0,NA,0,0,0,1,"1",NA,1
"1360",9,"F",7,"Black","High",2,0,0,0,0,0,0,0,0,0,4,"1",FALSE,0
"1361",9,"F",7,"Hispanic","High",2,0,0,0,0,0,0,0,0,0,3,"1",FALSE,0
"1362",10,"F",7,"Hispanic","High",2,0,0,0,1,0,1,0,0,0,3,"1",TRUE,0
"1363",9,"F",7,"Hispanic","High",2,0,0,0,0,0,0,0,0,0,2,"1",FALSE,1
"1364",9,"F",7,"Hispanic","High",2,0,0,0,0,0,0,0,0,0,4,"1",FALSE,0
"1365",9,"M",7,"Hispanic","High",2,0,0,0,0,0,0,0,0,0,4,"1",FALSE,0
"1366",10,"M",7,"Asian","High",2,0,0,0,0,0,0,0,0,0,4,"1",FALSE,0
"1367",9,"M",7,"Hispanic","High",2,0,0,0,0,0,0,0,0,0,4,"1",FALSE,0
"1368",9,"F",7,"Hispanic","High",2,0,0,0,0,0,0,0,0,0,3,"1",FALSE,0
"1369",10,"F",7,"Hispanic","High",2,0,0,NA,0,0,0,0,0,0,3,NA,NA,0
"1370",10,"F",7,"Hispanic","High",1,0,0,0,0,0,0,0,0,0,2,NA,FALSE,1
"1371",8,"F",6,"Hispanic","High",1,0,1,0,0,0,0,0,0,0,1,NA,TRUE,1
"1372",10,"F",6,"Hispanic","High",2,0,0,0,0,0,0,0,0,0,4,"1",FALSE,0
"1373",8,"F",6,"Hispanic","High",2,0,0,0,0,0,0,0,0,0,4,"1",FALSE,0
"1374",9,"F",6,"Hispanic","High",2,0,0,0,0,0,0,0,0,0,2,"1",FALSE,1
"1375",8,"F",6,"Hispanic","High",2,0,0,0,0,0,0,0,0,0,2,NA,FALSE,1
"1376",8,"F",6,"Hispanic","High",2,0,0,0,0,0,0,0,0,0,4,"1",FALSE,0
"1377",9,"M",6,"Asian","High",2,0,0,0,0,0,0,0,0,0,4,"1",FALSE,0
"1378",8,"F",6,"Hispanic","High",2,0,0,0,0,0,0,0,0,0,4,"1",FALSE,0
"1379",9,"F",6,"Hispanic","High",2,0,0,0,0,0,0,0,0,0,4,"1",FALSE,0
"1380",10,"F",7,"Asian","High",2,0,0,0,0,0,0,0,0,0,4,NA,FALSE,0
"1381",8,"F",6,"Hispanic","High",1,0,0,0,0,0,0,0,0,0,3,"1",FALSE,0
"1382",8,"F",6,"Hispanic","High",2,0,0,0,0,0,0,0,0,0,4,"1",FALSE,0
"1383",8,"M",6,"Asian","High",2,0,0,0,0,0,0,0,0,0,4,"1",FALSE,0
"1384",8,"F",6,"Asian","High",2,0,0,0,0,0,0,0,0,0,2,"1",FALSE,1
"1385",9,"F",6,"Hispanic","High",2,0,0,0,0,0,0,0,0,0,3,"1",FALSE,0
"1386",9,"F",6,"Hispanic","High",2,0,0,0,0,0,0,0,0,0,2,NA,FALSE,1
"1387",8,"F",6,"White","High",2,0,0,0,0,0,0,0,0,0,1,NA,FALSE,1
"1388",9,"M",6,"Hispanic","High",2,0,0,0,0,0,0,0,0,0,1,"1",FALSE,1
"1389",8,"F",6,"Hispanic","High",2,0,0,0,0,0,0,0,0,0,4,"1",FALSE,0
"1390",6,"F",3,"Hispanic","Middle",2,NA,0,0,0,0,1,0,0,1,2,"1",TRUE,1
"1391",6,"M",3,"Hispanic","Middle",2,0,0,0,0,0,0,0,0,0,3,NA,FALSE,0
"1392",5,"F",3,"Hispanic","Middle",2,0,0,0,0,0,0,0,0,0,4,NA,FALSE,0
"1393",7,"F",3,"Hispanic","Middle",2,0,0,0,0,0,0,0,0,0,4,"1",FALSE,0
"1394",6,"F",3,"Hispanic","Middle",2,0,0,0,0,0,0,0,0,0,4,NA,FALSE,0
"1395",5,"M",3,"Hispanic","Middle",2,0,0,0,0,0,0,0,0,0,4,"1",FALSE,0
"1396",5,"M",3,"Hispanic","Middle",2,0,0,0,0,0,0,0,0,0,3,"1",FALSE,0
"1397",6,"M",3,"Hispanic","Middle",2,0,0,0,0,0,0,0,0,0,4,"1",FALSE,0
"1398",5,"F",3,"Hispanic","Middle",2,0,0,0,0,0,0,0,0,0,4,"1",FALSE,0
"1399",6,"F",3,"Hispanic","Middle",2,0,0,0,0,0,0,0,0,0,4,NA,FALSE,0
"1400",6,"M",3,"Hispanic","Middle",2,0,0,0,0,0,0,0,0,0,4,"1",FALSE,0
"1401",5,"F",3,"Hispanic","Middle",2,0,0,0,0,0,0,0,0,0,2,"1",FALSE,1
"1402",6,"M",3,"Hispanic","Middle",2,0,0,0,0,0,0,0,0,0,4,"1",FALSE,0
"1403",5,"M",3,"Hispanic","Middle",2,0,0,0,0,0,0,0,0,0,4,"1",FALSE,0
"1404",5,"F",3,"Hispanic","Middle",2,0,0,0,0,0,0,0,0,0,4,"1",FALSE,0
"1405",5,"F",3,"Hispanic","Middle",2,0,0,0,0,0,0,0,0,0,4,"1",FALSE,0
"1406",5,"F",3,"Hispanic","Middle",2,0,0,0,0,0,0,0,0,0,4,"1",FALSE,0
"1407",6,"F",3,"Hispanic","Middle",2,0,0,0,0,0,0,0,0,0,1,NA,FALSE,1
"1408",5,"F",3,"Hispanic","Middle",2,0,0,0,0,0,0,0,0,0,3,"1",FALSE,0
"1409",7,"F",3,"NHOPI","Middle",1,1,1,0,0,0,1,0,0,1,1,NA,TRUE,1
"1410",5,"M",3,"Hispanic","Middle",2,0,0,NA,0,0,0,0,0,0,4,"1",NA,0
"1411",4,"M",2,"Black","Middle",2,0,0,0,0,0,0,0,0,0,2,"1",FALSE,1
"1412",5,"F",3,"Hispanic","Middle",2,0,0,0,0,0,0,0,0,0,4,NA,FALSE,0
"1413",5,"M",3,"Hispanic","Middle",1,0,1,0,0,0,0,0,0,0,4,"1",TRUE,0
"1414",6,"M",3,"Hispanic","Middle",2,0,0,0,0,0,0,0,0,0,4,"1",FALSE,0
"1415",6,"M",2,"Hispanic","Middle",1,NA,0,0,0,0,0,0,0,0,4,NA,NA,0
"1416",5,"M",2,"Hispanic","Middle",1,0,0,0,0,0,0,0,0,0,1,NA,FALSE,1
"1417",5,"M",2,"Hispanic","Middle",2,0,0,0,0,0,0,0,0,0,4,"1",FALSE,0
"1418",5,"F",2,"Asian","Middle",2,0,0,0,0,0,0,0,0,0,4,"1",FALSE,0
"1419",5,"M",2,"Hispanic","Middle",2,0,0,0,0,0,0,0,0,0,4,NA,FALSE,0
"1420",4,"F",2,"Hispanic","Middle",2,0,0,0,0,0,0,0,0,0,4,NA,FALSE,0
"1421",5,"F",2,"Hispanic","Middle",2,0,0,0,0,0,0,0,0,0,4,"1",FALSE,0
"1422",5,"F",2,"Hispanic","Middle",1,0,0,0,NA,NA,0,NA,NA,0,2,"1",NA,1
"1423",5,"F",2,"Hispanic","Middle",2,0,0,0,0,0,0,0,0,0,4,"1",FALSE,0
"1424",5,"F",2,"Black","Middle",2,0,0,0,0,0,0,0,0,0,4,"1",FALSE,0
"1425",5,"M",2,"Black","Middle",2,0,0,0,0,0,0,0,0,0,4,"1",FALSE,0
"1426",4,"M",2,NA,"Middle",2,0,0,0,0,0,0,0,0,0,4,"1",FALSE,0
"1427",4,"F",2,"Black","Middle",2,0,0,0,0,0,0,0,0,0,4,"1",FALSE,0
"1428",4,"F",2,"Hispanic","Middle",2,0,0,0,0,0,0,0,0,0,4,NA,FALSE,0
"1429",5,"M",2,"Hispanic","Middle",2,0,0,0,0,0,0,0,0,0,4,"1",FALSE,0
"1430",4,"F",2,"White","Middle",2,0,0,0,0,0,0,0,0,0,4,"1",FALSE,0
"1431",5,"M",2,"Hispanic","Middle",2,0,0,0,0,0,0,0,0,0,3,"1",FALSE,0
"1432",5,"F",2,"White","Middle",2,NA,0,0,0,0,0,0,0,0,3,"1",NA,0
"1433",5,"M",2,"Hispanic","Middle",1,0,1,0,0,0,0,0,0,0,3,"1",TRUE,0
"1434",4,"M",2,"Hispanic","Middle",2,0,0,0,0,0,0,0,0,0,4,"1",FALSE,0
"1435",5,"M",2,"Hispanic","Middle",2,0,0,0,0,0,0,0,0,0,4,"1",FALSE,0
"1436",4,"F",2,"Hispanic","Middle",2,0,0,0,0,0,0,0,0,0,4,"1",FALSE,0
"1437",6,"M",2,"Hispanic","Middle",2,0,0,NA,0,0,0,0,0,0,4,"1",NA,0
"1438",5,"F",2,"Hispanic","Middle",2,0,0,0,NA,NA,NA,NA,NA,NA,4,NA,NA,0
"1439",4,"F",2,"Asian","Middle",NA,NA,NA,NA,NA,NA,NA,NA,NA,NA,4,NA,NA,0
"1440",4,"F",2,"Black","Middle",2,0,0,0,0,0,0,0,0,0,4,NA,FALSE,0
"1441",4,"F",2,"Black","Middle",2,0,0,0,0,0,0,0,0,0,4,"1",FALSE,0
"1442",4,"M",2,"Hispanic","Middle",2,0,0,0,0,0,0,0,0,0,4,"1",FALSE,0
"1443",7,"F",4,NA,"High",2,0,0,0,0,0,0,0,0,0,4,NA,FALSE,0
"1444",6,"F",4,"Hispanic","High",2,0,0,0,0,0,0,0,0,0,4,"1",FALSE,0
"1445",7,"F",4,"Hispanic","High",2,0,0,0,0,0,0,0,0,0,1,NA,FALSE,1
"1446",8,"M",5,"Hispanic","High",2,0,0,0,0,0,0,0,0,0,4,"1",FALSE,0
"1447",7,"M",5,"Hispanic","High",2,0,0,0,0,0,0,0,0,0,4,"1",FALSE,0
"1448",7,"F",5,"Hispanic","High",2,0,0,0,0,0,0,0,0,0,1,"1",FALSE,1
"1449",7,"F",5,"Hispanic","High",2,0,0,0,0,0,0,0,0,0,1,"1",FALSE,1
"1450",7,"F",5,"Hispanic","High",1,0,0,0,0,0,0,1,0,0,2,NA,TRUE,1
"1451",8,"F",5,"Hispanic","High",2,0,0,NA,0,0,0,0,0,0,4,"1",NA,0
"1452",7,"F",5,NA,"High",2,0,0,0,0,0,0,0,0,0,4,"1",FALSE,0
"1453",8,"M",5,"Hispanic","High",2,0,0,0,0,0,0,0,0,0,4,"1",FALSE,0
"1454",7,"M",5,"Hispanic","High",2,0,0,0,0,0,0,0,0,0,4,"1",FALSE,0
"1455",7,"M",5,"Hispanic","High",2,0,0,0,0,0,0,0,0,0,4,"1",FALSE,0
"1456",9,"M",5,"White","High",2,0,0,0,0,0,0,0,0,0,4,NA,FALSE,0
"1457",8,"M",5,"Hispanic","High",2,0,0,0,0,0,0,0,0,0,4,"1",FALSE,0
"1458",NA,NA,NA,NA,NA,2,0,0,0,0,0,0,0,0,0,4,"1",FALSE,0
"1459",7,"M",4,"Black","High",2,0,0,0,0,0,0,0,0,0,4,"1",FALSE,0
"1460",6,"M",4,"NHOPI","High",2,0,0,0,0,0,0,0,0,0,3,"1",FALSE,0
"1461",9,"M",6,"Hispanic","High",2,0,0,0,0,0,0,0,0,0,4,"1",FALSE,0
"1462",9,"M",6,"Hispanic","High",2,0,0,0,0,0,0,0,0,0,4,NA,FALSE,0
"1463",8,"M",6,"Hispanic","High",2,0,0,0,0,0,0,0,0,0,4,"1",FALSE,0
"1464",8,"F",5,"Hispanic","High",2,1,0,0,0,0,0,0,0,0,2,"1",TRUE,1
"1465",7,NA,5,"Hispanic","High",2,0,0,0,0,0,0,0,0,0,3,"1",FALSE,0
"1466",7,"F",5,"Hispanic","High",2,0,0,0,0,0,0,0,0,0,4,"1",FALSE,0
"1467",7,"F",5,"Hispanic","High",2,0,0,0,0,0,0,0,0,0,4,"1",FALSE,0
"1468",7,"M",5,"Hispanic","High",2,0,0,0,0,0,0,0,0,1,2,NA,TRUE,1
"1469",7,"M",5,"Hispanic","High",2,0,0,0,0,0,0,0,0,0,4,"1",FALSE,0
"1470",7,"F",5,"Black","High",1,0,1,0,0,0,0,0,0,0,4,NA,TRUE,0
"1471",7,"M",5,"Hispanic","High",2,0,0,0,0,0,0,0,0,0,4,NA,FALSE,0
"1472",7,"M",5,"Hispanic","High",2,0,0,0,0,0,0,0,0,0,4,NA,FALSE,0
"1473",8,"M",5,"Asian","High",2,0,0,0,0,0,0,0,0,0,2,"1",FALSE,1
"1474",7,"M",5,"Hispanic","High",2,0,0,0,0,0,0,0,0,0,4,"1",FALSE,0
"1475",7,"M",5,"Hispanic","High",2,0,0,0,0,0,0,0,0,0,4,"1",FALSE,0
"1476",8,"M",6,"Hispanic","High",2,0,0,0,0,0,0,0,0,0,4,"1",FALSE,0
"1477",7,"F",5,"Hispanic","High",2,0,0,0,0,0,0,0,0,0,3,"1",FALSE,0
"1478",8,"M",5,"Hispanic","High",1,0,1,0,0,0,0,0,0,1,2,"1",TRUE,1
"1479",8,"M",5,"Hispanic","High",1,0,0,0,0,0,0,0,0,1,4,"1",TRUE,0
"1480",7,"M",5,"Hispanic","High",2,0,0,0,NA,NA,0,NA,NA,0,4,"1",NA,0
"1481",7,"M",5,"Hispanic","High",2,0,0,0,0,0,0,0,0,0,4,"1",FALSE,0
"1482",8,"M",5,"AI/AN","High",2,0,0,NA,NA,NA,0,NA,NA,0,4,NA,NA,0
"1483",8,"M",5,"Hispanic","High",2,0,0,0,0,0,0,0,0,0,2,"1",FALSE,1
"1484",8,"M",6,"Hispanic","High",2,0,0,0,0,0,0,0,0,0,2,"1",FALSE,1
"1485",9,"F",6,"Hispanic","High",2,0,0,0,0,0,0,0,0,0,4,"1",FALSE,0
"1486",9,"F",6,"Hispanic","High",2,0,0,0,0,0,0,0,0,0,4,NA,FALSE,0
"1487",8,"F",6,"Hispanic","High",1,0,0,0,0,0,0,0,0,0,4,NA,FALSE,0
"1488",9,"M",7,"Hispanic","High",1,1,0,0,0,0,0,0,0,0,1,NA,TRUE,1
"1489",10,"M",6,"Hispanic","High",2,0,0,0,0,0,0,0,0,0,4,NA,FALSE,0
"1490",8,"F",6,"Hispanic","High",2,0,0,0,0,0,0,0,0,0,3,"1",FALSE,0
"1491",8,"F",6,"Hispanic","High",2,0,0,0,0,0,0,0,0,0,1,"1",FALSE,1
"1492",10,"F",6,"Hispanic","High",2,0,0,0,0,0,0,0,0,0,4,"1",FALSE,0
"1493",9,"M",6,"Black","High",2,0,0,0,0,0,0,0,0,0,4,"1",FALSE,0
"1494",9,"F",6,"Hispanic","High",2,0,0,0,0,0,0,0,0,0,4,"1",FALSE,0
"1495",8,"F",6,"Hispanic","High",1,0,0,0,0,0,0,0,0,0,4,"1",FALSE,0
"1496",8,"M",6,"Hispanic","High",2,0,0,0,0,0,0,0,0,0,3,"1",FALSE,0
"1497",8,"M",6,"Hispanic","High",2,0,0,0,0,0,0,0,0,0,4,"1",FALSE,0
"1498",9,"F",6,"Hispanic","High",2,0,0,0,0,0,0,0,0,0,2,"1",FALSE,1
"1499",9,"M",6,"Hispanic","High",1,0,0,0,0,0,0,0,0,0,4,NA,FALSE,0
"1500",9,"F",6,"Hispanic","High",2,1,0,0,1,0,0,0,0,0,2,"1",TRUE,1
"1501",9,"F",6,"Asian","High",2,0,0,0,0,0,0,0,0,0,2,NA,FALSE,1
"1502",9,"F",6,"Hispanic","High",1,0,1,0,0,0,0,0,0,0,4,"1",TRUE,0
"1503",8,"F",6,"Hispanic","High",2,0,0,0,0,0,0,0,0,0,4,NA,FALSE,0
"1504",8,"F",6,"Hispanic","High",2,0,0,0,0,0,0,0,0,0,1,"1",FALSE,1
"1505",8,"M",6,"AI/AN","High",2,0,0,0,0,0,0,0,0,0,4,"1",FALSE,0
"1506",9,"F",6,"Hispanic","High",2,0,0,0,0,0,0,0,0,0,4,"1",FALSE,0
"1507",8,"M",6,"Hispanic","High",2,0,0,0,0,0,0,0,0,0,4,"1",FALSE,0
"1508",9,"F",6,"Hispanic","High",2,0,0,0,0,0,0,0,0,0,4,"1",FALSE,0
"1509",9,"F",6,"Hispanic","High",2,0,0,0,0,0,0,0,0,0,2,"1",FALSE,1
"1510",6,"M",4,"Hispanic","High",2,0,0,0,0,0,0,0,0,0,2,"1",FALSE,1
"1511",8,"M",7,"Hispanic","High",NA,1,NA,NA,0,0,0,0,0,0,1,"1",TRUE,1
"1512",10,"F",7,"Hispanic","High",2,0,0,0,0,0,0,0,0,0,2,"1",FALSE,1
"1513",10,"M",7,"Hispanic","High",2,0,0,0,0,0,0,0,0,0,4,"1",FALSE,0
"1514",9,"M",7,"Hispanic","High",2,0,0,0,0,0,0,0,0,0,2,"1",FALSE,1
"1515",9,"F",7,"Hispanic","High",2,0,0,0,0,0,0,0,0,0,1,"1",FALSE,1
"1516",10,"M",7,"Hispanic","High",2,0,0,0,0,0,0,0,0,0,4,"1",FALSE,0
"1517",10,"F",7,"Hispanic","High",2,0,0,0,0,0,0,0,0,0,2,"1",FALSE,1
"1518",9,"F",7,"Hispanic","High",2,0,0,0,0,0,0,0,0,1,4,"1",TRUE,0
"1519",10,"M",7,"Hispanic","High",2,0,0,0,0,0,0,0,0,0,4,NA,FALSE,0
"1520",9,"F",7,"Hispanic","High",2,0,0,0,0,0,0,0,0,0,4,"1",FALSE,0
"1521",9,"F",7,"Hispanic","High",2,0,0,0,0,0,0,0,0,0,3,"1",FALSE,0
"1522",10,"M",7,"Hispanic","High",2,0,0,0,0,0,0,0,0,0,4,"1",FALSE,0
"1523",9,"F",7,"Asian","High",2,0,0,0,0,0,0,0,0,0,4,"1",FALSE,0
"1524",9,"M",7,"White","High",2,0,0,0,0,0,0,0,0,0,4,NA,FALSE,0
"1525",9,"M",7,"Asian","High",2,0,0,0,0,0,0,0,0,0,4,"1",FALSE,0
"1526",9,"M",7,"Black","High",2,0,0,0,0,0,0,0,0,0,4,"1",FALSE,0
"1527",9,"M",7,"Asian","High",2,0,0,0,0,0,0,0,0,0,3,"1",FALSE,0
"1528",10,"M",7,"Hispanic","High",2,0,0,0,0,0,0,0,0,0,3,"1",FALSE,0
"1529",9,"M",7,"Hispanic","High",2,0,0,0,0,0,0,0,0,0,4,NA,FALSE,0
"1530",9,"M",7,"Asian","High",2,0,0,0,0,0,0,0,0,0,4,NA,FALSE,0
"1531",9,"M",7,"Hispanic","High",2,0,0,0,0,0,0,0,0,0,2,"1",FALSE,1
"1532",10,"M",7,"White","High",2,0,0,0,0,0,0,0,0,0,4,"1",FALSE,0
"1533",10,"M",7,"Hispanic","High",2,0,0,0,0,0,0,0,0,0,4,"1",FALSE,0
"1534",9,"F",7,"Asian","High",2,0,0,0,0,0,1,0,0,0,3,NA,TRUE,0
"1535",10,"M",7,"Hispanic","High",2,0,0,0,0,0,0,0,0,0,4,NA,FALSE,0
"1536",9,"M",7,"Hispanic","High",2,0,0,0,0,0,0,0,0,0,4,"1",FALSE,0
"1537",10,"F",7,"Hispanic","High",2,0,0,0,0,0,0,0,0,0,1,"1",FALSE,1
"1538",9,"M",7,"Asian","High",2,0,0,0,0,0,0,0,0,0,4,"1",FALSE,0
"1539",6,"M",4,"Hispanic","High",1,0,0,0,0,0,0,0,0,1,1,NA,TRUE,1
"1540",6,"M",4,"Hispanic","High",2,0,0,0,0,0,0,0,0,0,2,"1",FALSE,1
"1541",6,"F",4,"Black","High",2,0,0,0,0,0,0,0,0,0,2,"1",FALSE,1
"1542",6,"F",4,"Hispanic","High",2,0,0,0,0,0,0,0,0,0,4,"1",FALSE,0
"1543",7,"M",4,"White","High",2,0,0,0,0,0,0,0,0,0,4,NA,FALSE,0
"1544",6,"F",4,"Hispanic","High",2,0,0,0,0,0,0,0,0,0,2,"1",FALSE,1
"1545",6,"M",4,"Hispanic","High",2,0,0,0,0,0,0,0,0,0,3,"1",FALSE,0
"1546",7,"M",4,"Hispanic","High",2,0,0,0,0,0,0,0,0,0,4,NA,FALSE,0
"1547",6,"M",4,"Hispanic","High",2,0,0,0,0,0,0,0,0,0,3,"1",FALSE,0
"1548",6,"M",4,"Hispanic","High",2,0,0,0,0,0,0,0,0,0,4,"1",FALSE,0
"1549",7,"M",4,"Hispanic","High",2,0,0,0,0,0,0,0,0,0,4,NA,FALSE,0
"1550",6,"F",4,"Hispanic","High",2,0,0,0,0,0,0,0,0,0,4,"1",FALSE,0
"1551",7,"F",4,"Hispanic","High",2,0,0,0,0,0,0,0,0,0,4,NA,FALSE,0
"1552",NA,NA,NA,NA,NA,1,NA,0,0,0,0,0,0,0,1,NA,"1",TRUE,NA
"1553",6,"F",4,"Hispanic","High",2,0,0,0,0,0,0,0,0,0,2,"1",FALSE,1
"1554",7,"F",4,"Hispanic","High",2,0,0,0,0,0,0,0,0,0,4,"1",FALSE,0
"1555",7,"F",4,"Hispanic","High",2,0,0,0,0,0,0,0,0,0,4,"1",FALSE,0
"1556",6,"F",4,"Hispanic","High",2,0,0,0,0,0,0,0,0,0,4,"1",FALSE,0
"1557",7,"F",4,"Hispanic","High",2,0,0,0,0,0,0,0,0,0,4,"1",FALSE,0
"1558",7,"F",4,"Hispanic","High",2,0,0,0,0,0,0,0,0,0,4,"1",FALSE,0
"1559",7,"F",4,"Asian","High",2,0,0,0,0,0,0,0,0,0,4,"1",FALSE,0
"1560",7,"F",4,"Asian","High",2,0,0,0,0,0,0,0,0,0,4,NA,FALSE,0
"1561",6,"M",4,"NHOPI","High",2,0,0,0,0,0,0,0,0,0,4,"1",FALSE,0
"1562",7,"M",4,"Hispanic","High",2,0,0,0,0,0,0,0,0,0,1,"1",FALSE,1
"1563",7,"F",4,"Hispanic","High",1,0,0,0,0,0,0,0,0,0,2,"1",FALSE,1
"1564",6,"F",4,"Hispanic","High",2,0,0,0,0,0,0,0,0,1,1,NA,TRUE,1
"1565",6,"M",4,"Hispanic","High",2,0,0,0,0,0,0,0,0,0,2,"1",FALSE,1
"1566",6,"F",4,"Asian","High",2,0,0,0,0,0,0,0,0,0,1,"1",FALSE,1
"1567",6,"M",4,"Hispanic","High",1,0,0,0,0,0,0,0,0,0,4,"1",FALSE,0
"1568",6,"M",4,"Hispanic","High",2,0,0,0,0,0,0,0,0,0,3,"1",FALSE,0
"1569",6,"M",4,"Hispanic","High",1,1,NA,1,1,0,NA,0,0,1,3,NA,TRUE,0
"1570",6,"M",4,"Hispanic","High",2,0,0,0,0,0,0,0,0,0,4,"1",FALSE,0
"1571",7,"M",4,"Hispanic","High",2,0,0,0,0,0,0,0,0,0,4,NA,FALSE,0
"1572",7,"M",4,"AI/AN","High",2,0,0,0,0,0,0,0,0,0,4,"1",FALSE,0
"1573",5,"F",3,"White","Middle",2,0,0,0,0,0,0,0,0,0,2,"1",FALSE,1
"1574",6,"F",3,"White","Middle",2,0,0,0,0,0,0,0,0,0,4,"1",FALSE,0
"1575",5,"F",3,"Hispanic","Middle",2,0,0,0,0,0,0,0,0,0,2,"1",FALSE,1
"1576",4,"M",1,"AI/AN","Middle",2,0,0,0,0,0,0,0,0,0,3,"1",FALSE,0
"1577",6,"F",3,"Hispanic","Middle",2,0,0,0,0,0,0,0,0,0,2,"1",FALSE,1
"1578",5,"M",3,"Black","Middle",2,0,0,0,0,0,0,0,0,0,2,"1",FALSE,1
"1579",5,"F",3,"White","Middle",2,0,0,0,0,0,0,0,0,0,4,"1",FALSE,0
"1580",5,"F",3,"Asian","Middle",2,0,0,0,0,0,0,0,0,0,4,"1",FALSE,0
"1581",5,"M",3,"Asian","Middle",2,0,0,0,0,0,0,0,0,0,4,"1",FALSE,0
"1582",6,"F",3,"Asian","Middle",2,0,0,0,0,0,0,0,0,0,3,NA,FALSE,0
"1583",5,"F",3,"Asian","Middle",2,0,0,0,0,0,0,0,0,0,4,NA,FALSE,0
"1584",5,"F",3,"White","Middle",2,0,0,0,0,0,0,0,0,0,4,NA,FALSE,0
"1585",6,"F",3,"Hispanic","Middle",2,0,0,0,0,0,0,0,0,0,3,"1",FALSE,0
"1586",3,"F",1,"White","Middle",2,0,0,0,0,0,0,0,0,0,3,NA,FALSE,0
"1587",6,"F",3,"Hispanic","Middle",2,0,NA,0,0,0,0,0,0,0,1,"1",NA,1
"1588",5,"F",3,"Hispanic","Middle",2,0,0,0,0,0,0,0,0,0,4,"1",FALSE,0
"1589",5,"F",3,"Hispanic","Middle",2,0,0,0,0,0,0,0,0,0,4,"1",FALSE,0
"1590",5,"F",3,"Black","Middle",2,0,0,0,0,0,0,0,0,0,3,"1",FALSE,0
"1591",5,"M",3,"White","Middle",2,0,0,0,0,0,0,0,0,1,3,NA,TRUE,0
"1592",NA,NA,NA,NA,NA,2,NA,0,0,0,0,0,0,0,1,NA,NA,TRUE,NA
"1593",6,"M",3,"Hispanic","Middle",2,0,0,0,0,0,0,0,0,0,4,"1",FALSE,0
"1594",5,"M",3,"White","Middle",2,0,0,0,0,0,0,0,0,0,4,"1",FALSE,0
"1595",5,"M",3,"White","Middle",2,0,0,0,0,0,0,0,0,0,4,"1",FALSE,0
"1596",5,"M",3,"Hispanic","Middle",2,0,0,0,0,0,0,0,0,0,2,NA,FALSE,1
"1597",6,"F",3,"White","Middle",2,0,0,0,0,0,0,0,0,0,4,"1",FALSE,0
"1598",6,"F",3,"White","Middle",2,0,0,0,0,0,0,0,0,0,1,"1",FALSE,1
"1599",5,"M",3,"White","Middle",2,0,0,0,0,0,0,0,0,0,3,"1",FALSE,0
"1600",6,"M",3,"Hispanic","Middle",2,0,0,0,0,0,0,0,0,0,4,"1",FALSE,0
"1601",5,"M",2,"Hispanic","Middle",2,0,0,0,0,0,0,0,0,0,4,"1",FALSE,0
"1602",6,"M",3,"Hispanic","Middle",2,0,0,0,0,0,0,0,0,0,3,"1",FALSE,0
"1603",6,"M",3,"Hispanic","Middle",2,0,0,0,0,0,0,0,0,0,3,"1",FALSE,0
"1604",5,"M",3,"White","Middle",2,0,0,0,0,0,0,0,0,0,4,"1",FALSE,0
"1605",6,"M",3,"White","Middle",2,0,0,0,0,0,0,0,0,0,4,"1",FALSE,0
"1606",6,"M",3,"White","Middle",2,0,0,0,0,0,0,0,0,0,3,"1",FALSE,0
"1607",5,"F",3,"White","Middle",2,0,0,0,0,0,0,0,0,0,2,"1",FALSE,1
"1608",5,"F",3,"Hispanic","Middle",2,0,0,0,0,0,0,0,0,0,4,NA,FALSE,0
"1609",6,"F",3,"Asian","Middle",2,0,0,0,0,0,0,0,0,1,2,"1",TRUE,1
"1610",6,"F",3,NA,"Middle",2,0,0,0,0,0,0,0,0,0,4,"1",FALSE,0
"1611",NA,"F",3,"Hispanic","Middle",2,0,0,0,0,0,0,0,0,0,4,"1",FALSE,0
"1612",4,"F",1,"Hispanic","Middle",2,0,0,0,0,0,0,0,0,0,1,"1",FALSE,1
"1613",6,"F",3,"Hispanic","Middle",2,0,0,0,0,0,0,0,0,0,4,"1",FALSE,0
"1614",5,"F",3,"Hispanic","Middle",2,0,0,0,0,0,0,0,0,0,4,NA,FALSE,0
"1615",5,"F",3,"Black","Middle",2,0,0,0,0,0,0,0,0,0,4,"1",FALSE,0
"1616",5,"F",3,"Hispanic","Middle",2,0,0,0,0,0,0,0,0,0,2,"1",FALSE,1
"1617",6,"F",3,"White","Middle",2,0,0,0,0,0,0,0,0,0,4,"1",FALSE,0
"1618",5,"M",3,"Hispanic","Middle",2,0,0,0,0,0,0,0,0,0,3,NA,FALSE,0
"1619",5,"F",3,"White","Middle",2,0,0,0,0,0,0,0,0,0,4,"1",FALSE,0
"1620",5,"F",3,"Asian","Middle",2,0,0,0,0,0,0,0,0,0,2,"1",FALSE,1
"1621",5,"M",3,"Black","Middle",2,0,0,0,0,0,0,0,0,0,3,"1",FALSE,0
"1622",3,"M",1,NA,"Middle",2,0,0,0,0,0,0,0,0,0,2,"1",FALSE,1
"1623",3,"F",1,"White","Middle",2,0,0,0,0,0,0,0,0,0,4,"1",FALSE,0
"1624",3,"M",1,"Hispanic","Middle",2,0,0,0,0,0,0,0,0,0,4,"1",FALSE,0
"1625",3,"M",1,"Hispanic","Middle",2,0,0,0,0,0,0,0,0,0,4,"1",FALSE,0
"1626",3,"F",1,"Hispanic","Middle",2,0,0,0,0,0,NA,0,0,0,4,"1",NA,0
"1627",4,"F",1,"White","Middle",2,0,0,0,0,0,0,0,0,0,1,"1",FALSE,1
"1628",3,"F",1,"Hispanic","Middle",2,0,0,0,0,0,0,0,0,0,2,"1",FALSE,1
"1629",3,"F",1,"White","Middle",2,0,0,0,0,0,0,0,0,0,4,"1",FALSE,0
"1630",4,"M",1,"White","Middle",2,0,0,0,0,0,0,0,0,0,4,NA,FALSE,0
"1631",4,"M",1,"Hispanic","Middle",2,0,0,0,0,0,0,0,0,0,4,"1",FALSE,0
"1632",4,"M",1,"Hispanic","Middle",2,0,0,0,0,0,0,0,0,0,1,"1",FALSE,1
"1633",3,"M",1,"Hispanic","Middle",2,0,0,0,0,0,0,0,0,0,4,"1",FALSE,0
"1634",4,"M",1,"White","Middle",2,0,0,0,0,0,0,0,0,0,4,NA,FALSE,0
"1635",4,"M",1,"White","Middle",2,0,0,0,0,0,0,0,0,0,4,"1",FALSE,0
"1636",4,"M",1,"Hispanic","Middle",2,0,0,0,0,0,NA,0,0,0,4,"1",NA,0
"1637",4,"M",1,"Hispanic","Middle",2,0,0,0,0,0,0,0,0,0,4,"1",FALSE,0
"1638",3,"M",1,"Asian","Middle",2,0,0,0,0,0,0,0,0,0,4,"1",FALSE,0
"1639",4,"M",1,"Hispanic","Middle",2,0,0,0,0,0,0,0,0,0,2,NA,FALSE,1
"1640",4,"M",1,"Asian","Middle",2,0,0,0,0,0,0,0,0,0,4,"1",FALSE,0
"1641",4,"M",1,"NHOPI","Middle",2,0,0,0,0,0,0,0,0,0,4,NA,FALSE,0
"1642",3,"M",1,"Hispanic","Middle",2,0,0,0,0,0,0,0,0,0,4,NA,FALSE,0
"1643",3,"M",1,NA,"Middle",2,0,0,0,0,0,0,0,0,0,4,"1",FALSE,0
"1644",4,"M",1,"Hispanic","Middle",2,0,0,0,0,0,0,0,0,0,4,"1",FALSE,0
"1645",4,"M",1,"White","Middle",2,0,0,0,0,0,0,0,0,0,4,NA,FALSE,0
"1646",3,"M",1,"White","Middle",2,0,0,0,0,0,0,0,0,0,4,"1",FALSE,0
"1647",6,"M",3,"Hispanic","Middle",2,0,0,0,0,0,0,0,0,0,4,"1",FALSE,0
"1648",6,"F",3,"Hispanic","Middle",2,0,0,0,0,0,0,0,0,0,2,NA,FALSE,1
"1649",4,"M",2,"Hispanic","Middle",2,0,0,0,0,0,0,0,0,0,1,"1",FALSE,1
"1650",3,"M",1,"Hispanic","Middle",2,0,0,0,0,0,0,0,0,0,3,"1",FALSE,0
"1651",3,"F",1,"Hispanic","Middle",2,0,0,0,0,0,0,0,0,0,4,"1",FALSE,0
"1652",4,"F",1,"Hispanic","Middle",2,0,0,0,0,0,0,0,0,0,4,"1",FALSE,0
"1653",3,"F",1,"Hispanic","Middle",2,0,0,0,0,0,0,0,0,0,2,"1",FALSE,1
"1654",3,"F",1,"White","Middle",2,0,0,0,0,0,0,0,0,0,4,"1",FALSE,0
"1655",3,"F",1,"Hispanic","Middle",2,0,0,0,0,0,0,0,0,0,4,"1",FALSE,0
"1656",4,"F",1,"Hispanic","Middle",2,0,0,0,0,0,0,0,0,0,4,"1",FALSE,0
"1657",3,"F",1,"Asian","Middle",2,0,0,0,0,0,0,0,0,0,4,"1",FALSE,0
"1658",5,"F",3,"Hispanic","Middle",2,0,0,0,0,0,0,0,0,1,4,NA,TRUE,0
"1659",3,"M",1,"Asian","Middle",2,0,0,0,0,0,0,0,0,0,4,"1",FALSE,0
"1660",NA,NA,NA,"White",NA,2,0,0,0,0,0,0,0,0,0,4,NA,FALSE,0
"1661",3,"F",1,"White","Middle",2,0,0,0,0,0,0,0,0,0,4,"1",FALSE,0
"1662",4,"F",1,"Hispanic","Middle",2,0,0,0,0,0,0,0,0,0,4,"1",FALSE,0
"1663",4,"F",1,"Asian","Middle",2,0,0,0,0,0,0,0,0,0,4,"1",FALSE,0
"1664",4,"F",1,"White","Middle",2,0,0,0,0,0,0,0,0,0,4,"1",FALSE,0
"1665",3,"F",1,"White","Middle",2,0,0,0,0,0,0,0,0,0,4,"1",FALSE,0
"1666",4,"F",1,"White","Middle",2,NA,0,0,0,0,0,0,0,0,4,"1",NA,0
"1667",4,"M",1,"Asian","Middle",2,0,0,0,0,0,0,0,0,0,4,"1",FALSE,0
"1668",3,"M",1,"White","Middle",2,0,0,0,0,0,0,0,0,0,4,"1",FALSE,0
"1669",3,"F",1,"White","Middle",2,0,0,0,0,0,0,0,0,0,4,"1",FALSE,0
"1670",4,"M",1,"Black","Middle",1,0,0,0,0,0,0,0,0,0,3,"1",FALSE,0
"1671",5,"M",3,"Hispanic","Middle",2,0,0,0,0,0,0,0,0,0,4,NA,FALSE,0
"1672",5,"M",3,"White","Middle",2,0,0,0,0,0,0,0,0,0,4,"1",FALSE,0
"1673",5,"M",3,"White","Middle",2,0,0,0,0,0,0,0,0,0,4,"1",FALSE,0
"1674",4,"M",2,"White","Middle",2,0,0,0,0,0,0,0,0,0,4,"1",FALSE,0
"1675",4,"M",2,"Asian","Middle",2,0,0,0,0,0,0,0,0,0,4,"1",FALSE,0
"1676",5,"M",2,"White","Middle",2,0,0,0,0,0,0,0,0,0,4,NA,FALSE,0
"1677",6,"F",3,"Hispanic","Middle",2,0,0,0,0,0,0,0,0,0,4,"1",FALSE,0
"1678",4,"M",2,NA,"Middle",2,0,0,0,NA,NA,0,NA,NA,0,4,"1",NA,0
"1679",5,"F",3,"White","Middle",2,0,0,0,0,0,0,0,0,0,4,NA,FALSE,0
"1680",5,"M",3,"Asian","Middle",2,0,0,0,0,0,0,0,0,0,4,"1",FALSE,0
"1681",5,"M",3,"Black","Middle",2,0,0,0,0,0,0,0,0,0,4,"1",FALSE,0
"1682",6,"M",3,"White","Middle",2,0,0,0,0,0,0,0,0,0,1,"1",FALSE,1
"1683",4,"F",2,"Hispanic","Middle",2,0,0,0,0,0,0,0,0,0,3,NA,FALSE,0
"1684",5,"F",2,"Asian","Middle",2,0,0,0,0,0,0,0,0,0,2,"1",FALSE,1
"1685",5,"F",3,"White","Middle",2,0,0,0,0,0,0,0,0,0,3,"1",FALSE,0
"1686",6,"F",3,"White","Middle",2,0,0,0,0,0,0,0,0,0,4,"1",FALSE,0
"1687",6,"F",3,"White","Middle",2,0,0,0,0,0,0,0,0,0,3,"1",FALSE,0
"1688",5,"F",3,"Hispanic","Middle",2,0,0,0,0,0,0,0,0,0,4,"1",FALSE,0
"1689",6,"F",3,"Hispanic","Middle",2,0,0,0,0,0,0,0,0,0,4,"1",FALSE,0
"1690",6,"F",3,"Hispanic","Middle",2,0,0,0,0,0,0,0,0,0,4,"1",FALSE,0
"1691",5,"M",3,"Hispanic","Middle",2,0,0,0,0,0,0,0,0,0,4,NA,FALSE,0
"1692",6,"M",3,"Black","Middle",2,0,0,0,0,0,0,0,0,0,3,NA,FALSE,0
"1693",4,"M",2,"Hispanic","Middle",2,0,0,0,0,0,0,0,0,0,3,"1",FALSE,0
"1694",6,"M",3,"White","Middle",1,0,0,0,0,0,0,0,0,0,2,NA,FALSE,1
"1695",4,"F",2,"White","Middle",2,0,0,0,0,0,0,0,0,0,4,"1",FALSE,0
"1696",5,"F",3,NA,"Middle",2,NA,0,0,0,0,0,0,0,0,1,NA,NA,1
"1697",4,"F",2,"Hispanic","Middle",2,0,0,0,0,0,0,0,0,0,4,"1",FALSE,0
"1698",5,"F",2,"White","Middle",2,0,0,NA,0,0,0,0,0,0,3,"1",NA,0
"1699",5,"M",2,"Hispanic","Middle",2,0,0,0,0,0,0,0,0,0,3,"1",FALSE,0
"1700",4,"F",2,"NHOPI","Middle",2,0,0,0,0,0,0,0,0,0,2,NA,FALSE,1
"1701",5,"F",3,"White","Middle",2,0,0,0,0,0,0,0,0,0,4,"1",FALSE,0
"1702",5,"F",3,"Hispanic","Middle",2,0,0,0,0,0,0,0,0,0,3,"1",FALSE,0
"1703",5,"F",3,"Hispanic","Middle",2,0,0,0,0,0,0,0,0,0,2,NA,FALSE,1
"1704",6,"M",3,"Hispanic","Middle",2,0,0,0,0,0,0,0,0,0,4,"1",FALSE,0
"1705",5,"M",2,"White","Middle",2,0,0,NA,0,0,0,0,0,0,2,"1",NA,1
"1706",6,"M",3,"White","Middle",2,0,0,0,0,0,0,0,0,0,2,NA,FALSE,1
"1707",6,"M",3,"Asian","Middle",2,0,0,0,0,0,0,0,0,0,1,"1",FALSE,1
"1708",6,"M",3,"AI/AN","Middle",2,0,0,0,0,0,0,0,0,0,3,"1",FALSE,0
"1709",6,"M",3,"Black","Middle",2,0,0,0,0,0,0,0,0,0,3,"1",FALSE,0
"1710",4,"M",2,"White","Middle",2,0,0,0,0,0,0,0,0,0,4,"1",FALSE,0
"1711",4,"M",2,"White","Middle",2,0,0,0,0,0,0,0,0,1,3,NA,TRUE,0
"1712",6,"M",3,"Hispanic","Middle",2,0,0,0,0,0,0,0,0,0,2,"1",FALSE,1
"1713",6,"F",4,"Hispanic","High",2,0,0,0,0,0,0,0,0,0,4,"1",FALSE,0
"1714",7,"M",4,"Hispanic","High",1,0,1,0,0,0,0,0,0,0,2,NA,TRUE,1
"1715",6,"M",4,"Hispanic","High",2,0,0,0,0,0,0,0,0,0,1,NA,FALSE,1
"1716",6,"M",4,"Hispanic","High",2,0,0,0,0,0,0,0,0,0,4,"1",FALSE,0
"1717",6,"F",4,"Hispanic","High",2,0,0,0,0,0,0,0,0,0,3,"1",FALSE,0
"1718",7,"F",4,"Hispanic","High",1,0,0,0,0,0,0,0,0,0,4,"1",FALSE,0
"1719",6,"M",4,"Black","High",2,0,0,0,0,0,0,0,0,0,4,NA,FALSE,0
"1720",7,"F",4,NA,"High",2,0,0,0,NA,NA,0,NA,NA,0,3,NA,NA,0
"1721",7,"F",4,"Hispanic","High",2,0,0,0,0,0,0,0,0,0,2,"1",FALSE,1
"1722",7,"F",4,"Hispanic","High",2,0,0,0,0,0,0,0,0,0,1,NA,FALSE,1
"1723",7,"M",4,"Hispanic","High",1,0,0,0,0,0,1,0,0,1,3,"1",TRUE,0
"1724",7,"M",4,"Hispanic","High",2,0,0,0,0,0,0,0,0,0,2,NA,FALSE,1
"1725",7,"F",4,"Hispanic","High",2,0,0,0,0,0,0,0,0,0,4,"1",FALSE,0
"1726",7,"F",5,"Hispanic","High",2,0,0,0,0,0,0,0,0,0,1,"1",FALSE,1
"1727",8,"F",5,"Hispanic","High",2,0,0,0,0,0,0,0,0,0,2,"1",FALSE,1
"1728",8,"F",5,"Hispanic","High",2,0,0,0,0,0,0,0,0,0,2,"1",FALSE,1
"1729",7,"F",5,"Hispanic","High",2,0,0,0,0,0,0,0,0,0,1,"1",FALSE,1
"1730",7,"F",5,"Hispanic","High",2,0,0,0,0,0,0,0,0,0,4,"1",FALSE,0
"1731",8,"F",5,"Hispanic","High",2,0,0,0,NA,NA,0,NA,NA,0,4,NA,NA,0
"1732",7,"M",5,"Hispanic","High",2,0,0,0,0,0,0,0,0,0,4,"1",FALSE,0
"1733",8,"F",5,"Hispanic","High",1,0,0,0,0,0,0,0,0,0,2,NA,FALSE,1
"1734",7,"F",5,"Hispanic","High",NA,0,NA,NA,0,0,1,0,0,1,3,NA,TRUE,0
"1735",7,"M",5,"Hispanic","High",2,0,0,0,0,0,0,0,0,0,4,"1",FALSE,0
"1736",7,"F",5,"Hispanic","High",2,0,0,0,0,0,0,0,0,0,4,NA,FALSE,0
"1737",7,"M",5,"Hispanic","High",2,0,0,0,0,0,0,0,0,0,4,"1",FALSE,0
"1738",8,"M",5,"Hispanic","High",2,0,0,0,0,0,0,0,0,0,4,"1",FALSE,0
"1739",7,"M",5,"Hispanic","High",2,0,0,0,0,0,0,0,0,0,2,"1",FALSE,1
"1740",7,"M",5,"Hispanic","High",2,0,0,0,0,0,0,0,0,0,4,"1",FALSE,0
"1741",7,"M",5,"Hispanic","High",2,0,0,0,0,0,0,0,0,0,3,"1",FALSE,0
"1742",1,"F",7,"Hispanic","High",1,1,1,1,NA,NA,1,NA,NA,1,1,NA,TRUE,1
"1743",7,"M",5,"Hispanic","High",2,0,0,NA,0,0,0,0,0,0,4,"1",NA,0
"1744",8,"F",5,"Hispanic","High",2,0,0,0,0,0,0,0,0,0,2,"1",FALSE,1
"1745",8,"M",5,"Hispanic","High",2,0,0,0,0,0,0,0,0,0,4,"1",FALSE,0
"1746",9,"F",7,"Hispanic","High",NA,NA,NA,NA,NA,NA,NA,NA,NA,NA,4,NA,NA,0
"1747",9,"F",7,"Hispanic","High",2,0,0,0,0,0,0,0,0,0,2,"1",FALSE,1
"1748",9,"F",7,"Hispanic","High",2,0,0,0,0,0,0,0,0,0,3,"1",FALSE,0
"1749",9,"F",7,"Hispanic","High",2,0,0,0,0,0,0,0,0,0,4,"1",FALSE,0
"1750",10,"M",7,"Hispanic","High",2,0,0,0,0,0,0,0,0,0,2,"1",FALSE,1
"1751",10,"F",7,"Hispanic","High",2,0,0,0,0,0,0,0,0,0,2,NA,FALSE,1
"1752",9,"F",7,"Hispanic","High",2,0,0,0,0,0,0,0,0,0,4,NA,FALSE,0
"1753",9,"M",7,"Hispanic","High",2,0,0,0,0,0,0,0,0,0,4,"1",FALSE,0
"1754",9,"F",7,"Hispanic","High",2,0,0,0,0,0,0,0,0,0,4,"1",FALSE,0
"1755",9,"M",7,"Hispanic","High",2,0,0,0,0,0,0,0,0,0,2,"1",FALSE,1
"1756",11,"F",7,"Hispanic","High",2,0,0,0,0,0,1,0,0,0,1,"1",TRUE,1
"1757",10,"F",7,"Hispanic","High",2,0,0,0,0,0,0,0,0,0,4,"1",FALSE,0
"1758",10,"F",7,"Hispanic","High",2,0,0,0,0,0,0,0,0,0,4,"1",FALSE,0
"1759",9,"F",7,"Hispanic","High",NA,0,0,0,0,0,0,0,0,0,4,NA,FALSE,0
"1760",9,"M",7,"Hispanic","High",1,0,0,0,0,0,0,0,0,0,3,"1",FALSE,0
"1761",9,"M",7,"Hispanic","High",2,0,0,0,0,0,0,0,0,0,4,"1",FALSE,0
"1762",10,"M",7,"Hispanic","High",2,0,0,0,0,0,0,0,0,0,4,"1",FALSE,0
"1763",10,"M",7,"Hispanic","High",1,0,0,0,NA,NA,NA,NA,NA,NA,2,NA,NA,1
"1764",9,"F",7,"Hispanic","High",2,0,0,0,0,0,0,0,0,0,4,NA,FALSE,0
"1765",10,"M",7,"Hispanic","High",2,0,0,0,0,0,0,0,0,0,1,NA,FALSE,1
"1766",10,"M",7,"Hispanic","High",2,0,0,0,0,0,0,0,0,0,3,"1",FALSE,0
"1767",10,"F",7,"Hispanic","High",2,0,0,0,0,0,0,0,0,0,1,NA,FALSE,1
"1768",9,"F",7,"Hispanic","High",2,0,0,0,0,0,0,0,0,0,3,"1",FALSE,0
"1769",10,"F",7,"Hispanic","High",2,0,0,0,0,0,0,0,0,0,4,NA,FALSE,0
"1770",8,"F",6,"Hispanic","High",2,0,0,0,0,0,0,0,0,0,4,"1",FALSE,0
"1771",8,"F",6,"Hispanic","High",2,0,0,0,0,0,0,0,0,0,2,"1",FALSE,1
"1772",10,"M",6,"Hispanic","High",2,0,0,0,0,0,0,0,0,0,4,"1",FALSE,0
"1773",9,"F",6,"Hispanic","High",2,0,0,0,0,0,0,0,0,0,4,NA,FALSE,0
"1774",8,"F",6,"Hispanic","High",2,0,0,0,0,0,0,0,0,0,4,"1",FALSE,0
"1775",8,"F",6,"Hispanic","High",2,0,0,0,0,0,0,0,0,0,4,"1",FALSE,0
"1776",8,"F",6,"Hispanic","High",2,0,0,0,0,0,0,0,0,0,2,"1",FALSE,1
"1777",9,"M",6,"Hispanic","High",2,0,0,0,0,0,0,0,0,0,4,"1",FALSE,0
"1778",9,"F",6,"Hispanic","High",2,0,0,0,0,0,0,0,0,0,2,"1",FALSE,1
"1779",8,"M",6,"Hispanic","High",1,0,1,0,0,0,0,0,0,0,2,"1",TRUE,1
"1780",9,"M",6,"Hispanic","High",2,1,0,0,0,0,0,0,0,0,1,NA,TRUE,1
"1781",8,"M",6,"Hispanic","High",1,NA,NA,0,0,0,0,0,0,1,2,NA,TRUE,1
"1782",8,"M",6,"Hispanic","High",1,0,1,0,0,0,0,0,0,1,4,"1",TRUE,0
"1783",8,"F",6,"Hispanic","High",1,0,0,0,0,0,0,0,0,0,1,"1",FALSE,1
"1784",8,"F",6,"Hispanic","High",1,0,1,0,1,0,1,0,0,0,4,"1",TRUE,0
"1785",8,"M",6,"Hispanic","High",2,0,0,0,0,0,0,0,0,0,4,"1",FALSE,0
"1786",8,"F",6,"Hispanic","High",1,0,0,0,0,0,0,0,0,0,4,NA,FALSE,0
"1787",8,"M",6,"Hispanic","High",1,0,0,0,0,0,0,0,0,0,4,NA,FALSE,0
"1788",8,"M",6,"Hispanic","High",1,0,0,0,0,0,0,0,0,0,1,NA,FALSE,1
"1789",8,"F",6,"Hispanic","High",2,0,0,0,0,0,0,0,0,0,4,"1",FALSE,0
"1790",8,"F",6,"Hispanic","High",2,0,0,NA,0,0,1,0,0,0,2,"1",TRUE,1
"1791",8,"M",6,"Hispanic","High",2,0,0,0,0,0,0,0,0,0,1,"1",FALSE,1
"1792",10,"M",6,"Hispanic","High",1,0,0,0,0,0,0,0,0,0,4,"1",FALSE,0
"1793",9,"M",6,"Hispanic","High",2,0,0,0,0,0,0,0,0,1,4,"1",TRUE,0
"1794",8,"M",6,"Hispanic","High",2,0,0,0,0,0,0,0,0,0,4,"1",FALSE,0
"1795",9,"F",6,"Hispanic","High",1,0,0,0,0,0,0,0,0,0,1,"1",FALSE,1
"1796",5,"F",3,"White","Middle",2,0,0,0,0,0,0,0,0,0,3,"1",FALSE,0
"1797",5,"F",3,"Hispanic","Middle",2,0,0,0,0,0,0,0,0,0,4,"1",FALSE,0
"1798",6,"F",3,"Hispanic","Middle",2,0,0,0,0,0,0,0,0,0,3,"1",FALSE,0
"1799",5,"F",3,"Hispanic","Middle",2,0,0,0,0,0,0,0,0,0,2,"1",FALSE,1
"1800",6,"F",3,"Hispanic","Middle",2,0,0,0,0,0,0,0,0,1,4,"1",TRUE,0
"1801",6,"F",3,"White","Middle",2,0,0,0,0,0,0,0,0,0,1,NA,FALSE,1
"1802",6,"F",3,"Asian","Middle",2,0,0,0,0,0,0,0,0,0,4,NA,FALSE,0
"1803",6,"F",3,"White","Middle",2,0,0,0,0,0,0,0,0,0,4,"1",FALSE,0
"1804",6,"M",3,"White","Middle",NA,0,0,0,NA,NA,0,NA,NA,0,4,NA,NA,0
"1805",5,"M",3,"Asian","Middle",2,0,0,0,0,0,0,0,0,0,4,"1",FALSE,0
"1806",6,"M",3,"White","Middle",2,0,0,0,0,0,0,0,0,0,4,"1",FALSE,0
"1807",6,"M",3,"White","Middle",2,0,0,0,0,0,0,0,0,0,4,"1",FALSE,0
"1808",5,"M",3,"Asian","Middle",2,0,0,0,0,0,0,0,0,0,3,"1",FALSE,0
"1809",5,"M",3,"White","Middle",2,0,0,0,0,0,0,0,0,0,4,NA,FALSE,0
"1810",6,"M",3,"Hispanic","Middle",2,0,0,0,0,0,0,0,0,0,4,"1",FALSE,0
"1811",6,"M",3,"White","Middle",2,1,0,0,0,0,0,0,0,0,1,NA,TRUE,1
"1812",6,"F",3,"White","Middle",2,0,0,0,0,0,0,0,0,0,2,NA,FALSE,1
"1813",5,"F",3,"White","Middle",2,0,0,0,0,0,0,0,0,0,4,"1",FALSE,0
"1814",5,"F",3,"Hispanic","Middle",2,0,0,0,0,0,0,0,0,1,3,NA,TRUE,0
"1815",5,"F",3,"Hispanic","Middle",2,0,0,0,0,0,0,0,0,1,2,"1",TRUE,1
"1816",5,"F",3,"White","Middle",2,0,0,0,0,0,0,0,0,0,2,NA,FALSE,1
"1817",5,"M",3,"Hispanic","Middle",2,0,0,0,0,0,0,0,0,0,4,"1",FALSE,0
"1818",6,"M",3,"AI/AN","Middle",2,0,0,0,0,0,0,0,0,0,2,NA,FALSE,1
"1819",6,"M",3,"White","Middle",1,0,0,0,0,0,0,0,0,0,4,"1",FALSE,0
"1820",6,"M",3,"White","Middle",2,0,0,0,0,0,0,0,0,0,4,"1",FALSE,0
"1821",5,"F",2,"Hispanic","Middle",2,0,0,0,0,0,0,0,0,0,2,"1",FALSE,1
"1822",NA,NA,NA,NA,NA,2,0,0,0,0,0,0,0,0,0,NA,NA,FALSE,NA
"1823",5,"M",2,"White","Middle",2,0,0,0,0,0,0,0,0,0,4,"1",FALSE,0
"1824",6,"F",2,"Hispanic","Middle",2,0,0,0,0,0,0,0,0,0,4,NA,FALSE,0
"1825",5,"F",2,"White","Middle",2,0,0,0,0,0,0,0,0,0,4,"1",FALSE,0
"1826",4,"F",2,"White","Middle",2,0,0,0,0,0,0,0,0,1,2,"1",TRUE,1
"1827",4,"F",2,"Hispanic","Middle",1,0,0,0,0,0,0,0,0,1,2,"1",TRUE,1
"1828",5,"F",2,"White","Middle",2,0,0,0,0,0,0,0,0,0,4,NA,FALSE,0
"1829",5,"M",2,"Hispanic","Middle",2,0,0,0,0,0,0,0,0,0,4,"1",FALSE,0
"1830",4,"M",2,"White","Middle",2,0,0,0,0,0,0,0,0,0,4,"1",FALSE,0
"1831",4,"M",2,"White","Middle",2,0,0,0,0,0,0,0,0,0,4,"1",FALSE,0
"1832",5,"F",2,"White","Middle",2,0,0,0,0,0,0,0,0,0,4,"1",FALSE,0
"1833",6,"M",2,"Hispanic","Middle",2,0,0,0,0,0,0,0,0,0,2,"1",FALSE,1
"1834",5,"M",2,"Hispanic","Middle",2,0,0,0,0,0,0,0,0,0,4,"1",FALSE,0
"1835",3,"M",1,"White","Middle",2,0,0,0,0,0,0,0,0,0,4,NA,FALSE,0
"1836",4,"F",1,"Hispanic","Middle",2,0,0,0,0,0,0,0,0,0,3,"1",FALSE,0
"1837",3,"F",1,"Hispanic","Middle",2,0,0,0,0,0,0,0,0,0,4,"1",FALSE,0
"1838",4,"F",1,"Hispanic","Middle",2,0,0,0,0,0,0,0,0,0,4,NA,FALSE,0
"1839",4,"M",1,"White","Middle",2,0,0,0,0,0,0,0,0,0,4,NA,FALSE,0
"1840",3,"M",1,"White","Middle",2,0,0,0,0,0,0,0,0,0,4,"1",FALSE,0
"1841",4,"F",1,"Hispanic","Middle",2,0,0,0,0,0,0,0,0,0,2,"1",FALSE,1
"1842",4,"F",1,"White","Middle",2,0,0,0,0,0,0,0,0,0,3,"1",FALSE,0
"1843",3,"F",1,"White","Middle",2,NA,NA,NA,NA,NA,NA,NA,NA,NA,4,"1",NA,0
"1844",3,"M",1,"Asian","Middle",2,0,0,0,0,0,0,0,0,0,4,"1",FALSE,0
"1845",4,"F",1,"White","Middle",2,0,0,0,NA,NA,0,NA,NA,0,4,NA,NA,0
"1846",4,"M",1,"Hispanic","Middle",2,0,0,0,0,0,0,0,0,0,4,"1",FALSE,0
"1847",4,"M",1,"White","Middle",2,0,0,0,0,0,0,0,0,0,4,"1",FALSE,0
"1848",4,"F",1,"Hispanic","Middle",2,0,0,0,0,0,0,0,0,0,2,"1",FALSE,1
"1849",4,"M",1,"White","Middle",2,0,0,0,0,0,0,0,0,0,3,"1",FALSE,0
"1850",8,"M",5,"Black","High",2,0,0,0,0,0,0,0,0,0,4,"1",FALSE,0
"1851",8,"M",5,"Black","High",2,0,0,0,0,0,0,0,0,0,4,"1",FALSE,0
"1852",6,"F",4,"Black","High",2,0,0,0,0,0,0,0,0,0,4,"1",FALSE,0
"1853",10,"F",7,"White","High",1,0,0,0,0,0,0,0,0,0,1,NA,FALSE,1
"1854",10,"M",7,"Hispanic","High",2,0,0,0,0,0,0,0,0,0,4,"1",FALSE,0
"1855",9,"F",7,"Hispanic","High",2,0,0,0,0,0,0,0,0,0,2,"1",FALSE,1
"1856",10,"F",7,"White","High",2,0,0,0,0,0,0,0,0,0,4,"1",FALSE,0
"1857",10,"F",7,"Black","High",2,0,0,0,0,0,0,0,0,0,4,NA,FALSE,0
"1858",9,"M",7,"Hispanic","High",2,0,0,0,0,0,0,0,0,0,4,"1",FALSE,0
"1859",9,"F",7,"Black","High",2,0,0,0,0,0,0,0,0,0,3,"1",FALSE,0
"1860",9,"M",7,"Black","High",2,0,0,0,0,0,0,0,0,0,4,NA,FALSE,0
"1861",9,"M",7,"Hispanic","High",2,0,0,0,0,0,0,0,0,0,4,"1",FALSE,0
"1862",9,"M",7,"Hispanic","High",2,0,0,0,0,0,0,0,0,0,4,"1",FALSE,0
"1863",9,"F",7,"White","High",1,0,0,0,0,0,0,0,0,0,3,"1",FALSE,0
"1864",10,"F",7,"Hispanic","High",2,0,0,0,0,0,0,0,0,0,4,"1",FALSE,0
"1865",9,"M",7,"Hispanic","High",2,0,0,0,0,0,0,0,0,0,3,"1",FALSE,0
"1866",9,"M",7,"Black","High",1,0,0,0,0,0,0,0,0,0,2,"1",FALSE,1
"1867",10,"M",7,"Hispanic","High",2,0,0,0,0,0,0,0,0,0,4,"1",FALSE,0
"1868",10,"M",7,"Hispanic","High",2,0,0,0,0,0,0,0,0,1,2,NA,TRUE,1
"1869",10,"M",7,"Hispanic","High",2,0,0,0,0,0,0,0,0,0,1,"1",FALSE,1
"1870",9,"M",7,"Hispanic","High",2,0,0,0,0,0,0,0,0,0,3,NA,FALSE,0
"1871",9,"M",7,"Hispanic","High",2,0,0,0,0,0,0,0,0,0,3,"1",FALSE,0
"1872",10,"M",7,"Black","High",1,0,0,0,0,0,0,0,0,0,4,NA,FALSE,0
"1873",10,"F",7,"Hispanic","High",2,0,0,0,0,0,0,0,0,0,2,"1",FALSE,1
"1874",9,"M",7,"Hispanic","High",1,0,0,0,0,0,0,0,0,0,2,"1",FALSE,1
"1875",9,"M",7,"Black","High",1,0,0,0,0,0,0,0,0,0,4,"1",FALSE,0
"1876",10,"M",7,"Hispanic","High",2,0,0,0,0,0,0,0,0,0,4,"1",FALSE,0
"1877",10,"M",7,"Hispanic","High",2,0,0,0,0,0,0,0,0,0,2,"1",FALSE,1
"1878",9,"M",7,"White","High",2,0,0,0,0,0,0,0,0,0,4,NA,FALSE,0
"1879",9,"F",7,"Hispanic","High",2,0,0,0,0,0,0,0,0,0,4,"1",FALSE,0
"1880",9,"M",7,"Hispanic","High",1,0,1,0,0,0,0,0,0,1,4,"1",TRUE,0
"1881",10,"F",7,"Hispanic","High",2,0,0,0,0,0,0,0,0,0,4,"1",FALSE,0
"1882",9,"F",7,"Hispanic","High",2,0,0,0,0,0,0,0,0,0,3,"1",FALSE,0
"1883",9,"M",7,"Hispanic","High",2,0,0,0,0,0,0,0,0,0,3,"1",FALSE,0
"1884",6,"F",4,"Hispanic","High",2,0,0,0,0,0,0,0,0,0,2,"1",FALSE,1
"1885",9,"M",5,"Hispanic","High",2,0,0,0,0,0,0,0,0,0,3,"1",FALSE,0
"1886",10,"F",7,"Hispanic","High",2,0,0,0,0,0,0,0,0,0,4,NA,FALSE,0
"1887",8,"F",6,"Hispanic","High",2,0,0,0,0,0,0,0,0,0,3,"1",FALSE,0
"1888",9,"F",6,"Black","High",2,0,0,0,0,0,0,0,0,0,4,"1",FALSE,0
"1889",7,"M",4,"Black","High",2,0,0,0,0,0,0,0,0,0,4,NA,FALSE,0
"1890",8,"M",6,"Hispanic","High",2,0,0,0,0,0,0,0,0,0,4,"1",FALSE,0
"1891",9,"M",6,"Black","High",2,0,0,0,0,0,0,0,0,0,4,"1",FALSE,0
"1892",9,"F",6,"Hispanic","High",2,0,0,0,0,0,0,0,0,0,4,"1",FALSE,0
"1893",8,"M",6,NA,"High",2,0,0,0,0,0,0,0,0,0,4,NA,FALSE,0
"1894",9,"F",6,"Hispanic","High",2,0,0,0,0,0,0,0,0,0,2,"1",FALSE,1
"1895",8,"F",6,"Hispanic","High",2,0,0,0,0,0,0,0,0,1,4,"1",TRUE,0
"1896",8,"M",6,"Hispanic","High",2,0,0,0,0,0,0,0,0,0,4,"1",FALSE,0
"1897",8,"M",6,"Hispanic","High",NA,0,0,0,1,0,1,0,0,0,1,NA,TRUE,1
"1898",9,"M",6,"Hispanic","High",2,0,0,0,0,0,0,0,0,0,1,"1",FALSE,1
"1899",9,"M",6,"Hispanic","High",2,0,0,0,0,0,0,0,0,0,4,"1",FALSE,0
"1900",9,"M",6,"Hispanic","High",2,0,0,0,0,0,0,0,0,0,4,"1",FALSE,0
"1901",9,"F",6,"Hispanic","High",1,0,0,0,0,0,1,0,0,0,1,NA,TRUE,1
"1902",8,"F",6,"Black","High",2,0,0,0,0,0,0,0,0,0,4,"1",FALSE,0
"1903",8,"F",6,"Black","High",1,0,1,0,0,0,0,0,0,0,4,NA,TRUE,0
"1904",8,"M",6,"Black","High",2,1,0,0,0,0,0,0,0,0,2,NA,TRUE,1
"1905",10,"M",6,"Black","High",2,0,0,0,0,0,0,0,0,0,4,"1",FALSE,0
"1906",8,"M",6,"Black","High",2,0,0,0,0,0,0,0,0,0,4,"1",FALSE,0
"1907",9,"M",6,"Hispanic","High",2,0,0,0,0,0,0,0,0,0,4,"1",FALSE,0
"1908",9,"F",6,"Hispanic","High",2,0,0,0,0,0,0,0,0,0,4,"1",FALSE,0
"1909",9,"M",6,"Hispanic","High",2,0,0,0,0,0,0,0,0,0,2,"1",FALSE,1
"1910",9,"F",6,"Black","High",2,0,0,0,0,0,0,0,0,0,4,"1",FALSE,0
"1911",7,"M",5,"Hispanic","High",2,0,0,0,0,0,0,0,0,0,4,"1",FALSE,0
"1912",8,"F",6,"White","High",2,0,0,0,0,0,0,0,0,0,4,NA,FALSE,0
"1913",8,"F",6,"Hispanic","High",2,0,0,0,0,0,0,0,0,0,3,"1",FALSE,0
"1914",7,"F",5,"Hispanic","High",2,0,0,0,0,0,0,0,0,0,4,"1",FALSE,0
"1915",8,"M",5,"Hispanic","High",NA,0,0,0,0,0,0,0,0,0,3,NA,FALSE,0
"1916",7,"M",5,"Hispanic","High",2,0,0,0,0,0,0,0,0,0,3,"1",FALSE,0
"1917",5,"M",4,"Hispanic","High",2,0,0,0,0,0,0,0,0,0,4,"1",FALSE,0
"1918",8,"M",5,"Hispanic","High",2,0,0,0,0,0,NA,0,0,0,3,"1",NA,0
"1919",8,"M",5,NA,"High",1,0,NA,0,0,0,0,0,0,1,2,NA,TRUE,1
"1920",7,"M",5,"Hispanic","High",2,0,0,0,0,0,0,0,0,0,2,"1",FALSE,1
"1921",1,"M",1,"AI/AN","Middle",1,0,0,0,0,0,0,0,0,0,1,NA,FALSE,1
"1922",9,"M",5,"Hispanic","High",1,0,0,0,0,0,1,0,0,0,3,NA,TRUE,0
"1923",8,"F",5,"Hispanic","High",2,0,0,0,0,0,1,0,0,0,4,NA,TRUE,0
"1924",8,"F",5,"Asian","High",2,0,0,0,0,0,1,0,0,1,4,NA,TRUE,0
"1925",8,"F",5,"Hispanic","High",2,0,0,0,0,0,0,0,0,0,4,NA,FALSE,0
"1926",10,"M",7,"Black","High",2,0,0,0,0,0,0,0,0,0,1,"1",FALSE,1
"1927",1,"M",5,"Hispanic","High",1,1,1,0,0,0,1,0,0,1,2,NA,TRUE,1
"1928",6,"F",4,"Hispanic","High",2,0,0,0,0,0,0,0,0,0,4,"1",FALSE,0
"1929",7,"F",4,"Hispanic","High",2,0,0,0,0,0,0,0,0,0,4,"1",FALSE,0
"1930",7,"M",4,"Black","High",2,0,0,0,0,0,0,0,0,0,4,"1",FALSE,0
"1931",8,"M",5,"Hispanic","High",2,0,0,0,0,0,0,0,0,1,3,NA,TRUE,0
"1932",6,"F",4,"Black","High",2,0,0,0,0,0,0,0,0,0,4,NA,FALSE,0
"1933",7,"F",4,"Hispanic","High",1,0,0,0,0,0,0,0,0,0,1,NA,FALSE,1
"1934",7,"F",5,"Black","High",2,0,0,0,0,0,0,0,0,0,4,"1",FALSE,0
"1935",8,"F",5,"Black","High",2,0,0,0,0,0,0,0,0,0,4,"1",FALSE,0
"1936",6,"M",4,"Hispanic","High",2,0,0,0,0,0,0,0,0,0,4,"1",FALSE,0
"1937",6,"M",4,"Hispanic","High",2,0,0,0,0,0,0,0,0,0,4,NA,FALSE,0
"1938",8,"M",5,"Hispanic","High",2,0,0,0,0,0,0,0,0,0,3,"1",FALSE,0
"1939",10,"M",7,"Hispanic","High",2,0,0,0,0,0,0,0,0,0,4,"1",FALSE,0
"1940",7,"F",5,"Hispanic","High",2,0,0,0,0,0,0,0,0,0,4,NA,FALSE,0
"1941",7,"F",5,"Black","High",2,0,0,0,0,0,0,0,0,0,4,"1",FALSE,0
"1942",7,"M",4,"Hispanic","High",2,0,0,0,0,0,0,0,0,0,4,"1",FALSE,0
"1943",8,"F",4,"Hispanic","High",2,0,0,0,0,0,0,0,0,0,4,"1",FALSE,0
"1944",9,"M",5,"Hispanic","High",2,0,0,0,0,0,0,0,0,0,4,NA,FALSE,0
"1945",9,"F",6,"Hispanic","High",2,0,0,0,0,0,0,0,0,0,4,"1",FALSE,0
"1946",8,"F",5,"Hispanic","High",2,0,0,0,0,0,0,0,0,0,4,"1",FALSE,0
"1947",7,"F",5,"NHOPI","High",2,0,0,0,0,0,0,0,0,0,4,NA,FALSE,0
"1948",7,"F",5,"Hispanic","High",2,0,0,0,0,0,0,0,0,0,4,NA,FALSE,0
"1949",8,"F",5,"Hispanic","High",2,0,0,0,0,0,0,0,0,0,4,NA,FALSE,0
"1950",8,"F",5,"Hispanic","High",2,0,0,0,0,0,0,0,0,1,3,NA,TRUE,0
"1951",7,"F",NA,NA,NA,2,0,0,0,0,0,0,0,0,0,4,NA,FALSE,0
"1952",6,"M",4,"Black","High",2,0,0,0,0,0,0,0,0,0,2,"1",FALSE,1
"1953",8,"M",5,"AI/AN","High",2,0,0,0,0,0,0,0,0,0,4,"1",FALSE,0
"1954",7,"M",5,"Hispanic","High",2,0,0,0,0,0,0,0,0,0,1,NA,FALSE,1
"1955",8,"M",5,"White","High",2,0,0,0,0,0,0,0,0,0,4,NA,FALSE,0
"1956",7,"M",4,"Black","High",2,0,0,0,0,0,0,0,0,0,4,"1",FALSE,0
"1957",7,"M",5,"Black","High",2,0,0,0,0,0,0,0,0,0,2,NA,FALSE,1
"1958",7,"M",5,"White","High",2,0,0,0,0,0,0,0,0,0,4,"1",FALSE,0
"1959",8,"M",5,"Hispanic","High",2,0,0,0,0,0,0,0,0,0,1,"1",FALSE,1
"1960",8,"M",5,"White","High",2,0,0,0,0,0,0,0,0,0,4,"1",FALSE,0
"1961",8,"M",5,"Black","High",2,0,0,0,0,0,0,0,0,0,4,"1",FALSE,0
"1962",7,"M",5,"Black","High",2,0,0,0,0,0,0,0,0,0,4,NA,FALSE,0
"1963",9,"M",6,"White","High",1,1,1,0,0,0,1,0,0,0,2,NA,TRUE,1
"1964",9,"M",6,"Black","High",2,0,0,0,0,0,0,0,0,0,4,"1",FALSE,0
"1965",8,"M",5,"Hispanic","High",2,0,0,0,0,0,0,0,0,0,3,"1",FALSE,0
"1966",7,"M",4,"Hispanic","High",2,0,0,0,0,0,0,0,0,0,4,NA,FALSE,0
"1967",7,"M",5,"Hispanic","High",2,0,0,0,0,0,0,0,0,0,4,NA,FALSE,0
"1968",8,"M",5,"Hispanic","High",2,0,0,0,0,0,0,0,0,0,4,"1",FALSE,0
"1969",8,"M",6,"Black","High",2,0,0,0,0,0,0,0,0,0,2,"1",FALSE,1
"1970",8,"M",5,"Hispanic","High",2,0,0,0,0,0,0,0,0,0,4,"1",FALSE,0
"1971",7,"M",5,"Black","High",2,0,0,0,0,0,NA,0,0,0,4,"1",NA,0
"1972",8,"M",5,"Hispanic","High",2,0,0,0,0,0,0,0,0,0,2,NA,FALSE,1
"1973",9,"M",6,"Hispanic","High",1,0,0,0,0,0,0,0,0,0,3,"1",FALSE,0
"1974",7,"M",4,"Black","High",2,0,0,0,0,0,0,0,0,0,3,NA,FALSE,0
"1975",9,"M",6,"Black","High",NA,0,0,0,0,0,0,0,0,0,4,NA,FALSE,0
"1976",7,"M",5,"White","High",2,0,0,0,0,0,0,0,0,0,4,NA,FALSE,0
"1977",9,"M",6,"Black","High",2,0,0,0,0,0,0,0,0,0,4,"1",FALSE,0
"1978",9,"M",6,"Black","High",2,0,0,0,0,0,0,0,0,0,4,"1",FALSE,0
"1979",8,"M",6,"Black","High",1,0,1,0,0,0,0,0,0,0,4,"1",TRUE,0
"1980",10,"M",6,"Hispanic","High",2,0,0,0,0,0,0,0,0,0,4,"1",FALSE,0
"1981",8,"M",5,"Hispanic","High",2,0,0,0,0,0,1,0,0,0,4,"1",TRUE,0
"1982",8,"M",5,NA,"High",2,0,0,0,0,0,NA,0,0,0,2,"1",NA,1
"1983",8,"M",6,"Black","High",2,0,0,0,0,0,0,0,0,0,4,"1",FALSE,0
"1984",8,"M",5,"Black","High",2,0,0,0,0,0,0,0,0,0,4,"1",FALSE,0
"1985",9,"M",6,"Hispanic","High",2,0,0,0,0,0,0,0,0,0,3,"1",FALSE,0
"1986",9,"M",6,"Hispanic","High",2,0,0,0,0,0,0,0,0,0,4,"1",FALSE,0
"1987",8,"M",5,"Black","High",2,0,0,0,0,0,0,0,0,0,4,NA,FALSE,0
"1988",9,"M",6,"White","High",2,0,0,0,0,0,0,0,0,0,4,"1",FALSE,0
"1989",8,"M",6,"Hispanic","High",2,0,0,0,0,0,0,0,0,0,4,"1",FALSE,0
"1990",8,"M",5,"Black","High",2,0,0,0,0,0,0,0,0,0,2,NA,FALSE,1
"1991",9,"M",6,"NHOPI","High",2,0,0,0,0,0,0,0,0,0,4,"1",FALSE,0
"1992",7,"M",4,"Hispanic","High",2,0,0,0,NA,NA,0,NA,NA,0,4,NA,NA,0
"1993",8,"M",5,"Hispanic","High",2,0,0,0,0,0,0,0,0,0,4,"1",FALSE,0
"1994",7,"M",4,"Black","High",2,0,0,0,0,0,0,0,0,0,4,"1",FALSE,0
"1995",7,"M",4,"Black","High",2,0,0,0,0,0,0,0,0,0,4,"1",FALSE,0
"1996",9,"M",5,"NHOPI","High",2,0,0,0,0,0,0,0,0,0,4,"1",FALSE,0
"1997",9,"M",5,"Hispanic","High",2,0,0,0,0,0,0,0,0,0,4,NA,FALSE,0
"1998",9,"M",6,"Hispanic","High",NA,NA,NA,NA,0,0,NA,0,0,NA,4,NA,NA,0
"1999",9,"M",6,NA,"High",2,0,0,0,0,0,0,0,0,0,4,NA,FALSE,0
"2000",9,"M",6,"Black","High",2,0,0,0,0,0,0,0,0,0,4,"1",FALSE,0
"2001",7,"M",5,"Hispanic","High",2,1,0,0,0,0,0,0,0,1,1,NA,TRUE,1
"2002",9,"M",5,NA,"High",2,0,0,0,0,0,0,0,0,0,NA,"1",FALSE,NA
"2003",10,"M",6,"Hispanic","High",1,0,0,NA,0,0,0,0,0,0,4,"1",NA,0
"2004",6,"M",3,"White","Middle",1,1,0,0,0,0,0,0,0,1,3,"1",TRUE,0
"2005",5,"F",3,"White","Middle",2,0,0,0,0,0,0,0,0,0,3,"1",FALSE,0
"2006",6,"M",3,"White","Middle",2,0,0,0,0,0,0,0,0,0,4,"1",FALSE,0
"2007",5,"F",3,"Hispanic","Middle",2,0,0,0,0,0,0,0,0,0,1,"1",FALSE,1
"2008",6,"F",3,"Black","Middle",2,0,0,0,0,0,0,0,0,0,4,"1",FALSE,0
"2009",6,"F",3,"Hispanic","Middle",2,0,0,0,0,0,0,0,0,0,1,NA,FALSE,1
"2010",5,"M",3,"Asian","Middle",1,0,0,1,0,0,0,0,0,NA,1,"1",TRUE,1
"2011",6,"F",3,"Hispanic","Middle",2,0,0,0,0,0,0,0,0,0,1,NA,FALSE,1
"2012",5,"F",3,"White","Middle",2,0,0,0,0,0,0,0,0,1,4,NA,TRUE,0
"2013",5,"F",3,"Hispanic","Middle",2,0,0,0,0,0,0,0,0,0,4,NA,FALSE,0
"2014",6,"F",3,"White","Middle",2,0,0,0,0,0,0,0,0,0,3,"1",FALSE,0
"2015",5,"F",3,"Hispanic","Middle",2,0,0,0,0,0,0,0,0,0,4,"1",FALSE,0
"2016",5,"F",3,"Hispanic","Middle",2,0,0,0,0,0,0,0,0,0,4,"1",FALSE,0
"2017",5,"F",3,"Hispanic","Middle",2,0,0,0,0,0,0,0,0,0,4,"1",FALSE,0
"2018",5,"M",3,"White","Middle",2,0,0,0,NA,NA,NA,NA,NA,0,4,"1",NA,0
"2019",6,"F",3,"Hispanic","Middle",2,0,0,0,0,0,0,0,0,0,4,"1",FALSE,0
"2020",5,"F",3,"Hispanic","Middle",2,0,0,0,0,0,0,0,0,1,2,NA,TRUE,1
"2021",6,"M",3,"Asian","Middle",2,0,0,0,0,0,0,0,0,0,4,"1",FALSE,0
"2022",5,"M",3,"Black","Middle",2,0,0,0,0,0,0,0,0,0,3,"1",FALSE,0
"2023",NA,NA,NA,"Hispanic",NA,2,0,0,0,0,0,0,0,0,0,4,"1",FALSE,0
"2024",5,"M",3,"Hispanic","Middle",2,0,0,0,0,0,0,0,0,0,4,"1",FALSE,0
"2025",6,"F",3,"Hispanic","Middle",2,0,0,0,0,0,0,0,0,0,1,"1",FALSE,1
"2026",5,"M",3,"White","Middle",2,0,0,0,0,0,0,0,0,0,NA,"1",FALSE,NA
"2027",6,"F",3,"White","Middle",2,0,0,0,0,0,0,0,0,0,4,"1",FALSE,0
"2028",6,"M",3,"White","Middle",2,0,0,1,0,0,0,0,0,0,1,NA,TRUE,1
"2029",6,"F",3,"White","Middle",2,0,0,0,0,0,0,0,0,0,4,"1",FALSE,0
"2030",5,"M",3,"Asian","Middle",2,0,0,0,0,0,0,0,0,0,4,NA,FALSE,0
"2031",5,"F",3,"Hispanic","Middle",2,0,0,0,0,0,0,0,0,0,4,"1",FALSE,0
"2032",5,"F",3,"White","Middle",2,0,0,0,0,0,0,0,0,0,3,"1",FALSE,0
"2033",5,"F",1,"Hispanic","Middle",2,0,0,0,0,0,0,0,0,0,1,"1",FALSE,1
"2034",4,"F",2,"White","Middle",2,0,0,0,0,0,0,0,0,0,4,"1",FALSE,0
"2035",4,"F",2,NA,"Middle",2,0,0,0,0,0,0,0,0,0,4,NA,FALSE,0
"2036",4,"F",2,"AI/AN","Middle",2,0,0,0,0,0,0,0,0,0,4,"1",FALSE,0
"2037",5,"M",2,"Hispanic","Middle",2,0,0,0,0,0,0,0,0,0,4,"1",FALSE,0
"2038",4,"F",2,"Hispanic","Middle",2,0,0,0,0,0,0,0,0,0,4,NA,FALSE,0
"2039",5,"M",2,"White","Middle",2,0,0,0,0,0,0,0,0,0,4,"1",FALSE,0
"2040",5,"F",2,"White","Middle",2,0,0,0,0,0,0,0,0,0,4,"1",FALSE,0
"2041",5,"M",2,"Hispanic","Middle",2,0,0,0,0,0,0,0,0,0,4,"1",FALSE,0
"2042",5,"F",2,"White","Middle",2,0,0,0,0,0,0,0,0,0,4,"1",FALSE,0
"2043",5,"M",2,"White","Middle",2,0,0,0,0,0,0,0,0,0,4,"1",FALSE,0
"2044",4,"F",2,"Hispanic","Middle",2,0,0,0,0,0,0,0,0,0,4,"1",FALSE,0
"2045",4,"M",2,NA,"Middle",2,0,0,0,0,0,0,0,0,0,3,"1",FALSE,0
"2046",5,"M",2,"Hispanic","Middle",2,NA,0,0,0,0,0,0,0,0,3,NA,NA,0
"2047",5,"F",2,"Hispanic","Middle",2,0,0,0,0,0,0,0,0,0,3,NA,FALSE,0
"2048",NA,NA,NA,"White",NA,2,0,0,0,0,0,0,0,0,0,4,NA,FALSE,0
"2049",4,"F",2,"White","Middle",2,0,0,0,0,0,0,0,0,0,4,"1",FALSE,0
"2050",5,"M",2,"Hispanic","Middle",2,0,0,0,0,0,0,0,0,0,2,"1",FALSE,1
"2051",5,"M",2,"Hispanic","Middle",2,0,0,0,0,0,0,0,0,0,3,"1",FALSE,0
"2052",5,"F",2,"White","Middle",2,0,0,0,0,0,0,0,0,0,4,"1",FALSE,0
"2053",5,"M",2,"White","Middle",2,0,0,0,0,0,0,0,0,0,3,"1",FALSE,0
"2054",5,"M",2,"White","Middle",2,0,0,0,0,0,0,0,0,0,4,"1",FALSE,0
"2055",4,"F",2,"White","Middle",2,0,0,0,0,0,0,0,0,0,3,"1",FALSE,0
"2056",4,"F",2,"Hispanic","Middle",2,0,0,0,0,0,0,0,0,0,4,"1",FALSE,0
"2057",5,"M",2,"White","Middle",2,0,0,0,0,0,0,0,0,0,4,"1",FALSE,0
"2058",4,"F",2,"Hispanic","Middle",2,0,0,0,0,0,0,0,0,0,4,"1",FALSE,0
"2059",4,"F",2,"Hispanic","Middle",2,NA,0,0,0,0,NA,0,0,0,4,"1",NA,0
"2060",4,"F",2,"Hispanic","Middle",2,0,0,0,0,0,0,0,0,0,4,NA,FALSE,0
"2061",5,"M",2,"White","Middle",2,0,0,0,0,0,0,0,0,0,4,"1",FALSE,0
"2062",5,"M",2,NA,"Middle",2,0,0,0,0,0,0,0,0,0,4,NA,FALSE,0
"2063",5,"F",2,"Black","Middle",2,0,0,0,0,0,0,0,0,0,2,"1",FALSE,1
"2064",4,"F",2,"Hispanic","Middle",2,0,0,0,0,0,0,0,0,0,4,"1",FALSE,0
"2065",5,"M",2,"Hispanic","Middle",2,0,0,0,0,0,0,0,0,0,4,"1",FALSE,0
"2066",5,"F",2,"Asian","Middle",2,0,0,0,0,0,0,0,0,0,4,"1",FALSE,0
"2067",5,"M",2,"Hispanic","Middle",2,0,0,0,0,0,0,0,0,0,4,"1",FALSE,0
"2068",5,"F",2,"White","Middle",2,0,0,0,0,0,0,0,0,0,4,NA,FALSE,0
"2069",4,"F",1,NA,"Middle",2,0,0,0,0,0,0,0,0,0,4,"1",FALSE,0
"2070",4,"F",1,"Hispanic","Middle",2,NA,NA,NA,NA,NA,NA,NA,NA,NA,3,"1",NA,0
"2071",3,"F",1,"White","Middle",2,0,0,0,0,0,0,0,0,0,4,"1",FALSE,0
"2072",3,"F",1,"Hispanic","Middle",2,0,0,0,0,0,0,0,0,0,1,NA,FALSE,1
"2073",3,"F",1,"White","Middle",2,0,0,0,0,0,0,0,0,0,4,"1",FALSE,0
"2074",4,"F",1,"Hispanic","Middle",2,0,0,0,0,0,0,0,0,0,4,NA,FALSE,0
"2075",3,"F",1,"Asian","Middle",2,0,0,0,0,0,0,0,0,0,4,"1",FALSE,0
"2076",3,"F",1,"White","Middle",2,0,0,0,0,0,0,0,0,0,4,"1",FALSE,0
"2077",4,"F",1,"White","Middle",2,0,0,0,0,0,0,0,0,0,4,"1",FALSE,0
"2078",4,"M",1,"Asian","Middle",2,0,0,0,0,0,0,0,0,0,4,"1",FALSE,0
"2079",3,"F",1,"White","Middle",2,0,0,0,0,0,0,0,0,0,4,"1",FALSE,0
"2080",4,"M",1,"White","Middle",2,0,0,NA,0,0,0,0,0,0,4,"1",NA,0
"2081",3,"M",1,"Hispanic","Middle",2,0,0,0,0,0,0,0,0,0,4,"1",FALSE,0
"2082",4,"F",1,"White","Middle",2,0,0,0,0,0,0,0,0,0,4,"1",FALSE,0
"2083",3,"F",1,NA,"Middle",2,0,0,0,0,0,0,0,0,0,2,"1",FALSE,1
"2084",4,"F",1,"Asian","Middle",2,0,0,NA,0,0,0,0,0,0,4,NA,NA,0
"2085",4,"M",1,NA,"Middle",2,0,0,0,0,0,0,0,0,0,4,"1",FALSE,0
"2086",4,"M",1,"White","Middle",2,0,0,0,0,0,0,0,0,0,4,NA,FALSE,0
"2087",4,"M",1,"White","Middle",2,0,0,0,0,0,0,0,0,0,4,"1",FALSE,0
"2088",4,"F",1,"White","Middle",2,0,0,0,0,0,0,0,0,0,4,"1",FALSE,0
"2089",4,"F",1,"White","Middle",2,0,0,0,0,0,0,0,0,0,4,"1",FALSE,0
"2090",3,"M",1,"White","Middle",2,0,0,0,0,0,0,0,0,0,4,"1",FALSE,0
"2091",4,"M",1,"Asian","Middle",2,0,0,0,0,0,0,0,0,0,4,"1",FALSE,0
"2092",4,"M",1,"White","Middle",2,0,0,0,0,0,0,0,0,0,4,"1",FALSE,0
"2093",3,"F",1,"Hispanic","Middle",2,0,0,0,0,0,0,0,0,0,4,"1",FALSE,0
"2094",4,"F",1,"White","Middle",2,0,0,0,0,0,0,0,0,0,4,"1",FALSE,0
"2095",4,"M",1,NA,"Middle",2,0,0,0,NA,NA,0,NA,NA,0,3,NA,NA,0
"2096",5,"M",1,"Asian","Middle",2,0,0,0,0,0,0,0,0,0,3,"1",FALSE,0
"2097",3,"M",1,"Asian","Middle",2,0,0,0,0,0,0,0,0,0,4,"1",FALSE,0
"2098",3,"M",1,"White","Middle",2,0,0,0,0,0,0,0,0,0,4,"1",FALSE,0
"2099",3,"M",1,"White","Middle",2,0,0,0,0,0,0,0,0,0,3,NA,FALSE,0
"2100",4,"M",1,"Hispanic","Middle",2,0,0,0,0,0,0,0,0,0,4,"1",FALSE,0
"2101",3,"F",1,"Hispanic","Middle",2,0,0,0,0,0,0,0,0,0,4,"1",FALSE,0
"2102",3,"F",1,"Hispanic","Middle",2,0,0,0,0,0,0,0,0,0,4,NA,FALSE,0
"2103",4,"M",1,"Hispanic","Middle",2,0,0,0,0,0,0,0,0,0,3,"1",FALSE,0
"2104",4,"M",1,"Hispanic","Middle",2,0,0,NA,0,0,0,0,0,0,2,NA,NA,1
"2105",4,"F",1,"Hispanic","Middle",2,0,0,0,0,0,0,0,0,0,2,"1",FALSE,1
"2106",4,"M",1,"Hispanic","Middle",2,0,0,0,0,0,0,0,0,0,4,"1",FALSE,0
"2107",4,"M",1,"Hispanic","Middle",2,0,0,0,0,0,0,0,0,1,3,"1",TRUE,0
"2108",4,"M",1,"Hispanic","Middle",2,0,0,NA,0,0,0,0,0,0,3,NA,NA,0
"2109",4,"M",1,"Hispanic","Middle",2,0,0,0,0,0,0,0,0,0,4,"1",FALSE,0
"2110",3,"M",1,"Hispanic","Middle",2,0,0,0,0,0,0,0,0,0,3,"1",FALSE,0
"2111",4,"M",1,"Hispanic","Middle",2,0,0,0,0,0,0,0,0,0,4,"1",FALSE,0
"2112",3,"M",1,"Hispanic","Middle",2,0,0,0,0,0,0,0,0,0,4,"1",FALSE,0
"2113",4,"F",1,"Hispanic","Middle",2,0,0,0,0,0,0,0,0,0,4,"1",FALSE,0
"2114",4,"M",1,"Hispanic","Middle",2,0,0,0,NA,NA,0,NA,NA,0,4,NA,NA,0
"2115",3,"M",1,"Hispanic","Middle",2,0,0,1,0,0,0,0,0,0,2,NA,TRUE,1
"2116",4,"M",1,"White","Middle",2,0,0,0,0,0,0,0,0,0,4,"1",FALSE,0
"2117",3,"M",1,"Hispanic","Middle",2,0,0,0,0,0,0,0,0,0,4,"1",FALSE,0
"2118",3,"F",1,"Hispanic","Middle",2,0,0,0,0,0,0,0,0,0,4,"1",FALSE,0
"2119",4,"F",1,"Hispanic","Middle",2,0,0,0,0,0,0,0,0,0,4,"1",FALSE,0
"2120",3,"F",1,"Hispanic","Middle",2,0,0,0,0,0,0,0,0,0,3,"1",FALSE,0
"2121",3,"M",1,"Hispanic","Middle",2,0,0,0,0,0,0,0,0,0,2,NA,FALSE,1
"2122",3,"F",1,"Hispanic","Middle",2,0,0,0,0,0,0,0,0,0,4,"1",FALSE,0
"2123",4,"F",1,"Hispanic","Middle",2,0,0,0,0,0,0,0,0,0,4,"1",FALSE,0
"2124",3,"M",1,"Hispanic","Middle",2,0,0,0,0,0,0,0,0,0,4,"1",FALSE,0
"2125",3,"M",1,"Hispanic","Middle",2,0,0,0,0,0,0,0,0,0,1,NA,FALSE,1
"2126",3,"F",1,"Hispanic","Middle",2,0,0,0,0,0,0,0,0,0,4,"1",FALSE,0
"2127",5,"F",3,"Hispanic","Middle",2,0,0,0,0,0,0,0,0,0,3,"1",FALSE,0
"2128",5,"F",3,"Hispanic","Middle",2,0,0,0,0,0,0,0,0,0,4,"1",FALSE,0
"2129",5,"M",3,"White","Middle",2,0,0,0,0,0,0,0,0,0,4,"1",FALSE,0
"2130",6,"F",3,"Black","Middle",2,0,0,0,0,0,0,0,0,0,1,"1",FALSE,1
"2131",5,"F",3,"Hispanic","Middle",2,0,0,0,0,0,0,0,0,0,4,"1",FALSE,0
"2132",5,"M",3,"Hispanic","Middle",2,0,0,0,0,0,0,0,0,0,4,"1",FALSE,0
"2133",5,"F",3,"Hispanic","Middle",2,0,0,0,0,0,0,0,0,0,3,"1",FALSE,0
"2134",6,"F",3,"Hispanic","Middle",2,0,0,0,0,0,0,0,0,0,4,"1",FALSE,0
"2135",5,"F",3,"Hispanic","Middle",2,0,0,0,0,0,0,0,0,0,4,NA,FALSE,0
"2136",6,"M",3,"Hispanic","Middle",2,0,0,0,0,0,0,0,0,0,2,NA,FALSE,1
"2137",6,"M",3,"Hispanic","Middle",2,0,0,0,0,0,0,0,0,NA,4,"1",NA,0
"2138",5,"M",3,"Hispanic","Middle",2,0,0,0,0,0,0,0,0,0,4,"1",FALSE,0
"2139",6,"M",3,"Hispanic","Middle",2,0,0,NA,0,0,0,0,0,0,4,"1",NA,0
"2140",5,"M",3,"Hispanic","Middle",2,0,0,0,0,0,0,0,0,0,4,"1",FALSE,0
"2141",5,"M",3,"Hispanic","Middle",2,0,0,0,0,0,0,0,0,0,4,NA,FALSE,0
"2142",6,"M",3,"Hispanic","Middle",2,0,0,0,0,0,0,0,0,0,4,"1",FALSE,0
"2143",7,"M",3,"Hispanic","Middle",2,0,0,NA,0,0,0,0,0,0,4,"1",NA,0
"2144",5,NA,NA,"Hispanic",NA,2,0,0,0,0,0,0,0,0,0,4,"1",FALSE,0
"2145",5,"F",3,"Hispanic","Middle",2,0,0,0,0,0,0,0,0,0,3,"1",FALSE,0
"2146",5,"M",3,"Hispanic","Middle",2,0,0,0,0,0,0,0,0,0,4,"1",FALSE,0
"2147",5,"F",3,"Hispanic","Middle",2,0,0,0,0,0,0,0,0,0,4,NA,FALSE,0
"2148",5,"F",3,"Hispanic","Middle",2,0,0,0,0,0,0,0,0,0,4,"1",FALSE,0
"2149",5,"F",3,"Hispanic","Middle",2,0,0,0,0,0,0,0,0,0,4,"1",FALSE,0
"2150",5,"F",3,"Hispanic","Middle",2,0,0,0,0,0,0,0,0,0,4,"1",FALSE,0
"2151",6,"M",3,"Hispanic","Middle",2,0,0,0,0,0,0,0,0,0,1,NA,FALSE,1
"2152",5,"M",3,"Hispanic","Middle",2,0,0,0,0,0,0,0,0,0,4,NA,FALSE,0
"2153",6,"M",3,"Hispanic","Middle",2,0,0,0,0,0,0,0,0,0,3,"1",FALSE,0
"2154",5,"M",3,"Black","Middle",2,0,0,0,0,0,0,0,0,0,4,"1",FALSE,0
"2155",5,"F",3,NA,"Middle",2,0,0,0,0,0,0,0,0,0,4,"1",FALSE,0
"2156",4,"M",2,"Hispanic","Middle",2,0,0,0,0,0,0,0,0,0,4,"1",FALSE,0
"2157",4,"F",2,"Hispanic","Middle",2,0,0,0,0,0,0,0,0,0,4,"1",FALSE,0
"2158",4,"F",2,"Hispanic","Middle",2,0,0,0,0,0,0,0,0,0,4,"1",FALSE,0
"2159",4,"F",2,"Hispanic","Middle",2,0,0,0,0,0,0,0,0,0,3,"1",FALSE,0
"2160",5,"M",2,"Hispanic","Middle",2,0,0,0,0,0,0,0,0,0,2,"1",FALSE,1
"2161",4,"F",2,"Hispanic","Middle",2,0,0,0,0,0,0,0,0,0,4,NA,FALSE,0
"2162",4,"M",2,"Black","Middle",2,0,0,0,0,0,0,0,0,0,2,"1",FALSE,1
"2163",4,"M",2,"Hispanic","Middle",2,0,0,0,0,0,0,0,0,0,4,"1",FALSE,0
"2164",4,"M",2,"Hispanic","Middle",2,NA,0,0,0,0,0,0,0,0,4,"1",NA,0
"2165",5,"M",2,"Hispanic","Middle",2,0,0,0,0,0,0,0,0,0,2,"1",FALSE,1
"2166",4,"F",2,"Hispanic","Middle",2,0,0,NA,0,0,0,0,0,0,3,"1",NA,0
"2167",4,"M",2,"Hispanic","Middle",2,0,0,0,0,0,0,0,0,0,4,"1",FALSE,0
"2168",4,"M",2,"Hispanic","Middle",2,0,0,0,0,0,NA,0,0,0,4,"1",NA,0
"2169",4,"F",2,"Hispanic","Middle",2,0,0,0,0,0,0,0,0,0,4,"1",FALSE,0
"2170",4,"M",2,"Hispanic","Middle",2,0,0,0,0,0,0,0,0,0,4,"1",FALSE,0
"2171",4,"F",2,"Hispanic","Middle",2,0,0,0,0,0,0,0,0,0,1,NA,FALSE,1
"2172",4,"M",2,"Hispanic","Middle",2,0,0,0,0,0,0,0,0,0,4,"1",FALSE,0
"2173",4,"F",2,"Hispanic","Middle",2,0,0,0,0,0,0,0,0,0,4,"1",FALSE,0
"2174",4,"M",2,"Hispanic","Middle",2,0,0,NA,0,0,0,0,0,0,4,"1",NA,0
"2175",4,"F",2,"Hispanic","Middle",2,0,0,0,0,0,0,0,0,0,4,NA,FALSE,0
"2176",4,"M",2,"Hispanic","Middle",1,0,0,0,0,0,0,0,0,1,3,NA,TRUE,0
"2177",4,"F",2,"Hispanic","Middle",2,0,0,0,0,0,0,0,0,0,4,"1",FALSE,0
"2178",3,"F",2,"Hispanic","Middle",2,0,0,0,0,1,1,0,0,1,1,NA,TRUE,1
"2179",4,"M",2,"Hispanic","Middle",2,0,0,0,0,0,0,0,0,0,2,"1",FALSE,1
"2180",4,"F",2,"Hispanic","Middle",2,0,0,0,0,0,0,0,0,0,4,"1",FALSE,0
"2181",4,"M",2,"Hispanic","Middle",2,0,0,0,0,0,0,0,0,0,4,"1",FALSE,0
"2182",4,"M",2,"Hispanic","Middle",2,0,0,0,0,0,0,0,0,0,3,"1",FALSE,0
"2183",5,"F",2,"Hispanic","Middle",2,0,0,0,0,0,0,0,0,0,4,"1",FALSE,0
"2184",4,"F",2,"Hispanic","Middle",2,0,0,0,0,0,0,0,0,0,4,"1",FALSE,0
"2185",5,"M",2,"Hispanic","Middle",2,0,0,0,0,0,0,0,0,1,2,NA,TRUE,1
"2186",9,"M",7,"White","High",2,0,0,0,0,0,0,0,0,0,4,"1",FALSE,0
"2187",10,"F",7,"Hispanic","High",2,0,0,0,0,0,0,0,0,0,3,NA,FALSE,0
"2188",9,"F",7,"Hispanic","High",2,0,0,0,0,0,0,0,0,0,1,"1",FALSE,1
"2189",9,"F",7,"Hispanic","High",2,0,0,0,0,0,0,0,0,0,3,"1",FALSE,0
"2190",9,"M",7,"White","High",2,0,0,0,0,0,0,0,0,0,4,"1",FALSE,0
"2191",10,"F",7,"White","High",1,0,0,0,0,0,0,0,0,1,1,NA,TRUE,1
"2192",10,"F",7,"White","High",2,0,0,0,0,0,0,0,0,0,4,"1",FALSE,0
"2193",9,"F",7,"Hispanic","High",2,0,0,0,0,0,0,0,0,0,4,"1",FALSE,0
"2194",9,"M",7,"White","High",2,1,0,0,0,0,0,0,0,0,2,NA,TRUE,1
"2195",9,"F",7,"Hispanic","High",1,0,0,0,0,0,1,0,0,0,4,"1",TRUE,0
"2196",10,"M",7,"White","High",2,0,0,0,0,0,0,0,0,0,1,"1",FALSE,1
"2197",9,"F",7,"Black","High",2,0,0,0,0,0,0,0,0,0,4,"1",FALSE,0
"2198",10,"F",7,"Hispanic","High",2,0,0,0,0,0,0,0,0,0,4,NA,FALSE,0
"2199",10,"F",7,"Hispanic","High",2,0,0,0,0,0,0,0,0,0,4,"1",FALSE,0
"2200",10,"M",7,"Hispanic","High",2,0,0,0,0,0,0,0,0,0,4,"1",FALSE,0
"2201",9,"F",7,"Black","High",1,0,0,0,0,0,0,0,0,0,1,"1",FALSE,1
"2202",9,"F",7,"Black","High",2,0,0,0,0,0,0,0,0,0,4,"1",FALSE,0
"2203",9,"F",7,"Hispanic","High",2,0,0,0,0,0,0,0,0,0,2,"1",FALSE,1
"2204",9,"M",7,"White","High",1,0,1,1,0,0,0,0,0,0,3,NA,TRUE,0
"2205",9,"M",7,"White","High",2,0,0,0,0,0,0,0,0,0,4,"1",FALSE,0
"2206",10,"M",7,"Hispanic","High",1,0,0,0,0,0,0,0,0,0,1,"1",FALSE,1
"2207",7,"F",5,"Hispanic","High",2,0,0,0,0,0,0,0,0,0,4,"1",FALSE,0
"2208",8,"F",6,"Hispanic","High",2,0,0,0,0,0,0,0,0,0,4,"1",FALSE,0
"2209",7,"F",5,"Hispanic","High",2,0,0,0,0,0,0,0,0,0,4,"1",FALSE,0
"2210",7,"M",5,"Hispanic","High",2,0,0,0,0,0,0,0,0,0,4,"1",FALSE,0
"2211",8,"M",5,"Black","High",2,0,0,0,0,0,0,0,0,0,4,"1",FALSE,0
"2212",8,"M",5,"White","High",2,0,0,0,0,0,0,0,0,0,3,"1",FALSE,0
"2213",7,"F",5,"Hispanic","High",2,0,0,0,0,0,0,0,0,0,4,"1",FALSE,0
"2214",7,"F",5,"Hispanic","High",2,0,0,0,0,0,0,0,0,0,3,"1",FALSE,0
"2215",8,"M",5,"Black","High",2,0,0,0,0,0,0,0,0,0,4,NA,FALSE,0
"2216",8,"F",5,"AI/AN","High",1,0,0,0,0,0,0,0,0,0,2,"1",FALSE,1
"2217",8,"F",5,NA,"High",2,0,0,0,0,0,0,0,0,0,4,"1",FALSE,0
"2218",7,"M",5,"Hispanic","High",2,0,0,0,0,0,0,0,0,0,4,"1",FALSE,0
"2219",8,"M",4,"AI/AN","High",2,0,0,0,0,0,0,0,0,0,3,"1",FALSE,0
"2220",6,"F",4,"White","High",2,0,0,0,NA,NA,0,NA,NA,0,2,"1",NA,1
"2221",8,"M",5,"White","High",2,0,0,0,0,0,0,0,0,0,3,"1",FALSE,0
"2222",7,"M",5,"Hispanic","High",2,0,0,0,0,0,0,0,0,0,1,NA,FALSE,1
"2223",7,"F",5,"Hispanic","High",2,0,0,0,0,0,0,0,0,0,4,"1",FALSE,0
"2224",6,"F",4,"White","High",2,0,0,0,0,0,0,0,0,0,4,NA,FALSE,0
"2225",7,"F",4,"Hispanic","High",2,0,0,0,0,0,0,0,0,0,4,"1",FALSE,0
"2226",6,"M",4,NA,"High",2,0,0,0,0,0,1,0,0,1,3,NA,TRUE,0
"2227",6,"F",4,"White","High",2,0,0,0,0,0,0,0,0,0,3,NA,FALSE,0
"2228",7,"M",4,"Hispanic","High",2,0,0,0,0,0,0,0,0,0,4,"1",FALSE,0
"2229",7,"M",4,"Hispanic","High",1,0,1,0,0,0,0,0,0,1,4,NA,TRUE,0
"2230",6,"F",4,"Hispanic","High",2,0,0,0,0,0,0,0,0,0,4,"1",FALSE,0
"2231",8,"F",6,"Hispanic","High",2,0,0,0,0,0,0,0,0,0,4,NA,FALSE,0
"2232",8,"M",7,"Asian","High",2,0,0,0,0,0,0,0,0,0,1,NA,FALSE,1
"2233",8,"F",6,"Hispanic","High",2,0,0,0,0,0,0,0,0,0,2,NA,FALSE,1
"2234",8,"M",6,"Hispanic","High",2,0,0,0,0,0,0,0,0,0,4,NA,FALSE,0
"2235",9,"M",7,"Asian","High",2,0,0,0,0,0,0,0,0,0,2,NA,FALSE,1
"2236",9,"M",6,"Black","High",1,0,1,0,0,0,0,0,0,0,4,NA,TRUE,0
"2237",9,"F",6,"Hispanic","High",2,0,0,0,0,0,0,0,0,0,4,"1",FALSE,0
"2238",9,"F",7,"Asian","High",2,0,0,0,0,0,0,0,0,0,4,NA,FALSE,0
"2239",8,"M",6,"Asian","High",2,0,0,0,0,0,0,0,0,0,4,NA,FALSE,0
"2240",9,"F",6,"Black","High",2,0,0,0,0,0,0,0,0,0,4,NA,FALSE,0
"2241",9,"M",6,"Hispanic","High",2,0,0,0,0,0,0,0,0,0,4,"1",FALSE,0
"2242",8,"F",6,"Hispanic","High",2,0,0,0,0,0,0,0,0,0,4,"1",FALSE,0
"2243",9,"F",6,"White","High",2,0,0,0,0,0,0,0,0,0,4,"1",FALSE,0
"2244",8,"M",6,"White","High",2,0,0,0,0,0,0,0,0,0,4,"1",FALSE,0
"2245",9,"F",6,"White","High",2,0,0,0,0,0,0,0,0,0,2,"1",FALSE,1
"2246",8,"F",6,"White","High",2,0,0,0,0,0,0,0,0,0,3,"1",FALSE,0
"2247",8,"F",6,"White","High",2,0,0,0,0,0,0,0,0,0,4,"1",FALSE,0
"2248",9,"F",6,"Hispanic","High",2,0,0,0,0,0,0,0,0,0,4,NA,FALSE,0
"2249",8,"F",6,"Hispanic","High",2,0,0,0,0,0,0,0,0,0,4,NA,FALSE,0
"2250",9,"F",6,"Hispanic","High",2,0,0,0,0,0,0,0,0,0,4,"1",FALSE,0
"2251",8,"F",6,"White","High",2,0,0,0,0,0,0,0,0,0,1,NA,FALSE,1
"2252",9,"F",6,"Hispanic","High",2,0,0,0,0,0,0,0,0,0,4,NA,FALSE,0
"2253",9,"F",6,"Hispanic","High",1,0,0,0,0,0,0,0,0,0,4,"1",FALSE,0
"2254",9,"F",6,"Hispanic","High",2,0,0,0,0,0,0,0,0,0,2,NA,FALSE,1
"2255",9,"F",7,"Asian","High",2,0,0,0,0,0,0,0,0,1,2,"1",TRUE,1
"2256",9,"M",6,"Hispanic","High",2,0,0,0,0,0,0,0,0,0,4,NA,FALSE,0
"2257",8,"F",6,"White","High",2,0,0,0,0,0,0,0,0,0,4,NA,FALSE,0
"2258",9,"M",6,"Hispanic","High",2,0,0,0,0,0,0,0,0,0,3,"1",FALSE,0
"2259",9,"M",7,"Hispanic","High",2,0,0,0,0,0,0,0,0,0,2,"1",FALSE,1
"2260",9,"F",6,"Asian","High",NA,0,0,0,0,0,0,0,0,0,1,"1",FALSE,1
"2261",8,"F",6,"Hispanic","High",1,0,1,0,0,0,1,0,0,1,3,"1",TRUE,0
"2262",6,"F",4,"White","High",1,0,1,0,0,1,0,0,0,1,2,NA,TRUE,1
"2263",6,"F",4,"Hispanic","High",2,0,0,0,0,0,0,0,0,0,4,"1",FALSE,0
"2264",6,"M",4,"Hispanic","High",2,0,0,0,0,0,0,0,0,0,4,"1",FALSE,0
"2265",7,"F",4,"Hispanic","High",2,0,0,0,0,0,0,0,0,0,1,NA,FALSE,1
"2266",7,"M",4,"White","High",2,0,0,0,0,0,0,0,0,1,2,NA,TRUE,1
"2267",7,"F",4,"White","High",2,0,0,0,0,0,0,0,0,1,4,NA,TRUE,0
"2268",8,"F",5,"Hispanic","High",2,0,0,0,0,0,0,0,0,0,4,"1",FALSE,0
"2269",7,"M",4,"AI/AN","High",2,0,0,0,0,0,0,0,0,0,4,NA,FALSE,0
"2270",7,"M",4,"Hispanic","High",2,0,0,0,0,0,0,0,0,0,3,NA,FALSE,0
"2271",6,"M",4,"White","High",2,0,0,NA,0,0,0,0,0,0,2,NA,NA,1
"2272",6,"F",4,"Hispanic","High",2,0,0,NA,0,0,1,0,0,0,4,NA,TRUE,0
"2273",6,NA,4,"Hispanic","High",1,0,NA,0,0,0,0,0,0,1,3,NA,TRUE,0
"2274",7,"F",4,"Hispanic","High",2,0,0,0,0,0,0,0,0,0,4,"1",FALSE,0
"2275",6,"F",4,"Hispanic","High",2,0,0,0,0,0,0,0,0,0,4,"1",FALSE,0
"2276",9,"M",7,"Hispanic","High",2,0,0,0,0,0,0,0,0,0,2,"1",FALSE,1
"2277",9,"M",7,"White","High",2,0,0,0,0,0,0,0,0,0,2,NA,FALSE,1
"2278",10,"F",7,"White","High",2,0,0,0,0,0,0,0,0,0,4,"1",FALSE,0
"2279",9,"F",7,"Hispanic","High",2,0,0,0,0,0,0,0,0,0,2,"1",FALSE,1
"2280",9,"F",7,"White","High",2,0,0,0,0,0,0,0,0,0,4,"1",FALSE,0
"2281",9,"M",7,"White","High",2,0,0,0,0,0,0,0,0,0,2,"1",FALSE,1
"2282",8,"M",5,"Hispanic","High",1,0,0,0,0,0,0,0,0,0,4,"1",FALSE,0
"2283",7,"M",4,"Black","High",2,0,0,0,0,0,1,0,0,0,4,"1",TRUE,0
"2284",6,"M",4,"Black","High",2,0,0,0,0,0,0,0,0,0,4,"1",FALSE,0
"2285",7,"F",4,"Hispanic","High",2,0,0,0,0,0,0,0,0,0,3,NA,FALSE,0
"2286",7,"M",4,"White","High",2,1,0,1,0,0,0,0,0,1,2,NA,TRUE,1
"2287",7,"M",5,"Hispanic","High",2,0,0,0,0,0,0,0,0,0,4,"1",FALSE,0
"2288",8,"M",5,"Hispanic","High",2,0,0,0,0,0,0,0,0,0,3,NA,FALSE,0
"2289",8,"M",5,"Hispanic","High",2,0,0,0,0,0,0,0,0,0,4,"1",FALSE,0
"2290",7,"F",5,"Hispanic","High",2,0,0,0,0,0,0,0,0,0,4,"1",FALSE,0
"2291",8,"M",5,"Hispanic","High",2,0,0,0,0,0,0,0,0,0,4,NA,FALSE,0
"2292",8,"F",5,"Hispanic","High",2,0,0,1,0,0,0,0,0,1,1,"1",TRUE,1
"2293",8,"F",5,"Hispanic","High",2,0,0,0,0,0,0,0,0,0,3,"1",FALSE,0
"2294",8,"F",5,"Hispanic","High",2,0,0,0,0,0,0,0,0,0,1,NA,FALSE,1
"2295",7,"F",5,"Hispanic","High",2,0,0,0,0,0,0,0,0,0,4,"1",FALSE,0
"2296",8,"F",5,"Hispanic","High",2,0,0,0,0,0,0,0,0,0,4,NA,FALSE,0
"2297",7,"M",5,"Hispanic","High",2,0,0,0,NA,NA,0,NA,NA,0,4,NA,NA,0
"2298",8,"F",5,"Hispanic","High",2,0,0,0,0,0,0,0,0,0,4,"1",FALSE,0
"2299",8,"F",5,"Hispanic","High",2,0,0,0,0,0,0,0,0,0,4,"1",FALSE,0
"2300",8,"F",5,"Hispanic","High",1,0,0,0,NA,NA,0,NA,NA,0,1,NA,NA,1
"2301",7,"F",5,"Hispanic","High",2,0,0,0,0,0,0,0,0,0,1,"1",FALSE,1
"2302",7,"F",5,"Hispanic","High",2,0,0,0,0,0,0,0,0,0,2,NA,FALSE,1
"2303",7,"F",5,"Hispanic","High",2,0,0,0,0,0,0,0,0,0,1,"1",FALSE,1
"2304",7,"M",5,"Hispanic","High",2,0,0,0,0,0,0,0,0,0,3,"1",FALSE,0
"2305",8,"M",5,"Hispanic","High",2,0,0,0,0,0,0,0,0,0,4,NA,FALSE,0
"2306",8,"M",5,"Hispanic","High",NA,0,NA,NA,NA,NA,NA,NA,NA,NA,1,NA,NA,1
"2307",7,"M",5,"Hispanic","High",2,0,0,0,0,0,0,0,0,0,4,"1",FALSE,0
"2308",8,"M",5,"Hispanic","High",2,0,0,0,0,0,0,0,0,0,2,"1",FALSE,1
"2309",8,"F",5,"Black","High",2,0,0,0,0,0,0,0,0,0,4,"1",FALSE,0
"2310",7,"M",5,"Hispanic","High",2,0,0,0,0,0,0,0,0,0,4,"1",FALSE,0
"2311",7,"M",5,"Hispanic","High",2,0,0,NA,0,0,0,0,0,0,3,"1",NA,0
"2312",8,"F",5,"Hispanic","High",2,0,0,0,0,0,0,0,0,0,4,"1",FALSE,0
"2313",8,"M",5,"Hispanic","High",1,0,0,0,0,0,0,0,0,0,2,"1",FALSE,1
"2314",8,"M",5,"Hispanic","High",2,0,0,0,0,0,0,0,0,0,4,"1",FALSE,0
"2315",8,"F",5,"Hispanic","High",2,0,0,0,0,0,0,0,0,0,1,"1",FALSE,1
"2316",8,"M",5,"Hispanic","High",2,NA,0,0,0,0,0,0,0,0,2,NA,NA,1
"2317",8,"M",5,"Hispanic","High",2,0,0,0,0,0,0,0,0,0,1,NA,FALSE,1
"2318",7,"M",5,"Hispanic","High",2,0,0,0,0,0,0,0,0,0,3,NA,FALSE,0
"2319",7,"M",5,"Hispanic","High",1,1,0,0,0,0,0,1,0,1,2,NA,TRUE,1
"2320",7,"M",5,"Hispanic","High",2,0,0,0,0,0,0,0,0,0,1,"1",FALSE,1
"2321",8,"M",5,"Hispanic","High",2,0,0,0,0,0,0,0,0,0,4,NA,FALSE,0
"2322",8,"M",5,"Asian","High",2,0,0,0,0,0,NA,0,0,0,4,"1",NA,0
"2323",8,"M",6,"Hispanic","High",2,0,0,0,0,0,0,0,0,0,4,"1",FALSE,0
"2324",10,"F",7,"Hispanic","High",2,0,0,0,0,0,0,0,0,0,4,"1",FALSE,0
"2325",9,"M",7,"Hispanic","High",2,0,0,0,0,0,0,0,0,0,4,"1",FALSE,0
"2326",9,"M",7,"Hispanic","High",NA,0,0,0,0,0,0,0,0,0,4,NA,FALSE,0
"2327",9,"M",7,"Hispanic","High",2,0,0,0,0,0,0,0,0,0,1,"1",FALSE,1
"2328",9,"M",7,"Hispanic","High",2,0,0,0,0,0,0,0,0,0,4,"1",FALSE,0
"2329",10,"M",7,"Hispanic","High",1,0,0,0,0,0,0,0,0,0,3,"1",FALSE,0
"2330",10,"F",7,"Hispanic","High",2,0,0,0,0,0,0,0,0,0,4,"1",FALSE,0
"2331",8,"M",6,"Hispanic","High",2,0,0,0,0,0,0,0,0,1,2,"1",TRUE,1
"2332",9,"M",6,"Hispanic","High",2,0,0,0,0,0,0,0,0,1,3,NA,TRUE,0
"2333",8,"M",6,"Hispanic","High",2,0,0,0,0,0,0,0,0,0,4,"1",FALSE,0
"2334",9,"F",6,"Hispanic","High",1,1,1,NA,0,0,1,0,0,0,2,"1",TRUE,1
"2335",9,"F",6,"Hispanic","High",2,0,0,0,0,0,0,0,0,0,4,"1",FALSE,0
"2336",9,"M",6,"Hispanic","High",1,0,0,0,NA,NA,NA,NA,NA,1,2,NA,TRUE,1
"2337",8,"M",6,"Hispanic","High",2,0,0,0,0,0,0,0,0,0,4,"1",FALSE,0
"2338",9,"M",6,"Hispanic","High",2,0,0,0,0,0,0,0,0,0,3,NA,FALSE,0
"2339",9,"F",6,"Hispanic","High",2,0,0,0,0,0,0,0,0,0,2,"1",FALSE,1
"2340",9,"M",6,"Hispanic","High",NA,0,0,0,NA,NA,NA,NA,NA,0,3,"1",NA,0
"2341",8,"M",6,"Hispanic","High",2,0,0,0,0,0,0,0,0,0,3,"1",FALSE,0
"2342",9,"M",7,"Hispanic","High",2,0,0,0,0,0,0,0,0,0,2,"1",FALSE,1
"2343",8,"M",6,"Hispanic","High",1,0,1,0,0,0,0,0,0,1,2,"1",TRUE,1
"2344",10,"F",6,"Hispanic","High",2,0,0,0,0,0,0,0,0,0,4,NA,FALSE,0
"2345",9,"F",6,"Hispanic","High",2,0,0,0,0,0,1,0,0,1,1,"1",TRUE,1
"2346",9,"M",6,"Hispanic","High",2,0,0,0,0,0,0,0,0,0,2,NA,FALSE,1
"2347",9,"M",6,"Hispanic","High",2,0,0,0,0,0,0,0,0,0,4,NA,FALSE,0
"2348",9,"F",6,"Hispanic","High",2,0,0,0,0,0,0,0,0,0,4,"1",FALSE,0
"2349",10,"M",6,"Hispanic","High",2,0,0,NA,0,0,1,0,0,0,4,"1",TRUE,0
"2350",7,"F",5,"Hispanic","High",2,0,0,0,0,0,0,0,0,0,1,NA,FALSE,1
"2351",9,"F",6,"Black","High",2,0,0,0,1,1,1,0,0,1,2,NA,TRUE,1
"2352",9,"F",6,"Hispanic","High",2,0,0,0,0,0,0,0,0,0,4,"1",FALSE,0
"2353",9,"F",6,"Hispanic","High",1,0,0,0,0,0,0,0,0,0,2,"1",FALSE,1
"2354",9,"M",6,"White","High",2,0,0,NA,0,0,0,0,0,0,4,NA,NA,0
"2355",9,"M",6,"Hispanic","High",2,0,0,NA,0,0,0,0,0,0,1,"1",NA,1
"2356",8,"M",6,"White","High",2,1,0,0,0,0,0,0,0,1,1,"1",TRUE,1
"2357",9,"M",6,"Hispanic","High",2,0,0,0,0,0,0,0,0,0,3,NA,FALSE,0
"2358",9,"F",6,"Hispanic","High",2,0,0,0,0,0,0,0,0,0,2,"1",FALSE,1
"2359",9,"F",6,"Hispanic","High",1,0,0,0,0,0,0,0,0,0,3,"1",FALSE,0
"2360",8,"F",6,"Hispanic","High",2,0,0,0,0,0,0,0,0,0,2,NA,FALSE,1
"2361",8,"M",6,"Hispanic","High",1,1,1,1,1,1,1,1,1,1,1,NA,TRUE,1
"2362",8,"M",6,"Hispanic","High",2,0,0,0,0,0,0,0,0,1,4,"1",TRUE,0
"2363",8,"F",6,"Hispanic","High",2,0,0,0,0,0,0,0,0,0,1,"1",FALSE,1
"2364",10,"F",7,"Hispanic","High",2,0,0,0,0,0,0,0,0,0,3,NA,FALSE,0
"2365",11,"F",7,"Hispanic","High",1,1,1,0,0,0,1,1,0,1,2,"1",TRUE,1
"2366",11,"F",7,"Hispanic","High",NA,NA,0,0,0,0,1,0,0,1,2,NA,TRUE,1
"2367",10,"F",7,"Hispanic","High",2,0,0,0,0,0,0,0,0,0,4,NA,FALSE,0
"2368",10,"F",7,"Hispanic","High",2,0,0,0,0,0,0,0,0,0,3,"1",FALSE,0
"2369",9,"M",7,"Hispanic","High",2,0,0,0,0,0,0,0,0,0,4,"1",FALSE,0
"2370",10,"F",7,"Hispanic","High",2,0,0,0,0,0,0,0,0,0,3,NA,FALSE,0
"2371",9,"F",7,"Hispanic","High",2,0,0,0,0,0,0,0,0,0,1,NA,FALSE,1
"2372",9,"M",7,"Hispanic","High",2,0,0,0,0,0,0,0,0,0,4,"1",FALSE,0
"2373",11,"F",7,"Hispanic","High",2,0,0,0,0,0,0,0,0,0,4,"1",FALSE,0
"2374",9,"F",7,"Hispanic","High",2,0,0,0,0,0,0,0,0,0,2,"1",FALSE,1
"2375",10,"M",7,"Hispanic","High",2,0,0,0,0,0,0,0,0,0,4,"1",FALSE,0
"2376",10,"F",7,"Hispanic","High",2,0,0,0,0,0,0,0,0,0,2,"1",FALSE,1
"2377",10,"F",7,"Hispanic","High",1,0,0,0,0,0,0,0,0,0,1,"1",FALSE,1
"2378",10,"M",7,"Hispanic","High",2,0,0,0,0,0,0,0,0,0,3,NA,FALSE,0
"2379",10,"F",7,"Hispanic","High",2,0,0,0,0,0,1,0,0,0,4,"1",TRUE,0
"2380",9,"M",7,"Hispanic","High",2,0,0,0,0,0,0,0,0,0,4,"1",FALSE,0
"2381",9,"M",7,"Black","High",2,0,0,0,0,0,0,0,0,0,4,NA,FALSE,0
"2382",9,"M",7,"Hispanic","High",2,0,0,0,0,0,0,0,0,1,4,NA,TRUE,0
"2383",9,"M",7,"Hispanic","High",2,0,0,0,0,0,0,0,0,0,2,"1",FALSE,1
"2384",10,"F",7,"Hispanic","High",2,0,0,0,0,0,0,0,0,0,2,"1",FALSE,1
"2385",10,"M",7,"Hispanic","High",2,1,0,0,0,0,0,0,0,1,2,"1",TRUE,1
"2386",9,"M",7,"Hispanic","High",2,0,0,0,0,0,0,0,0,0,4,"1",FALSE,0
"2387",10,"M",7,"Hispanic","High",1,1,1,0,0,0,0,0,0,0,1,"1",TRUE,1
"2388",10,"M",7,"Hispanic","High",2,1,0,0,0,0,0,0,0,0,1,"1",TRUE,1
"2389",9,"M",7,"Hispanic","High",1,1,0,0,0,0,0,0,0,0,1,NA,TRUE,1
"2390",10,"M",7,"Hispanic","High",2,0,0,0,0,0,0,0,0,0,2,"1",FALSE,1
"2391",9,"F",7,"Hispanic","High",2,0,0,0,0,0,0,0,0,0,3,"1",FALSE,0
"2392",9,"M",7,"Hispanic","High",2,0,0,0,0,0,0,0,0,0,3,"1",FALSE,0
"2393",9,"M",7,"Hispanic","High",2,0,0,0,0,0,0,0,0,0,2,"1",FALSE,1
"2394",10,"F",7,"Hispanic","High",2,0,0,0,0,0,0,0,0,0,4,"1",FALSE,0
"2395",10,"F",7,"Hispanic","High",2,0,0,0,0,0,0,0,0,0,4,"1",FALSE,0
"2396",9,"F",7,"Hispanic","High",2,0,0,0,NA,NA,0,NA,NA,0,3,NA,NA,0
"2397",10,"F",7,"Hispanic","High",2,0,0,0,0,0,0,0,0,0,1,"1",FALSE,1
"2398",10,"M",7,"Hispanic","High",1,0,0,0,0,0,1,0,0,1,2,"1",TRUE,1
"2399",10,"M",7,"Hispanic","High",2,NA,0,0,0,0,0,0,0,0,2,NA,NA,1
"2400",9,"M",7,"Hispanic","High",2,0,0,0,0,0,0,0,0,0,2,"1",FALSE,1
"2401",9,"M",7,"Black","High",1,0,0,0,0,0,0,0,0,0,2,"1",FALSE,1
"2402",10,"F",7,"Hispanic","High",2,0,0,0,0,0,0,0,0,0,4,"1",FALSE,0
"2403",10,"M",7,"Hispanic","High",1,1,1,0,0,0,0,0,0,0,1,"1",TRUE,1
"2404",9,"F",7,NA,"High",2,0,0,0,0,0,0,0,0,0,NA,"1",FALSE,NA
"2405",10,"F",7,"Hispanic","High",2,0,0,0,0,0,0,0,0,0,1,"1",FALSE,1
"2406",10,"F",7,"Hispanic","High",2,0,0,0,0,0,0,0,0,0,2,NA,FALSE,1
"2407",10,"M",7,"Hispanic","High",1,NA,1,0,0,0,0,0,0,1,4,"1",TRUE,0
"2408",11,"M",7,"Hispanic","High",2,0,0,0,0,0,0,0,0,0,1,"1",FALSE,1
"2409",9,"F",7,"Hispanic","High",2,0,0,0,0,0,0,0,0,0,3,NA,FALSE,0
"2410",10,"M",7,"Hispanic","High",2,0,0,0,0,0,0,0,0,0,4,"1",FALSE,0
"2411",10,"F",7,"Hispanic","High",2,0,0,0,0,0,0,0,0,0,4,"1",FALSE,0
"2412",9,"M",7,"Hispanic","High",2,0,0,0,0,0,0,0,0,0,2,"1",FALSE,1
"2413",10,"F",7,"Hispanic","High",2,0,0,0,0,0,0,1,0,0,2,NA,TRUE,1
"2414",9,"F",7,"Hispanic","High",2,0,0,0,0,0,0,0,0,0,4,NA,FALSE,0
"2415",9,"F",7,"Hispanic","High",2,0,0,0,0,0,0,0,0,0,3,"1",FALSE,0
"2416",9,"F",7,"Hispanic","High",2,NA,0,0,0,0,0,0,0,0,3,NA,NA,0
"2417",10,"M",7,"Hispanic","High",2,0,0,0,0,0,0,0,0,0,4,"1",FALSE,0
"2418",9,"M",7,"Asian","High",2,0,0,0,0,0,0,0,0,0,4,"1",FALSE,0
"2419",9,"F",7,"Hispanic","High",2,0,0,0,0,0,0,0,0,1,1,"1",TRUE,1
"2420",10,"M",7,"Hispanic","High",2,0,0,0,0,0,0,0,0,0,4,"1",FALSE,0
"2421",10,"M",7,"Hispanic","High",2,0,0,0,0,0,0,0,0,0,4,"1",FALSE,0
"2422",9,"M",7,"Hispanic","High",NA,0,0,0,0,0,0,0,0,0,1,"1",FALSE,1
"2423",4,"F",1,"Hispanic","Middle",2,0,0,0,0,0,0,0,0,0,4,"1",FALSE,0
"2424",4,"M",1,"AI/AN","Middle",2,0,0,0,0,0,0,0,0,0,4,"1",FALSE,0
"2425",4,"M",1,"Hispanic","Middle",2,NA,0,NA,0,0,0,0,0,0,1,NA,NA,1
"2426",4,"M",1,"White","Middle",2,0,0,0,0,0,0,0,0,0,4,"1",FALSE,0
"2427",3,"F",1,"White","Middle",2,0,0,NA,0,0,0,0,0,0,2,"1",NA,1
"2428",3,"F",1,"White","Middle",2,0,0,0,0,0,0,0,0,0,4,"1",FALSE,0
"2429",3,"M",1,"White","Middle",2,0,0,0,0,0,0,0,0,0,4,"1",FALSE,0
"2430",3,"M",1,"Hispanic","Middle",2,0,0,0,NA,NA,0,NA,NA,0,4,"1",NA,0
"2431",3,"M",1,"Hispanic","Middle",2,0,0,0,0,0,0,0,0,0,4,"1",FALSE,0
"2432",4,"M",1,"Hispanic","Middle",2,0,0,0,0,0,0,0,0,0,4,"1",FALSE,0
"2433",4,"F",1,"White","Middle",2,0,0,0,0,0,0,0,0,0,4,"1",FALSE,0
"2434",4,"F",1,"White","Middle",2,0,0,0,0,0,0,0,0,0,4,"1",FALSE,0
"2435",4,"F",1,"White","Middle",2,0,0,0,0,0,0,0,0,0,4,"1",FALSE,0
"2436",4,"M",1,"White","Middle",2,0,0,0,0,0,0,0,0,0,4,"1",FALSE,0
"2437",4,"M",1,"White","Middle",2,0,0,0,0,0,0,0,0,0,4,"1",FALSE,0
"2438",3,"M",1,"White","Middle",2,0,0,0,0,0,0,0,0,0,3,"1",FALSE,0
"2439",4,"M",1,"White","Middle",2,0,0,0,0,0,0,0,0,0,4,"1",FALSE,0
"2440",3,"F",1,"White","Middle",2,0,0,0,0,0,0,0,0,0,4,NA,FALSE,0
"2441",3,"F",1,"Hispanic","Middle",2,0,0,0,0,0,0,0,0,0,4,"1",FALSE,0
"2442",3,"M",1,"White","Middle",2,0,0,0,0,0,0,0,0,0,4,"1",FALSE,0
"2443",4,"M",1,"White","Middle",2,0,0,0,0,0,0,0,0,0,4,NA,FALSE,0
"2444",3,"F",1,"White","Middle",2,0,0,0,0,0,0,0,0,0,4,"1",FALSE,0
"2445",3,"F",1,"White","Middle",2,0,0,0,0,0,0,0,0,0,4,NA,FALSE,0
"2446",3,"F",1,"Black","Middle",2,0,0,0,0,0,0,0,0,0,4,"1",FALSE,0
"2447",3,"F",1,"White","Middle",2,0,0,0,0,0,0,0,0,0,4,"1",FALSE,0
"2448",4,"M",1,"White","Middle",2,0,0,0,0,0,0,0,0,0,4,NA,FALSE,0
"2449",4,"M",1,"White","Middle",2,0,0,0,0,0,NA,0,0,0,4,"1",NA,0
"2450",4,"F",1,"White","Middle",2,0,0,0,0,0,0,0,0,0,4,"1",FALSE,0
"2451",4,"M",1,NA,"Middle",2,0,0,0,0,0,0,0,0,0,4,"1",FALSE,0
"2452",3,"F",1,"White","Middle",2,0,0,0,0,0,0,0,0,0,4,"1",FALSE,0
"2453",4,"F",2,NA,"Middle",2,0,0,0,0,0,0,0,0,0,4,NA,FALSE,0
"2454",5,"M",2,"White","Middle",2,0,0,0,0,0,0,0,0,0,4,"1",FALSE,0
"2455",4,"F",2,NA,"Middle",2,0,0,0,0,0,0,0,0,0,4,"1",FALSE,0
"2456",4,"F",2,"White","Middle",2,0,0,0,0,0,0,0,0,0,4,NA,FALSE,0
"2457",5,"F",2,"White","Middle",2,0,0,0,0,0,0,0,0,0,4,"1",FALSE,0
"2458",4,"F",2,"White","Middle",2,0,0,0,0,0,0,0,0,0,4,"1",FALSE,0
"2459",4,"F",2,"White","Middle",2,0,0,0,0,0,0,0,0,0,4,NA,FALSE,0
"2460",4,"M",2,"Hispanic","Middle",NA,0,0,0,0,0,0,0,0,0,4,NA,FALSE,0
"2461",4,"M",2,"Hispanic","Middle",2,0,0,0,0,0,0,0,0,0,4,NA,FALSE,0
"2462",5,"M",2,"White","Middle",2,0,0,0,0,0,0,0,0,0,4,"1",FALSE,0
"2463",4,"M",2,"White","Middle",2,0,0,0,NA,NA,0,NA,NA,0,4,"1",NA,0
"2464",4,"M",2,"White","Middle",1,0,0,0,0,0,0,0,0,0,1,NA,FALSE,1
"2465",5,"F",2,"White","Middle",2,0,0,0,0,0,0,0,0,0,4,"1",FALSE,0
"2466",4,"M",2,"Hispanic","Middle",2,0,0,0,0,0,0,0,0,0,3,"1",FALSE,0
"2467",4,"F",2,"White","Middle",2,0,0,0,0,0,0,0,0,0,3,NA,FALSE,0
"2468",5,"F",2,"Hispanic","Middle",2,0,0,0,0,0,0,0,0,0,1,NA,FALSE,1
"2469",4,"F",2,"Hispanic","Middle",2,0,0,0,0,0,0,0,0,0,3,NA,FALSE,0
"2470",4,"F",2,"White","Middle",2,0,0,0,0,0,0,0,0,0,4,NA,FALSE,0
"2471",5,"F",2,"Hispanic","Middle",2,0,0,0,0,0,0,0,0,0,1,"1",FALSE,1
"2472",4,"M",2,"White","Middle",2,0,0,0,NA,NA,0,NA,NA,0,2,NA,NA,1
"2473",4,"M",2,NA,"Middle",2,0,0,0,0,0,0,0,0,0,3,NA,FALSE,0
"2474",4,"F",2,"White","Middle",2,0,0,0,0,0,0,0,0,0,4,NA,FALSE,0
"2475",4,"M",2,"Hispanic","Middle",2,0,0,0,0,0,0,0,0,0,4,"1",FALSE,0
"2476",5,"M",2,"Hispanic","Middle",2,0,0,0,0,0,0,0,0,0,4,NA,FALSE,0
"2477",4,"M",2,"White","Middle",2,0,0,0,0,0,0,0,0,1,4,NA,TRUE,0
"2478",5,"M",2,"White","Middle",2,0,0,0,0,0,0,0,0,0,4,"1",FALSE,0
"2479",5,"M",2,"White","Middle",2,0,0,0,0,0,0,0,0,0,4,"1",FALSE,0
"2480",4,"M",2,"White","Middle",2,0,0,0,0,0,0,0,0,0,4,"1",FALSE,0
"2481",5,"F",2,"White","Middle",2,0,0,0,0,0,0,0,0,0,4,"1",FALSE,0
"2482",6,"M",3,"White","Middle",2,0,0,0,0,0,0,0,0,1,1,NA,TRUE,1
"2483",5,"M",3,"White","Middle",2,0,0,0,0,0,0,0,0,0,4,"1",FALSE,0
"2484",6,"M",3,"White","Middle",2,0,0,0,0,0,0,0,0,0,2,NA,FALSE,1
"2485",5,"M",3,"White","Middle",2,0,0,0,0,0,0,0,0,0,3,NA,FALSE,0
"2486",5,"M",3,"White","Middle",2,0,0,0,0,0,0,0,0,0,4,NA,FALSE,0
"2487",5,"M",3,"White","Middle",2,0,0,0,0,0,0,0,0,0,2,NA,FALSE,1
"2488",5,"M",3,"White","Middle",2,0,0,0,0,0,0,0,0,0,4,NA,FALSE,0
"2489",5,"M",3,"Hispanic","Middle",2,0,0,0,0,0,0,0,0,0,4,"1",FALSE,0
"2490",6,"M",3,"White","Middle",2,0,0,0,0,0,0,0,0,0,4,"1",FALSE,0
"2491",5,"M",3,"White","Middle",2,0,0,0,0,0,0,0,0,0,3,"1",FALSE,0
"2492",6,"F",3,"NHOPI","Middle",2,0,0,0,0,0,0,0,0,0,2,NA,FALSE,1
"2493",5,"M",3,"Hispanic","Middle",2,0,0,0,0,0,0,0,0,0,4,"1",FALSE,0
"2494",5,"F",3,"White","Middle",2,0,0,0,0,0,0,0,0,0,4,"1",FALSE,0
"2495",5,"F",3,"White","Middle",2,0,0,0,0,0,0,0,0,0,2,NA,FALSE,1
"2496",5,"F",3,"White","Middle",2,0,0,0,0,0,0,0,0,0,4,NA,FALSE,0
"2497",6,"F",3,"Hispanic","Middle",2,0,0,0,0,0,0,0,0,0,4,"1",FALSE,0
"2498",6,"F",3,"White","Middle",2,0,0,0,0,0,0,0,0,0,4,"1",FALSE,0
"2499",5,"F",3,"White","Middle",2,0,0,0,0,0,0,0,0,0,4,"1",FALSE,0
"2500",5,"F",3,"Hispanic","Middle",2,0,0,0,0,0,0,0,0,0,3,NA,FALSE,0
"2501",6,"F",3,"White","Middle",2,0,0,0,0,0,0,0,0,0,3,NA,FALSE,0
"2502",5,"M",3,"White","Middle",2,0,0,0,0,0,0,0,0,0,3,NA,FALSE,0
"2503",6,"F",4,"White","High",2,0,0,0,0,0,0,0,0,0,2,"1",FALSE,1
"2504",7,"F",4,"Hispanic","High",2,0,0,0,0,0,0,0,0,0,3,"1",FALSE,0
"2505",6,"F",4,"White","High",2,0,0,0,0,0,0,0,0,0,2,NA,FALSE,1
"2506",7,"F",4,"Hispanic","High",2,0,0,0,0,0,0,0,0,0,4,"1",FALSE,0
"2507",6,"F",4,"Asian","High",2,0,0,0,0,0,0,0,0,0,4,"1",FALSE,0
"2508",6,"F",4,"White","High",2,0,0,0,0,0,0,0,0,0,3,"1",FALSE,0
"2509",8,"F",4,"Asian","High",2,0,0,0,0,0,0,0,0,0,1,"1",FALSE,1
"2510",7,"F",4,"Asian","High",2,0,0,0,0,0,0,0,0,1,2,"1",TRUE,1
"2511",1,"M",1,"AI/AN","Middle",1,0,0,0,0,0,0,0,0,0,1,NA,FALSE,1
"2512",10,"F",7,"Black","High",1,0,1,0,0,1,0,0,0,0,2,"1",TRUE,1
"2513",10,"F",7,"White","High",1,0,0,0,0,0,1,0,0,0,4,"1",TRUE,0
"2514",9,"F",7,"Asian","High",2,0,0,0,0,0,0,0,0,0,4,"1",FALSE,0
"2515",9,"F",7,"Asian","High",2,0,0,0,NA,NA,NA,NA,NA,0,1,NA,NA,1
"2516",10,"F",7,"White","High",2,0,0,0,0,0,0,0,0,0,4,"1",FALSE,0
"2517",10,"F",7,"Hispanic","High",2,0,0,0,0,0,0,0,0,0,4,"1",FALSE,0
"2518",9,"F",7,"Hispanic","High",1,0,0,0,0,0,1,0,0,1,1,NA,TRUE,1
"2519",9,"F",7,"Hispanic","High",NA,0,NA,NA,NA,NA,NA,NA,NA,NA,2,NA,NA,1
"2520",10,"F",7,"Hispanic","High",NA,0,NA,NA,NA,NA,NA,NA,NA,NA,2,NA,NA,1
"2521",10,"F",7,"Hispanic","High",2,0,0,0,0,0,0,0,0,0,2,"1",FALSE,1
"2522",10,"F",7,"White","High",2,0,0,0,0,0,0,0,0,0,2,"1",FALSE,1
"2523",9,"F",7,"Hispanic","High",2,0,0,0,0,0,0,0,0,0,2,NA,FALSE,1
"2524",10,"F",7,"White","High",2,0,0,0,0,0,0,0,0,0,2,"1",FALSE,1
"2525",9,"F",7,"White","High",1,0,1,0,0,0,0,0,0,0,4,"1",TRUE,0
"2526",9,"F",6,"Hispanic","High",2,0,0,0,0,0,0,0,0,0,4,"1",FALSE,0
"2527",9,"F",6,"White","High",2,0,0,0,0,0,0,0,0,0,2,"1",FALSE,1
"2528",9,"F",6,"Hispanic","High",2,0,0,0,0,0,0,0,0,0,3,"1",FALSE,0
"2529",9,"F",6,"White","High",2,0,0,0,0,0,0,0,0,0,4,"1",FALSE,0
"2530",8,"F",6,"Hispanic","High",2,0,0,0,0,0,0,0,0,0,3,"1",FALSE,0
"2531",9,"F",6,"Hispanic","High",2,0,0,0,0,0,0,0,0,0,4,"1",FALSE,0
"2532",8,"F",6,"Black","High",1,0,0,0,NA,NA,1,NA,NA,1,4,NA,TRUE,0
"2533",8,"F",6,"White","High",1,0,0,0,0,0,0,0,0,0,4,"1",FALSE,0
"2534",9,"F",7,"Hispanic","High",2,0,0,0,0,0,0,0,0,0,3,"1",FALSE,0
"2535",9,"F",7,"Hispanic","High",2,0,0,0,0,0,0,0,0,0,4,"1",FALSE,0
"2536",9,"F",7,"Hispanic","High",2,0,0,0,0,0,0,0,0,0,2,"1",FALSE,1
"2537",8,"F",5,"Hispanic","High",2,0,0,0,0,0,0,0,0,0,4,NA,FALSE,0
"2538",8,"F",5,"Asian","High",2,0,0,0,0,0,0,0,0,0,3,NA,FALSE,0
"2539",8,"F",5,"Hispanic","High",2,0,0,0,0,0,0,0,0,0,4,"1",FALSE,0
"2540",8,"F",6,"Asian","High",2,0,0,0,0,0,0,0,0,0,1,"1",FALSE,1
"2541",10,"F",7,"Hispanic","High",2,0,0,0,0,0,0,0,0,0,2,NA,FALSE,1
"2542",9,"F",6,"Hispanic","High",2,1,0,0,0,0,0,0,0,1,2,"1",TRUE,1
"2543",9,"F",6,"Asian","High",2,0,0,0,0,0,0,0,0,0,2,"1",FALSE,1
"2544",9,"F",6,"White","High",2,0,0,0,0,0,0,0,0,0,3,NA,FALSE,0
"2545",9,"F",7,"Black","High",2,0,0,0,0,0,0,0,0,0,1,NA,FALSE,1
"2546",10,"F",7,"Hispanic","High",2,0,0,0,0,0,0,0,0,1,4,NA,TRUE,0
"2547",9,"F",7,"Hispanic","High",2,0,0,0,0,0,0,0,0,0,2,"1",FALSE,1
"2548",7,"F",5,"White","High",2,0,0,0,0,0,0,0,0,0,2,"1",FALSE,1
"2549",8,"F",5,"White","High",2,0,0,0,0,0,0,0,0,0,3,"1",FALSE,0
"2550",6,"F",5,"White","High",2,0,0,0,0,0,0,0,0,0,4,"1",FALSE,0
"2551",8,"F",5,"White","High",2,0,0,0,0,0,0,0,0,0,2,"1",FALSE,1
"2552",8,"F",5,"White","High",2,0,0,0,0,0,0,0,0,0,4,NA,FALSE,0
"2553",8,"F",5,"Hispanic","High",2,0,0,0,0,0,0,0,0,0,4,NA,FALSE,0
"2554",8,"F",5,"White","High",2,1,0,0,0,0,0,0,0,1,2,"1",TRUE,1
"2555",7,"F",5,"Hispanic","High",2,0,0,0,0,0,0,0,0,0,4,"1",FALSE,0
"2556",7,"F",5,"White","High",2,0,0,0,0,0,0,0,0,0,3,NA,FALSE,0
"2557",7,"F",5,"White","High",2,0,0,0,0,0,0,0,0,0,4,NA,FALSE,0
"2558",7,"F",5,"White","High",2,0,0,0,0,0,0,0,0,0,4,"1",FALSE,0
"2559",9,"F",7,"Black","High",2,0,0,0,0,0,0,0,0,0,4,"1",FALSE,0
"2560",10,"F",7,"White","High",2,0,0,0,0,0,0,0,0,0,4,NA,FALSE,0
"2561",7,"F",5,"White","High",2,0,0,0,0,0,0,0,0,0,3,"1",FALSE,0
"2562",7,"F",5,"White","High",2,0,0,0,0,0,0,0,0,0,4,NA,FALSE,0
"2563",7,"F",4,"White","High",2,0,0,0,0,0,0,0,0,0,4,"1",FALSE,0
"2564",8,"F",6,"Hispanic","High",2,0,0,0,0,0,0,0,0,0,2,"1",FALSE,1
"2565",9,"F",6,"White","High",2,0,0,0,0,0,0,0,0,0,3,"1",FALSE,0
"2566",9,"F",6,"White","High",2,0,0,0,0,0,0,0,0,0,2,"1",FALSE,1
"2567",9,"F",6,"White","High",2,0,0,0,0,0,0,0,0,0,2,NA,FALSE,1
"2568",7,"F",4,"White","High",2,0,0,0,0,0,0,0,0,0,2,NA,FALSE,1
"2569",7,"F",4,"White","High",2,0,0,0,0,0,0,0,0,0,3,NA,FALSE,0
"2570",7,"F",4,"White","High",2,0,0,0,0,0,0,0,0,0,4,"1",FALSE,0
"2571",7,"F",4,"White","High",2,0,0,0,0,0,0,0,0,0,4,"1",FALSE,0
"2572",8,"F",6,"Asian","High",2,0,0,0,0,0,0,0,0,0,2,"1",FALSE,1
"2573",7,"F",4,"White","High",2,0,0,0,0,0,0,0,0,0,4,"1",FALSE,0
"2574",6,"F",4,"Asian","High",2,0,0,0,0,0,0,0,0,0,4,"1",FALSE,0
"2575",6,"F",4,"Asian","High",2,0,0,0,0,0,0,0,0,0,4,"1",FALSE,0
"2576",7,"F",4,"White","High",2,0,0,0,0,0,0,0,0,0,4,"1",FALSE,0
"2577",7,"F",4,"Hispanic","High",2,0,0,0,0,0,0,0,0,0,4,"1",FALSE,0
"2578",7,"F",4,"Black","High",2,0,0,0,0,0,0,0,0,1,3,"1",TRUE,0
"2579",6,"F",4,"White","High",2,0,0,0,0,0,0,0,0,0,4,"1",FALSE,0
"2580",9,"F",6,"White","High",2,0,0,0,0,0,0,0,0,0,3,"1",FALSE,0
"2581",9,"F",6,"White","High",1,1,0,0,0,0,0,0,0,1,2,"1",TRUE,1
"2582",9,"F",6,"White","High",2,0,0,0,0,0,0,0,0,1,3,"1",TRUE,0
"2583",9,"F",6,"White","High",2,0,0,0,0,0,0,0,0,1,2,"1",TRUE,1
"2584",8,"F",6,"Asian","High",2,0,0,0,0,0,0,0,0,0,3,"1",FALSE,0
"2585",7,"F",4,"White","High",2,0,0,0,0,0,0,0,0,0,2,"1",FALSE,1
"2586",6,"F",4,"Asian","High",2,0,0,0,0,0,0,0,0,1,3,"1",TRUE,0
"2587",10,"F",7,"White","High",2,0,0,0,0,0,0,0,0,0,4,"1",FALSE,0
"2588",9,"F",7,"Hispanic","High",2,0,0,0,0,0,0,0,0,0,3,"1",FALSE,0
"2589",10,"F",7,"White","High",2,0,0,0,0,0,0,0,0,0,4,"1",FALSE,0
"2590",9,"F",7,"Hispanic","High",2,0,0,0,0,0,0,0,0,0,4,NA,FALSE,0
"2591",9,"F",7,"White","High",2,0,0,0,0,0,0,0,0,0,3,"1",FALSE,0
"2592",10,"F",7,"White","High",2,0,0,0,0,0,0,0,0,0,4,NA,FALSE,0
"2593",9,"F",7,"White","High",2,0,0,0,0,0,0,0,0,0,4,"1",FALSE,0
"2594",10,"F",7,"Asian","High",2,0,0,0,0,0,NA,1,0,0,1,NA,TRUE,1
"2595",7,"F",5,"Asian","High",2,0,0,0,0,0,0,0,0,1,4,"1",TRUE,0
"2596",7,"F",5,"Asian","High",2,0,0,0,0,0,0,0,0,0,2,"1",FALSE,1
"2597",7,"F",5,"Asian","High",2,0,0,0,0,0,0,0,0,0,2,"1",FALSE,1
"2598",7,"F",5,"Asian","High",2,0,0,0,0,0,0,0,0,0,4,"1",FALSE,0
"2599",7,"F",5,"Asian","High",2,0,0,0,0,0,0,0,0,0,4,"1",FALSE,0
"2600",7,"F",5,"Hispanic","High",2,0,NA,0,0,0,0,0,0,0,2,NA,NA,1
"2601",8,"F",5,"Hispanic","High",2,0,0,0,0,0,0,0,0,0,2,"1",FALSE,1
"2602",7,"F",5,"White","High",2,0,0,0,0,0,0,0,0,0,3,"1",FALSE,0
"2603",8,"F",5,"Hispanic","High",2,0,0,0,0,0,0,0,0,0,4,"1",FALSE,0
"2604",8,"F",5,"White","High",2,0,0,0,0,0,0,0,0,0,4,"1",FALSE,0
"2605",7,"F",5,"Asian","High",2,0,0,0,0,0,0,0,0,0,1,"1",FALSE,1
"2606",7,"F",5,"White","High",2,0,0,0,0,0,0,0,0,0,2,"1",FALSE,1
"2607",7,"F",5,"Asian","High",2,0,0,0,0,0,0,0,0,0,2,"1",FALSE,1
"2608",7,"F",5,"Asian","High",2,0,0,0,0,0,0,0,0,0,2,"1",FALSE,1
"2609",8,"F",5,"White","High",2,0,0,0,0,0,0,0,0,0,3,"1",FALSE,0
"2610",8,"F",5,"White","High",2,0,0,0,0,0,0,0,0,0,4,"1",FALSE,0
"2611",7,"F",5,"Hispanic","High",2,0,0,0,0,0,0,0,0,0,4,"1",FALSE,0
"2612",8,"F",5,"White","High",2,0,0,0,0,0,0,0,0,0,4,"1",FALSE,0
"2613",7,"F",5,"Asian","High",2,0,0,0,0,0,0,0,0,0,2,"1",FALSE,1
"2614",7,"F",5,"White","High",2,0,0,0,NA,NA,NA,NA,NA,0,3,"1",NA,0
"2615",8,"F",5,"Hispanic","High",2,0,0,0,0,0,0,0,0,0,2,"1",FALSE,1
"2616",8,"F",5,"Asian","High",2,0,0,0,0,0,0,0,0,1,1,NA,TRUE,1
"2617",8,"F",5,"Asian","High",2,0,0,0,0,0,0,0,0,0,4,"1",FALSE,0
"2618",7,"F",4,"White","High",2,0,0,0,0,0,0,0,0,0,4,"1",FALSE,0
"2619",7,"F",4,"Asian","High",2,0,0,0,0,0,0,0,0,0,3,"1",FALSE,0
"2620",7,"F",4,"White","High",2,0,0,0,0,0,0,0,0,0,4,"1",FALSE,0
"2621",6,"F",4,"White","High",2,0,0,0,0,0,0,0,0,0,4,"1",FALSE,0
"2622",6,"F",4,"Asian","High",2,0,0,0,0,0,0,0,0,0,4,"1",FALSE,0
"2623",7,"F",4,"Hispanic","High",2,0,0,0,0,0,0,0,0,0,4,NA,FALSE,0
"2624",7,"F",4,"Asian","High",2,0,0,0,0,0,0,0,0,0,4,"1",FALSE,0
"2625",6,"F",4,"Asian","High",2,0,0,0,0,0,0,0,0,0,2,NA,FALSE,1
"2626",6,"F",4,"Asian","High",2,0,0,0,0,0,0,0,0,0,1,"1",FALSE,1
"2627",6,"F",4,"Asian","High",2,0,0,0,0,0,0,0,0,0,2,"1",FALSE,1
"2628",7,"F",4,"Asian","High",2,0,0,0,0,0,0,0,0,0,4,"1",FALSE,0
"2629",8,"F",6,"Hispanic","High",2,0,0,0,0,0,0,0,0,0,3,NA,FALSE,0
"2630",8,"F",6,"White","High",2,0,0,0,0,0,0,0,0,0,4,"1",FALSE,0
"2631",8,"F",6,"White","High",2,0,0,0,0,0,0,0,0,0,4,"1",FALSE,0
"2632",8,"F",6,"White","High",2,0,0,0,0,0,0,0,0,0,4,"1",FALSE,0
"2633",9,"F",6,"Black","High",2,0,0,0,0,0,1,0,0,1,2,NA,TRUE,1
"2634",9,"F",6,"Asian","High",2,0,0,0,0,0,0,0,0,0,4,"1",FALSE,0
"2635",8,"F",6,"NHOPI","High",2,0,0,0,0,0,0,0,0,0,4,"1",FALSE,0
"2636",9,"F",6,"White","High",2,0,0,0,0,0,0,0,0,0,3,"1",FALSE,0
"2637",8,"F",6,"Asian","High",2,0,0,0,0,0,0,0,0,0,4,"1",FALSE,0
"2638",8,"F",NA,"White",NA,2,0,0,0,0,0,0,0,0,0,4,"1",FALSE,0
"2639",8,"F",6,"Hispanic","High",2,0,0,0,0,0,0,0,0,1,2,"1",TRUE,1
"2640",9,"F",6,"White","High",2,0,0,0,0,0,0,0,0,0,4,"1",FALSE,0
"2641",9,"F",6,"Asian","High",2,0,0,0,0,0,0,0,0,0,3,"1",FALSE,0
"2642",9,"F",6,"Asian","High",2,0,0,0,0,0,0,0,0,0,4,"1",FALSE,0
"2643",7,"F",4,"Asian","High",2,0,0,0,0,0,0,0,0,0,4,"1",FALSE,0
"2644",6,"F",4,"White","High",2,0,0,0,0,0,0,0,0,1,2,NA,TRUE,1
"2645",7,"F",4,"White","High",2,0,0,0,0,0,0,0,0,0,4,"1",FALSE,0
"2646",6,"F",4,"White","High",2,0,0,0,0,0,0,0,0,0,4,"1",FALSE,0
"2647",7,"F",4,"Hispanic","High",2,0,0,0,0,0,0,0,0,0,1,"1",FALSE,1
"2648",7,"F",4,"White","High",2,0,0,0,0,0,0,0,0,0,1,"1",FALSE,1
"2649",6,"F",4,"White","High",2,0,0,0,0,0,0,0,0,0,2,NA,FALSE,1
"2650",6,"F",4,"Asian","High",2,0,0,0,0,0,0,0,0,0,2,"1",FALSE,1
"2651",7,"F",4,"Hispanic","High",2,0,0,0,0,0,0,0,0,0,4,"1",FALSE,0
"2652",7,"F",4,"White","High",2,0,0,0,0,0,0,0,0,0,2,"1",FALSE,1
"2653",7,"F",4,"Asian","High",2,0,0,0,0,0,0,0,0,0,3,"1",FALSE,0
"2654",9,"F",6,"Asian","High",2,0,0,0,0,0,0,0,0,0,1,"1",FALSE,1
"2655",9,"F",6,"Asian","High",2,0,0,0,0,0,0,0,0,0,3,"1",FALSE,0
"2656",8,"F",6,"White","High",2,0,0,0,0,0,0,0,0,0,4,"1",FALSE,0
"2657",10,"F",7,"White","High",2,0,0,0,0,0,0,0,0,0,4,"1",FALSE,0
"2658",9,"F",6,"White","High",2,0,0,0,0,0,0,0,0,0,2,"1",FALSE,1
"2659",4,"M",1,"Hispanic","Middle",2,0,NA,NA,NA,NA,NA,NA,NA,NA,4,NA,NA,0
"2660",4,"F",1,"Hispanic","Middle",2,0,0,0,0,0,0,0,0,0,2,NA,FALSE,1
"2661",5,"M",3,"White","Middle",2,0,0,0,0,0,0,0,0,0,2,"1",FALSE,1
"2662",5,"M",3,"Hispanic","Middle",2,0,0,0,0,0,0,0,0,1,1,"1",TRUE,1
"2663",5,"M",3,"White","Middle",1,0,0,0,0,0,0,0,0,0,4,NA,FALSE,0
"2664",5,"M",3,"White","Middle",2,0,0,0,0,0,0,0,0,0,4,"1",FALSE,0
"2665",6,"M",3,"White","Middle",2,0,0,0,0,0,0,0,0,0,4,"1",FALSE,0
"2666",5,"M",3,"Asian","Middle",2,0,0,0,0,0,0,0,0,0,4,NA,FALSE,0
"2667",6,"M",3,"White","Middle",1,1,0,0,0,0,NA,0,0,0,1,NA,TRUE,1
"2668",5,"M",3,"Hispanic","Middle",2,0,0,0,0,0,0,0,0,0,3,"1",FALSE,0
"2669",6,"M",3,"Hispanic","Middle",2,0,0,0,0,0,0,0,0,0,4,NA,FALSE,0
"2670",6,"F",3,"Hispanic","Middle",2,0,0,0,0,0,0,0,0,0,1,NA,FALSE,1
"2671",5,"F",3,"White","Middle",2,0,0,0,0,0,0,0,0,0,3,"1",FALSE,0
"2672",5,"F",3,"White","Middle",1,1,0,0,0,0,0,0,0,1,1,NA,TRUE,1
"2673",6,"F",3,"White","Middle",2,0,0,0,0,0,0,0,0,0,2,NA,FALSE,1
"2674",5,"F",3,"Asian","Middle",2,0,0,0,0,0,0,0,0,1,3,"1",TRUE,0
"2675",4,"M",1,NA,"Middle",2,0,0,0,0,0,0,0,0,0,4,"1",FALSE,0
"2676",5,"M",3,"White","Middle",2,0,0,0,0,0,0,0,0,0,4,NA,FALSE,0
"2677",6,"M",3,"Hispanic","Middle",1,1,1,NA,0,0,0,1,0,0,2,NA,TRUE,1
"2678",11,"M",7,"White","High",1,1,1,0,0,0,0,1,0,0,1,NA,TRUE,1
"2679",6,NA,NA,"White",NA,NA,0,0,0,NA,NA,0,NA,NA,0,4,"1",NA,0
"2680",5,"M",3,"White","Middle",1,1,1,1,0,0,0,0,0,1,1,NA,TRUE,1
"2681",5,"M",3,"Hispanic","Middle",NA,NA,0,0,0,0,1,0,0,1,3,NA,TRUE,0
"2682",6,"M",3,"AI/AN","Middle",2,NA,0,0,0,0,0,0,0,0,2,NA,NA,1
"2683",5,"M",3,"Black","Middle",2,0,0,0,0,0,0,0,0,0,4,"1",FALSE,0
"2684",5,"F",3,"Asian","Middle",2,0,0,0,0,0,0,0,0,0,2,NA,FALSE,1
"2685",6,"M",3,"White","Middle",1,1,1,1,0,0,NA,0,0,1,1,NA,TRUE,1
"2686",5,"F",3,"White","Middle",2,0,0,0,0,0,0,0,0,0,3,NA,FALSE,0
"2687",5,"M",3,"White","Middle",2,0,0,0,0,0,0,0,0,0,3,"1",FALSE,0
"2688",6,"M",3,NA,"Middle",2,0,0,0,0,0,0,0,0,0,4,"1",FALSE,0
"2689",6,"M",3,"White","Middle",2,0,0,0,0,0,0,0,0,0,4,NA,FALSE,0
"2690",6,"M",3,"White","Middle",2,0,0,0,0,0,0,0,0,0,4,NA,FALSE,0
"2691",6,"F",3,"White","Middle",2,0,0,0,0,0,0,0,0,0,4,NA,FALSE,0
"2692",5,"M",2,NA,"Middle",NA,NA,NA,NA,NA,NA,NA,NA,NA,NA,NA,"1",NA,NA
"2693",4,"M",2,"Hispanic","Middle",2,NA,NA,0,0,0,0,0,0,0,4,NA,NA,0
"2694",4,"M",2,"Hispanic","Middle",2,0,0,0,0,0,0,0,0,0,1,"1",FALSE,1
"2695",5,"M",2,"White","Middle",2,0,0,0,0,0,0,0,0,0,4,"1",FALSE,0
"2696",4,"F",2,"White","Middle",2,0,0,0,0,0,0,0,0,0,4,"1",FALSE,0
"2697",5,"F",2,"Hispanic","Middle",2,0,0,0,0,0,0,0,0,0,4,NA,FALSE,0
"2698",5,"F",2,"White","Middle",1,1,1,0,0,0,0,1,0,0,2,NA,TRUE,1
"2699",5,"F",2,"Hispanic","Middle",2,0,0,0,0,0,0,0,0,0,4,NA,FALSE,0
"2700",5,"F",2,"Hispanic","Middle",2,0,0,0,0,0,0,0,0,0,2,NA,FALSE,1
"2701",6,"F",2,"White","Middle",2,0,0,0,0,0,0,0,0,0,4,NA,FALSE,0
"2702",6,"F",2,"AI/AN","Middle",2,0,0,0,0,0,0,0,0,0,4,NA,FALSE,0
"2703",4,"F",2,"Hispanic","Middle",1,0,0,1,NA,NA,0,NA,NA,0,1,NA,TRUE,1
"2704",5,"F",2,"White","Middle",2,0,0,0,0,0,0,0,0,0,2,NA,FALSE,1
"2705",NA,NA,NA,"White",NA,2,0,0,0,0,0,0,0,0,0,4,NA,FALSE,0
"2706",5,"F",2,"White","Middle",2,0,0,0,NA,NA,0,NA,NA,0,1,NA,NA,1
"2707",4,"F",2,"White","Middle",2,0,0,0,0,0,0,0,0,0,1,NA,FALSE,1
"2708",5,"F",2,"White","Middle",2,0,0,0,0,0,0,0,0,0,4,NA,FALSE,0
"2709",4,"F",2,NA,"Middle",2,0,0,0,0,0,0,0,0,0,NA,NA,FALSE,NA
"2710",4,"F",2,NA,"Middle",2,0,0,0,0,0,0,0,0,0,2,NA,FALSE,1
"2711",5,"F",3,"Hispanic","Middle",2,0,0,0,0,0,NA,0,0,1,4,NA,TRUE,0
"2712",5,"M",2,"Hispanic","Middle",1,0,0,0,1,0,1,0,0,0,1,NA,TRUE,1
"2713",4,"M",2,"Hispanic","Middle",2,0,0,0,0,0,0,0,0,0,3,"1",FALSE,0
"2714",5,"F",2,"White","Middle",2,0,0,0,0,0,0,0,0,0,4,NA,FALSE,0
"2715",4,"F",2,"White","Middle",2,0,0,0,0,0,0,0,0,0,4,NA,FALSE,0
"2716",5,"F",2,NA,"Middle",2,0,0,0,0,0,0,0,0,0,4,NA,FALSE,0
"2717",4,"F",2,"Hispanic","Middle",1,1,NA,1,0,0,1,1,0,0,1,"1",TRUE,1
"2718",5,"F",2,NA,"Middle",2,0,0,0,NA,NA,0,NA,NA,0,4,NA,NA,0
"2719",5,"F",2,NA,"Middle",2,0,0,0,0,0,0,0,0,0,4,"1",FALSE,0
"2720",4,"F",2,"White","Middle",2,0,0,0,0,0,0,0,0,0,4,"1",FALSE,0
"2721",6,"F",3,"AI/AN","Middle",2,0,0,0,0,0,0,0,0,0,4,NA,FALSE,0
"2722",3,"F",1,"White","Middle",2,0,0,0,0,0,0,0,0,0,3,NA,FALSE,0
"2723",5,"M",2,"White","Middle",2,0,0,0,0,0,0,0,0,0,3,NA,FALSE,0
"2724",4,"F",2,"White","Middle",1,0,0,0,0,0,0,0,0,0,3,"1",FALSE,0
"2725",5,"M",2,"AI/AN","Middle",2,0,0,0,0,0,0,0,0,1,2,NA,TRUE,1
"2726",4,"M",2,"Hispanic","Middle",2,0,0,0,0,0,0,0,0,0,3,"1",FALSE,0
"2727",5,"M",2,"AI/AN","Middle",2,0,0,0,0,0,0,0,0,0,3,NA,FALSE,0
"2728",4,"M",2,"White","Middle",2,0,0,0,0,0,0,0,0,0,4,NA,FALSE,0
"2729",5,"M",2,"Hispanic","Middle",2,0,0,0,0,0,0,0,0,0,2,NA,FALSE,1
"2730",5,"M",2,"Hispanic","Middle",2,0,0,0,0,0,0,0,0,0,4,"1",FALSE,0
"2731",4,"M",2,"Black","Middle",2,0,0,0,0,0,0,0,0,0,4,"1",FALSE,0
"2732",5,"M",2,"Hispanic","Middle",2,0,0,0,0,0,0,0,0,0,4,NA,FALSE,0
"2733",5,"M",2,"White","Middle",2,0,0,0,0,0,0,0,0,0,4,NA,FALSE,0
"2734",4,"M",2,NA,"Middle",1,0,0,0,0,0,0,0,0,0,4,NA,FALSE,0
"2735",5,"F",3,NA,"Middle",2,0,0,0,0,0,0,0,0,0,4,NA,FALSE,0
"2736",6,"F",3,"White","Middle",2,0,0,0,0,0,0,0,0,0,2,NA,FALSE,1
"2737",7,"F",3,"Hispanic","Middle",2,0,0,0,0,0,0,0,0,0,1,"1",FALSE,1
"2738",5,"F",2,"White","Middle",2,1,0,0,0,0,0,0,0,1,1,NA,TRUE,1
"2739",4,"F",2,"Hispanic","Middle",2,0,0,0,0,0,0,0,0,0,3,NA,FALSE,0
"2740",4,"F",2,"White","Middle",2,0,0,0,0,0,0,0,0,0,2,"1",FALSE,1
"2741",3,"F",1,"White","Middle",2,0,0,0,0,0,0,0,0,0,4,NA,FALSE,0
"2742",3,"F",1,"White","Middle",2,0,0,0,0,0,0,0,0,0,4,"1",FALSE,0
"2743",4,"F",1,"White","Middle",2,0,0,0,0,0,0,0,0,0,2,NA,FALSE,1
"2744",3,"F",1,"White","Middle",2,0,0,0,0,0,0,0,0,0,2,NA,FALSE,1
"2745",5,"F",3,"AI/AN","Middle",2,0,0,0,0,0,0,0,0,0,4,NA,FALSE,0
"2746",6,"F",3,"White","Middle",2,1,0,0,0,0,0,0,0,1,1,NA,TRUE,1
"2747",5,"F",2,"Asian","Middle",2,0,0,0,0,0,0,0,0,0,4,NA,FALSE,0
"2748",5,"F",2,NA,"Middle",2,0,0,0,0,0,0,0,0,0,4,NA,FALSE,0
"2749",4,"F",1,"Hispanic","Middle",2,0,0,0,0,0,0,0,0,0,4,NA,FALSE,0
"2750",3,"F",1,"White","Middle",2,0,0,0,0,0,0,0,0,0,4,"1",FALSE,0
"2751",3,"F",1,"Hispanic","Middle",2,0,0,0,0,0,0,0,0,0,4,NA,FALSE,0
"2752",3,"F",1,"Hispanic","Middle",2,NA,NA,NA,NA,NA,NA,NA,NA,NA,4,NA,NA,0
"2753",3,"F",1,"White","Middle",2,0,0,0,0,0,0,0,0,0,3,"1",FALSE,0
"2754",4,"F",1,"White","Middle",2,0,0,0,0,0,0,0,0,0,4,NA,FALSE,0
"2755",4,"F",1,"White","Middle",2,0,0,0,0,0,0,0,0,0,3,NA,FALSE,0
"2756",3,"F",1,"White","Middle",2,0,0,0,0,0,0,0,0,0,3,"1",FALSE,0
"2757",3,"F",1,"Hispanic","Middle",2,0,0,0,0,0,0,0,0,0,3,NA,FALSE,0
"2758",4,"F",1,"White","Middle",2,0,0,0,0,0,0,0,0,0,4,NA,FALSE,0
"2759",5,"F",1,"AI/AN","Middle",2,0,0,0,0,0,0,0,0,0,2,NA,FALSE,1
"2760",3,"F",1,"White","Middle",2,0,0,0,NA,NA,0,NA,NA,0,4,"1",NA,0
"2761",3,"F",1,"Hispanic","Middle",2,0,0,0,0,0,0,0,0,0,2,NA,FALSE,1
"2762",3,"F",1,NA,"Middle",2,0,0,0,0,0,0,0,0,0,3,NA,FALSE,0
"2763",3,"F",1,NA,"Middle",2,0,0,0,0,0,0,0,0,0,3,NA,FALSE,0
"2764",4,"F",1,"White","Middle",2,0,0,0,0,0,0,0,0,0,1,NA,FALSE,1
"2765",4,"M",1,"Hispanic","Middle",2,0,0,0,0,0,0,0,0,0,4,NA,FALSE,0
"2766",3,"M",1,"White","Middle",2,0,0,0,0,0,0,0,0,0,4,"1",FALSE,0
"2767",3,"M",1,"Hispanic","Middle",2,0,0,0,0,0,0,0,0,0,4,NA,FALSE,0
"2768",4,"F",1,NA,"Middle",2,0,0,0,0,0,0,0,0,0,4,NA,FALSE,0
"2769",4,"M",2,"White","Middle",2,0,0,0,0,0,0,0,0,0,4,"1",FALSE,0
"2770",5,"F",2,NA,"Middle",1,0,0,0,0,0,0,0,0,0,3,NA,FALSE,0
"2771",3,"F",1,"White","Middle",2,0,0,0,0,0,0,0,0,0,4,"1",FALSE,0
"2772",4,"F",1,"White","Middle",2,0,0,0,NA,NA,NA,NA,NA,0,4,NA,NA,0
"2773",4,"M",1,"White","Middle",2,0,0,0,0,0,0,0,0,0,4,NA,FALSE,0
"2774",5,"M",6,"Asian","High",NA,NA,NA,1,0,0,NA,0,0,NA,4,"1",TRUE,0
"2775",4,"M",1,"White","Middle",2,0,0,0,0,0,0,0,0,0,3,NA,FALSE,0
"2776",3,"M",1,"White","Middle",2,0,0,0,0,0,0,0,0,0,4,NA,FALSE,0
"2777",3,"M",1,"Hispanic","Middle",2,0,0,0,0,0,0,0,0,0,3,"1",FALSE,0
"2778",3,"M",1,"Asian","Middle",2,0,0,0,0,0,0,0,0,0,4,NA,FALSE,0
"2779",3,"M",1,"White","Middle",1,0,0,0,0,0,0,0,0,0,1,NA,FALSE,1
"2780",NA,NA,NA,"White",NA,2,0,0,0,0,0,0,0,0,0,NA,NA,FALSE,NA
"2781",3,"M",1,"Hispanic","Middle",2,0,0,0,0,0,0,0,0,0,4,"1",FALSE,0
"2782",4,"M",1,"White","Middle",2,0,0,0,0,0,0,0,0,0,4,"1",FALSE,0
"2783",4,"M",1,"White","Middle",2,0,0,0,0,0,0,0,0,0,3,NA,FALSE,0
"2784",4,"M",1,"Hispanic","Middle",2,0,0,0,0,0,0,0,0,0,4,"1",FALSE,0
"2785",4,"M",1,NA,"Middle",2,0,0,0,0,0,0,0,0,0,4,"1",FALSE,0
"2786",3,"M",1,"White","Middle",2,0,0,0,0,0,0,0,0,0,3,NA,FALSE,0
"2787",4,"M",1,"Hispanic","Middle",2,0,0,0,0,0,0,0,0,0,4,"1",FALSE,0
"2788",6,"F",2,"White","Middle",2,0,0,0,0,0,0,0,0,0,4,"1",FALSE,0
"2789",4,"F",1,"White","Middle",2,0,0,0,0,0,0,0,0,0,4,"1",FALSE,0
"2790",4,"F",1,"White","Middle",2,0,0,0,0,0,0,0,0,0,4,NA,FALSE,0
"2791",3,"M",1,"Hispanic","Middle",2,0,0,0,0,0,0,0,0,0,4,"1",FALSE,0
"2792",3,"M",1,"Black","Middle",2,0,0,0,0,0,0,0,0,0,2,"1",FALSE,1
"2793",3,"M",1,"White","Middle",2,0,0,0,0,0,0,0,0,0,4,"1",FALSE,0
"2794",4,"M",1,"White","Middle",2,0,0,0,0,0,0,0,0,0,2,"1",FALSE,1
"2795",3,"F",1,NA,"Middle",2,0,0,0,0,0,0,0,0,0,3,NA,FALSE,0
"2796",10,"M",7,"White","High",NA,0,NA,NA,0,0,0,0,0,NA,4,NA,NA,0
"2797",9,"M",7,"Hispanic","High",2,0,0,1,0,0,0,0,0,0,4,NA,TRUE,0
"2798",10,"M",7,"White","High",2,0,0,0,0,0,0,0,0,0,4,"1",FALSE,0
"2799",10,"M",7,"White","High",1,0,0,0,0,0,0,0,0,0,4,NA,FALSE,0
"2800",10,"F",7,"White","High",1,0,0,0,0,0,0,0,0,0,2,NA,FALSE,1
"2801",10,"F",7,"White","High",2,0,0,0,0,0,0,0,0,0,4,"1",FALSE,0
"2802",9,"M",7,"Hispanic","High",2,0,0,0,0,0,0,0,0,0,2,NA,FALSE,1
"2803",10,"M",7,"White","High",2,0,0,0,0,0,0,0,0,0,4,"1",FALSE,0
"2804",10,"M",7,"White","High",2,NA,0,1,0,0,0,0,0,0,4,NA,TRUE,0
"2805",10,"M",7,"White","High",1,0,0,1,0,0,0,0,0,0,4,NA,TRUE,0
"2806",10,"M",7,"Hispanic","High",2,0,0,0,0,0,0,0,0,0,2,"1",FALSE,1
"2807",10,"M",7,"Hispanic","High",1,0,0,0,0,0,0,0,0,0,1,NA,FALSE,1
"2808",10,"F",7,"Hispanic","High",2,0,0,0,0,0,0,0,0,0,4,NA,FALSE,0
"2809",10,NA,7,"White","High",2,0,0,0,0,0,0,0,0,0,2,NA,FALSE,1
"2810",9,"F",6,"White","High",2,0,0,0,0,0,0,0,0,0,4,NA,FALSE,0
"2811",9,"M",6,"White","High",2,0,0,0,0,0,0,0,0,1,2,"1",TRUE,1
"2812",9,"F",6,"White","High",1,0,0,0,0,0,0,0,0,1,1,"1",TRUE,1
"2813",9,"M",6,"Hispanic","High",2,0,0,0,0,0,0,0,0,0,4,"1",FALSE,0
"2814",9,"M",6,"Hispanic","High",2,0,0,0,0,0,0,0,0,0,2,"1",FALSE,1
"2815",9,"F",6,"Hispanic","High",1,1,0,0,0,0,0,0,0,1,1,NA,TRUE,1
"2816",9,"M",6,"Hispanic","High",2,0,0,0,1,0,0,0,0,0,4,"1",TRUE,0
"2817",8,"M",6,"Hispanic","High",1,0,0,0,0,0,0,0,0,1,4,NA,TRUE,0
"2818",9,"F",6,"White","High",2,0,0,0,0,0,0,0,0,1,3,NA,TRUE,0
"2819",9,"M",6,"White","High",2,0,0,0,0,0,0,0,0,0,1,NA,FALSE,1
"2820",8,"M",6,"White","High",2,0,0,0,0,0,0,0,0,0,4,NA,FALSE,0
"2821",9,"M",6,"Hispanic","High",1,0,0,0,0,0,0,0,0,1,1,NA,TRUE,1
"2822",9,"M",6,"White","High",1,0,1,0,0,0,0,0,0,0,2,"1",TRUE,1
"2823",9,"F",6,"White","High",2,0,0,0,0,0,0,0,0,1,1,"1",TRUE,1
"2824",8,"F",6,"Hispanic","High",2,0,0,0,0,0,0,0,0,1,1,NA,TRUE,1
"2825",8,"F",6,"White","High",1,0,1,0,1,0,0,0,0,1,3,"1",TRUE,0
"2826",9,"M",6,"White","High",1,1,0,0,0,0,0,1,0,1,1,"1",TRUE,1
"2827",NA,NA,NA,"Black",NA,2,0,0,0,0,0,0,0,0,0,4,"1",FALSE,0
"2828",8,"F",6,"Hispanic","High",2,0,0,0,0,0,0,0,0,1,4,"1",TRUE,0
"2829",9,"F",6,"White","High",2,0,0,0,0,0,0,0,0,1,4,NA,TRUE,0
"2830",9,"M",6,"White","High",1,0,0,0,0,0,0,0,0,1,2,"1",TRUE,1
"2831",9,"M",6,"AI/AN","High",1,1,0,0,0,0,0,0,0,1,2,NA,TRUE,1
"2832",8,"F",6,"White","High",1,0,0,0,0,0,0,0,0,1,2,NA,TRUE,1
"2833",8,"F",6,"White","High",2,0,0,0,0,0,0,0,0,0,2,NA,FALSE,1
"2834",9,"M",6,"Hispanic","High",2,0,0,0,0,0,0,0,0,0,2,"1",FALSE,1
"2835",9,"M",6,"White","High",2,0,0,0,0,0,0,0,0,0,4,"1",FALSE,0
"2836",8,"F",5,"Hispanic","High",1,1,NA,0,0,0,1,0,0,1,2,"1",TRUE,1
"2837",7,"M",5,"White","High",2,0,0,0,0,0,0,0,0,1,4,"1",TRUE,0
"2838",7,"F",5,"Hispanic","High",1,1,1,0,0,0,0,0,0,0,3,"1",TRUE,0
"2839",9,"M",5,"Hispanic","High",2,0,0,0,0,0,0,0,0,1,2,"1",TRUE,1
"2840",7,"F",5,"White","High",1,0,0,0,0,0,0,0,0,0,4,NA,FALSE,0
"2841",7,"F",5,"White","High",2,0,0,0,0,0,0,0,0,0,4,NA,FALSE,0
"2842",8,"M",5,"White","High",2,0,0,0,0,0,0,0,0,1,3,"1",TRUE,0
"2843",7,"M",5,"White","High",2,0,0,0,0,0,0,0,0,0,2,NA,FALSE,1
"2844",8,"F",5,"White","High",2,0,0,0,0,0,0,0,0,1,4,NA,TRUE,0
"2845",8,"F",5,"Hispanic","High",2,0,0,0,0,0,1,0,0,1,2,"1",TRUE,1
"2846",7,"M",5,NA,"High",2,0,0,0,0,0,0,0,0,0,4,NA,FALSE,0
"2847",7,"F",5,"Hispanic","High",2,0,0,0,0,0,0,0,0,0,3,"1",FALSE,0
"2848",8,"F",5,"White","High",2,0,0,0,0,0,0,0,0,0,1,NA,FALSE,1
"2849",8,"F",5,"White","High",2,0,0,0,0,0,0,0,0,0,1,NA,FALSE,1
"2850",8,"F",5,"Hispanic","High",2,0,0,0,0,0,0,0,0,0,2,NA,FALSE,1
"2851",8,"F",5,"Hispanic","High",2,0,0,0,0,0,0,0,0,0,4,"1",FALSE,0
"2852",8,"F",5,"Hispanic","High",2,0,0,0,0,0,0,0,0,0,2,NA,FALSE,1
"2853",8,"M",5,"White","High",2,0,0,0,0,0,0,0,0,0,4,"1",FALSE,0
"2854",8,"M",5,"Hispanic","High",2,0,0,0,0,0,0,0,0,0,3,"1",FALSE,0
"2855",7,"M",4,"Hispanic","High",1,1,1,0,NA,NA,NA,NA,NA,1,1,NA,TRUE,1
"2856",7,"F",4,"White","High",2,0,0,0,0,0,0,0,0,0,4,"1",FALSE,0
"2857",7,"F",4,NA,"High",NA,0,NA,NA,NA,NA,NA,NA,NA,NA,4,NA,NA,0
"2858",6,"M",4,"Black","High",2,0,0,0,0,0,NA,0,0,0,3,"1",NA,0
"2859",7,"M",4,"Hispanic","High",2,0,0,0,0,0,0,0,0,0,4,"1",FALSE,0
"2860",6,"F",4,"Hispanic","High",2,0,0,0,0,0,0,0,0,0,4,"1",FALSE,0
"2861",6,"F",4,"White","High",2,0,0,0,0,0,0,0,0,0,4,"1",FALSE,0
"2862",7,"F",4,"Hispanic","High",2,0,0,0,0,0,0,0,0,0,4,"1",FALSE,0
"2863",6,"M",4,"Hispanic","High",2,0,0,0,0,0,0,0,0,0,4,"1",FALSE,0
"2864",6,"F",4,"Hispanic","High",2,0,0,0,0,0,0,0,0,0,4,"1",FALSE,0
"2865",7,"F",4,"Hispanic","High",2,0,0,0,0,0,0,0,0,0,4,"1",FALSE,0
"2866",7,"F",4,"White","High",2,0,0,0,0,0,0,0,0,0,4,NA,FALSE,0
"2867",8,"M",4,"Hispanic","High",2,0,0,0,0,0,0,0,0,0,4,NA,FALSE,0
"2868",6,"M",4,"Hispanic","High",2,0,0,0,0,0,0,0,0,0,3,"1",FALSE,0
"2869",6,"F",4,"Hispanic","High",2,0,0,0,0,0,0,0,0,0,2,NA,FALSE,1
"2870",7,"M",4,"White","High",2,0,0,0,0,0,0,0,0,1,3,"1",TRUE,0
"2871",6,"M",4,"White","High",2,0,0,0,0,0,0,0,0,0,4,NA,FALSE,0
"2872",7,"M",4,"White","High",2,0,0,0,0,0,0,0,0,0,4,"1",FALSE,0
"2873",7,"M",4,"White","High",2,0,0,0,0,0,0,0,0,1,2,"1",TRUE,1
"2874",7,"M",4,"Asian","High",2,0,0,0,0,0,0,0,0,0,4,"1",FALSE,0
"2875",6,"M",4,"White","High",1,0,1,0,0,0,0,0,0,1,2,"1",TRUE,1
"2876",6,"M",4,"White","High",1,1,0,1,0,0,0,0,0,1,1,NA,TRUE,1
"2877",NA,NA,NA,"Hispanic",NA,2,1,0,0,1,0,0,0,0,1,1,"1",TRUE,1
"2878",7,"M",4,"White","High",2,0,0,0,0,0,0,0,0,0,4,NA,FALSE,0
"2879",6,"F",4,"White","High",2,0,0,0,0,0,0,0,0,0,3,NA,FALSE,0
"2880",7,"M",4,"Hispanic","High",NA,0,NA,0,0,0,0,0,0,0,1,"1",NA,1
"2881",4,"F",1,"Hispanic","Middle",2,0,0,NA,0,0,0,0,0,0,2,NA,NA,1
"2882",3,"M",1,NA,"Middle",2,0,0,0,0,0,0,0,0,0,4,"1",FALSE,0
"2883",4,"F",1,"Hispanic","Middle",2,0,0,0,0,0,0,0,0,0,4,"1",FALSE,0
"2884",4,"M",1,"Hispanic","Middle",2,0,0,0,0,0,0,0,0,0,4,"1",FALSE,0
"2885",3,"F",1,"Hispanic","Middle",2,0,0,0,NA,NA,0,NA,NA,0,4,NA,NA,0
"2886",3,"F",1,"Hispanic","Middle",2,0,0,0,0,0,0,0,0,0,4,"1",FALSE,0
"2887",3,"F",1,"Hispanic","Middle",2,0,0,0,0,0,0,0,0,0,2,"1",FALSE,1
"2888",4,"M",1,"Hispanic","Middle",2,0,0,0,0,0,0,0,0,0,NA,"1",FALSE,NA
"2889",3,"M",1,"Hispanic","Middle",2,0,0,0,0,0,0,0,0,0,4,"1",FALSE,0
"2890",4,"M",1,NA,"Middle",2,0,0,0,0,0,0,0,0,0,4,"1",FALSE,0
"2891",4,"M",1,NA,"Middle",2,0,0,0,0,0,0,0,0,0,4,"1",FALSE,0
"2892",4,"M",1,"Hispanic","Middle",2,0,0,0,0,0,0,0,0,1,4,"1",TRUE,0
"2893",4,"M",1,"Hispanic","Middle",2,0,0,0,0,0,0,0,0,0,3,"1",FALSE,0
"2894",3,"M",1,"Hispanic","Middle",2,0,0,0,0,0,0,0,0,0,4,"1",FALSE,0
"2895",4,"M",1,"Hispanic","Middle",2,0,0,0,0,0,0,0,0,0,4,"1",FALSE,0
"2896",3,"F",1,"Hispanic","Middle",2,NA,0,0,0,0,0,0,0,0,4,"1",NA,0
"2897",4,"F",1,"Hispanic","Middle",1,NA,0,0,0,0,1,0,0,0,2,NA,TRUE,1
"2898",3,"M",1,"Hispanic","Middle",2,0,0,0,0,0,0,0,0,0,4,"1",FALSE,0
"2899",4,"F",1,"Hispanic","Middle",2,0,0,0,0,0,0,0,0,0,2,"1",FALSE,1
"2900",3,"F",1,"Hispanic","Middle",2,0,0,0,NA,NA,0,NA,NA,0,4,NA,NA,0
"2901",4,"M",1,"Hispanic","Middle",2,0,0,0,0,0,0,0,0,0,4,"1",FALSE,0
"2902",3,"M",1,"Hispanic","Middle",2,0,0,0,0,0,0,0,0,1,3,NA,TRUE,0
"2903",8,"F",5,"Hispanic","High",2,0,0,0,0,0,0,0,0,0,4,NA,FALSE,0
"2904",7,"M",5,"White","High",2,0,0,0,0,0,0,0,0,0,4,"1",FALSE,0
"2905",7,"F",5,"Hispanic","High",2,0,0,0,0,0,0,0,0,0,2,"1",FALSE,1
"2906",8,"F",5,"Hispanic","High",2,0,0,0,0,1,0,0,0,0,1,"1",TRUE,1
"2907",8,"F",5,"Hispanic","High",2,0,0,0,0,0,0,0,0,0,2,NA,FALSE,1
"2908",7,"F",5,"Hispanic","High",1,0,0,0,NA,NA,0,NA,NA,0,4,NA,NA,0
"2909",7,"M",5,"Hispanic","High",2,0,0,0,0,0,0,0,0,0,2,NA,FALSE,1
"2910",8,"M",5,"Hispanic","High",2,0,0,0,0,0,0,0,0,0,4,"1",FALSE,0
"2911",8,"M",5,"Hispanic","High",1,0,0,0,0,0,0,0,0,0,1,"1",FALSE,1
"2912",8,"F",5,"Hispanic","High",2,0,0,0,0,0,0,0,0,0,1,NA,FALSE,1
"2913",8,"M",5,"Hispanic","High",2,0,0,0,0,0,0,0,0,0,4,"1",FALSE,0
"2914",6,"F",5,"Hispanic","High",2,0,0,0,0,0,0,0,0,0,2,NA,FALSE,1
"2915",7,"M",5,"Hispanic","High",2,0,0,0,0,0,0,0,0,0,1,NA,FALSE,1
"2916",7,"M",5,"White","High",2,0,0,0,0,0,0,0,0,0,4,NA,FALSE,0
"2917",8,"F",5,NA,"High",2,0,0,0,0,0,0,0,0,0,4,"1",FALSE,0
"2918",8,"F",5,"Hispanic","High",2,0,0,0,0,0,0,0,0,0,4,"1",FALSE,0
"2919",8,"F",5,"Hispanic","High",2,0,0,0,0,0,0,0,0,0,4,"1",FALSE,0
"2920",9,"M",5,"Hispanic","High",2,0,0,0,0,0,0,0,0,0,3,"1",FALSE,0
"2921",8,"F",5,NA,"High",1,0,0,0,0,0,0,0,0,0,4,"1",FALSE,0
"2922",8,"F",5,"Hispanic","High",1,0,1,0,0,0,0,0,0,0,4,"1",TRUE,0
"2923",8,"F",5,"Hispanic","High",2,0,0,0,0,0,0,0,0,0,2,NA,FALSE,1
"2924",8,"M",5,"Hispanic","High",2,0,0,0,0,0,0,0,0,0,4,"1",FALSE,0
"2925",8,"F",6,"Hispanic","High",2,0,0,0,0,0,0,0,0,0,1,NA,FALSE,1
"2926",8,NA,6,"Hispanic","High",2,0,0,0,0,0,0,0,0,0,4,"1",FALSE,0
"2927",8,"F",6,"White","High",2,0,0,0,0,0,0,0,0,0,4,"1",FALSE,0
"2928",8,"M",6,"Hispanic","High",2,0,0,0,0,0,0,0,0,0,2,NA,FALSE,1
"2929",9,"F",6,"Hispanic","High",2,0,0,0,0,0,0,0,0,0,4,"1",FALSE,0
"2930",8,"F",6,"Hispanic","High",2,0,0,0,0,0,1,0,0,0,3,NA,TRUE,0
"2931",9,"F",6,"Hispanic","High",NA,0,NA,NA,0,0,0,0,0,NA,2,"1",NA,1
"2932",8,"M",6,"Hispanic","High",2,0,0,0,0,0,0,0,0,0,2,NA,FALSE,1
"2933",8,"F",6,"Hispanic","High",2,0,0,0,0,0,0,0,0,0,4,NA,FALSE,0
"2934",8,"M",6,"Hispanic","High",2,0,NA,0,NA,NA,NA,NA,NA,NA,3,"1",NA,0
"2935",9,"F",6,"Hispanic","High",2,0,0,0,0,0,0,0,0,0,3,"1",FALSE,0
"2936",8,"M",6,"Hispanic","High",2,0,0,0,0,0,0,0,0,0,3,"1",FALSE,0
"2937",8,"F",6,"White","High",2,0,0,0,0,0,0,0,0,0,2,"1",FALSE,1
"2938",9,"M",6,"Hispanic","High",2,0,0,0,0,0,0,0,0,0,3,"1",FALSE,0
"2939",8,"F",6,"Hispanic","High",1,0,0,0,0,0,0,0,0,0,4,NA,FALSE,0
"2940",8,"F",6,"Black","High",2,0,0,0,0,0,0,0,0,0,3,NA,FALSE,0
"2941",8,"F",6,"Hispanic","High",2,0,0,0,0,0,0,0,0,0,4,"1",FALSE,0
"2942",8,"M",6,"Hispanic","High",2,0,0,0,0,0,0,0,0,0,2,"1",FALSE,1
"2943",9,"M",6,"Hispanic","High",2,0,0,0,0,0,0,0,0,0,4,"1",FALSE,0
"2944",9,"F",6,"Black","High",2,0,0,0,0,0,0,0,0,0,4,NA,FALSE,0
"2945",10,"M",6,"Hispanic","High",1,0,0,0,0,0,0,0,0,0,3,NA,FALSE,0
"2946",9,"M",6,"Hispanic","High",2,0,0,0,0,0,0,0,0,1,4,"1",TRUE,0
"2947",9,"M",6,"Hispanic","High",2,0,0,0,0,0,0,0,0,0,4,"1",FALSE,0
"2948",9,"M",6,"Asian","High",1,NA,0,0,0,0,0,0,0,0,2,NA,NA,1
"2949",8,"F",6,NA,"High",2,0,0,0,0,0,0,0,0,0,2,NA,FALSE,1
"2950",7,"M",5,"Hispanic","High",2,1,0,0,0,0,0,0,0,0,4,"1",TRUE,0
"2951",8,"M",5,"Hispanic","High",1,0,0,0,0,0,0,0,0,0,4,"1",FALSE,0
"2952",8,"F",5,"Hispanic","High",2,1,0,0,0,0,0,1,0,0,2,NA,TRUE,1
"2953",5,"F",4,"Black","High",2,0,0,0,0,0,0,0,0,0,2,"1",FALSE,1
"2954",6,"M",4,"White","High",2,0,0,0,0,0,0,0,0,0,2,"1",FALSE,1
"2955",7,"F",4,"White","High",2,0,0,0,0,0,0,0,0,1,4,NA,TRUE,0
"2956",3,"M",7,"Hispanic","High",1,1,1,1,NA,NA,1,NA,NA,0,1,"1",TRUE,1
"2957",7,"M",4,"Hispanic","High",2,0,0,0,0,0,0,0,0,0,2,"1",FALSE,1
"2958",6,"F",4,"Hispanic","High",2,0,0,0,0,0,0,0,0,0,2,"1",FALSE,1
"2959",6,"F",4,"Hispanic","High",2,0,0,0,0,0,0,0,0,0,4,"1",FALSE,0
"2960",7,"M",4,"White","High",2,1,0,0,0,0,0,0,0,1,2,NA,TRUE,1
"2961",6,"F",4,"Hispanic","High",2,0,0,0,0,0,0,0,0,0,4,"1",FALSE,0
"2962",6,"M",4,"White","High",2,0,0,0,0,0,0,0,0,0,1,"1",FALSE,1
"2963",6,"F",4,"Hispanic","High",2,0,0,0,0,0,0,0,0,0,4,"1",FALSE,0
"2964",6,"M",4,"Hispanic","High",2,0,0,0,0,0,0,0,0,0,3,"1",FALSE,0
"2965",7,"F",4,"White","High",2,0,0,0,0,0,0,0,0,0,4,"1",FALSE,0
"2966",7,"F",4,"Hispanic","High",2,0,0,0,0,0,0,0,0,0,4,"1",FALSE,0
"2967",7,"M",4,"Hispanic","High",2,0,0,0,0,0,0,0,0,0,4,"1",FALSE,0
"2968",6,"F",4,"Hispanic","High",2,0,0,0,0,0,0,0,0,0,4,"1",FALSE,0
"2969",7,"F",4,"White","High",2,0,0,0,0,0,0,0,0,0,2,NA,FALSE,1
"2970",7,"F",4,"Hispanic","High",2,0,0,0,0,0,0,0,0,0,4,NA,FALSE,0
"2971",7,"M",4,"White","High",2,0,0,0,0,0,0,0,0,0,4,"1",FALSE,0
"2972",6,"M",4,"Hispanic","High",2,0,0,0,0,0,0,0,0,0,4,"1",FALSE,0
"2973",7,"F",4,"Hispanic","High",2,0,0,0,0,0,0,0,0,0,4,"1",FALSE,0
"2974",7,"F",4,"Asian","High",2,0,0,0,0,0,0,0,0,0,4,NA,FALSE,0
"2975",7,"F",4,"Hispanic","High",2,0,0,0,0,0,0,0,0,0,4,"1",FALSE,0
"2976",7,"F",4,"White","High",2,0,0,0,0,0,0,0,0,0,4,"1",FALSE,0
"2977",7,"M",4,"Hispanic","High",2,NA,0,0,0,0,0,0,0,1,1,"1",TRUE,1
"2978",6,"F",4,"Hispanic","High",2,0,0,0,0,0,0,0,0,0,4,"1",FALSE,0
"2979",7,"M",4,"Hispanic","High",1,0,0,0,0,0,0,0,0,0,1,NA,FALSE,1
"2980",6,"F",4,"Hispanic","High",2,0,0,0,0,0,0,0,0,0,4,"1",FALSE,0
"2981",7,"F",4,"White","High",1,1,1,1,0,0,1,0,0,1,1,NA,TRUE,1
"2982",7,"M",4,"Hispanic","High",2,0,0,0,0,0,0,0,0,0,4,"1",FALSE,0
"2983",7,"F",4,"Asian","High",2,0,0,0,0,0,0,0,0,0,2,NA,FALSE,1
"2984",6,"F",4,"Hispanic","High",2,0,0,0,0,0,0,0,0,0,3,NA,FALSE,0
"2985",7,"F",4,"White","High",2,0,0,0,0,0,0,0,0,0,4,"1",FALSE,0
"2986",7,"F",4,"Asian","High",2,0,0,0,0,0,0,0,0,0,4,NA,FALSE,0
"2987",6,"F",4,"Hispanic","High",2,0,0,0,0,0,0,0,0,0,2,NA,FALSE,1
"2988",6,"F",4,"Hispanic","High",2,0,0,0,0,0,0,0,0,0,4,"1",FALSE,0
"2989",7,"M",4,"Hispanic","High",2,0,0,0,0,0,0,0,0,0,4,"1",FALSE,0
"2990",7,"F",4,"Asian","High",2,0,0,0,0,0,0,0,0,0,3,"1",FALSE,0
"2991",10,"F",7,"White","High",2,0,0,0,0,0,0,0,0,0,4,NA,FALSE,0
"2992",9,"F",7,"Hispanic","High",2,0,0,0,0,0,0,0,0,0,4,"1",FALSE,0
"2993",10,"M",7,"Hispanic","High",2,0,0,0,NA,NA,0,NA,NA,0,4,NA,NA,0
"2994",11,"F",7,"Hispanic","High",2,0,0,0,0,0,0,0,0,0,2,"1",FALSE,1
"2995",10,"F",7,"Hispanic","High",2,0,0,0,0,0,0,0,0,0,1,NA,FALSE,1
"2996",9,"F",7,"Hispanic","High",2,0,0,0,0,0,0,0,0,0,4,"1",FALSE,0
"2997",10,"F",7,"Hispanic","High",2,0,0,0,0,0,0,0,0,0,4,"1",FALSE,0
"2998",10,"F",7,"Hispanic","High",2,0,0,0,0,0,0,0,0,0,2,NA,FALSE,1
"2999",9,"F",7,"Hispanic","High",2,0,0,0,0,0,0,0,0,0,3,"1",FALSE,0
"3000",10,"F",7,"White","High",2,0,0,0,0,0,0,0,0,0,4,"1",FALSE,0
"3001",10,"M",7,"Hispanic","High",2,0,0,0,0,0,0,0,0,0,4,NA,FALSE,0
"3002",10,"F",7,"White","High",2,0,0,0,0,0,0,0,0,0,4,"1",FALSE,0
"3003",10,"F",7,"Hispanic","High",2,0,0,0,0,0,0,0,0,1,4,"1",TRUE,0
"3004",9,"F",7,"Hispanic","High",2,0,0,0,0,0,0,0,0,0,2,"1",FALSE,1
"3005",9,"F",7,"Hispanic","High",1,0,0,0,0,0,0,0,0,0,4,NA,FALSE,0
"3006",9,"F",7,"Hispanic","High",2,0,0,0,0,0,0,0,0,0,4,"1",FALSE,0
"3007",9,"F",7,"Hispanic","High",2,0,0,0,0,0,0,0,0,0,4,"1",FALSE,0
"3008",10,"M",7,"Hispanic","High",2,0,0,0,0,0,0,0,0,0,4,"1",FALSE,0
"3009",10,"M",7,"Asian","High",2,0,0,0,0,0,0,0,0,0,4,"1",FALSE,0
"3010",10,"F",7,"Hispanic","High",2,0,0,0,0,0,0,0,0,0,4,"1",FALSE,0
"3011",9,"F",7,"Hispanic","High",2,0,0,0,0,0,0,0,0,0,4,"1",FALSE,0
"3012",9,"F",7,"Hispanic","High",2,0,0,0,0,0,0,0,0,0,2,"1",FALSE,1
"3013",9,"M",6,"Hispanic","High",1,0,1,0,0,0,0,1,0,0,3,"1",TRUE,0
"3014",4,"M",2,"White","Middle",2,0,0,0,0,0,0,0,0,0,4,NA,FALSE,0
"3015",4,"F",2,"Hispanic","Middle",2,0,0,0,0,0,0,0,0,0,4,"1",FALSE,0
"3016",4,"F",2,"Hispanic","Middle",2,0,0,0,0,0,0,0,0,0,4,"1",FALSE,0
"3017",5,"M",2,"Hispanic","Middle",2,0,0,0,0,0,0,0,0,0,4,"1",FALSE,0
"3018",4,"F",2,"Hispanic","Middle",2,0,0,0,0,0,0,0,0,0,4,"1",FALSE,0
"3019",4,"F",2,"Hispanic","Middle",2,0,0,0,0,0,0,0,0,1,4,"1",TRUE,0
"3020",4,"M",2,"Hispanic","Middle",2,0,0,0,0,0,0,0,0,0,1,NA,FALSE,1
"3021",5,"M",2,"Hispanic","Middle",2,0,0,0,0,0,0,0,0,0,3,"1",FALSE,0
"3022",5,"F",2,"Hispanic","Middle",2,0,0,0,0,0,0,0,0,1,4,"1",TRUE,0
"3023",5,"M",2,"Hispanic","Middle",2,0,0,0,0,0,0,0,0,0,3,NA,FALSE,0
"3024",4,"M",2,"Hispanic","Middle",2,0,0,0,0,0,0,0,0,0,4,"1",FALSE,0
"3025",5,"M",2,"Hispanic","Middle",2,0,0,0,0,0,0,0,0,0,4,NA,FALSE,0
"3026",4,"F",2,"Hispanic","Middle",2,0,0,0,0,0,0,0,0,0,4,"1",FALSE,0
"3027",5,"F",2,"Hispanic","Middle",2,0,0,0,0,0,0,0,0,0,4,"1",FALSE,0
"3028",4,"M",2,"Hispanic","Middle",2,0,0,0,0,0,0,0,0,0,4,"1",FALSE,0
"3029",4,"F",2,"Hispanic","Middle",2,0,0,0,0,0,0,0,0,1,3,"1",TRUE,0
"3030",5,"M",2,"Hispanic","Middle",2,0,0,0,0,0,0,0,0,NA,3,"1",NA,0
"3031",4,"F",2,"Hispanic","Middle",2,0,0,0,0,0,0,0,0,0,4,"1",FALSE,0
"3032",5,"F",2,"Hispanic","Middle",2,0,0,0,0,0,0,0,0,0,4,NA,FALSE,0
"3033",4,"F",2,"Hispanic","Middle",2,0,0,0,0,0,0,0,0,0,4,"1",FALSE,0
"3034",4,"F",2,"Hispanic","Middle",2,0,0,0,0,0,0,0,0,0,3,NA,FALSE,0
"3035",4,"M",2,"Hispanic","Middle",2,0,0,0,0,0,0,0,0,0,4,"1",FALSE,0
"3036",4,"F",2,"Hispanic","Middle",2,0,0,0,0,0,0,0,0,0,4,"1",FALSE,0
"3037",4,"F",2,"Hispanic","Middle",2,0,0,0,0,0,0,0,0,0,3,"1",FALSE,0
"3038",4,"M",2,"Hispanic","Middle",2,0,0,0,0,0,0,0,0,0,4,"1",FALSE,0
"3039",4,"F",2,"Hispanic","Middle",NA,0,0,0,0,0,0,0,0,1,2,"1",TRUE,1
"3040",6,"F",3,"Hispanic","Middle",2,0,0,0,0,0,0,0,0,0,4,"1",FALSE,0
"3041",5,"F",3,"Hispanic","Middle",2,0,0,0,0,0,0,0,0,0,2,"1",FALSE,1
"3042",6,"F",3,"Hispanic","Middle",2,0,0,0,0,0,0,0,0,0,2,"1",FALSE,1
"3043",5,"F",3,"Hispanic","Middle",2,0,0,0,0,0,0,0,0,1,3,NA,TRUE,0
"3044",5,"F",3,"Hispanic","Middle",2,0,0,0,0,0,0,0,0,0,2,"1",FALSE,1
"3045",5,"M",3,"Hispanic","Middle",2,0,0,0,0,0,0,0,0,0,4,NA,FALSE,0
"3046",6,"M",3,"Hispanic","Middle",NA,0,0,0,0,0,0,0,0,0,4,"1",FALSE,0
"3047",4,"M",2,"Hispanic","Middle",2,NA,0,0,0,0,0,0,0,0,2,"1",NA,1
"3048",4,"F",2,"Black","Middle",2,0,0,0,0,0,0,0,0,0,4,"1",FALSE,0
"3049",5,"M",2,"Hispanic","Middle",2,0,0,0,0,0,0,0,0,0,1,"1",FALSE,1
"3050",5,"M",2,"Hispanic","Middle",2,0,0,0,0,0,0,0,0,0,3,"1",FALSE,0
"3051",4,"M",2,"White","Middle",1,0,0,0,0,0,0,0,0,1,3,"1",TRUE,0
"3052",6,"F",3,"Hispanic","Middle",2,0,0,0,0,0,0,0,0,0,4,"1",FALSE,0
"3053",5,"F",3,"Hispanic","Middle",2,NA,0,0,0,0,0,0,0,0,2,"1",NA,1
"3054",5,"F",3,"Hispanic","Middle",2,0,0,0,0,0,0,0,0,0,4,"1",FALSE,0
"3055",5,"F",3,"Hispanic","Middle",2,0,0,0,0,0,0,0,0,0,3,"1",FALSE,0
"3056",5,"F",3,"Hispanic","Middle",2,0,0,0,0,0,0,0,0,0,2,NA,FALSE,1
"3057",5,"F",3,"Hispanic","Middle",2,0,0,0,0,0,0,0,0,0,4,"1",FALSE,0
"3058",6,"M",3,"Hispanic","Middle",2,0,0,0,0,0,0,0,0,0,4,NA,FALSE,0
"3059",5,"M",3,"Hispanic","Middle",2,0,0,0,0,0,0,0,0,0,4,"1",FALSE,0
"3060",5,"M",3,"Hispanic","Middle",2,0,0,0,0,0,0,0,0,0,4,"1",FALSE,0
"3061",5,"F",3,"Hispanic","Middle",2,0,0,0,0,0,0,0,0,0,4,"1",FALSE,0
"3062",5,"M",3,"Hispanic","Middle",2,0,0,0,0,0,0,0,0,0,2,"1",FALSE,1
"3063",6,"M",3,"Hispanic","Middle",2,0,0,0,0,0,0,0,0,0,1,"1",FALSE,1
"3064",5,"F",3,"Hispanic","Middle",2,1,0,0,0,0,1,1,0,1,1,"1",TRUE,1
"3065",5,"M",3,"Hispanic","Middle",2,0,0,0,0,0,0,0,0,0,4,"1",FALSE,0
"3066",6,"F",3,"Hispanic","Middle",2,0,0,0,0,0,0,0,0,0,4,"1",FALSE,0
"3067",5,"F",3,"Hispanic","Middle",2,0,0,0,0,0,0,0,0,0,4,"1",FALSE,0
"3068",5,"F",3,"Hispanic","Middle",2,0,0,0,0,0,0,0,0,0,3,NA,FALSE,0
"3069",5,"M",3,"Hispanic","Middle",2,0,0,0,0,0,0,0,0,0,4,"1",FALSE,0
"3070",5,"M",3,"Hispanic","Middle",2,0,0,0,0,0,0,0,0,0,3,"1",FALSE,0
"3071",6,"M",3,"Hispanic","Middle",2,0,0,0,0,0,0,0,0,0,4,"1",FALSE,0
"3072",6,"F",3,"Hispanic","Middle",2,0,0,0,0,0,1,0,0,0,3,NA,TRUE,0
"3073",5,"F",3,"White","Middle",2,0,0,0,0,0,0,0,0,0,2,"1",FALSE,1
"3074",9,"M",6,"Hispanic","High",2,0,0,0,0,0,0,0,0,0,4,"1",FALSE,0
"3075",8,"F",6,"Hispanic","High",2,0,0,0,0,0,0,0,0,0,2,"1",FALSE,1
"3076",7,"F",5,"Hispanic","High",2,0,0,0,0,0,0,0,0,0,3,"1",FALSE,0
"3077",8,"F",5,"Hispanic","High",2,0,0,0,0,0,0,0,0,0,4,"1",FALSE,0
"3078",9,"F",5,"Hispanic","High",2,0,0,0,0,0,0,0,0,0,4,"1",FALSE,0
"3079",7,"F",5,"Hispanic","High",2,0,0,0,0,0,0,0,0,0,4,"1",FALSE,0
"3080",8,"M",5,"Asian","High",2,0,0,0,0,0,0,0,0,0,4,NA,FALSE,0
"3081",8,"F",5,"Hispanic","High",2,0,0,0,0,0,0,0,0,0,4,NA,FALSE,0
"3082",8,"M",5,NA,"High",2,0,0,0,0,0,0,0,0,0,NA,"1",FALSE,NA
"3083",7,"F",5,"Hispanic","High",2,0,0,0,0,0,0,0,0,0,2,"1",FALSE,1
"3084",7,"M",5,"Hispanic","High",2,0,0,0,0,0,0,0,0,0,3,NA,FALSE,0
"3085",7,"M",5,"Hispanic","High",2,0,0,0,0,0,0,0,0,0,4,"1",FALSE,0
"3086",8,"M",5,"Hispanic","High",2,0,0,0,0,0,0,0,0,0,4,NA,FALSE,0
"3087",7,"F",5,"Hispanic","High",2,0,0,0,0,0,0,0,0,0,1,NA,FALSE,1
"3088",7,"M",5,"Hispanic","High",2,0,0,0,0,0,0,0,0,0,2,"1",FALSE,1
"3089",8,"F",5,"Hispanic","High",2,0,0,0,0,0,0,0,0,0,4,"1",FALSE,0
"3090",9,"F",7,"Hispanic","High",2,0,0,0,0,0,0,0,0,1,1,"1",TRUE,1
"3091",9,"F",7,"Hispanic","High",2,0,0,0,0,0,0,0,0,0,2,"1",FALSE,1
"3092",7,"F",5,"Hispanic","High",2,0,0,0,0,0,0,0,0,0,4,"1",FALSE,0
"3093",8,"F",6,"Hispanic","High",2,0,0,0,0,0,0,0,0,0,4,"1",FALSE,0
"3094",7,"M",5,"Hispanic","High",1,0,1,0,0,0,0,0,0,0,2,"1",TRUE,1
"3095",7,"M",5,"Hispanic","High",2,0,0,0,0,0,0,0,0,0,4,NA,FALSE,0
"3096",8,"F",5,NA,"High",2,0,0,0,0,0,0,0,0,0,3,"1",FALSE,0
"3097",10,"M",7,"White","High",2,0,0,0,0,0,0,0,0,0,3,"1",FALSE,0
"3098",9,"F",7,"Hispanic","High",2,0,0,0,0,0,0,0,0,0,2,"1",FALSE,1
"3099",9,"F",7,"Hispanic","High",2,0,0,0,0,0,0,0,0,0,4,NA,FALSE,0
"3100",10,"F",7,"Hispanic","High",2,0,0,0,0,0,0,0,0,0,4,NA,FALSE,0
"3101",10,"M",7,"Hispanic","High",1,0,0,0,0,0,0,0,0,1,1,"1",TRUE,1
"3102",10,"F",7,"Hispanic","High",2,0,0,0,0,0,0,0,0,0,2,NA,FALSE,1
"3103",9,"F",7,"Hispanic","High",2,0,0,0,0,0,0,0,0,0,4,"1",FALSE,0
"3104",9,"M",7,"White","High",2,0,0,0,0,0,0,0,0,0,3,"1",FALSE,0
"3105",9,"M",7,"Asian","High",2,0,0,0,0,0,0,0,0,0,3,NA,FALSE,0
"3106",10,"F",7,"White","High",1,1,0,0,0,0,0,0,0,1,1,NA,TRUE,1
"3107",9,NA,7,"Hispanic","High",2,0,0,0,0,0,0,0,0,1,2,NA,TRUE,1
"3108",9,"F",7,"White","High",2,0,0,0,0,0,0,0,0,0,4,"1",FALSE,0
"3109",10,"F",7,"White","High",2,0,0,0,0,0,0,0,0,0,4,NA,FALSE,0
"3110",9,"F",7,"White","High",2,0,0,0,0,0,0,0,0,0,4,"1",FALSE,0
"3111",9,"M",7,"White","High",2,0,0,0,0,0,0,0,0,0,3,NA,FALSE,0
"3112",9,"F",7,"Black","High",2,0,0,0,0,0,0,0,0,0,4,"1",FALSE,0
"3113",10,"M",7,"Hispanic","High",2,0,0,0,0,0,0,0,0,0,4,NA,FALSE,0
"3114",9,"F",7,"Hispanic","High",2,0,0,0,0,0,0,0,0,0,2,"1",FALSE,1
"3115",10,"F",7,"Asian","High",2,0,0,0,0,0,0,0,0,0,4,"1",FALSE,0
"3116",9,"M",7,"Hispanic","High",2,0,0,0,0,0,0,0,0,0,2,"1",FALSE,1
"3117",10,"F",7,"Hispanic","High",2,0,0,0,0,0,0,0,0,0,4,"1",FALSE,0
"3118",10,"F",7,"White","High",2,0,0,0,0,0,0,0,0,0,1,"1",FALSE,1
"3119",10,"M",7,"Hispanic","High",2,0,0,0,0,0,0,0,0,0,2,"1",FALSE,1
"3120",6,"M",4,"Hispanic","High",2,0,0,0,0,0,0,0,0,0,4,"1",FALSE,0
"3121",8,"M",6,"Hispanic","High",2,0,NA,NA,NA,NA,NA,NA,NA,NA,4,NA,NA,0
"3122",8,"M",6,"Hispanic","High",2,0,0,0,0,0,NA,0,0,0,4,NA,NA,0
"3123",7,"F",5,"Asian","High",2,0,0,0,0,0,0,0,0,0,4,"1",FALSE,0
"3124",7,"F",4,"Hispanic","High",2,0,0,0,0,0,0,0,0,0,3,"1",FALSE,0
"3125",7,"M",4,"Hispanic","High",NA,1,NA,1,NA,NA,NA,NA,NA,NA,4,NA,TRUE,0
"3126",9,"F",7,"White","High",2,0,0,0,0,0,0,0,0,0,4,"1",FALSE,0
"3127",10,"M",7,"White","High",2,0,0,0,0,0,0,0,0,0,4,"1",FALSE,0
"3128",10,"M",7,"White","High",1,0,0,0,0,0,0,0,0,0,2,"1",FALSE,1
"3129",10,"M",7,"Hispanic","High",1,0,1,0,0,0,0,0,0,1,1,"1",TRUE,1
"3130",10,"F",7,"Hispanic","High",2,0,0,0,0,0,0,0,0,0,4,"1",FALSE,0
"3131",10,"M",7,"Hispanic","High",2,0,0,0,0,0,0,0,0,0,1,"1",FALSE,1
"3132",9,"F",7,"Hispanic","High",2,0,0,0,0,0,0,0,0,0,4,"1",FALSE,0
"3133",10,"F",7,"Hispanic","High",2,0,0,0,0,0,0,0,0,0,3,NA,FALSE,0
"3134",9,"F",7,"Hispanic","High",2,0,0,0,0,0,0,0,0,0,4,"1",FALSE,0
"3135",10,"F",7,"Hispanic","High",2,0,0,0,0,0,0,0,0,0,4,NA,FALSE,0
"3136",9,"F",7,"Hispanic","High",1,0,0,0,0,0,0,0,0,0,1,NA,FALSE,1
"3137",8,"F",6,"Hispanic","High",2,0,0,0,0,0,0,0,0,0,4,"1",FALSE,0
"3138",8,"F",6,"Hispanic","High",1,0,0,0,0,0,0,0,0,0,1,"1",FALSE,1
"3139",8,"M",6,"Hispanic","High",2,0,0,0,0,0,0,0,0,0,4,"1",FALSE,0
"3140",6,"M",4,"Hispanic","High",2,0,0,0,0,0,0,0,0,0,4,"1",FALSE,0
"3141",7,"M",4,"Black","High",2,0,0,0,0,0,0,0,0,1,2,NA,TRUE,1
"3142",6,"F",4,"Hispanic","High",2,0,0,0,0,0,0,0,0,0,4,"1",FALSE,0
"3143",6,"F",4,"Hispanic","High",2,0,0,0,0,0,0,0,0,0,4,NA,FALSE,0
"3144",6,"F",4,"Hispanic","High",2,0,0,0,0,0,0,0,0,0,4,"1",FALSE,0
"3145",6,"F",4,"Asian","High",2,0,0,0,0,0,0,0,0,0,4,"1",FALSE,0
"3146",6,"F",4,"Hispanic","High",2,0,0,0,0,0,0,0,0,0,1,"1",FALSE,1
"3147",7,"F",4,"Hispanic","High",2,0,0,0,0,0,0,0,0,0,2,"1",FALSE,1
"3148",6,"M",4,"Hispanic","High",2,0,0,0,0,0,0,0,0,0,4,NA,FALSE,0
"3149",7,"F",4,"Hispanic","High",NA,0,NA,NA,NA,NA,NA,NA,NA,NA,4,NA,NA,0
"3150",7,"F",4,"Hispanic","High",1,NA,0,0,0,0,0,0,0,0,1,"1",NA,1
"3151",6,"M",4,"Hispanic","High",2,0,0,0,NA,NA,0,NA,NA,0,4,"1",NA,0
"3152",9,"M",7,"Hispanic","High",2,0,0,0,0,0,0,0,0,0,2,"1",FALSE,1
"3153",6,"F",4,"Hispanic","High",1,1,1,0,0,0,0,1,0,1,1,"1",TRUE,1
"3154",7,"F",4,"Hispanic","High",2,0,0,0,0,0,0,0,0,0,1,"1",FALSE,1
"3155",7,"F",4,"Hispanic","High",2,0,0,0,0,0,0,0,0,0,2,NA,FALSE,1
"3156",9,"M",7,"Asian","High",2,0,0,0,0,0,0,0,0,0,1,"1",FALSE,1
"3157",7,"F",4,"Hispanic","High",2,0,0,0,0,0,0,0,0,0,2,"1",FALSE,1
"3158",7,"M",4,"Hispanic","High",2,0,0,0,0,0,0,0,0,0,4,"1",FALSE,0
"3159",6,"M",4,"Hispanic","High",2,0,0,0,0,0,0,0,0,0,4,"1",FALSE,0
"3160",7,"F",4,"Hispanic","High",2,0,0,0,0,0,NA,0,0,1,1,NA,TRUE,1
"3161",8,"F",6,"Hispanic","High",2,0,0,0,0,0,0,0,0,0,3,"1",FALSE,0
"3162",9,"M",6,"Hispanic","High",2,0,0,0,0,0,0,0,0,0,3,"1",FALSE,0
"3163",8,"F",6,"Hispanic","High",2,0,0,0,0,0,0,0,0,0,2,NA,FALSE,1
"3164",9,"M",6,"Hispanic","High",2,0,0,0,0,0,0,0,0,0,4,"1",FALSE,0
"3165",9,"M",6,"Hispanic","High",2,0,0,0,0,0,0,0,0,0,4,"1",FALSE,0
"3166",9,"F",6,"Hispanic","High",2,0,0,0,0,0,0,0,0,0,2,NA,FALSE,1
"3167",8,"F",6,"Hispanic","High",2,0,0,0,0,0,0,0,0,0,4,"1",FALSE,0
"3168",10,"M",7,"White","High",2,0,0,0,0,0,0,0,0,0,4,"1",FALSE,0
"3169",8,"M",6,"Hispanic","High",2,0,0,0,0,0,0,0,0,0,1,NA,FALSE,1
"3170",9,"M",6,"Hispanic","High",1,1,1,0,0,0,0,0,0,0,1,"1",TRUE,1
"3171",9,"M",6,"Hispanic","High",2,0,0,0,0,0,0,0,0,0,4,"1",FALSE,0
"3172",8,"F",6,"Hispanic","High",1,0,0,0,0,0,0,0,0,0,1,NA,FALSE,1
"3173",8,"F",6,"Hispanic","High",2,0,0,0,0,0,0,0,0,0,4,"1",FALSE,0
"3174",8,"F",6,"Hispanic","High",1,0,0,0,0,0,0,0,0,0,4,NA,FALSE,0
"3175",8,"F",6,"Hispanic","High",2,0,0,0,0,0,1,0,0,1,3,NA,TRUE,0
"3176",9,"F",6,"Hispanic","High",1,0,1,0,0,0,0,0,0,0,1,"1",TRUE,1
"3177",8,"F",6,"Hispanic","High",2,0,0,0,0,0,0,0,0,0,4,"1",FALSE,0
"3178",8,"F",6,"Hispanic","High",2,0,0,0,0,0,0,0,0,0,3,"1",FALSE,0
"3179",9,"M",6,"Hispanic","High",2,0,0,0,0,0,0,0,0,0,4,"1",FALSE,0
"3180",9,"M",6,"Hispanic","High",2,0,0,0,0,0,0,0,0,0,4,"1",FALSE,0
"3181",9,"M",6,NA,"High",2,0,0,0,0,0,0,0,0,0,3,"1",FALSE,0
"3182",8,"M",6,"Hispanic","High",1,0,0,0,0,0,0,0,0,0,2,"1",FALSE,1
"3183",8,"F",6,"Hispanic","High",2,0,0,NA,0,0,0,0,0,0,1,"1",NA,1
"3184",9,"M",6,"Hispanic","High",2,0,0,0,0,0,0,0,0,0,3,"1",FALSE,0
"3185",10,"F",7,"Hispanic","High",2,0,0,0,0,0,0,0,0,0,4,"1",FALSE,0
"3186",9,"M",7,"Asian","High",2,0,0,0,0,0,0,0,0,0,4,"1",FALSE,0
"3187",9,"F",7,"White","High",2,0,0,0,0,0,0,0,0,1,4,"1",TRUE,0
"3188",9,"F",7,"Hispanic","High",1,1,0,0,0,0,0,0,0,1,1,"1",TRUE,1
"3189",10,"M",7,"White","High",2,0,0,0,0,0,0,0,0,0,2,NA,FALSE,1
"3190",10,"M",7,"Black","High",2,0,0,0,0,0,0,0,0,0,4,"1",FALSE,0
"3191",9,"M",7,"Black","High",2,0,0,0,0,0,0,0,0,0,4,"1",FALSE,0
"3192",10,"M",7,"White","High",2,0,0,0,0,0,0,0,0,0,3,"1",FALSE,0
"3193",10,"M",7,"Black","High",2,0,0,0,0,0,0,0,0,0,4,"1",FALSE,0
"3194",10,"F",7,"White","High",2,0,0,0,0,0,0,0,0,0,4,"1",FALSE,0
"3195",9,"F",7,"White","High",2,0,0,0,0,0,0,0,0,1,3,NA,TRUE,0
"3196",7,"M",4,"Asian","High",2,0,0,0,0,0,0,0,0,0,2,"1",FALSE,1
"3197",6,"F",4,"White","High",2,0,0,0,0,0,0,0,0,1,1,"1",TRUE,1
"3198",10,"F",7,"White","High",2,0,0,0,0,0,0,0,0,1,4,"1",TRUE,0
"3199",10,"M",7,"White","High",2,0,0,0,0,0,0,0,0,0,4,"1",FALSE,0
"3200",10,"M",7,"Hispanic","High",2,0,0,0,0,0,0,0,0,1,2,"1",TRUE,1
"3201",10,"F",7,"Hispanic","High",2,0,0,0,0,0,1,0,0,1,3,"1",TRUE,0
"3202",10,"M",7,"White","High",2,0,0,0,0,0,0,0,0,1,4,"1",TRUE,0
"3203",9,"F",7,NA,"High",2,0,0,0,0,0,0,0,0,0,4,"1",FALSE,0
"3204",9,"F",7,"Hispanic","High",2,0,0,0,0,0,0,0,0,0,2,"1",FALSE,1
"3205",9,"M",7,"White","High",2,0,0,0,0,0,0,0,0,0,4,NA,FALSE,0
"3206",10,"F",7,"Hispanic","High",2,0,0,0,0,0,0,0,0,0,3,NA,FALSE,0
"3207",10,"M",7,"Hispanic","High",2,0,0,0,0,0,0,0,0,0,4,"1",FALSE,0
"3208",10,"M",7,"White","High",2,0,0,0,0,0,0,0,0,0,3,NA,FALSE,0
"3209",9,"F",7,"White","High",2,0,0,0,0,0,0,0,0,0,2,NA,FALSE,1
"3210",10,"M",7,"Hispanic","High",2,0,0,0,0,0,0,0,0,0,4,"1",FALSE,0
"3211",10,"M",7,"Hispanic","High",2,0,0,0,0,0,0,0,0,0,2,NA,FALSE,1
"3212",10,"F",7,"Asian","High",2,0,0,0,0,0,0,0,0,0,4,"1",FALSE,0
"3213",10,"M",7,"Hispanic","High",2,0,0,0,0,0,0,0,0,0,4,"1",FALSE,0
"3214",11,"F",7,"Asian","High",2,0,0,0,0,0,0,0,0,0,1,NA,FALSE,1
"3215",10,"F",7,"White","High",2,0,0,0,0,0,0,0,0,0,4,"1",FALSE,0
"3216",6,"F",4,"White","High",2,0,0,0,0,0,0,0,0,0,4,"1",FALSE,0
"3217",7,"F",4,"Black","High",1,0,0,0,NA,NA,0,NA,NA,1,2,NA,TRUE,1
"3218",7,"F",4,"Black","High",1,0,0,0,0,0,0,0,0,1,1,NA,TRUE,1
"3219",6,"M",4,"White","High",1,0,1,0,0,0,0,0,0,1,2,NA,TRUE,1
"3220",7,"M",4,"NHOPI","High",2,0,0,0,0,0,0,0,0,0,4,"1",FALSE,0
"3221",7,"M",4,"White","High",1,0,0,0,0,0,0,0,0,0,2,NA,FALSE,1
"3222",8,"F",4,"Hispanic","High",2,0,0,0,0,0,0,0,0,0,4,"1",FALSE,0
"3223",7,"M",4,"White","High",2,0,0,0,0,0,0,0,0,0,4,NA,FALSE,0
"3224",7,"F",4,"White","High",2,0,0,0,0,0,0,0,0,0,4,NA,FALSE,0
"3225",8,"M",4,"Hispanic","High",2,0,0,0,0,0,0,0,0,0,1,NA,FALSE,1
"3226",6,"M",4,"NHOPI","High",2,0,0,0,0,0,0,0,0,0,4,"1",FALSE,0
"3227",7,"F",4,"Black","High",2,0,0,0,0,0,0,0,0,0,4,"1",FALSE,0
"3228",7,"F",4,"White","High",2,0,0,0,0,0,0,0,0,0,4,"1",FALSE,0
"3229",8,"M",4,"Hispanic","High",1,0,1,0,0,0,0,0,0,1,2,"1",TRUE,1
"3230",7,"F",4,"White","High",2,0,0,0,0,0,0,0,0,0,4,"1",FALSE,0
"3231",7,"M",4,"Black","High",2,0,0,0,0,0,0,0,0,0,2,"1",FALSE,1
"3232",8,"M",4,"White","High",1,0,0,0,0,0,0,0,0,0,2,NA,FALSE,1
"3233",7,"F",4,"Hispanic","High",2,0,0,0,0,0,0,0,0,0,1,NA,FALSE,1
"3234",7,"F",4,"White","High",2,0,0,0,0,0,0,0,0,0,2,"1",FALSE,1
"3235",7,"M",4,"Hispanic","High",2,0,0,0,0,0,0,0,0,0,4,"1",FALSE,0
"3236",6,"F",4,"White","High",1,0,0,0,0,0,0,0,0,0,3,"1",FALSE,0
"3237",7,"M",4,"Hispanic","High",2,0,0,0,0,0,0,0,0,0,3,NA,FALSE,0
"3238",8,"M",4,"White","High",2,0,0,0,0,0,0,0,0,0,3,"1",FALSE,0
"3239",8,"M",4,"Hispanic","High",2,0,0,0,0,0,0,0,0,0,4,"1",FALSE,0
"3240",9,"F",6,"Asian","High",2,0,0,0,0,0,0,0,0,0,4,"1",FALSE,0
"3241",8,"M",6,"White","High",2,0,0,0,0,0,0,0,0,0,3,"1",FALSE,0
"3242",8,"M",6,"White","High",2,0,0,0,0,0,0,0,0,1,1,"1",TRUE,1
"3243",9,"M",6,"Hispanic","High",2,0,0,0,0,0,0,0,0,0,4,"1",FALSE,0
"3244",10,"M",6,"Asian","High",2,NA,0,0,0,0,0,0,0,0,3,"1",NA,0
"3245",9,"M",6,"White","High",2,0,0,0,0,0,0,0,0,0,4,"1",FALSE,0
"3246",9,"M",6,"Asian","High",2,0,0,0,0,0,0,0,0,0,4,"1",FALSE,0
"3247",10,"M",6,"Asian","High",2,0,0,0,0,0,0,0,0,0,4,"1",FALSE,0
"3248",9,"M",6,"Asian","High",2,0,0,0,0,0,0,0,0,0,3,"1",FALSE,0
"3249",8,"M",6,"White","High",1,0,0,0,0,0,0,0,0,1,3,NA,TRUE,0
"3250",9,"M",6,"Asian","High",2,0,0,0,0,0,0,0,0,0,4,NA,FALSE,0
"3251",8,"M",6,"Asian","High",2,0,0,0,0,0,0,0,0,0,4,NA,FALSE,0
"3252",9,"F",6,"AI/AN","High",2,0,0,0,0,0,0,0,0,0,2,"1",FALSE,1
"3253",8,"M",6,"White","High",2,0,0,0,0,0,0,0,0,0,4,"1",FALSE,0
"3254",8,"M",6,"Hispanic","High",2,0,0,0,0,0,0,0,0,0,2,"1",FALSE,1
"3255",10,"F",6,"Asian","High",2,0,0,0,0,0,0,0,0,0,4,"1",FALSE,0
"3256",9,"F",6,"Asian","High",2,0,0,0,0,0,0,0,0,0,3,"1",FALSE,0
"3257",10,"F",6,"Asian","High",2,0,0,0,0,0,0,0,0,0,2,NA,FALSE,1
"3258",8,"F",5,"Asian","High",2,0,0,0,0,0,0,0,0,0,2,"1",FALSE,1
"3259",9,"M",5,"White","High",2,0,0,0,0,0,0,0,0,1,4,NA,TRUE,0
"3260",8,"M",5,"White","High",2,0,0,0,0,0,0,0,0,0,4,"1",FALSE,0
"3261",8,"M",5,"White","High",1,0,0,0,0,0,0,0,0,0,1,"1",FALSE,1
"3262",7,"F",5,"Hispanic","High",2,0,0,0,0,0,0,0,0,0,4,"1",FALSE,0
"3263",8,"M",5,"White","High",2,0,0,0,0,0,0,0,0,0,2,NA,FALSE,1
"3264",7,"M",5,"White","High",2,0,0,0,0,0,0,0,0,0,4,"1",FALSE,0
"3265",8,"M",5,"White","High",2,0,0,0,0,0,0,0,0,0,4,"1",FALSE,0
"3266",8,"F",5,"Asian","High",2,0,0,0,0,0,0,0,0,0,4,NA,FALSE,0
"3267",8,"M",5,"Hispanic","High",2,0,0,0,0,0,0,0,0,0,4,"1",FALSE,0
"3268",7,"F",5,"White","High",2,0,0,0,0,0,0,0,0,0,4,"1",FALSE,0
"3269",7,"M",5,"Hispanic","High",2,0,0,0,0,0,0,0,0,0,2,"1",FALSE,1
"3270",8,"F",5,"White","High",2,0,0,0,0,0,0,0,0,1,2,NA,TRUE,1
"3271",9,"M",5,"White","High",2,0,0,0,0,0,0,0,0,0,4,NA,FALSE,0
"3272",7,"F",5,"Asian","High",2,0,0,0,0,0,0,0,0,0,2,NA,FALSE,1
"3273",8,"M",5,"White","High",2,0,0,0,0,0,0,0,0,1,2,NA,TRUE,1
"3274",7,"M",5,"White","High",2,0,0,0,0,0,0,0,0,0,4,"1",FALSE,0
"3275",8,"M",5,"White","High",2,0,0,0,0,0,0,0,0,0,4,NA,FALSE,0
"3276",8,"M",5,"White","High",2,0,0,0,0,0,0,0,0,0,4,"1",FALSE,0
"3277",8,"M",5,"Hispanic","High",2,0,0,0,0,0,0,0,0,0,4,"1",FALSE,0
"3278",9,"M",5,"AI/AN","High",2,0,0,0,0,0,0,0,0,0,4,"1",FALSE,0
"3279",9,"F",5,"White","High",2,0,0,0,0,0,0,0,0,0,4,"1",FALSE,0
"3280",8,"F",5,"Hispanic","High",2,0,0,0,0,0,0,0,0,1,1,"1",TRUE,1
"3281",8,"F",5,"White","High",2,0,0,0,0,0,0,0,0,0,3,"1",FALSE,0
"3282",8,"F",5,"Hispanic","High",2,0,0,0,0,0,0,0,0,0,4,NA,FALSE,0
"3283",7,"F",5,"White","High",2,0,0,0,0,0,0,0,0,0,3,"1",FALSE,0
"3284",9,"M",6,"Black","High",2,0,0,0,0,0,0,0,0,0,4,NA,FALSE,0
"3285",8,"F",6,"White","High",2,0,0,0,0,0,0,0,0,0,4,NA,FALSE,0
"3286",10,"M",6,"Black","High",1,0,0,0,NA,NA,0,NA,NA,0,3,NA,NA,0
"3287",9,"F",6,"White","High",2,0,0,0,0,0,0,0,0,0,4,NA,FALSE,0
"3288",9,"M",6,"Black","High",1,0,1,0,0,0,0,0,0,0,4,"1",TRUE,0
"3289",8,"M",6,"White","High",1,0,0,1,0,0,0,0,0,0,2,NA,TRUE,1
"3290",7,"M",4,"White","High",2,0,0,0,0,0,0,0,0,0,4,"1",FALSE,0
"3291",7,"M",4,NA,"High",2,0,0,0,0,0,0,0,0,0,4,NA,FALSE,0
"3292",7,"F",4,"White","High",2,0,0,0,0,0,0,0,0,0,4,NA,FALSE,0
"3293",7,NA,NA,NA,NA,NA,NA,NA,NA,NA,NA,NA,NA,NA,NA,NA,NA,NA,NA
"3294",6,"M",4,"White","High",2,0,0,0,0,0,0,0,0,0,4,"1",FALSE,0
"3295",6,"M",4,"Black","High",2,0,0,0,0,0,0,0,0,0,4,NA,FALSE,0
"3296",7,"M",4,"White","High",2,0,0,0,0,0,0,0,0,0,4,"1",FALSE,0
"3297",7,"M",4,NA,"High",1,0,1,0,0,0,0,0,0,0,3,NA,TRUE,0
"3298",7,"F",4,"White","High",2,0,0,0,0,0,0,0,0,0,4,NA,FALSE,0
"3299",7,"M",4,"White","High",2,0,0,0,0,0,0,0,0,0,2,NA,FALSE,1
"3300",6,"F",4,"Hispanic","High",2,0,0,0,0,0,0,0,0,0,4,"1",FALSE,0
"3301",8,"M",6,"Black","High",2,0,0,0,0,0,0,0,0,0,3,"1",FALSE,0
"3302",8,"M",6,"White","High",1,0,1,0,0,0,0,0,0,1,3,NA,TRUE,0
"3303",10,"F",7,"Asian","High",2,0,0,0,0,0,0,0,0,0,4,NA,FALSE,0
"3304",10,"M",6,"White","High",1,1,1,1,0,0,0,0,0,0,2,NA,TRUE,1
"3305",8,"F",5,"White","High",1,0,1,0,0,0,0,0,0,0,2,NA,TRUE,1
"3306",9,"M",6,"White","High",2,0,0,0,0,0,0,0,0,0,4,NA,FALSE,0
"3307",9,"F",6,"White","High",2,0,0,0,0,0,0,0,0,0,4,NA,FALSE,0
"3308",9,"M",6,"White","High",2,0,0,0,0,0,0,0,0,0,3,"1",FALSE,0
"3309",9,"M",6,"White","High",2,0,0,0,0,0,0,0,0,0,4,"1",FALSE,0
"3310",9,"M",6,"White","High",1,0,0,0,0,0,0,0,0,0,1,"1",FALSE,1
"3311",5,"F",4,"Hispanic","High",1,1,1,1,NA,NA,1,NA,NA,1,1,NA,TRUE,1
"3312",9,"F",6,"White","High",1,1,0,0,0,0,0,0,0,0,2,NA,TRUE,1
"3313",9,"M",6,"Hispanic","High",2,0,0,0,0,0,0,0,0,0,2,"1",FALSE,1
"3314",9,"M",6,"AI/AN","High",2,0,0,0,0,0,0,0,0,0,4,"1",FALSE,0
"3315",8,"M",6,"White","High",2,1,0,1,0,0,0,0,0,0,2,"1",TRUE,1
"3316",8,"F",6,"Black","High",2,0,0,0,0,0,0,0,0,0,4,NA,FALSE,0
"3317",10,"M",7,"White","High",2,0,0,0,0,0,0,0,0,0,4,"1",FALSE,0
"3318",9,"F",7,"Black","High",2,0,0,0,0,0,0,0,0,0,4,NA,FALSE,0
"3319",9,"M",7,"White","High",2,0,0,0,0,0,0,0,0,0,3,NA,FALSE,0
"3320",9,"M",7,"White","High",NA,0,NA,NA,NA,NA,NA,NA,NA,NA,3,NA,NA,0
"3321",8,"M",6,"White","High",2,0,0,1,NA,NA,0,NA,NA,0,4,NA,TRUE,0
"3322",7,"F",5,"Black","High",2,0,0,0,0,0,0,0,0,0,4,NA,FALSE,0
"3323",8,"M",5,"Black","High",2,0,0,0,0,0,0,0,0,0,4,"1",FALSE,0
"3324",8,"M",5,"White","High",2,0,0,0,0,0,0,0,0,0,4,"1",FALSE,0
"3325",7,"F",5,"Hispanic","High",2,0,0,0,0,0,0,0,0,0,1,"1",FALSE,1
"3326",8,"F",5,NA,"High",1,0,1,0,0,0,0,0,0,1,4,NA,TRUE,0
"3327",8,"F",5,"White","High",1,1,0,0,0,0,0,0,0,0,1,NA,TRUE,1
"3328",8,"F",5,"White","High",2,0,0,0,0,0,0,0,0,0,4,NA,FALSE,0
"3329",8,"M",5,"White","High",2,0,0,0,0,0,0,0,0,0,4,"1",FALSE,0
"3330",7,"M",5,"White","High",2,0,0,0,0,0,0,0,0,0,4,"1",FALSE,0
"3331",8,"M",5,"Hispanic","High",1,0,1,1,NA,NA,0,NA,NA,0,4,"1",TRUE,0
"3332",8,"M",5,"White","High",1,1,1,1,1,1,1,1,1,1,1,NA,TRUE,1
"3333",7,"M",5,"White","High",2,0,0,0,0,0,0,0,0,0,4,"1",FALSE,0
"3334",7,"F",5,"White","High",2,0,0,0,0,0,0,0,0,0,4,NA,FALSE,0
"3335",9,"F",6,"White","High",1,0,0,0,0,0,0,0,0,0,4,"1",FALSE,0
"3336",9,"M",5,"White","High",2,0,0,0,0,0,0,0,0,0,4,NA,FALSE,0
"3337",8,"M",5,"White","High",2,0,0,0,0,0,0,0,0,0,1,"1",FALSE,1
"3338",7,"M",5,"Hispanic","High",2,0,0,0,0,0,0,0,0,1,1,"1",TRUE,1
"3339",9,"M",6,"White","High",2,0,0,0,0,0,0,0,0,0,4,NA,FALSE,0
"3340",7,"F",5,"Black","High",1,0,1,0,0,0,0,0,0,0,4,NA,TRUE,0
"3341",8,"F",5,"Hispanic","High",1,0,0,0,0,0,0,0,0,0,4,NA,FALSE,0
"3342",9,"F",7,"White","High",2,0,0,0,0,0,0,0,0,0,4,NA,FALSE,0
"3343",10,"M",7,"White","High",2,0,0,0,0,0,0,0,0,0,4,"1",FALSE,0
"3344",11,"F",7,NA,"High",2,0,0,0,0,0,0,0,0,0,4,NA,FALSE,0
"3345",9,"M",7,"Black","High",2,0,0,0,0,0,0,0,0,0,3,NA,FALSE,0
"3346",1,"M",7,"Hispanic","High",NA,1,NA,1,NA,NA,NA,NA,NA,NA,1,"1",TRUE,1
"3347",10,"M",7,"White","High",1,0,0,0,0,0,0,0,0,0,2,NA,FALSE,1
"3348",8,"F",6,"White","High",1,1,1,0,0,0,1,0,0,1,1,NA,TRUE,1
"3349",9,"M",7,"White","High",2,0,0,1,0,0,0,0,0,0,2,NA,TRUE,1
"3350",8,"F",5,"White","High",2,0,0,NA,0,0,0,0,0,0,4,NA,NA,0
"3351",10,"F",7,"White","High",2,0,0,0,0,0,0,0,0,0,4,"1",FALSE,0
"3352",9,"F",6,"White","High",1,0,1,0,0,0,0,0,0,0,1,"1",TRUE,1
"3353",10,"F",7,"White","High",NA,0,0,0,0,0,0,0,0,0,3,NA,FALSE,0
"3354",9,"F",6,"White","High",2,0,0,0,0,0,0,0,0,0,4,"1",FALSE,0
"3355",9,"F",6,"White","High",1,1,1,0,NA,NA,0,NA,NA,1,1,NA,TRUE,1
"3356",9,"F",6,"White","High",1,0,1,0,0,0,0,0,0,1,4,NA,TRUE,0
"3357",9,"F",7,"Black","High",1,0,1,0,0,0,0,0,0,0,4,NA,TRUE,0
"3358",8,"M",5,"White","High",1,0,0,0,0,0,0,0,0,0,3,"1",FALSE,0
"3359",8,"F",5,"White","High",2,0,0,0,0,0,0,0,0,0,4,"1",FALSE,0
"3360",10,"M",5,"Hispanic","High",2,0,0,0,0,0,0,0,0,0,4,"1",FALSE,0
"3361",7,"M",5,"White","High",2,0,0,0,0,0,0,0,0,0,4,NA,FALSE,0
"3362",7,"F",5,"Hispanic","High",2,0,0,0,0,0,0,0,0,0,4,"1",FALSE,0
"3363",8,"F",5,"White","High",2,0,0,0,0,0,0,0,0,0,4,"1",FALSE,0
"3364",8,"F",5,"White","High",1,0,0,0,0,0,0,0,0,0,4,NA,FALSE,0
"3365",8,"M",5,"White","High",2,0,0,0,0,0,0,0,0,0,4,"1",FALSE,0
"3366",8,"M",5,"White","High",2,0,0,0,0,0,0,0,0,0,4,NA,FALSE,0
"3367",7,"F",5,"Black","High",2,0,0,0,0,0,0,0,0,0,4,"1",FALSE,0
"3368",8,"F",5,"Black","High",2,0,0,0,0,0,0,0,0,0,4,"1",FALSE,0
"3369",7,"F",5,"White","High",2,0,0,0,0,0,0,0,0,0,1,"1",FALSE,1
"3370",8,"M",5,"White","High",2,0,0,NA,0,0,0,0,0,0,4,"1",NA,0
"3371",8,"M",5,"White","High",2,0,0,0,0,0,0,0,0,0,4,NA,FALSE,0
"3372",8,"F",5,"White","High",2,0,0,0,0,0,0,0,0,0,3,NA,FALSE,0
"3373",8,"F",5,"White","High",1,1,1,1,1,1,1,1,1,1,1,NA,TRUE,1
"3374",7,"F",5,"Hispanic","High",2,0,0,0,0,0,0,0,0,0,4,"1",FALSE,0
"3375",8,"F",5,"Hispanic","High",2,0,0,0,0,0,0,0,0,0,4,NA,FALSE,0
"3376",8,"M",5,"White","High",2,0,0,0,0,0,0,0,0,0,4,"1",FALSE,0
"3377",10,"M",6,"White","High",1,1,0,1,0,0,0,1,0,1,2,NA,TRUE,1
"3378",8,"M",6,"White","High",1,0,0,0,0,0,0,0,0,0,2,NA,FALSE,1
"3379",9,"F",7,"White","High",2,NA,0,0,0,0,0,0,0,0,4,NA,NA,0
"3380",9,"M",7,"White","High",2,0,0,0,0,0,0,0,0,0,4,"1",FALSE,0
"3381",10,"M",7,"Hispanic","High",1,1,1,1,0,0,1,0,0,1,1,NA,TRUE,1
"3382",9,"M",6,"Hispanic","High",2,0,0,0,0,0,0,0,0,0,4,NA,FALSE,0
"3383",10,"M",7,"White","High",2,0,0,0,0,0,0,0,0,0,4,"1",FALSE,0
"3384",9,"F",6,"Hispanic","High",2,0,0,0,0,0,0,0,0,0,4,NA,FALSE,0
"3385",NA,NA,NA,"Hispanic",NA,2,0,0,0,0,0,0,0,0,0,4,NA,FALSE,0
"3386",10,"M",7,"White","High",2,0,0,0,NA,NA,NA,NA,NA,NA,4,NA,NA,0
"3387",9,"M",7,"Hispanic","High",2,0,0,0,NA,NA,NA,NA,NA,0,4,NA,NA,0
"3388",9,"M",6,"White","High",2,0,0,0,0,0,0,0,0,0,4,NA,FALSE,0
"3389",1,"F",1,NA,"Middle",1,1,1,NA,0,0,NA,1,0,1,4,"1",TRUE,0
"3390",9,"F",7,"White","High",2,0,0,0,0,0,0,0,0,0,4,NA,FALSE,0
"3391",9,"F",7,"Hispanic","High",2,0,0,0,0,0,0,0,0,0,1,NA,FALSE,1
"3392",9,NA,6,"Black","High",1,1,1,0,NA,NA,NA,NA,NA,1,1,NA,TRUE,1
"3393",6,"M",4,"White","High",1,0,0,0,0,0,0,0,0,1,2,"1",TRUE,1
"3394",6,"M",4,"White","High",2,0,0,0,0,0,0,0,0,0,4,NA,FALSE,0
"3395",9,"M",7,"Black","High",2,0,0,NA,NA,NA,NA,NA,NA,NA,4,NA,NA,0
"3396",10,"F",7,NA,"High",1,0,1,0,0,0,NA,0,0,0,4,"1",TRUE,0
"3397",10,"F",7,"Hispanic","High",2,0,0,0,0,0,0,0,0,0,4,"1",FALSE,0
"3398",8,"F",6,"White","High",2,0,0,0,0,0,0,0,0,1,4,NA,TRUE,0
"3399",7,"F",4,"Black","High",2,0,0,0,0,0,0,0,0,0,4,"1",FALSE,0
"3400",6,"F",4,"White","High",2,0,0,0,0,0,0,0,0,0,4,"1",FALSE,0
"3401",7,"M",4,"White","High",1,0,0,0,0,0,0,0,0,0,4,NA,FALSE,0
"3402",7,"F",4,"Hispanic","High",2,0,0,0,0,0,0,0,0,0,4,"1",FALSE,0
"3403",7,"F",4,"Black","High",2,0,0,0,0,0,0,0,0,0,4,NA,FALSE,0
"3404",8,"F",5,"Hispanic","High",2,0,0,0,0,0,0,0,0,0,4,"1",FALSE,0
"3405",6,"M",4,"Hispanic","High",2,0,0,0,0,0,0,0,0,0,4,"1",FALSE,0
"3406",6,"F",4,"Black","High",2,0,0,0,0,0,0,0,0,0,1,NA,FALSE,1
"3407",6,"M",4,"Hispanic","High",2,0,0,NA,NA,NA,NA,NA,NA,0,3,NA,NA,0
"3408",7,"F",NA,NA,NA,2,0,0,0,0,0,0,0,0,0,4,"1",FALSE,0
"3409",8,"F",4,"White","High",1,0,0,0,0,0,0,0,0,0,2,NA,FALSE,1
"3410",7,"F",4,"White","High",2,0,0,0,0,0,0,0,0,0,4,"1",FALSE,0
"3411",7,"M",4,"White","High",1,0,1,0,0,0,0,0,0,0,1,NA,TRUE,1
"3412",9,"F",6,"Black","High",2,0,0,0,0,0,0,0,0,0,4,"1",FALSE,0
"3413",7,"M",4,"Black","High",2,0,0,0,0,0,0,0,0,0,4,NA,FALSE,0
"3414",6,"M",4,"White","High",1,0,0,0,0,0,0,0,0,0,4,"1",FALSE,0
"3415",6,"M",4,"White","High",2,0,0,0,0,0,0,0,0,0,3,NA,FALSE,0
"3416",8,"M",4,"Black","High",2,0,0,0,0,0,0,0,0,0,4,NA,FALSE,0
"3417",8,"F",4,"Hispanic","High",1,0,1,0,0,0,0,0,0,0,4,NA,TRUE,0
"3418",9,"F",6,"White","High",2,1,0,0,0,0,0,1,0,0,2,NA,TRUE,1
"3419",10,"M",7,"White","High",1,0,1,0,0,0,0,0,0,1,2,NA,TRUE,1
"3420",9,"M",6,"White","High",1,1,0,0,0,0,0,1,0,1,1,NA,TRUE,1
"3421",9,"M",6,"White","High",1,0,0,0,0,0,0,0,0,0,1,NA,FALSE,1
"3422",8,"F",6,"Black","High",2,0,0,0,0,0,0,0,0,0,2,NA,FALSE,1
"3423",9,"M",6,"White","High",1,0,1,0,0,0,0,0,0,0,4,NA,TRUE,0
"3424",8,"F",6,"White","High",2,0,0,0,0,0,0,0,0,0,4,NA,FALSE,0
"3425",8,"F",6,"White","High",2,0,0,0,0,0,0,0,0,0,4,NA,FALSE,0
"3426",9,"F",6,"Hispanic","High",2,0,0,0,0,0,0,0,0,0,4,"1",FALSE,0
"3427",9,"F",6,"White","High",2,0,0,0,0,0,0,0,0,0,4,"1",FALSE,0
"3428",8,"F",6,"White","High",2,0,0,0,0,0,0,0,0,0,4,"1",FALSE,0
"3429",9,"M",6,"Asian","High",2,0,0,0,0,0,0,0,0,0,4,"1",FALSE,0
"3430",9,"M",6,"White","High",2,0,0,0,0,0,0,0,0,0,4,NA,FALSE,0
"3431",8,"M",6,"White","High",2,0,0,0,0,0,0,0,0,0,3,"1",FALSE,0
"3432",9,"F",6,"White","High",2,0,0,0,0,0,0,0,0,0,4,"1",FALSE,0
"3433",8,"M",6,"White","High",2,0,0,0,0,0,0,0,0,1,2,NA,TRUE,1
"3434",9,"F",6,"White","High",2,0,0,0,0,0,0,0,0,0,4,"1",FALSE,0
"3435",8,"F",6,"White","High",2,0,0,0,0,0,0,0,0,0,4,NA,FALSE,0
"3436",9,"F",6,"White","High",2,0,0,0,0,0,0,0,0,1,2,NA,TRUE,1
"3437",9,"F",6,"White","High",2,0,0,0,0,0,0,0,0,0,4,"1",FALSE,0
"3438",9,"M",6,"White","High",2,0,0,0,0,0,0,0,0,0,3,NA,FALSE,0
"3439",9,"M",6,"Black","High",2,0,0,0,0,0,0,0,0,0,4,"1",FALSE,0
"3440",6,"M",4,"Hispanic","High",2,0,0,0,0,0,0,0,0,0,4,NA,FALSE,0
"3441",5,"F",1,"Black","Middle",1,0,1,0,0,0,0,0,0,0,4,NA,TRUE,0
"3442",3,"F",1,NA,"Middle",2,0,0,0,0,0,0,0,0,0,NA,"1",FALSE,NA
"3443",3,"F",1,"Black","Middle",2,0,0,0,0,0,0,0,0,0,3,"1",FALSE,0
"3444",4,"M",1,"Hispanic","Middle",2,0,0,0,0,0,0,0,0,0,2,"1",FALSE,1
"3445",4,"M",1,"White","Middle",2,0,0,0,0,0,0,0,0,0,4,"1",FALSE,0
"3446",4,"M",1,NA,"Middle",2,0,0,0,0,0,0,0,0,0,4,"1",FALSE,0
"3447",4,"M",1,"White","Middle",2,0,0,NA,0,0,0,0,0,0,4,"1",NA,0
"3448",4,"M",1,"White","Middle",2,0,0,0,0,0,0,0,0,0,4,"1",FALSE,0
"3449",3,"F",1,"White","Middle",2,0,0,0,0,0,0,0,0,0,4,NA,FALSE,0
"3450",4,"F",1,"Hispanic","Middle",2,0,0,0,0,0,0,0,0,0,4,NA,FALSE,0
"3451",4,"F",1,NA,"Middle",2,0,0,0,0,0,0,0,0,0,4,NA,FALSE,0
"3452",4,"M",1,"AI/AN","Middle",2,0,0,0,0,0,0,0,0,0,3,"1",FALSE,0
"3453",4,"M",1,"Hispanic","Middle",NA,1,1,1,NA,NA,1,NA,NA,1,1,NA,TRUE,1
"3454",3,"M",1,"Black","Middle",2,0,0,0,0,0,0,0,0,0,3,NA,FALSE,0
"3455",4,"F",1,"White","Middle",2,0,0,0,0,0,0,0,0,0,2,NA,FALSE,1
"3456",3,"F",1,"Hispanic","Middle",2,NA,0,0,0,0,0,0,0,0,4,"1",NA,0
"3457",4,"F",1,"Black","Middle",2,0,0,0,0,0,0,0,0,0,2,"1",FALSE,1
"3458",3,"F",1,"White","Middle",2,0,0,0,0,0,0,0,0,0,4,"1",FALSE,0
"3459",3,"F",1,"Hispanic","Middle",2,0,0,0,0,0,0,0,0,0,4,NA,FALSE,0
"3460",3,"F",1,"White","Middle",2,0,0,0,0,0,0,0,0,0,4,"1",FALSE,0
"3461",3,"M",1,"Black","Middle",2,0,0,0,0,0,0,0,0,0,4,"1",FALSE,0
"3462",3,"M",1,NA,"Middle",2,0,0,0,0,0,0,0,0,0,NA,"1",FALSE,NA
"3463",4,"F",1,"Black","Middle",2,0,0,0,0,0,0,0,0,0,4,NA,FALSE,0
"3464",4,"M",1,"White","Middle",2,0,0,0,0,0,0,0,0,0,4,"1",FALSE,0
"3465",4,"M",1,"White","Middle",2,0,0,0,0,0,0,0,0,0,4,"1",FALSE,0
"3466",3,"M",1,"White","Middle",2,0,0,0,0,0,0,0,0,0,4,"1",FALSE,0
"3467",5,"F",2,"White","Middle",2,0,0,0,0,0,0,0,0,0,4,NA,FALSE,0
"3468",5,"F",2,"NHOPI","Middle",2,0,0,0,0,0,0,0,0,0,1,NA,FALSE,1
"3469",4,"M",2,NA,"Middle",2,0,0,0,0,0,0,0,0,0,3,"1",FALSE,0
"3470",5,"F",2,"Hispanic","Middle",2,0,0,0,0,0,0,0,0,0,4,"1",FALSE,0
"3471",4,"F",2,"Hispanic","Middle",2,0,0,0,0,0,0,0,0,0,4,NA,FALSE,0
"3472",5,"M",2,"White","Middle",2,0,0,0,0,0,0,0,0,0,4,NA,FALSE,0
"3473",4,"F",2,"Black","Middle",2,0,0,0,0,0,0,0,0,0,4,"1",FALSE,0
"3474",5,"M",2,"White","Middle",2,0,0,0,0,0,0,0,0,0,2,NA,FALSE,1
"3475",5,"F",2,"Hispanic","Middle",2,0,0,0,0,0,0,0,0,0,1,NA,FALSE,1
"3476",4,"M",2,"White","Middle",2,0,0,0,0,0,0,0,0,0,4,"1",FALSE,0
"3477",5,"M",2,"White","Middle",2,0,0,1,0,0,0,0,0,1,2,"1",TRUE,1
"3478",5,"F",2,"White","Middle",1,0,1,0,0,1,1,0,0,1,2,NA,TRUE,1
"3479",3,"F",1,"Hispanic","Middle",2,0,0,0,0,0,0,0,0,0,4,"1",FALSE,0
"3480",3,"F",1,"Hispanic","Middle",2,0,0,0,0,0,0,0,0,0,4,"1",FALSE,0
"3481",3,"M",1,"Hispanic","Middle",2,0,0,0,0,0,0,0,0,0,2,NA,FALSE,1
"3482",4,"F",1,"Hispanic","Middle",2,0,0,0,0,0,0,0,0,0,4,NA,FALSE,0
"3483",4,"F",1,"Black","Middle",2,0,0,0,0,0,0,0,0,0,4,NA,FALSE,0
"3484",4,"F",1,"White","Middle",2,0,0,0,0,0,0,0,0,0,4,NA,FALSE,0
"3485",4,"F",1,"Black","Middle",2,0,0,0,0,0,0,0,0,0,4,NA,FALSE,0
"3486",4,"M",1,"White","Middle",2,0,0,0,0,0,NA,0,0,0,4,NA,NA,0
"3487",4,"M",1,"Black","Middle",2,NA,0,0,NA,NA,0,NA,NA,0,NA,"1",NA,NA
"3488",3,"M",1,"Hispanic","Middle",2,0,0,0,0,0,0,0,0,0,4,"1",FALSE,0
"3489",4,"F",1,"White","Middle",2,0,0,0,0,0,0,0,0,0,4,"1",FALSE,0
"3490",3,"M",1,"Black","Middle",2,0,0,0,0,0,0,0,0,0,4,NA,FALSE,0
"3491",4,"F",1,"White","Middle",1,1,1,NA,0,1,0,0,0,0,1,NA,TRUE,1
"3492",4,"M",1,"White","Middle",2,0,0,0,0,0,0,0,0,0,NA,"1",FALSE,NA
"3493",4,"F",1,NA,"Middle",2,0,0,0,0,0,0,0,0,0,4,"1",FALSE,0
"3494",4,"F",1,"White","Middle",2,0,0,0,0,0,0,0,0,0,4,"1",FALSE,0
"3495",5,"F",1,"Hispanic","Middle",2,0,0,0,0,0,0,0,0,0,4,"1",FALSE,0
"3496",3,"M",1,"Hispanic","Middle",2,0,0,0,0,0,0,0,0,0,4,"1",FALSE,0
"3497",4,"F",1,"White","Middle",2,0,0,0,0,0,0,0,0,0,4,"1",FALSE,0
"3498",4,"F",1,"Hispanic","Middle",2,0,0,0,0,0,0,0,0,1,2,"1",TRUE,1
"3499",4,"M",1,"White","Middle",NA,0,NA,0,0,0,0,0,0,0,2,NA,NA,1
"3500",3,"F",1,"White","Middle",2,0,0,0,0,0,0,0,0,0,4,"1",FALSE,0
"3501",5,"M",1,"Hispanic","Middle",2,0,0,0,0,0,0,0,0,0,4,"1",FALSE,0
"3502",4,"F",1,"Black","Middle",2,0,0,0,0,0,0,0,0,0,4,NA,FALSE,0
"3503",5,"M",2,"Black","Middle",NA,0,0,0,0,0,0,0,0,0,4,"1",FALSE,0
"3504",5,"M",2,"White","Middle",NA,0,NA,NA,0,0,0,0,0,NA,2,NA,NA,1
"3505",5,"F",2,"White","Middle",2,NA,NA,0,0,0,1,0,0,0,4,NA,TRUE,0
"3506",6,"F",2,"White","Middle",2,0,0,0,0,0,0,0,0,0,4,NA,FALSE,0
"3507",5,"F",2,"White","Middle",2,0,0,0,0,0,0,0,0,0,4,NA,FALSE,0
"3508",5,"M",2,"White","Middle",1,0,0,0,0,0,0,0,0,0,4,"1",FALSE,0
"3509",4,"F",2,"Hispanic","Middle",2,0,0,0,0,0,0,0,0,0,4,"1",FALSE,0
"3510",4,"M",2,"Hispanic","Middle",2,0,0,0,0,0,0,0,0,0,4,"1",FALSE,0
"3511",5,"F",2,"White","Middle",2,0,0,0,0,0,0,0,0,0,4,NA,FALSE,0
"3512",5,"F",2,"White","Middle",2,0,0,0,0,0,0,0,0,0,4,"1",FALSE,0
"3513",4,"M",2,NA,"Middle",2,0,NA,0,0,0,0,0,0,0,3,"1",NA,0
"3514",5,"F",2,"Hispanic","Middle",1,NA,1,NA,0,0,0,0,0,1,2,NA,TRUE,1
"3515",4,"F",2,"White","Middle",2,0,0,0,0,0,0,0,0,0,4,"1",FALSE,0
"3516",4,"M",2,"White","Middle",2,0,0,0,0,0,0,0,0,0,3,NA,FALSE,0
"3517",NA,NA,NA,NA,NA,2,0,0,0,0,0,0,0,0,0,3,NA,FALSE,0
"3518",4,"M",2,"AI/AN","Middle",2,0,0,0,0,0,0,0,0,0,3,"1",FALSE,0
"3519",4,"F",2,"White","Middle",2,0,0,0,0,0,0,0,0,0,4,"1",FALSE,0
"3520",4,"M",2,"Black","Middle",1,0,0,0,0,0,0,0,0,0,2,"1",FALSE,1
"3521",5,"F",2,"White","Middle",2,0,0,0,0,0,0,0,0,0,2,NA,FALSE,1
"3522",5,"M",2,"White","Middle",2,0,0,0,0,0,0,0,0,0,3,NA,FALSE,0
"3523",5,"F",2,"White","Middle",2,0,0,0,0,0,0,0,0,0,4,"1",FALSE,0
"3524",5,"F",2,"White","Middle",2,0,0,0,0,0,0,0,0,0,4,NA,FALSE,0
"3525",4,"M",2,"Black","Middle",2,0,0,0,0,0,0,0,0,0,4,"1",FALSE,0
"3526",6,"M",2,"Hispanic","Middle",2,0,0,0,0,0,0,0,0,0,4,"1",FALSE,0
"3527",6,NA,2,"White","Middle",2,0,0,0,NA,NA,0,NA,NA,0,4,"1",NA,0
"3528",4,"F",2,"Hispanic","Middle",1,0,0,0,0,0,0,0,0,0,1,NA,FALSE,1
"3529",5,"M",2,"White","Middle",2,0,0,0,0,0,0,0,0,0,4,NA,FALSE,0
"3530",5,"F",2,"White","Middle",2,0,0,0,0,0,0,0,0,0,3,"1",FALSE,0
"3531",5,"M",2,"White","Middle",2,0,0,0,0,0,0,0,0,0,4,"1",FALSE,0
"3532",5,"F",2,"Black","Middle",2,0,0,0,0,0,0,0,0,0,4,"1",FALSE,0
"3533",6,"M",2,"Hispanic","Middle",2,0,0,0,0,0,0,0,0,0,4,"1",FALSE,0
"3534",5,"F",2,"White","Middle",2,0,0,0,0,0,0,0,0,0,3,NA,FALSE,0
"3535",4,"M",2,"White","Middle",2,0,0,0,0,0,0,0,0,0,4,"1",FALSE,0
"3536",4,"M",2,"Hispanic","Middle",2,0,0,0,0,0,0,0,0,0,4,"1",FALSE,0
"3537",6,"F",3,"White","Middle",2,0,0,0,0,0,0,0,0,0,4,"1",FALSE,0
"3538",5,"F",3,"White","Middle",2,0,0,0,0,0,0,0,0,0,4,NA,FALSE,0
"3539",6,"F",3,"White","Middle",2,0,0,0,0,0,0,0,0,0,4,NA,FALSE,0
"3540",5,"F",3,NA,"Middle",2,0,0,0,0,0,0,0,0,0,4,"1",FALSE,0
"3541",5,"M",3,"White","Middle",2,0,0,0,0,0,0,0,0,0,4,NA,FALSE,0
"3542",6,"M",3,"Hispanic","Middle",2,0,0,0,0,0,0,0,0,0,4,"1",FALSE,0
"3543",6,"F",3,"White","Middle",2,0,0,0,0,0,0,0,0,0,2,NA,FALSE,1
"3544",6,"F",3,"White","Middle",2,0,0,0,0,0,0,0,0,0,4,"1",FALSE,0
"3545",6,NA,3,"White","Middle",2,0,0,0,NA,NA,0,NA,NA,0,2,NA,NA,1
"3546",7,"F",3,"Black","Middle",2,0,0,0,0,0,0,0,0,0,1,"1",FALSE,1
"3547",6,"M",3,"Hispanic","Middle",2,0,0,0,0,0,0,0,0,0,3,"1",FALSE,0
"3548",6,"F",3,"White","Middle",2,0,0,0,0,0,0,0,0,0,4,NA,FALSE,0
"3549",6,"M",3,"White","Middle",2,0,0,0,0,0,0,0,0,0,3,"1",FALSE,0
"3550",7,"F",3,"Black","Middle",2,0,0,0,0,0,0,0,0,0,4,NA,FALSE,0
"3551",6,"M",3,"Hispanic","Middle",2,0,0,0,0,0,0,0,0,0,4,"1",FALSE,0
"3552",7,"M",3,"Hispanic","Middle",2,0,0,0,0,0,0,0,0,0,2,"1",FALSE,1
"3553",7,"F",3,"White","Middle",2,0,0,0,0,0,0,0,0,0,1,"1",FALSE,1
"3554",5,"F",3,"Hispanic","Middle",2,0,0,0,0,0,0,0,0,0,3,NA,FALSE,0
"3555",5,"F",3,"Hispanic","Middle",2,0,0,0,0,0,0,0,0,0,2,"1",FALSE,1
"3556",6,"M",3,"White","Middle",2,0,0,0,0,0,0,0,0,0,4,"1",FALSE,0
"3557",5,"F",3,"White","Middle",2,0,0,0,0,0,0,0,0,0,4,NA,FALSE,0
"3558",6,"M",3,"Black","Middle",2,0,0,0,0,0,0,0,0,0,4,"1",FALSE,0
"3559",5,"F",3,"White","Middle",2,0,0,0,0,0,0,0,0,0,4,"1",FALSE,0
"3560",5,"M",3,"Hispanic","Middle",2,0,0,0,0,0,0,0,0,0,4,NA,FALSE,0
"3561",6,"F",3,"Black","Middle",2,0,0,0,0,0,0,0,0,0,4,NA,FALSE,0
"3562",6,"M",3,"Black","Middle",2,0,0,0,0,0,0,0,0,0,3,"1",FALSE,0
"3563",6,"F",3,"Black","Middle",NA,0,NA,NA,0,0,0,0,0,NA,4,NA,NA,0
"3564",5,"M",3,"White","Middle",2,0,0,0,0,0,0,0,0,0,4,NA,FALSE,0
"3565",7,"M",3,"White","Middle",2,0,0,0,0,0,0,0,0,0,4,NA,FALSE,0
"3566",5,"F",3,"Black","Middle",2,0,0,0,0,0,0,0,0,0,4,NA,FALSE,0
"3567",5,"F",3,"NHOPI","Middle",2,0,0,0,0,0,0,0,0,0,3,"1",FALSE,0
"3568",5,"M",3,"White","Middle",2,0,0,0,0,0,0,0,0,0,4,"1",FALSE,0
"3569",8,"M",3,"Hispanic","Middle",2,0,0,0,0,0,0,0,0,0,4,"1",FALSE,0
"3570",6,"F",3,"Hispanic","Middle",2,0,0,0,0,0,0,0,0,0,4,"1",FALSE,0
"3571",6,"F",3,"White","Middle",2,0,0,NA,0,0,0,0,0,0,4,"1",NA,0
"3572",5,"M",3,"White","Middle",1,0,1,0,0,0,1,0,0,0,4,"1",TRUE,0
"3573",6,"M",3,"White","Middle",2,0,0,0,0,0,0,0,0,0,4,"1",FALSE,0
"3574",5,"F",3,"White","Middle",2,0,0,0,0,0,0,0,0,0,3,"1",FALSE,0
"3575",6,"M",3,"Hispanic","Middle",2,0,0,0,0,0,0,0,0,0,3,NA,FALSE,0
"3576",5,"F",3,"White","Middle",2,0,0,NA,0,0,0,0,0,0,4,"1",NA,0
"3577",6,"F",3,"White","Middle",2,0,0,0,0,0,0,0,0,0,1,NA,FALSE,1
"3578",6,"F",3,"Black","Middle",2,0,0,0,0,0,0,0,0,0,4,NA,FALSE,0
"3579",6,"F",3,"White","Middle",2,0,0,0,0,0,0,0,0,0,4,"1",FALSE,0
"3580",4,"F",1,"Black","Middle",2,0,0,NA,0,0,0,0,0,0,4,NA,NA,0
"3581",4,"M",1,"White","Middle",2,0,0,0,1,0,1,0,0,0,4,"1",TRUE,0
"3582",4,"F",1,NA,"Middle",1,NA,0,0,0,0,0,0,0,0,1,"1",NA,1
"3583",5,"M",3,"Black","Middle",2,0,0,0,0,0,0,0,0,0,2,"1",FALSE,1
"3584",6,"M",3,"White","Middle",2,0,0,0,0,0,0,0,0,0,4,NA,FALSE,0
"3585",6,"M",3,"Black","Middle",2,0,0,0,0,0,0,0,0,0,4,NA,FALSE,0
"3586",5,"M",2,"White","Middle",2,0,0,0,0,0,0,0,0,0,4,NA,FALSE,0
"3587",4,"M",2,"White","Middle",2,0,0,0,0,0,0,0,0,0,3,NA,FALSE,0
"3588",4,"F",1,"White","Middle",2,0,0,0,0,0,0,0,0,0,2,NA,FALSE,1
"3589",6,"M",3,"Black","Middle",2,0,0,0,0,0,0,0,0,0,4,"1",FALSE,0
"3590",6,"F",3,"White","Middle",2,0,0,0,0,0,0,0,0,0,4,NA,FALSE,0
"3591",4,"F",1,"White","Middle",2,0,0,0,0,0,0,0,0,0,4,"1",FALSE,0
"3592",5,"F",1,"Hispanic","Middle",1,0,0,0,0,0,0,0,0,0,1,NA,FALSE,1
"3593",3,"M",1,"White","Middle",2,0,0,0,NA,NA,0,NA,NA,0,4,NA,NA,0
"3594",4,"M",1,"White","Middle",2,0,0,0,0,0,0,0,0,0,4,"1",FALSE,0
"3595",4,"F",1,"Hispanic","Middle",2,0,0,0,0,0,0,0,0,0,4,NA,FALSE,0
"3596",3,"F",1,"Hispanic","Middle",2,0,0,0,0,0,0,0,0,0,4,NA,FALSE,0
"3597",4,"F",1,"Hispanic","Middle",2,0,0,0,0,0,0,0,0,0,2,NA,FALSE,1
"3598",5,"F",1,"Hispanic","Middle",2,0,0,0,0,0,0,0,0,NA,2,NA,NA,1
"3599",4,"M",1,"Hispanic","Middle",2,0,0,0,0,0,0,0,0,0,4,NA,FALSE,0
"3600",6,"M",3,"Hispanic","Middle",2,0,0,0,0,0,0,0,0,0,3,"1",FALSE,0
"3601",6,"M",3,"White","Middle",1,0,0,0,0,0,0,0,0,0,3,"1",FALSE,0
"3602",5,"M",3,"White","Middle",NA,0,NA,NA,0,0,0,0,0,NA,3,NA,NA,0
"3603",6,"F",3,"White","Middle",2,0,0,0,NA,NA,0,NA,NA,0,2,NA,NA,1
"3604",6,"M",3,"Black","Middle",2,0,0,0,0,0,0,0,0,0,4,"1",FALSE,0
"3605",6,"M",3,"White","Middle",2,0,0,0,0,0,0,0,0,0,3,NA,FALSE,0
"3606",5,"M",3,NA,"Middle",2,0,0,0,0,0,0,0,0,0,4,NA,FALSE,0
"3607",6,"F",3,"Black","Middle",2,0,0,0,0,0,0,0,0,0,4,NA,FALSE,0
"3608",6,"M",3,"White","Middle",2,0,0,0,0,0,0,0,0,0,4,NA,FALSE,0
"3609",5,"M",3,"White","Middle",2,0,0,0,0,0,0,0,0,0,4,"1",FALSE,0
"3610",5,"F",3,"White","Middle",2,0,0,0,0,0,0,0,0,0,2,"1",FALSE,1
"3611",6,"M",3,"Asian","Middle",2,0,0,0,0,0,0,0,0,1,4,NA,TRUE,0
"3612",6,"M",3,"Black","Middle",2,0,0,0,0,0,0,0,0,0,4,"1",FALSE,0
"3613",5,"F",3,"Hispanic","Middle",2,0,0,0,0,0,0,0,0,0,4,"1",FALSE,0
"3614",7,"F",3,"White","Middle",2,0,0,0,0,0,0,0,0,0,2,"1",FALSE,1
"3615",6,"M",3,"Hispanic","Middle",2,0,0,0,0,0,0,0,0,0,4,"1",FALSE,0
"3616",6,"M",3,"White","Middle",2,0,0,0,0,0,0,0,0,0,4,"1",FALSE,0
"3617",5,"F",3,"Hispanic","Middle",2,0,0,0,0,0,0,0,0,0,4,NA,FALSE,0
"3618",5,"F",3,"Hispanic","Middle",2,0,0,0,0,0,0,0,0,0,4,"1",FALSE,0
"3619",6,"F",3,"Asian","Middle",2,0,0,0,0,0,0,0,0,0,4,"1",FALSE,0
"3620",6,"M",3,"White","Middle",2,1,0,0,0,0,0,1,0,1,2,NA,TRUE,1
"3621",6,"F",3,"White","Middle",2,0,0,0,0,0,0,0,0,0,2,"1",FALSE,1
"3622",6,"F",3,"Hispanic","Middle",2,0,0,0,0,0,0,0,0,0,4,"1",FALSE,0
"3623",6,"F",3,"White","Middle",2,0,0,0,0,0,0,0,0,0,4,NA,FALSE,0
"3624",5,"M",3,NA,"Middle",2,0,0,0,0,0,0,0,0,0,4,"1",FALSE,0
"3625",6,"M",3,"Hispanic","Middle",2,0,0,0,0,0,0,0,0,0,1,"1",FALSE,1
"3626",3,"M",1,"Hispanic","Middle",2,0,0,0,0,0,0,0,0,0,4,NA,FALSE,0
"3627",4,"F",1,"Black","Middle",2,0,0,0,0,0,0,0,0,0,4,NA,FALSE,0
"3628",4,"M",1,"White","Middle",2,0,0,NA,NA,NA,0,NA,NA,0,3,"1",NA,0
"3629",3,"M",1,"Hispanic","Middle",2,0,0,0,0,0,0,0,0,1,1,"1",TRUE,1
"3630",4,"M",1,"Hispanic","Middle",2,0,0,0,0,0,0,0,0,0,4,"1",FALSE,0
"3631",4,"M",1,"White","Middle",2,0,0,0,0,0,0,0,0,0,2,NA,FALSE,1
"3632",3,"M",1,"White","Middle",2,0,0,0,0,0,0,0,0,0,4,NA,FALSE,0
"3633",4,"M",1,"Hispanic","Middle",NA,0,NA,NA,NA,NA,0,NA,NA,NA,3,"1",NA,0
"3634",6,"M",3,"White","Middle",2,0,0,0,0,0,0,0,0,0,3,NA,FALSE,0
"3635",6,"F",3,NA,"Middle",1,1,1,0,0,0,0,0,0,0,1,NA,TRUE,1
"3636",6,"F",3,"Hispanic","Middle",2,NA,0,0,0,0,0,0,0,0,1,NA,NA,1
"3637",6,"F",3,"White","Middle",2,0,0,0,0,0,0,0,0,0,3,NA,FALSE,0
"3638",4,"F",1,"Black","Middle",2,0,0,0,0,0,0,0,0,0,4,"1",FALSE,0
"3639",3,"F",1,"White","Middle",2,0,0,0,0,0,0,0,0,0,4,"1",FALSE,0
"3640",4,"F",1,"Hispanic","Middle",2,0,0,0,0,0,0,0,0,0,4,"1",FALSE,0
"3641",5,"M",1,"Hispanic","Middle",2,0,0,0,0,0,0,0,0,0,4,"1",FALSE,0
"3642",4,"F",1,"White","Middle",2,0,0,0,0,0,0,0,0,0,4,NA,FALSE,0
"3643",4,"F",1,"White","Middle",1,1,1,1,0,0,1,0,0,1,4,NA,TRUE,0
"3644",4,"F",1,"White","Middle",2,0,0,0,0,0,0,0,0,0,4,NA,FALSE,0
"3645",5,"M",1,"Hispanic","Middle",2,0,0,0,0,0,0,0,0,0,4,"1",FALSE,0
"3646",3,"M",1,"White","Middle",2,0,0,0,0,0,0,0,0,0,4,"1",FALSE,0
"3647",4,"M",1,"White","Middle",2,0,0,NA,0,0,0,0,0,0,4,"1",NA,0
"3648",5,"M",3,"Black","Middle",2,0,0,0,0,0,0,0,0,0,4,"1",FALSE,0
"3649",6,"M",3,"White","Middle",2,0,0,0,0,0,0,0,0,0,4,"1",FALSE,0
"3650",5,"F",3,"White","Middle",2,0,0,0,0,0,0,0,0,0,2,"1",FALSE,1
"3651",5,"F",3,"Hispanic","Middle",2,0,0,0,0,0,0,0,0,0,4,"1",FALSE,0
"3652",6,"M",3,"Hispanic","Middle",2,0,0,0,0,0,0,0,0,0,4,"1",FALSE,0
"3653",5,"M",3,"White","Middle",1,0,0,0,0,0,0,0,0,1,3,"1",TRUE,0
"3654",6,"M",3,"Hispanic","Middle",2,0,0,0,0,0,0,0,0,0,4,"1",FALSE,0
"3655",5,"F",3,"White","Middle",2,0,0,0,0,0,0,0,0,0,2,"1",FALSE,1
"3656",6,"F",3,"White","Middle",2,0,0,0,NA,NA,0,NA,NA,0,2,"1",NA,1
"3657",NA,"M",3,"White","Middle",2,0,0,0,0,0,0,0,0,0,4,"1",FALSE,0
"3658",6,"M",3,"Hispanic","Middle",2,0,NA,0,NA,NA,0,NA,NA,0,4,NA,NA,0
"3659",6,"M",3,"White","Middle",2,0,0,0,0,0,0,0,0,0,4,"1",FALSE,0
"3660",5,"M",3,"White","Middle",2,0,0,0,0,0,0,0,0,0,4,NA,FALSE,0
"3661",6,"M",3,"Hispanic","Middle",2,0,0,0,0,0,0,0,0,0,4,NA,FALSE,0
"3662",6,"M",3,"White","Middle",2,0,0,0,0,0,0,0,0,0,4,NA,FALSE,0
"3663",6,"F",3,"White","Middle",1,0,0,0,0,0,0,0,0,1,1,"1",TRUE,1
"3664",5,"M",3,"Hispanic","Middle",2,0,0,0,0,0,0,0,0,0,4,"1",FALSE,0
"3665",5,"F",3,"White","Middle",2,0,0,0,0,0,0,0,0,0,4,NA,FALSE,0
"3666",5,"M",3,"Hispanic","Middle",2,0,0,0,0,0,0,0,0,0,4,"1",FALSE,0
"3667",6,"F",3,"White","Middle",2,0,0,0,0,0,0,0,0,0,4,"1",FALSE,0
"3668",NA,NA,NA,"Black",NA,2,0,0,0,0,0,0,0,0,0,2,"1",FALSE,1
"3669",5,"F",2,"White","Middle",2,0,0,0,0,0,0,0,0,0,4,"1",FALSE,0
"3670",4,"F",2,"White","Middle",2,0,0,0,0,0,0,0,0,0,4,"1",FALSE,0
"3671",5,"F",2,"White","Middle",2,0,0,0,0,0,0,0,0,1,2,NA,TRUE,1
"3672",4,"M",2,"White","Middle",2,0,0,0,0,0,0,0,0,0,3,"1",FALSE,0
"3673",5,"M",2,"Hispanic","Middle",2,0,0,0,0,0,0,0,0,0,3,"1",FALSE,0
"3674",5,"F",2,"White","Middle",2,0,0,0,0,0,0,0,0,0,4,"1",FALSE,0
"3675",5,"M",2,"White","Middle",2,0,0,0,0,0,0,0,0,0,4,NA,FALSE,0
"3676",6,"M",2,"Black","Middle",2,0,0,0,0,0,0,0,0,0,1,"1",FALSE,1
"3677",5,"F",2,"Hispanic","Middle",2,0,0,0,0,0,0,0,0,0,4,"1",FALSE,0
"3678",4,"M",2,"Hispanic","Middle",2,0,0,0,0,0,0,0,0,0,4,"1",FALSE,0
"3679",4,"F",2,"White","Middle",2,0,0,0,0,0,0,0,0,0,4,"1",FALSE,0
"3680",5,"F",2,"White","Middle",2,0,0,0,0,0,0,0,0,0,4,NA,FALSE,0
"3681",5,"F",2,"White","Middle",2,0,0,0,0,0,0,0,0,0,4,"1",FALSE,0
"3682",5,"F",2,"Hispanic","Middle",2,0,0,0,0,0,0,0,0,0,4,"1",FALSE,0
"3683",4,"F",2,"White","Middle",2,0,0,0,0,0,0,0,0,0,4,"1",FALSE,0
"3684",4,"F",2,"White","Middle",2,0,0,0,0,0,0,0,0,0,4,"1",FALSE,0
"3685",5,"M",2,"White","Middle",2,0,0,0,0,0,0,0,0,0,4,"1",FALSE,0
"3686",4,"F",2,"White","Middle",2,0,0,0,0,0,0,0,0,0,1,"1",FALSE,1
"3687",5,"F",2,"White","Middle",2,0,0,0,0,0,0,0,0,0,4,NA,FALSE,0
"3688",4,"M",2,NA,"Middle",2,0,0,NA,0,0,0,0,0,0,4,"1",NA,0
"3689",4,"M",2,"Hispanic","Middle",1,1,0,0,0,0,0,0,0,0,3,NA,TRUE,0
"3690",5,"M",2,"Hispanic","Middle",2,0,0,0,0,0,0,0,0,0,4,"1",FALSE,0
"3691",5,"F",2,"Black","Middle",1,0,1,0,0,0,0,0,0,0,1,"1",TRUE,1
"3692",4,"F",1,"White","Middle",2,0,0,0,0,0,0,0,0,0,4,NA,FALSE,0
"3693",4,"M",1,"Black","Middle",2,0,0,0,0,0,0,0,0,0,2,"1",FALSE,1
"3694",4,"M",1,"Hispanic","Middle",2,0,0,0,0,0,0,0,0,0,4,"1",FALSE,0
"3695",3,"F",1,"Hispanic","Middle",2,0,0,0,0,0,0,0,0,0,4,"1",FALSE,0
"3696",4,"M",1,NA,"Middle",2,0,0,0,0,0,0,0,0,0,4,NA,FALSE,0
"3697",4,"F",1,"White","Middle",2,0,0,0,0,0,0,0,0,0,4,NA,FALSE,0
"3698",4,"M",1,"White","Middle",2,0,0,0,0,0,0,0,0,0,4,"1",FALSE,0
"3699",3,"F",1,"Black","Middle",2,0,0,0,0,0,0,0,0,0,4,"1",FALSE,0
"3700",4,"M",1,"AI/AN","Middle",2,0,0,0,0,0,0,0,0,0,2,NA,FALSE,1
"3701",5,"F",2,"White","Middle",2,0,0,0,0,0,0,0,0,0,2,NA,FALSE,1
"3702",5,"M",2,"White","Middle",2,0,0,0,0,0,0,0,0,0,4,"1",FALSE,0
"3703",5,"F",2,"AI/AN","Middle",2,0,0,0,0,0,0,0,0,0,3,NA,FALSE,0
"3704",4,"M",2,"White","Middle",2,0,0,0,0,0,0,0,0,0,2,NA,FALSE,1
"3705",4,"F",2,"White","Middle",2,0,0,0,0,0,0,0,0,0,1,"1",FALSE,1
"3706",5,"F",2,"White","Middle",2,0,0,0,0,0,0,0,0,0,2,NA,FALSE,1
"3707",4,"F",2,"White","Middle",2,0,0,0,0,0,0,0,0,0,4,"1",FALSE,0
"3708",4,"F",2,"Asian","Middle",2,0,0,0,0,0,0,0,0,0,4,"1",FALSE,0
"3709",3,"M",1,"Hispanic","Middle",2,0,0,0,0,0,0,0,0,0,4,"1",FALSE,0
"3710",4,"F",1,"White","Middle",2,0,0,0,0,0,0,0,0,0,4,"1",FALSE,0
"3711",3,"M",1,NA,"Middle",2,0,0,0,0,0,0,0,0,0,2,"1",FALSE,1
"3712",4,"F",1,"Hispanic","Middle",2,0,0,0,0,0,0,0,0,1,4,"1",TRUE,0
"3713",3,"M",1,"Black","Middle",2,0,0,0,0,0,0,0,0,0,1,"1",FALSE,1
"3714",3,"F",1,"White","Middle",2,0,0,0,0,0,0,0,0,0,2,NA,FALSE,1
"3715",4,"F",1,"White","Middle",2,0,0,0,0,0,0,0,0,0,4,"1",FALSE,0
"3716",4,"F",1,"White","Middle",2,0,0,0,0,0,0,0,0,0,4,"1",FALSE,0
"3717",4,"F",1,"White","Middle",2,0,0,0,0,0,0,0,0,0,4,NA,FALSE,0
"3718",3,"M",1,"White","Middle",2,0,0,0,0,0,0,0,0,0,4,NA,FALSE,0
"3719",4,"F",1,"White","Middle",2,0,0,0,0,0,0,0,0,0,4,"1",FALSE,0
"3720",3,"M",1,"Black","Middle",2,0,0,0,0,0,0,0,0,0,1,NA,FALSE,1
"3721",3,"M",1,"White","Middle",2,0,0,0,0,0,0,0,0,0,4,NA,FALSE,0
"3722",3,"F",1,"Hispanic","Middle",2,0,0,0,0,0,0,0,0,0,2,NA,FALSE,1
"3723",4,"F",1,"Black","Middle",2,0,0,0,0,0,0,0,0,0,2,NA,FALSE,1
"3724",3,"F",1,"White","Middle",2,0,0,0,0,0,0,0,0,0,4,"1",FALSE,0
"3725",5,"M",1,"Hispanic","Middle",1,1,1,1,NA,NA,1,NA,NA,1,1,NA,TRUE,1
"3726",5,"M",2,"White","Middle",2,0,0,0,0,0,0,0,0,0,3,"1",FALSE,0
"3727",4,"M",2,"White","Middle",1,0,0,0,0,0,0,0,0,1,2,NA,TRUE,1
"3728",4,"M",2,"White","Middle",2,0,0,1,0,0,0,0,0,0,3,NA,TRUE,0
"3729",4,"M",2,"White","Middle",2,0,0,0,0,0,0,0,0,0,4,NA,FALSE,0
"3730",4,"F",2,"White","Middle",2,0,0,0,0,0,0,0,0,0,3,NA,FALSE,0
"3731",6,"M",2,"White","Middle",NA,0,NA,NA,0,0,0,0,0,NA,NA,"1",NA,NA
"3732",4,"F",2,"White","Middle",2,0,0,0,0,0,0,0,0,0,1,NA,FALSE,1
"3733",5,"M",2,"White","Middle",2,0,0,0,0,0,0,0,0,0,4,"1",FALSE,0
"3734",5,"M",2,"White","Middle",2,0,0,0,0,0,0,0,0,0,4,"1",FALSE,0
"3735",5,"F",2,"White","Middle",2,0,0,0,0,0,0,0,0,0,2,"1",FALSE,1
"3736",5,"M",2,"Black","Middle",NA,0,0,0,0,0,0,0,0,0,3,"1",FALSE,0
"3737",5,"F",2,"White","Middle",2,0,0,0,0,0,0,0,0,0,4,"1",FALSE,0
"3738",4,"M",2,"White","Middle",2,0,0,0,0,0,0,0,0,0,4,"1",FALSE,0
"3739",5,"M",2,"Hispanic","Middle",2,0,0,0,0,0,0,0,0,0,4,"1",FALSE,0
"3740",5,"M",2,"White","Middle",2,0,0,0,0,0,0,0,0,0,4,"1",FALSE,0
"3741",5,"M",2,"White","Middle",2,0,0,0,0,0,0,0,0,0,3,NA,FALSE,0
"3742",4,"M",2,"White","Middle",2,0,0,0,0,0,0,0,0,0,4,"1",FALSE,0
"3743",5,"M",2,"White","Middle",2,0,0,0,0,0,0,0,0,0,4,"1",FALSE,0
"3744",4,"M",2,"White","Middle",1,0,0,0,0,0,0,0,0,0,3,"1",FALSE,0
"3745",4,"M",2,"White","Middle",2,0,0,0,0,0,0,0,0,0,4,"1",FALSE,0
"3746",5,"M",2,"White","Middle",2,0,0,0,0,0,0,0,0,0,4,"1",FALSE,0
"3747",5,"F",2,"White","Middle",2,0,0,0,0,0,0,0,0,0,2,"1",FALSE,1
"3748",5,"F",2,"Hispanic","Middle",2,0,0,0,0,0,0,0,0,1,3,NA,TRUE,0
"3749",5,"F",2,"Hispanic","Middle",2,0,0,0,0,0,0,0,0,0,3,"1",FALSE,0
"3750",5,"M",2,"White","Middle",2,0,0,0,0,0,0,0,0,0,4,"1",FALSE,0
"3751",8,"M",5,"White","High",1,0,0,0,0,0,0,0,0,1,4,"1",TRUE,0
"3752",8,"F",5,"White","High",2,0,0,0,0,0,0,0,0,0,4,"1",FALSE,0
"3753",7,"F",5,NA,"High",1,0,NA,0,0,0,0,0,0,0,1,"1",NA,1
"3754",7,"F",5,"White","High",2,0,0,0,0,0,0,0,0,0,4,"1",FALSE,0
"3755",6,"F",4,"White","High",2,0,0,0,0,0,0,0,0,0,3,"1",FALSE,0
"3756",6,"M",4,"White","High",2,0,0,0,0,0,0,0,0,0,4,"1",FALSE,0
"3757",6,"F",4,"White","High",2,0,0,0,0,0,0,0,0,0,3,NA,FALSE,0
"3758",6,"M",4,"Hispanic","High",1,1,1,0,0,1,0,0,0,1,1,NA,TRUE,1
"3759",8,"F",4,"White","High",2,0,0,0,0,0,0,0,0,0,2,NA,FALSE,1
"3760",7,"F",4,"Hispanic","High",2,0,0,0,0,0,0,0,0,0,4,"1",FALSE,0
"3761",7,"F",5,"Black","High",2,0,0,0,0,0,0,0,0,1,1,NA,TRUE,1
"3762",7,"F",4,"White","High",1,0,0,0,0,0,0,0,0,0,2,"1",FALSE,1
"3763",7,"M",4,"Hispanic","High",2,0,0,0,0,0,0,0,0,1,4,"1",TRUE,0
"3764",6,"M",4,"White","High",2,0,0,0,0,0,0,0,0,0,4,"1",FALSE,0
"3765",7,"M",4,"White","High",2,0,0,0,0,0,0,0,0,0,2,"1",FALSE,1
"3766",6,"F",4,"White","High",2,0,0,0,0,0,0,0,0,0,4,NA,FALSE,0
"3767",7,"M",4,"Hispanic","High",2,0,0,0,0,0,0,0,0,0,2,"1",FALSE,1
"3768",7,"M",4,"White","High",2,0,0,0,0,0,0,0,0,0,4,"1",FALSE,0
"3769",6,"M",4,"White","High",2,0,0,0,0,0,0,0,0,0,4,"1",FALSE,0
"3770",7,"M",4,"Black","High",2,0,0,0,0,0,0,0,0,0,4,"1",FALSE,0
"3771",7,"M",4,"Hispanic","High",2,0,0,0,0,0,0,0,0,0,4,"1",FALSE,0
"3772",7,"M",4,"White","High",2,0,0,0,0,0,0,0,0,0,4,NA,FALSE,0
"3773",6,"M",4,"White","High",2,0,0,0,0,0,0,0,0,0,4,"1",FALSE,0
"3774",6,"M",4,"White","High",2,0,0,0,0,0,0,0,0,0,4,"1",FALSE,0
"3775",6,"M",4,"Hispanic","High",2,0,0,0,0,0,0,0,0,0,4,NA,FALSE,0
"3776",6,"F",4,"White","High",2,0,0,0,0,0,0,0,0,0,4,"1",FALSE,0
"3777",7,"F",4,"White","High",1,0,0,0,0,0,0,0,0,1,4,"1",TRUE,0
"3778",7,"M",4,"Hispanic","High",2,0,0,0,0,0,0,0,0,0,3,"1",FALSE,0
"3779",7,"M",4,"Black","High",2,0,0,0,0,0,0,0,0,0,4,NA,FALSE,0
"3780",6,"M",4,"White","High",2,0,0,0,0,0,0,0,0,1,2,NA,TRUE,1
"3781",8,"M",5,"White","High",2,0,0,0,0,0,0,0,0,0,4,"1",FALSE,0
"3782",7,"M",5,"Black","High",2,0,0,0,0,0,0,0,0,0,4,"1",FALSE,0
"3783",7,"F",5,"White","High",2,0,0,0,0,0,0,0,0,0,3,"1",FALSE,0
"3784",8,"M",5,"White","High",2,0,0,0,0,0,0,0,0,1,4,NA,TRUE,0
"3785",8,"F",5,"White","High",2,0,0,0,0,0,0,0,0,0,4,"1",FALSE,0
"3786",8,"F",5,"White","High",2,0,0,0,0,0,0,0,0,0,4,"1",FALSE,0
"3787",8,"F",5,"White","High",1,0,0,0,0,0,0,0,0,0,4,NA,FALSE,0
"3788",8,"F",5,"White","High",2,0,0,0,0,0,0,0,0,0,4,"1",FALSE,0
"3789",7,"M",5,"White","High",2,0,0,0,0,0,0,0,0,0,3,"1",FALSE,0
"3790",8,"M",5,"White","High",2,0,0,0,0,0,0,0,0,0,4,"1",FALSE,0
"3791",7,"F",5,"White","High",2,0,0,0,0,0,0,0,0,0,4,"1",FALSE,0
"3792",8,"F",5,"White","High",2,0,0,0,0,0,0,0,0,0,4,"1",FALSE,0
"3793",8,"F",5,"Hispanic","High",1,0,0,0,0,0,0,0,0,1,4,"1",TRUE,0
"3794",8,"F",5,"White","High",2,0,0,0,0,0,0,0,0,0,4,"1",FALSE,0
"3795",7,"F",5,"White","High",1,0,0,0,0,0,0,0,0,1,4,"1",TRUE,0
"3796",8,"F",5,"White","High",2,0,0,0,0,0,0,0,0,0,4,NA,FALSE,0
"3797",9,"F",7,"White","High",2,0,0,0,0,0,0,0,0,1,1,"1",TRUE,1
"3798",9,"F",7,"Hispanic","High",2,0,0,0,0,0,0,0,0,0,4,"1",FALSE,0
"3799",9,"M",6,"White","High",2,0,0,0,0,0,0,0,0,0,4,"1",FALSE,0
"3800",9,"M",6,"Black","High",NA,0,NA,NA,NA,NA,NA,NA,NA,NA,4,NA,NA,0
"3801",9,"F",6,"White","High",2,0,0,0,0,0,0,0,0,0,4,"1",FALSE,0
"3802",9,"F",6,"White","High",2,0,0,0,0,0,0,0,0,0,4,"1",FALSE,0
"3803",10,"M",6,"Hispanic","High",1,0,0,0,0,0,0,0,0,0,3,"1",FALSE,0
"3804",9,"M",6,NA,"High",2,0,0,0,0,0,1,0,0,0,1,NA,TRUE,1
"3805",10,"M",6,"Black","High",2,0,0,0,0,0,0,0,0,0,4,"1",FALSE,0
"3806",8,"M",6,"Hispanic","High",2,0,0,0,0,0,0,0,0,0,1,"1",FALSE,1
"3807",6,"M",4,"Hispanic","High",2,0,0,0,0,0,0,0,0,0,4,"1",FALSE,0
"3808",7,"M",4,"Hispanic","High",2,0,0,0,0,0,0,0,0,0,4,"1",FALSE,0
"3809",6,"M",4,"Black","High",2,0,0,0,0,0,0,0,0,0,4,"1",FALSE,0
"3810",7,"F",4,"White","High",2,0,0,0,0,0,0,0,0,0,4,"1",FALSE,0
"3811",7,"F",4,"Hispanic","High",2,0,0,0,0,0,0,0,0,0,2,NA,FALSE,1
"3812",7,"F",4,"White","High",2,0,0,0,0,0,0,0,0,0,4,"1",FALSE,0
"3813",6,"F",4,"White","High",2,0,0,0,0,0,0,0,0,1,4,NA,TRUE,0
"3814",7,"F",4,"White","High",2,0,0,0,0,0,0,0,0,0,1,NA,FALSE,1
"3815",7,"F",4,"Hispanic","High",1,0,0,0,0,0,0,0,0,0,4,NA,FALSE,0
"3816",7,"M",4,"White","High",2,0,0,0,0,0,0,0,0,0,4,NA,FALSE,0
"3817",6,"F",4,"Hispanic","High",1,0,0,0,0,0,0,0,0,0,4,NA,FALSE,0
"3818",6,"F",4,"Black","High",2,0,0,0,0,0,0,0,0,0,3,NA,FALSE,0
"3819",6,"M",4,"White","High",2,0,0,0,0,0,0,0,0,1,4,"1",TRUE,0
"3820",6,"M",4,"White","High",2,0,0,0,0,0,0,0,0,1,4,"1",TRUE,0
"3821",7,"M",4,"White","High",2,0,0,0,0,0,0,0,0,0,4,"1",FALSE,0
"3822",6,"F",4,"Hispanic","High",2,0,0,0,0,0,0,0,0,0,2,NA,FALSE,1
"3823",7,"M",4,"White","High",2,0,0,0,0,0,0,0,0,0,3,"1",FALSE,0
"3824",8,"M",5,"Hispanic","High",2,0,0,0,0,0,0,0,0,0,4,NA,FALSE,0
"3825",7,"M",4,"White","High",1,0,0,0,0,0,0,0,0,0,4,NA,FALSE,0
"3826",7,"F",4,"Asian","High",2,0,0,0,0,0,0,0,0,0,4,"1",FALSE,0
"3827",8,"F",4,"Hispanic","High",2,0,0,0,0,0,0,0,0,0,3,"1",FALSE,0
"3828",7,"F",4,"White","High",2,0,0,0,0,0,0,0,0,0,4,NA,FALSE,0
"3829",7,"M",4,"White","High",2,0,0,0,0,0,0,0,0,1,3,"1",TRUE,0
"3830",8,"M",4,"Hispanic","High",2,0,0,0,0,0,0,0,0,0,1,NA,FALSE,1
"3831",6,"M",4,"White","High",2,0,0,0,0,0,0,0,0,0,4,"1",FALSE,0
"3832",7,"M",4,"White","High",1,0,1,0,0,0,0,0,0,1,3,NA,TRUE,0
"3833",7,"M",4,"White","High",1,0,1,0,0,0,NA,0,0,1,4,"1",TRUE,0
"3834",9,"F",6,"White","High",2,0,0,0,0,0,0,0,0,0,4,"1",FALSE,0
"3835",9,"M",6,"Black","High",2,0,0,0,0,0,0,0,0,0,4,"1",FALSE,0
"3836",8,"M",6,"Black","High",2,0,0,0,0,0,0,0,0,0,4,"1",FALSE,0
"3837",8,"M",6,"White","High",1,0,1,0,0,0,0,0,0,0,2,NA,TRUE,1
"3838",9,"M",6,NA,"High",2,0,0,NA,NA,NA,NA,NA,NA,NA,4,NA,NA,0
"3839",8,"F",6,"White","High",2,0,0,0,0,0,0,0,0,0,4,"1",FALSE,0
"3840",8,"F",6,"Hispanic","High",2,0,0,0,0,0,0,0,0,0,4,"1",FALSE,0
"3841",9,"M",6,"Asian","High",2,0,0,0,0,0,0,0,0,1,2,NA,TRUE,1
"3842",9,"M",6,"White","High",2,0,0,0,0,0,0,0,0,0,3,NA,FALSE,0
"3843",9,"M",6,"White","High",2,0,0,0,0,0,0,0,0,0,4,"1",FALSE,0
"3844",8,"F",6,"White","High",2,0,0,0,0,0,0,0,0,0,3,"1",FALSE,0
"3845",9,"M",6,"White","High",1,0,1,1,0,0,0,0,0,1,3,"1",TRUE,0
"3846",8,"M",6,"White","High",2,0,0,0,0,0,0,0,0,0,2,"1",FALSE,1
"3847",8,"M",6,"White","High",2,0,0,0,0,0,0,0,0,0,4,NA,FALSE,0
"3848",8,"M",6,NA,"High",2,0,0,0,0,0,0,0,0,0,2,NA,FALSE,1
"3849",10,"M",6,NA,"High",2,0,0,0,0,0,0,0,0,0,4,"1",FALSE,0
"3850",8,"M",6,"White","High",2,0,0,0,0,0,0,0,0,0,4,NA,FALSE,0
"3851",9,"F",7,"White","High",1,0,0,0,0,0,0,0,0,1,2,"1",TRUE,1
"3852",10,"M",7,"White","High",2,0,0,0,0,0,0,0,0,0,2,NA,FALSE,1
"3853",9,"F",7,"White","High",2,0,0,0,0,0,0,0,0,1,1,NA,TRUE,1
"3854",9,"M",7,"White","High",1,1,0,0,0,0,1,0,0,1,1,NA,TRUE,1
"3855",9,"F",7,"White","High",1,0,0,0,0,0,0,0,0,1,4,NA,TRUE,0
"3856",10,"F",7,"White","High",1,0,0,0,0,0,0,0,0,1,4,"1",TRUE,0
"3857",10,"F",7,"White","High",2,0,0,0,0,0,0,0,0,0,4,"1",FALSE,0
"3858",10,"F",7,"White","High",2,0,0,0,0,0,0,0,0,0,4,"1",FALSE,0
"3859",10,"F",7,"White","High",2,0,0,0,0,0,0,0,0,0,3,"1",FALSE,0
"3860",9,"M",7,"White","High",2,NA,0,1,0,0,0,0,0,0,4,"1",TRUE,0
"3861",9,"F",7,"White","High",2,0,0,0,0,0,0,0,0,1,2,"1",TRUE,1
"3862",9,"F",6,"White","High",2,0,0,0,NA,NA,0,NA,NA,0,2,"1",NA,1
"3863",9,"F",7,"White","High",2,0,0,0,0,0,0,0,0,0,3,"1",FALSE,0
"3864",9,"F",7,"White","High",2,0,0,0,0,0,0,0,0,1,4,"1",TRUE,0
"3865",9,"F",7,"White","High",1,0,1,0,0,0,0,0,0,1,1,"1",TRUE,1
"3866",10,"M",7,"White","High",2,0,0,0,0,0,0,0,0,0,4,NA,FALSE,0
"3867",9,"M",7,"White","High",2,0,0,0,0,0,0,0,0,0,4,"1",FALSE,0
"3868",10,"M",7,"Hispanic","High",2,0,0,0,0,0,0,0,0,0,3,NA,FALSE,0
"3869",9,"M",7,"White","High",2,0,0,0,0,0,0,0,0,0,4,"1",FALSE,0
"3870",10,"M",7,"White","High",2,0,0,0,0,0,0,0,0,0,4,"1",FALSE,0
"3871",9,"M",7,"White","High",2,0,0,0,0,0,0,0,0,0,4,"1",FALSE,0
"3872",9,"F",6,"White","High",2,0,0,0,NA,NA,0,NA,NA,0,4,NA,NA,0
"3873",10,"F",7,"White","High",2,0,0,0,0,0,0,0,0,0,4,"1",FALSE,0
"3874",9,"M",6,"White","High",2,0,0,0,0,0,0,0,0,0,2,NA,FALSE,1
"3875",10,"M",7,"White","High",2,1,0,0,0,0,0,0,0,1,1,NA,TRUE,1
"3876",10,"M",7,"White","High",2,0,0,0,0,0,0,0,0,0,4,"1",FALSE,0
"3877",9,"F",7,"White","High",2,0,0,0,0,0,0,0,0,0,4,NA,FALSE,0
"3878",10,"M",7,"White","High",1,0,1,0,0,0,0,0,0,1,2,NA,TRUE,1
"3879",10,"M",7,"White","High",2,0,0,0,0,0,0,0,0,0,4,"1",FALSE,0
"3880",9,"M",7,"Hispanic","High",1,1,0,0,0,0,0,0,0,1,1,NA,TRUE,1
"3881",10,"F",7,"White","High",2,0,0,0,0,0,0,0,0,0,4,"1",FALSE,0
"3882",9,"M",7,"White","High",2,0,0,0,0,0,0,0,0,0,4,NA,FALSE,0
"3883",9,"F",7,"White","High",2,0,0,0,0,0,0,0,0,1,2,"1",TRUE,1
"3884",10,"M",7,"White","High",2,0,0,0,0,0,0,0,0,0,4,"1",FALSE,0
"3885",9,"M",7,"White","High",1,1,1,0,NA,NA,NA,NA,NA,0,2,NA,TRUE,1
"3886",10,"M",7,"White","High",2,0,0,0,0,0,0,0,0,0,4,"1",FALSE,0
"3887",9,"M",7,"White","High",2,0,0,0,0,0,0,0,0,0,4,"1",FALSE,0
"3888",9,"M",7,"White","High",2,0,0,0,0,0,0,0,0,0,4,"1",FALSE,0
"3889",10,"F",7,"White","High",2,0,0,0,0,0,0,0,0,0,4,"1",FALSE,0
"3890",10,"F",7,"Hispanic","High",2,0,0,0,0,0,0,0,0,0,4,"1",FALSE,0
"3891",10,"F",7,"White","High",NA,0,0,0,0,0,NA,0,0,0,4,NA,NA,0
"3892",9,"F",7,"Hispanic","High",2,0,0,0,0,0,0,0,0,0,4,"1",FALSE,0
"3893",10,"M",7,"White","High",2,0,0,0,0,0,0,0,0,0,4,NA,FALSE,0
"3894",9,"F",7,"White","High",1,1,1,0,0,0,1,0,0,1,1,"1",TRUE,1
"3895",10,"M",7,NA,"High",1,NA,1,0,NA,NA,1,NA,NA,NA,NA,"1",TRUE,NA
"3896",10,"F",7,"White","High",1,1,0,0,0,0,0,0,0,1,1,"1",TRUE,1
"3897",10,"F",7,"White","High",2,0,0,0,0,0,0,0,0,0,2,"1",FALSE,1
"3898",10,"M",7,"Hispanic","High",2,0,0,0,0,0,0,0,0,0,4,NA,FALSE,0
"3899",9,"F",7,"White","High",2,0,0,0,0,0,0,0,0,0,2,"1",FALSE,1
"3900",10,"M",7,"Hispanic","High",2,0,0,0,0,0,0,0,0,0,3,"1",FALSE,0
"3901",10,"M",6,"White","High",2,0,0,0,0,0,0,0,0,0,2,"1",FALSE,1
"3902",10,"F",7,"Black","High",2,0,0,0,0,0,0,0,0,0,4,NA,FALSE,0
"3903",6,"M",4,"White","High",2,0,0,0,0,0,0,0,0,1,2,"1",TRUE,1
"3904",7,"F",4,"White","High",2,0,0,0,0,0,0,0,0,0,2,NA,FALSE,1
"3905",6,"M",4,"White","High",2,0,0,0,0,0,0,0,0,0,2,NA,FALSE,1
"3906",6,"M",4,"Hispanic","High",2,0,0,0,0,0,0,0,0,0,4,"1",FALSE,0
"3907",6,"M",1,"Asian","Middle",1,0,0,0,0,0,0,0,0,1,1,NA,TRUE,1
"3908",6,"M",4,"White","High",2,0,0,0,0,0,0,0,0,0,4,"1",FALSE,0
"3909",9,"M",5,"Hispanic","High",1,0,1,0,NA,NA,0,NA,NA,1,2,NA,TRUE,1
"3910",6,"M",4,"White","High",2,0,0,0,0,0,0,0,0,0,4,NA,FALSE,0
"3911",7,"F",4,"White","High",1,0,0,0,0,0,0,0,0,0,2,NA,FALSE,1
"3912",7,"F",4,"White","High",2,0,0,0,0,0,0,0,0,0,4,NA,FALSE,0
"3913",7,"F",4,"White","High",2,0,0,0,0,0,0,0,0,1,4,"1",TRUE,0
"3914",6,"F",4,"Hispanic","High",2,0,0,0,0,0,0,0,0,0,2,NA,FALSE,1
"3915",6,"M",4,"Hispanic","High",2,0,0,0,0,0,0,0,0,0,2,"1",FALSE,1
"3916",7,"M",4,"White","High",2,0,0,0,0,0,0,0,0,1,1,NA,TRUE,1
"3917",7,"M",4,"Hispanic","High",2,0,0,0,0,0,0,0,0,0,4,"1",FALSE,0
"3918",7,"M",4,"White","High",2,0,0,0,0,0,0,0,0,0,4,"1",FALSE,0
"3919",6,"F",4,"White","High",1,0,1,0,0,0,0,0,0,0,1,NA,TRUE,1
"3920",9,"M",4,"Hispanic","High",2,0,0,0,0,0,0,0,0,0,2,"1",FALSE,1
"3921",6,"F",4,"White","High",2,0,0,0,0,0,0,0,0,0,4,NA,FALSE,0
"3922",7,"M",4,"White","High",NA,0,0,1,0,0,0,0,0,1,2,"1",TRUE,1
"3923",8,"M",5,"White","High",1,0,0,0,0,0,0,0,0,0,4,"1",FALSE,0
"3924",6,"F",4,"White","High",2,0,0,0,0,0,0,0,0,0,4,"1",FALSE,0
"3925",7,"F",4,"White","High",2,0,0,0,0,0,0,0,0,0,3,NA,FALSE,0
"3926",7,"F",4,"White","High",1,0,0,0,0,0,0,0,0,0,4,NA,FALSE,0
"3927",7,"F",4,"White","High",2,0,0,0,0,0,0,0,0,0,4,NA,FALSE,0
"3928",7,"M",4,"White","High",2,0,0,0,0,0,0,0,0,0,3,NA,FALSE,0
"3929",7,"F",4,"White","High",2,0,0,0,0,0,0,0,0,1,1,NA,TRUE,1
"3930",7,"F",7,"Hispanic","High",NA,NA,NA,NA,0,1,1,0,0,NA,1,NA,TRUE,1
"3931",8,"F",5,"White","High",1,0,0,0,0,0,0,0,0,0,4,"1",FALSE,0
"3932",8,"M",5,"Black","High",2,0,0,NA,0,0,0,0,0,0,4,"1",NA,0
"3933",7,"M",5,"Hispanic","High",2,0,0,0,0,0,0,0,0,0,4,"1",FALSE,0
"3934",8,"M",5,"White","High",2,0,0,0,0,0,0,0,0,0,4,"1",FALSE,0
"3935",8,"M",5,"White","High",2,0,0,0,0,0,0,0,0,0,4,"1",FALSE,0
"3936",10,"M",7,NA,"High",2,0,0,0,0,0,0,0,0,0,4,"1",FALSE,0
"3937",8,"M",5,"White","High",2,0,0,0,0,0,0,0,0,0,4,NA,FALSE,0
"3938",8,"F",5,"Black","High",2,0,0,0,0,0,0,0,0,0,4,"1",FALSE,0
"3939",8,"M",5,NA,"High",2,0,0,0,0,0,0,0,0,0,4,NA,FALSE,0
"3940",7,"M",5,"White","High",2,0,0,0,0,0,0,0,0,0,4,"1",FALSE,0
"3941",7,"F",5,"Black","High",2,0,0,0,0,0,0,0,0,0,4,NA,FALSE,0
"3942",7,"M",5,"White","High",2,0,0,0,0,0,0,0,0,0,4,NA,FALSE,0
"3943",9,"F",6,"Black","High",1,1,0,0,0,0,0,0,0,0,2,NA,TRUE,1
"3944",8,"M",5,"White","High",1,0,0,0,0,0,0,0,0,1,2,NA,TRUE,1
"3945",8,"M",5,"White","High",2,0,0,0,0,0,0,0,0,0,4,"1",FALSE,0
"3946",7,"F",5,"Hispanic","High",2,0,0,0,0,0,0,0,0,0,3,"1",FALSE,0
"3947",7,"M",5,"White","High",2,0,0,0,0,0,0,0,0,0,3,"1",FALSE,0
"3948",9,"F",5,"Black","High",2,0,0,0,0,0,0,0,0,0,4,NA,FALSE,0
"3949",8,"F",5,"White","High",2,0,0,0,0,0,0,0,0,0,4,NA,FALSE,0
"3950",8,"F",5,"Hispanic","High",1,0,1,0,0,0,0,0,0,0,4,"1",TRUE,0
"3951",8,"M",5,"White","High",1,0,1,0,0,0,NA,0,0,1,3,NA,TRUE,0
"3952",9,"M",7,"White","High",2,0,0,0,0,0,0,0,0,0,4,"1",FALSE,0
"3953",8,"M",5,"White","High",2,0,0,0,0,0,0,0,0,1,3,"1",TRUE,0
"3954",8,"M",5,"Asian","High",2,0,0,0,0,0,0,0,0,0,2,"1",FALSE,1
"3955",7,"F",5,"White","High",2,0,0,0,0,0,0,0,0,0,2,"1",FALSE,1
"3956",7,"F",5,"White","High",2,0,0,0,0,0,0,0,0,0,4,"1",FALSE,0
"3957",8,"M",5,"White","High",2,0,0,0,0,0,0,0,0,1,4,"1",TRUE,0
"3958",8,NA,5,"White","High",2,0,0,0,0,0,0,0,0,0,4,"1",FALSE,0
"3959",8,"M",5,"Asian","High",2,0,0,0,0,0,0,0,0,0,4,"1",FALSE,0
"3960",8,"F",6,"White","High",2,0,0,0,0,0,0,0,0,1,4,NA,TRUE,0
"3961",7,"M",5,NA,"High",2,NA,0,0,0,0,0,0,0,1,4,"1",TRUE,0
"3962",7,"M",5,"White","High",2,0,0,0,0,0,0,0,0,0,4,"1",FALSE,0
"3963",9,"F",7,"Black","High",NA,NA,NA,NA,1,0,1,0,0,NA,4,NA,TRUE,0
"3964",7,"M",4,"Black","High",1,0,0,NA,0,0,0,0,0,0,4,"1",NA,0
"3965",6,"M",4,"White","High",2,0,0,0,0,0,0,0,0,0,4,NA,FALSE,0
"3966",9,"F",6,"Black","High",NA,0,NA,0,0,1,NA,0,0,1,1,NA,TRUE,1
"3967",9,"F",7,"Hispanic","High",2,0,0,0,NA,NA,0,NA,NA,0,3,NA,NA,0
"3968",6,"F",7,"Hispanic","High",NA,0,NA,NA,0,0,NA,0,0,NA,3,NA,NA,0
"3969",9,"F",7,"Hispanic","High",2,0,0,0,0,0,0,0,0,0,4,"1",FALSE,0
"3970",9,"M",7,"Hispanic","High",2,0,0,0,0,0,0,0,0,0,3,NA,FALSE,0
"3971",11,"M",7,"Black","High",NA,NA,NA,NA,NA,NA,NA,NA,NA,NA,4,NA,NA,0
"3972",9,"F",7,"Hispanic","High",1,1,1,NA,0,0,1,0,0,NA,4,NA,TRUE,0
"3973",10,"F",7,"Hispanic","High",2,0,0,0,0,0,0,0,0,0,4,"1",FALSE,0
"3974",9,"F",7,"White","High",2,0,0,0,0,0,0,0,0,0,4,NA,FALSE,0
"3975",10,"M",7,"Hispanic","High",1,0,0,0,0,0,0,0,0,0,4,NA,FALSE,0
"3976",10,"F",7,"Hispanic","High",1,0,1,0,0,0,0,0,0,0,4,NA,TRUE,0
"3977",10,"M",7,"Hispanic","High",2,0,0,0,0,0,0,0,0,0,4,"1",FALSE,0
"3978",10,"M",7,"Hispanic","High",1,1,1,1,1,0,1,1,0,1,1,"1",TRUE,1
"3979",8,"M",7,"Hispanic","High",2,0,0,0,0,0,0,0,0,0,4,"1",FALSE,0
"3980",9,"M",7,"Hispanic","High",2,0,0,0,0,0,0,0,0,0,4,NA,FALSE,0
"3981",9,"F",7,"Hispanic","High",2,0,0,0,0,0,0,0,0,0,4,"1",FALSE,0
"3982",10,"M",7,"Black","High",2,0,0,0,0,0,0,0,0,0,4,"1",FALSE,0
"3983",7,"F",4,"AI/AN","High",2,0,0,0,0,0,0,0,0,0,4,"1",FALSE,0
"3984",7,"M",4,"Hispanic","High",1,NA,1,0,0,0,0,0,0,0,4,NA,TRUE,0
"3985",7,"F",4,"Hispanic","High",2,0,0,0,0,0,0,0,0,0,3,NA,FALSE,0
"3986",6,"M",4,"Hispanic","High",2,0,0,NA,0,0,0,0,0,0,4,NA,NA,0
"3987",7,"M",4,"Hispanic","High",2,0,0,0,0,0,0,0,0,0,2,NA,FALSE,1
"3988",7,"F",4,"Hispanic","High",2,0,0,0,0,0,0,0,0,0,4,"1",FALSE,0
"3989",7,"F",4,"Hispanic","High",2,0,0,0,0,0,0,0,0,0,4,"1",FALSE,0
"3990",8,"F",4,"Hispanic","High",2,0,0,0,0,0,0,0,0,0,4,"1",FALSE,0
"3991",6,"M",4,"Hispanic","High",2,0,0,0,0,0,0,0,0,0,4,NA,FALSE,0
"3992",7,"M",4,"Hispanic","High",2,0,0,0,0,0,0,0,0,0,4,"1",FALSE,0
"3993",6,"M",4,"Black","High",2,0,0,0,0,0,0,0,0,0,4,NA,FALSE,0
"3994",7,"M",4,"Hispanic","High",2,0,0,0,0,0,0,0,0,0,4,"1",FALSE,0
"3995",7,"F",4,"Hispanic","High",2,0,0,0,0,0,0,0,0,0,4,"1",FALSE,0
"3996",7,"F",4,"Hispanic","High",1,0,1,0,0,0,1,0,0,1,3,NA,TRUE,0
"3997",7,"F",4,"Hispanic","High",2,0,0,0,0,0,0,0,0,0,4,NA,FALSE,0
"3998",6,"M",4,"Asian","High",2,0,0,0,0,0,0,0,0,0,4,NA,FALSE,0
"3999",6,"M",4,"Black","High",2,0,0,0,0,0,0,0,0,NA,2,"1",NA,1
"4000",6,"M",4,NA,"High",NA,0,NA,NA,NA,NA,0,NA,NA,0,4,NA,NA,0
"4001",7,"F",4,"Hispanic","High",2,0,0,0,NA,NA,NA,NA,NA,0,4,NA,NA,0
"4002",6,"M",4,"Black","High",2,0,0,0,0,0,0,0,0,0,4,"1",FALSE,0
"4003",8,"M",4,"Hispanic","High",2,0,0,0,0,0,0,0,0,0,4,"1",FALSE,0
"4004",7,"M",4,"Hispanic","High",2,0,0,0,0,0,0,0,0,0,2,"1",FALSE,1
"4005",8,"F",4,"Hispanic","High",2,0,0,0,0,0,0,0,0,0,4,"1",FALSE,0
"4006",6,"F",4,"Hispanic","High",2,0,0,0,0,0,0,0,0,0,4,"1",FALSE,0
"4007",7,"M",4,"Black","High",2,0,0,0,0,0,0,0,0,0,4,"1",FALSE,0
"4008",7,"M",4,"Hispanic","High",2,0,0,0,0,0,0,0,0,0,4,"1",FALSE,0
"4009",7,"M",4,"Hispanic","High",2,0,0,0,0,0,0,0,0,0,4,NA,FALSE,0
"4010",8,"M",4,"Hispanic","High",2,0,0,0,0,0,0,0,0,0,4,"1",FALSE,0
"4011",6,"F",4,"Hispanic","High",1,1,0,NA,NA,NA,NA,NA,NA,NA,1,NA,TRUE,1
"4012",7,"F",4,"Hispanic","High",NA,0,0,0,0,0,0,0,0,0,1,"1",FALSE,1
"4013",6,"F",4,"Hispanic","High",NA,0,0,0,0,0,0,0,0,0,1,"1",FALSE,1
"4014",7,"M",4,"Hispanic","High",2,0,0,0,0,0,0,0,0,0,4,"1",FALSE,0
"4015",7,"F",4,NA,"High",1,0,0,0,0,0,0,0,0,0,4,"1",FALSE,0
"4016",8,"M",4,"White","High",2,0,0,0,0,0,0,0,0,0,4,NA,FALSE,0
"4017",7,"M",4,"Hispanic","High",2,0,0,NA,0,0,0,0,0,0,4,"1",NA,0
"4018",8,"F",6,"Black","High",2,0,0,0,0,0,0,0,0,0,4,"1",FALSE,0
"4019",8,"F",6,"Black","High",NA,NA,0,0,NA,NA,NA,NA,NA,NA,4,NA,NA,0
"4020",10,"F",6,"Hispanic","High",2,1,0,0,1,0,1,0,0,1,1,NA,TRUE,1
"4021",8,NA,6,"Hispanic","High",1,1,1,1,1,0,NA,0,0,1,2,NA,TRUE,1
"4022",9,"F",6,"Hispanic","High",2,0,0,0,0,0,0,0,0,0,4,"1",FALSE,0
"4023",8,"F",6,"Hispanic","High",1,0,0,0,1,0,0,0,0,0,1,NA,TRUE,1
"4024",9,NA,6,"Hispanic","High",2,0,0,0,0,0,0,0,0,0,4,"1",FALSE,0
"4025",9,"F",6,"Hispanic","High",2,0,0,0,0,0,1,0,0,0,4,"1",TRUE,0
"4026",8,"M",6,"Hispanic","High",NA,0,0,0,0,0,0,0,0,0,2,NA,FALSE,1
"4027",9,"M",6,"Hispanic","High",2,0,0,0,0,0,0,0,0,0,4,"1",FALSE,0
"4028",8,"M",6,"Black","High",2,0,0,0,0,0,0,0,0,0,1,"1",FALSE,1
"4029",9,"F",6,"Black","High",2,0,0,0,0,0,0,0,0,0,4,"1",FALSE,0
"4030",8,"M",6,"White","High",2,0,0,0,0,0,0,0,0,0,2,"1",FALSE,1
"4031",8,"F",6,"Hispanic","High",2,0,0,0,0,0,0,0,0,0,4,"1",FALSE,0
"4032",9,"F",6,"Hispanic","High",2,0,0,0,0,0,0,0,0,0,3,"1",FALSE,0
"4033",8,"F",6,"Hispanic","High",2,1,0,0,0,0,0,1,0,1,1,"1",TRUE,1
"4034",9,"M",6,"Hispanic","High",2,0,0,0,0,0,0,0,0,0,4,"1",FALSE,0
"4035",1,NA,6,"Hispanic","High",2,0,0,0,0,0,0,0,0,0,4,"1",FALSE,0
"4036",8,"F",6,"Black","High",2,0,0,0,0,0,0,0,0,0,4,"1",FALSE,0
"4037",1,"M",6,"Black","High",1,NA,NA,1,0,0,0,0,1,1,2,NA,TRUE,1
"4038",9,"M",1,"AI/AN","Middle",1,0,0,0,0,0,0,0,0,0,1,NA,FALSE,1
"4039",8,"M",6,"Black","High",2,0,0,0,0,0,0,0,0,0,3,NA,FALSE,0
"4040",9,"M",6,"Hispanic","High",NA,NA,NA,0,NA,NA,0,NA,NA,0,1,NA,NA,1
"4041",10,"F",6,"Hispanic","High",2,0,0,0,0,0,0,0,0,0,4,NA,FALSE,0
"4042",9,"F",6,"Hispanic","High",2,0,0,0,0,0,0,0,0,0,4,"1",FALSE,0
"4043",9,"M",5,"Hispanic","High",1,0,0,0,0,0,0,0,0,0,1,"1",FALSE,1
"4044",7,"F",5,"Black","High",2,0,0,0,0,0,0,0,0,0,4,"1",FALSE,0
"4045",8,"M",5,"Hispanic","High",2,0,0,0,0,0,0,0,0,0,4,"1",FALSE,0
"4046",9,"F",5,"Hispanic","High",2,0,0,0,0,0,0,0,0,0,4,"1",FALSE,0
"4047",6,"F",5,"White","High",2,0,0,0,0,0,0,0,0,0,4,"1",FALSE,0
"4048",7,"M",5,NA,"High",2,0,0,0,0,0,0,0,0,0,4,"1",FALSE,0
"4049",8,"M",5,"Black","High",2,0,0,0,0,0,0,0,0,0,4,"1",FALSE,0
"4050",8,"M",5,"Asian","High",2,0,0,0,0,0,0,0,0,0,4,NA,FALSE,0
"4051",8,"M",5,"Black","High",2,0,0,0,0,0,0,0,0,0,4,"1",FALSE,0
"4052",7,"M",5,"Black","High",2,0,0,0,0,0,0,0,0,0,4,NA,FALSE,0
"4053",7,"F",5,"Hispanic","High",2,0,0,0,0,0,0,0,0,0,4,NA,FALSE,0
"4054",8,"M",5,"Black","High",NA,NA,0,NA,NA,NA,NA,NA,NA,0,4,NA,NA,0
"4055",7,"M",5,"Hispanic","High",2,0,0,0,0,0,0,0,0,0,4,"1",FALSE,0
"4056",7,"F",5,"White","High",2,0,0,0,0,0,0,0,0,0,4,"1",FALSE,0
"4057",7,"F",5,"White","High",NA,NA,NA,NA,NA,NA,NA,NA,NA,NA,1,NA,NA,1
"4058",7,"F",5,"Hispanic","High",2,0,0,0,0,0,0,0,0,0,4,"1",FALSE,0
"4059",8,"F",5,"Black","High",2,0,0,0,0,0,0,0,0,0,4,"1",FALSE,0
"4060",9,"F",5,"Hispanic","High",2,0,0,0,0,0,0,0,0,0,4,NA,FALSE,0
"4061",7,"F",4,"Hispanic","High",2,0,0,0,0,0,0,0,0,0,4,NA,FALSE,0
"4062",7,"F",5,"Hispanic","High",2,0,0,0,0,0,0,0,0,0,3,"1",FALSE,0
"4063",8,"M",5,"Hispanic","High",2,0,0,0,0,0,0,0,0,0,2,"1",FALSE,1
"4064",8,"M",5,"Black","High",2,0,0,0,0,0,0,0,0,0,2,"1",FALSE,1
"4065",7,"F",5,"Hispanic","High",2,0,0,0,0,0,0,0,0,0,4,NA,FALSE,0
"4066",8,"M",5,"Hispanic","High",2,0,0,0,0,0,0,0,0,0,4,NA,FALSE,0
"4067",7,"F",4,"Hispanic","High",2,0,0,0,0,0,0,0,0,0,4,"1",FALSE,0
"4068",7,"F",5,"Hispanic","High",2,0,0,0,0,0,0,0,0,0,4,"1",FALSE,0
"4069",9,"F",7,"Hispanic","High",1,1,1,0,0,0,1,0,0,1,2,NA,TRUE,1
"4070",9,"F",7,"Hispanic","High",NA,0,NA,1,0,0,NA,0,0,0,4,"1",TRUE,0
"4071",10,"F",7,"Hispanic","High",NA,1,NA,1,0,0,1,1,0,1,1,NA,TRUE,1
"4072",8,"F",5,"Hispanic","High",2,0,0,0,0,0,0,0,0,0,4,NA,FALSE,0
"4073",7,"F",5,"Hispanic","High",2,0,0,0,0,0,0,0,0,0,4,"1",FALSE,0
"4074",8,"F",5,"Hispanic","High",2,0,0,0,0,0,0,0,0,0,4,"1",FALSE,0
"4075",9,"F",7,"Hispanic","High",2,0,0,0,0,0,0,0,0,0,4,"1",FALSE,0
"4076",10,"F",7,"Hispanic","High",2,0,0,0,0,0,0,0,0,0,4,"1",FALSE,0
"4077",8,"M",6,"Hispanic","High",2,0,0,0,0,0,0,0,0,0,4,"1",FALSE,0
"4078",8,"F",6,"Hispanic","High",1,0,0,0,0,0,0,0,0,0,3,NA,FALSE,0
"4079",7,"F",4,"Hispanic","High",2,0,0,0,0,0,0,0,0,0,1,"1",FALSE,1
"4080",9,"M",6,"White","High",2,0,0,0,0,0,0,0,0,0,2,"1",FALSE,1
"4081",10,"M",6,"Hispanic","High",1,0,1,0,NA,NA,0,NA,NA,0,2,NA,TRUE,1
"4082",8,"M",6,"Hispanic","High",2,0,0,0,0,0,0,0,0,0,4,"1",FALSE,0
"4083",10,"F",6,NA,"High",2,0,0,0,0,0,0,0,0,0,4,"1",FALSE,0
"4084",9,"M",6,"Hispanic","High",2,0,0,0,0,0,0,0,0,0,4,"1",FALSE,0
"4085",8,"M",6,NA,"High",2,0,0,0,0,0,0,0,0,0,4,"1",FALSE,0
"4086",9,"M",6,"Black","High",2,0,0,0,0,0,0,0,0,0,4,"1",FALSE,0
"4087",7,"F",6,"Hispanic","High",1,0,0,0,0,0,NA,0,0,0,4,NA,NA,0
"4088",10,"M",7,"White","High",2,0,0,0,0,0,0,0,0,0,4,NA,FALSE,0
"4089",10,"M",7,"Hispanic","High",2,0,0,0,0,0,0,0,0,0,4,"1",FALSE,0
"4090",9,"F",7,"Hispanic","High",2,0,0,0,0,0,0,0,0,0,4,"1",FALSE,0
"4091",9,"F",7,"Hispanic","High",NA,0,NA,NA,NA,NA,NA,NA,NA,NA,4,NA,NA,0
"4092",10,"M",7,"Hispanic","High",1,NA,1,0,NA,NA,NA,NA,NA,NA,1,NA,TRUE,1
"4093",7,"F",4,"Hispanic","High",2,0,0,0,0,0,0,0,0,0,2,"1",FALSE,1
"4094",6,"F",4,"Hispanic","High",2,0,0,0,0,0,0,0,0,0,4,NA,FALSE,0
"4095",8,"F",5,NA,"High",NA,NA,NA,NA,0,0,NA,1,0,1,4,NA,TRUE,0
"4096",6,NA,4,"Hispanic","High",2,0,0,0,0,0,0,0,0,1,3,"1",TRUE,0
"4097",7,"F",4,"Hispanic","High",2,0,0,0,0,0,0,0,0,0,1,"1",FALSE,1
"4098",6,"F",4,"Hispanic","High",2,0,0,0,0,0,0,0,0,0,4,NA,FALSE,0
"4099",7,"M",4,"Black","High",2,0,0,0,0,0,0,0,0,0,4,"1",FALSE,0
"4100",7,"M",4,"Hispanic","High",2,0,0,0,0,0,0,0,0,0,4,"1",FALSE,0
"4101",6,"F",4,"Hispanic","High",2,0,0,0,0,0,0,0,0,0,4,"1",FALSE,0
"4102",6,"M",4,"Hispanic","High",2,0,0,0,0,0,0,0,0,0,4,"1",FALSE,0
"4103",7,"M",4,"White","High",2,0,0,0,0,0,0,0,0,0,3,"1",FALSE,0
"4104",7,"F",4,"Black","High",2,0,0,0,0,0,0,0,0,0,4,"1",FALSE,0
"4105",6,"M",4,"Black","High",2,0,0,0,0,0,0,0,0,0,4,"1",FALSE,0
"4106",7,"M",4,"Hispanic","High",2,0,0,0,0,0,0,0,0,0,4,"1",FALSE,0
"4107",6,"M",4,"Black","High",2,0,0,0,0,0,0,0,0,0,1,NA,FALSE,1
"4108",7,"M",4,"Hispanic","High",2,0,0,0,0,0,0,0,0,0,4,"1",FALSE,0
"4109",7,"M",4,"Hispanic","High",2,0,0,0,0,0,0,0,0,0,4,"1",FALSE,0
"4110",7,"M",6,"White","High",1,NA,1,1,0,0,NA,1,0,NA,4,NA,TRUE,0
"4111",7,"M",4,"Hispanic","High",1,1,1,NA,0,0,0,0,0,0,1,"1",TRUE,1
"4112",7,"M",4,"Hispanic","High",2,0,0,0,0,0,0,0,0,0,4,"1",FALSE,0
"4113",6,"F",4,"Hispanic","High",2,0,0,0,0,0,0,0,0,0,4,"1",FALSE,0
"4114",8,"M",4,"Black","High",2,0,0,0,0,0,0,0,0,0,3,"1",FALSE,0
"4115",4,"F",2,"White","Middle",2,0,0,0,0,0,0,0,0,0,4,"1",FALSE,0
"4116",4,"F",2,"Hispanic","Middle",2,0,0,0,0,0,0,0,0,0,4,"1",FALSE,0
"4117",5,"M",2,"White","Middle",2,0,0,0,0,0,0,0,0,0,4,NA,FALSE,0
"4118",5,"M",2,"White","Middle",2,0,0,0,0,0,0,0,0,0,4,"1",FALSE,0
"4119",4,"M",2,"White","Middle",2,0,0,0,0,0,0,0,0,0,4,NA,FALSE,0
"4120",5,"M",2,"White","Middle",2,0,0,0,0,0,0,0,0,0,4,"1",FALSE,0
"4121",4,"M",2,"White","Middle",2,0,0,0,0,0,0,0,0,0,4,"1",FALSE,0
"4122",5,"M",2,"White","Middle",2,0,0,0,0,0,0,0,0,0,4,"1",FALSE,0
"4123",5,"M",2,"Hispanic","Middle",2,0,0,0,0,0,0,0,0,0,3,NA,FALSE,0
"4124",4,"M",2,NA,"Middle",2,0,0,0,0,0,0,0,0,0,4,"1",FALSE,0
"4125",4,"F",2,"White","Middle",2,0,0,0,0,0,0,0,0,0,4,NA,FALSE,0
"4126",4,"M",2,"White","Middle",2,0,0,0,0,0,0,0,0,0,4,"1",FALSE,0
"4127",4,"M",2,"Hispanic","Middle",2,0,0,0,0,0,0,0,0,0,4,"1",FALSE,0
"4128",4,"M",2,"White","Middle",2,0,0,0,0,0,0,0,0,0,3,"1",FALSE,0
"4129",3,"F",1,"White","Middle",2,0,0,0,0,0,0,0,0,0,4,"1",FALSE,0
"4130",4,"M",1,"Hispanic","Middle",2,0,0,0,0,0,0,0,0,0,4,"1",FALSE,0
"4131",3,"F",1,"Hispanic","Middle",2,0,0,0,0,0,0,0,0,0,3,"1",FALSE,0
"4132",4,"F",1,"Hispanic","Middle",2,0,0,0,0,0,0,0,0,0,4,"1",FALSE,0
"4133",4,"F",2,"Hispanic","Middle",2,0,0,0,0,0,0,0,0,0,2,NA,FALSE,1
"4134",4,"M",2,"Hispanic","Middle",2,0,0,0,0,0,0,0,0,0,4,"1",FALSE,0
"4135",5,"M",2,"White","Middle",2,0,0,0,0,0,0,0,0,0,4,"1",FALSE,0
"4136",4,"F",2,"White","Middle",2,0,0,0,0,0,0,0,0,0,3,"1",FALSE,0
"4137",5,"M",2,"White","Middle",2,0,0,0,0,0,0,0,0,0,4,NA,FALSE,0
"4138",4,"F",2,"Hispanic","Middle",2,0,0,0,0,0,0,0,0,0,4,"1",FALSE,0
"4139",5,"F",2,"Hispanic","Middle",2,0,0,0,0,0,0,0,0,1,4,"1",TRUE,0
"4140",7,"F",3,"Hispanic","Middle",1,1,1,0,1,0,1,0,0,1,1,NA,TRUE,1
"4141",6,"M",3,"Hispanic","Middle",2,0,0,0,0,0,0,0,0,0,4,"1",FALSE,0
"4142",6,"F",3,"Hispanic","Middle",2,0,0,0,0,0,0,0,0,0,3,"1",FALSE,0
"4143",6,"F",3,"Hispanic","Middle",2,0,0,0,0,0,0,0,0,0,4,NA,FALSE,0
"4144",6,"F",3,"Hispanic","Middle",2,0,0,0,0,0,0,0,0,0,4,"1",FALSE,0
"4145",5,"F",3,"Hispanic","Middle",2,0,0,0,0,0,0,0,0,0,4,"1",FALSE,0
"4146",5,"F",3,"Hispanic","Middle",2,0,0,0,0,0,0,0,0,0,4,"1",FALSE,0
"4147",6,"M",3,"Hispanic","Middle",2,0,0,0,0,0,0,0,0,0,4,"1",FALSE,0
"4148",6,"F",3,"Hispanic","Middle",2,0,0,0,0,0,0,0,0,0,4,NA,FALSE,0
"4149",6,"M",3,"Hispanic","Middle",2,0,0,0,0,0,0,0,0,0,2,"1",FALSE,1
"4150",5,"F",3,"Hispanic","Middle",2,0,0,0,0,0,0,0,0,0,3,NA,FALSE,0
"4151",5,"F",3,"Hispanic","Middle",2,0,0,0,0,0,0,0,0,0,4,"1",FALSE,0
"4152",5,"F",3,"Hispanic","Middle",2,0,0,0,0,0,0,0,0,0,2,"1",FALSE,1
"4153",6,"F",3,"Hispanic","Middle",2,0,0,0,0,0,0,0,0,0,4,"1",FALSE,0
"4154",6,"M",3,"Hispanic","Middle",2,0,0,0,0,0,0,0,0,0,2,NA,FALSE,1
"4155",5,"F",3,"White","Middle",2,0,0,0,0,0,0,0,0,0,4,"1",FALSE,0
"4156",5,"M",3,"Hispanic","Middle",2,0,0,0,0,0,0,0,0,0,3,"1",FALSE,0
"4157",5,"F",3,"White","Middle",2,0,0,0,0,0,0,0,0,0,4,"1",FALSE,0
"4158",5,"M",3,"Hispanic","Middle",2,0,0,0,0,0,0,0,0,0,4,"1",FALSE,0
"4159",6,"M",3,"Hispanic","Middle",2,0,0,0,0,0,0,0,0,0,4,NA,FALSE,0
"4160",6,"M",3,"Hispanic","Middle",2,0,0,0,0,0,0,0,0,0,1,NA,FALSE,1
"4161",6,"M",3,"White","Middle",2,0,0,0,0,0,0,0,0,0,3,NA,FALSE,0
"4162",5,"M",3,"Hispanic","Middle",2,0,0,0,0,0,0,0,0,0,3,"1",FALSE,0
"4163",5,"M",3,"White","Middle",2,0,0,0,0,0,0,0,0,0,4,"1",FALSE,0
"4164",5,"F",3,"White","Middle",2,0,0,0,0,0,0,0,0,0,4,"1",FALSE,0
"4165",6,"M",3,"White","Middle",2,0,0,0,0,0,0,0,0,0,4,"1",FALSE,0
"4166",5,"F",3,"White","Middle",2,0,0,0,0,0,0,0,0,0,3,"1",FALSE,0
"4167",6,"M",3,NA,"Middle",2,0,0,0,0,0,0,0,0,0,3,"1",FALSE,0
"4168",5,"F",3,"Hispanic","Middle",2,0,0,0,0,0,0,0,0,0,4,"1",FALSE,0
"4169",5,"F",3,"White","Middle",2,0,0,0,0,0,0,0,0,0,4,"1",FALSE,0
"4170",6,"M",3,"Hispanic","Middle",2,0,0,0,0,0,0,0,0,0,3,NA,FALSE,0
"4171",6,"M",3,"Hispanic","Middle",2,0,0,0,0,0,0,0,0,0,4,"1",FALSE,0
"4172",6,"F",3,"White","Middle",2,0,0,0,0,0,0,0,0,0,4,"1",FALSE,0
"4173",5,"F",3,NA,"Middle",2,0,0,0,0,0,0,0,0,0,4,"1",FALSE,0
"4174",5,"F",3,"Hispanic","Middle",2,0,0,0,0,0,0,0,0,1,3,"1",TRUE,0
"4175",6,"M",3,"Hispanic","Middle",2,0,0,0,0,0,0,0,0,0,3,"1",FALSE,0
"4176",5,"M",3,"White","Middle",2,0,0,0,0,0,0,0,0,0,4,"1",FALSE,0
"4177",6,"F",3,"White","Middle",2,0,0,0,0,0,0,0,0,0,3,"1",FALSE,0
"4178",5,"M",2,"White","Middle",2,0,0,0,0,0,0,0,0,0,4,"1",FALSE,0
"4179",5,"M",2,"Hispanic","Middle",2,0,0,0,0,0,0,0,0,0,4,"1",FALSE,0
"4180",5,"F",2,"Hispanic","Middle",2,0,0,0,0,0,0,0,0,0,4,"1",FALSE,0
"4181",5,"F",2,"White","Middle",2,0,0,0,0,0,0,0,0,0,4,"1",FALSE,0
"4182",5,"F",2,"White","Middle",2,0,0,0,0,0,0,0,0,0,2,"1",FALSE,1
"4183",4,"M",2,"Hispanic","Middle",2,0,0,0,0,0,0,0,0,0,4,"1",FALSE,0
"4184",4,"M",2,"Hispanic","Middle",2,0,0,0,0,0,0,0,0,0,4,"1",FALSE,0
"4185",4,"F",2,"Hispanic","Middle",2,0,0,0,0,0,0,0,0,0,4,"1",FALSE,0
"4186",4,"F",2,"Hispanic","Middle",2,0,0,0,0,0,0,0,0,1,4,NA,TRUE,0
"4187",4,"F",2,"Hispanic","Middle",2,0,0,0,0,0,0,0,0,1,4,NA,TRUE,0
"4188",5,"F",2,"Hispanic","Middle",2,0,0,0,0,0,0,0,0,0,2,NA,FALSE,1
"4189",5,"F",2,"Hispanic","Middle",2,0,0,0,0,0,0,0,0,0,NA,"1",FALSE,NA
"4190",5,"F",2,"Asian","Middle",2,0,0,0,0,0,0,0,0,0,4,NA,FALSE,0
"4191",5,"M",2,"White","Middle",NA,0,0,0,NA,NA,0,NA,NA,NA,2,"1",NA,1
"4192",5,"M",2,"White","Middle",2,0,0,0,0,0,0,0,0,0,4,"1",FALSE,0
"4193",5,"M",2,NA,"Middle",2,0,0,0,0,0,0,0,0,0,3,"1",FALSE,0
"4194",5,"M",2,"White","Middle",2,0,0,0,0,0,0,0,0,0,3,NA,FALSE,0
"4195",4,"M",2,"White","Middle",2,0,0,0,0,0,0,0,0,1,1,"1",TRUE,1
"4196",5,"M",2,"Hispanic","Middle",2,0,0,0,0,0,0,0,0,0,3,NA,FALSE,0
"4197",4,"F",1,"White","Middle",2,0,0,0,0,0,0,0,0,0,4,NA,FALSE,0
"4198",3,"M",1,"Hispanic","Middle",2,0,0,0,0,0,0,0,0,0,4,"1",FALSE,0
"4199",4,"M",1,"Hispanic","Middle",2,0,0,0,0,0,0,0,0,0,3,"1",FALSE,0
"4200",4,"M",1,"Hispanic","Middle",2,0,0,NA,0,0,0,0,0,0,4,NA,NA,0
"4201",3,"F",1,"Hispanic","Middle",2,0,0,0,0,0,0,0,0,0,4,"1",FALSE,0
"4202",5,"M",1,"Hispanic","Middle",2,0,0,0,0,0,0,0,0,0,4,"1",FALSE,0
"4203",3,"M",1,"White","Middle",2,0,0,0,0,0,0,0,0,0,4,"1",FALSE,0
"4204",3,"M",1,"White","Middle",2,0,0,0,0,0,0,0,0,0,3,"1",FALSE,0
"4205",3,"F",1,"Black","Middle",2,0,0,0,0,0,0,0,0,0,4,"1",FALSE,0
"4206",3,"F",1,"Hispanic","Middle",2,0,0,0,0,0,0,0,0,0,4,"1",FALSE,0
"4207",6,"M",3,"AI/AN","Middle",1,0,0,0,0,0,0,0,0,0,1,NA,FALSE,1
"4208",6,"F",3,"Hispanic","Middle",2,0,0,0,0,0,0,0,0,0,4,"1",FALSE,0
"4209",6,"F",3,"Hispanic","Middle",2,0,0,0,0,0,1,0,0,1,1,"1",TRUE,1
"4210",5,"M",3,"Asian","Middle",2,0,0,0,0,0,0,0,0,0,4,"1",FALSE,0
"4211",5,"M",3,"Black","Middle",1,0,0,0,0,0,0,0,0,1,2,NA,TRUE,1
"4212",10,"M",7,"White","High",1,1,1,0,0,0,0,0,0,1,1,"1",TRUE,1
"4213",9,"F",7,"Hispanic","High",2,0,0,0,0,0,1,0,0,1,4,NA,TRUE,0
"4214",10,"M",7,"White","High",2,0,0,0,0,0,0,0,0,0,4,"1",FALSE,0
"4215",9,"F",7,"Hispanic","High",2,0,0,0,0,0,0,0,0,1,4,"1",TRUE,0
"4216",9,"F",7,"Hispanic","High",2,0,0,0,0,0,0,0,0,1,4,"1",TRUE,0
"4217",10,"M",7,"Hispanic","High",1,0,0,0,0,0,0,0,0,0,2,NA,FALSE,1
"4218",10,"M",7,"White","High",2,0,0,0,0,0,0,0,0,0,4,"1",FALSE,0
"4219",10,"F",7,"Hispanic","High",1,0,1,0,0,0,0,0,0,0,4,NA,TRUE,0
"4220",9,"F",7,"Black","High",2,0,0,0,0,0,0,0,0,0,4,NA,FALSE,0
"4221",10,"F",7,"Black","High",2,0,0,0,0,0,0,0,0,0,4,"1",FALSE,0
"4222",10,"M",7,"Black","High",2,0,0,0,0,0,0,0,0,0,4,"1",FALSE,0
"4223",10,"M",7,"Hispanic","High",2,0,0,0,0,0,0,0,0,0,4,"1",FALSE,0
"4224",10,"M",7,"Hispanic","High",2,0,0,0,0,0,0,0,0,0,4,"1",FALSE,0
"4225",11,"M",7,"NHOPI","High",2,0,0,0,0,0,0,0,0,0,3,"1",FALSE,0
"4226",10,"M",7,"White","High",2,0,0,0,0,0,0,0,0,0,4,"1",FALSE,0
"4227",9,"M",7,"Hispanic","High",2,0,0,0,0,0,1,0,0,0,4,NA,TRUE,0
"4228",9,"F",7,"Hispanic","High",2,0,0,0,0,0,0,0,0,0,4,"1",FALSE,0
"4229",10,"M",7,"Black","High",2,0,0,0,0,0,0,0,0,0,4,"1",FALSE,0
"4230",10,"F",7,"Black","High",2,0,0,0,0,0,0,0,0,0,4,"1",FALSE,0
"4231",7,"F",5,"Hispanic","High",2,0,0,0,0,0,0,0,0,0,1,"1",FALSE,1
"4232",9,"M",6,"Asian","High",1,0,0,0,0,0,0,0,0,0,3,NA,FALSE,0
"4233",7,"M",5,"Hispanic","High",2,1,0,0,0,0,0,0,0,1,4,"1",TRUE,0
"4234",7,"F",5,"Hispanic","High",2,0,0,0,0,0,0,0,0,0,4,"1",FALSE,0
"4235",8,"M",5,"Hispanic","High",2,0,0,0,0,1,0,0,0,0,1,NA,TRUE,1
"4236",8,"F",5,"White","High",2,0,0,0,0,0,0,0,0,0,2,"1",FALSE,1
"4237",9,"M",5,"Hispanic","High",2,0,0,0,0,0,0,0,0,1,4,NA,TRUE,0
"4238",7,"F",5,"Hispanic","High",2,1,0,0,0,0,0,0,0,1,2,NA,TRUE,1
"4239",8,"M",5,"Hispanic","High",1,1,1,1,0,0,1,0,0,1,1,NA,TRUE,1
"4240",7,"F",5,NA,"High",2,0,0,0,0,0,0,0,0,0,4,"1",FALSE,0
"4241",8,"M",5,"Hispanic","High",2,0,0,NA,0,0,NA,0,0,0,2,NA,NA,1
"4242",8,"M",5,"White","High",1,0,1,0,0,0,0,0,0,0,2,"1",TRUE,1
"4243",8,"F",5,"Hispanic","High",2,0,0,0,0,0,0,0,0,0,4,"1",FALSE,0
"4244",8,"F",5,"Hispanic","High",2,0,0,NA,0,0,0,0,0,0,2,"1",NA,1
"4245",8,"F",5,"Hispanic","High",1,0,0,0,0,0,0,0,0,0,1,NA,FALSE,1
"4246",9,"F",6,"White","High",2,0,0,0,0,0,0,0,0,0,4,"1",FALSE,0
"4247",8,"M",6,"Hispanic","High",2,0,0,0,0,0,0,0,0,0,4,NA,FALSE,0
"4248",9,"F",6,"Hispanic","High",NA,NA,0,0,0,0,0,0,0,0,1,NA,NA,1
"4249",10,"F",6,"Hispanic","High",2,0,0,0,0,0,0,0,0,0,3,"1",FALSE,0
"4250",9,"F",6,"Hispanic","High",2,0,0,0,0,0,0,0,0,0,4,"1",FALSE,0
"4251",9,"F",6,"Hispanic","High",1,0,0,0,0,0,0,0,0,0,2,"1",FALSE,1
"4252",10,"M",7,"Black","High",2,0,0,0,0,0,0,0,0,0,4,"1",FALSE,0
"4253",10,"M",6,"Hispanic","High",NA,1,NA,NA,0,0,NA,0,0,NA,4,NA,TRUE,0
"4254",9,"M",7,"Black","High",2,0,0,0,0,0,0,0,0,0,4,"1",FALSE,0
"4255",7,"M",4,"Hispanic","High",2,0,0,0,0,0,0,0,0,0,4,NA,FALSE,0
"4256",6,"M",4,"Hispanic","High",2,0,0,0,0,0,0,0,0,0,3,"1",FALSE,0
"4257",6,"F",4,"Hispanic","High",2,0,0,0,0,0,0,0,0,0,4,"1",FALSE,0
"4258",7,"M",4,"Black","High",1,0,0,0,0,0,0,0,0,0,4,"1",FALSE,0
"4259",7,"M",4,"Black","High",2,0,0,NA,0,0,0,0,0,0,4,"1",NA,0
"4260",8,"M",4,"Hispanic","High",2,0,0,0,0,0,0,0,0,0,4,"1",FALSE,0
"4261",7,"M",NA,"White",NA,2,0,0,0,0,0,0,0,0,0,4,"1",FALSE,0
"4262",1,"M",4,"Hispanic","High",2,0,0,0,0,0,0,0,0,0,4,"1",FALSE,0
"4263",7,"F",4,"Black","High",1,0,0,0,0,0,0,0,0,0,2,NA,FALSE,1
"4264",8,"M",4,NA,"High",2,0,0,0,0,0,0,0,0,0,4,"1",FALSE,0
"4265",7,"M",4,"Black","High",2,0,0,NA,0,0,0,0,0,0,4,"1",NA,0
"4266",7,"F",4,"Hispanic","High",2,0,0,0,0,0,0,0,0,0,4,"1",FALSE,0
"4267",6,"M",4,"Hispanic","High",2,0,0,0,0,0,0,0,0,0,4,NA,FALSE,0
"4268",7,"M",4,"Black","High",1,0,1,0,0,0,0,0,0,0,2,NA,TRUE,1
"4269",7,"F",4,"Hispanic","High",1,0,0,0,0,0,0,0,0,0,4,NA,FALSE,0
"4270",7,"F",4,"Hispanic","High",1,0,0,0,0,0,0,0,0,0,2,NA,FALSE,1
"4271",7,"F",4,NA,"High",2,0,0,0,0,0,0,0,0,0,4,"1",FALSE,0
"4272",7,"F",4,"Hispanic","High",1,0,0,0,NA,NA,0,NA,NA,0,4,NA,NA,0
"4273",6,"F",4,"Hispanic","High",1,0,0,0,0,0,0,0,0,0,3,NA,FALSE,0
"4274",6,NA,4,"Hispanic","High",NA,1,NA,1,0,0,0,1,0,1,4,NA,TRUE,0
"4275",10,"M",7,"Black","High",2,0,0,NA,NA,NA,0,NA,NA,0,4,"1",NA,0
"4276",9,"M",7,NA,"High",NA,NA,NA,NA,NA,NA,NA,NA,NA,NA,NA,NA,NA,NA
"4277",8,"F",6,"Hispanic","High",2,0,0,0,0,0,0,0,0,0,4,"1",FALSE,0
"4278",8,"M",6,"Hispanic","High",2,0,0,0,0,0,0,0,0,NA,4,"1",NA,0
"4279",11,"F",8,NA,NA,1,0,NA,0,NA,NA,NA,NA,NA,0,1,NA,NA,1
"4280",9,"M",6,"Black","High",2,0,0,NA,NA,NA,NA,NA,NA,NA,4,NA,NA,0
"4281",9,"F",6,"Hispanic","High",2,0,0,0,0,0,0,0,0,0,4,NA,FALSE,0
"4282",9,"F",6,"Black","High",2,0,0,0,0,0,0,0,0,0,4,"1",FALSE,0
"4283",9,"M",6,"Hispanic","High",2,0,0,0,NA,NA,NA,NA,NA,NA,4,NA,NA,0
"4284",5,"F",3,"Hispanic","Middle",2,0,0,0,0,0,0,0,0,0,4,NA,FALSE,0
"4285",5,"M",3,"White","Middle",2,0,0,0,0,0,0,0,0,0,4,NA,FALSE,0
"4286",5,"M",2,"White","Middle",2,0,0,0,0,0,0,0,0,0,4,NA,FALSE,0
"4287",5,"M",2,"Black","Middle",2,0,0,0,0,0,0,0,0,0,4,"1",FALSE,0
"4288",4,"M",2,"Hispanic","Middle",2,0,0,0,0,0,0,0,0,0,4,"1",FALSE,0
"4289",5,"M",2,"Hispanic","Middle",2,0,0,0,0,0,0,0,0,0,4,NA,FALSE,0
"4290",4,"F",2,"Hispanic","Middle",2,0,0,0,0,0,0,0,0,0,4,"1",FALSE,0
"4291",4,"F",2,"Hispanic","Middle",2,0,0,0,0,0,0,0,0,1,4,"1",TRUE,0
"4292",5,"F",2,"Hispanic","Middle",2,0,0,0,0,0,0,0,0,0,3,NA,FALSE,0
"4293",5,"F",2,"Asian","Middle",2,0,0,0,0,0,0,0,0,0,4,"1",FALSE,0
"4294",3,"F",1,"Hispanic","Middle",2,0,0,0,0,0,0,0,0,0,4,"1",FALSE,0
"4295",4,"M",1,"Hispanic","Middle",2,0,0,0,0,0,0,0,0,0,2,"1",FALSE,1
"4296",4,"M",1,"Black","Middle",2,0,0,0,0,0,0,0,0,0,4,"1",FALSE,0
"4297",4,"F",1,"Hispanic","Middle",2,0,0,0,0,0,0,0,0,0,3,NA,FALSE,0
"4298",5,"F",2,"Black","Middle",2,0,0,0,0,0,0,0,0,0,4,"1",FALSE,0
"4299",5,"F",2,"Hispanic","Middle",2,0,0,0,0,0,0,0,0,0,4,"1",FALSE,0
"4300",6,"F",2,"Hispanic","Middle",2,0,0,0,0,0,NA,0,0,0,4,"1",NA,0
"4301",5,"F",3,"Hispanic","Middle",2,0,0,0,0,0,0,0,0,0,4,"1",FALSE,0
"4302",5,"F",2,"Hispanic","Middle",2,0,0,0,0,0,0,0,0,0,3,"1",FALSE,0
"4303",5,"F",2,"Hispanic","Middle",2,0,0,0,0,0,0,0,0,0,4,NA,FALSE,0
"4304",5,"F",2,"Hispanic","Middle",2,0,0,0,0,0,0,0,0,0,3,NA,FALSE,0
"4305",5,"F",2,"Hispanic","Middle",2,0,0,0,0,0,0,0,0,0,4,NA,FALSE,0
"4306",7,"M",2,"Hispanic","Middle",2,0,0,0,0,0,0,0,0,0,3,NA,FALSE,0
"4307",5,"M",2,"White","Middle",2,0,0,0,0,0,0,0,0,0,4,"1",FALSE,0
"4308",5,"M",2,"Hispanic","Middle",2,0,0,0,0,0,0,0,0,0,4,"1",FALSE,0
"4309",5,"M",2,"Hispanic","Middle",2,0,0,0,0,0,0,0,0,0,3,"1",FALSE,0
"4310",3,"F",1,"Hispanic","Middle",2,0,0,0,0,0,0,0,0,0,4,"1",FALSE,0
"4311",4,"F",1,"Hispanic","Middle",2,0,0,0,0,0,0,0,0,0,4,"1",FALSE,0
"4312",3,"F",1,"Hispanic","Middle",2,0,0,0,0,0,0,0,0,0,4,"1",FALSE,0
"4313",4,"M",1,"Hispanic","Middle",2,0,0,0,NA,NA,0,NA,NA,0,1,NA,NA,1
"4314",4,"M",1,"White","Middle",2,0,0,0,0,0,0,0,0,0,2,NA,FALSE,1
"4315",4,"F",1,"White","Middle",2,0,0,0,0,0,0,0,0,0,4,"1",FALSE,0
"4316",4,"F",1,"White","Middle",2,0,0,0,0,0,0,0,0,0,4,"1",FALSE,0
"4317",4,"F",1,"Black","Middle",2,0,0,0,0,0,0,0,0,0,4,"1",FALSE,0
"4318",3,"F",1,"Hispanic","Middle",NA,0,0,0,0,0,0,0,0,0,4,"1",FALSE,0
"4319",4,"F",1,"Hispanic","Middle",2,0,0,0,0,0,0,0,0,0,4,"1",FALSE,0
"4320",4,"F",1,"Hispanic","Middle",2,0,0,0,0,0,0,0,0,0,2,NA,FALSE,1
"4321",4,"F",1,"Hispanic","Middle",2,0,0,0,0,0,0,0,0,0,4,"1",FALSE,0
"4322",4,"M",1,"Hispanic","Middle",2,0,0,0,0,0,0,0,0,0,4,"1",FALSE,0
"4323",3,"M",1,"Black","Middle",2,0,0,0,0,0,0,0,0,0,4,"1",FALSE,0
"4324",4,"M",1,"Hispanic","Middle",2,0,0,0,0,0,0,0,0,0,3,"1",FALSE,0
"4325",4,"M",1,"Hispanic","Middle",1,0,0,0,0,0,0,0,0,0,2,NA,FALSE,1
"4326",4,"M",1,"Hispanic","Middle",2,0,0,0,0,0,0,0,0,0,1,"1",FALSE,1
"4327",3,"M",1,"White","Middle",2,0,0,0,0,0,0,0,0,0,4,NA,FALSE,0
"4328",4,"M",1,"White","Middle",2,0,0,0,0,0,0,0,0,0,4,NA,FALSE,0
"4329",4,"M",1,"White","Middle",2,0,0,0,0,0,0,0,0,0,4,NA,FALSE,0
"4330",4,"M",1,"Hispanic","Middle",2,0,0,0,0,0,0,0,0,0,4,NA,FALSE,0
"4331",5,"M",1,"White","Middle",2,0,0,0,0,0,0,0,0,0,3,NA,FALSE,0
"4332",6,"M",3,"Hispanic","Middle",2,0,0,0,0,0,0,0,0,0,4,NA,FALSE,0
"4333",6,"M",3,"Hispanic","Middle",1,0,0,0,0,0,0,0,0,0,4,"1",FALSE,0
"4334",5,"M",3,"Hispanic","Middle",2,0,0,0,NA,NA,0,NA,NA,0,1,"1",NA,1
"4335",6,"M",3,"Hispanic","Middle",2,0,0,0,0,0,0,0,0,0,4,"1",FALSE,0
"4336",6,"M",3,"Hispanic","Middle",2,0,0,0,0,0,0,0,0,0,4,"1",FALSE,0
"4337",5,"M",3,"Hispanic","Middle",2,0,0,0,NA,NA,0,NA,NA,0,4,"1",NA,0
"4338",6,"F",3,"Hispanic","Middle",2,0,0,0,0,0,0,0,0,0,4,NA,FALSE,0
"4339",5,"F",3,"Hispanic","Middle",2,0,0,0,0,0,0,0,0,0,4,"1",FALSE,0
"4340",6,"M",3,"Hispanic","Middle",2,0,0,0,0,0,0,0,0,0,4,"1",FALSE,0
"4341",6,"F",3,"Hispanic","Middle",2,0,0,0,0,0,0,0,0,0,4,NA,FALSE,0
"4342",6,"F",3,"Hispanic","Middle",2,0,0,0,0,0,0,0,0,0,2,"1",FALSE,1
"4343",6,"F",3,"Hispanic","Middle",2,0,0,0,0,0,0,0,0,0,4,NA,FALSE,0
"4344",6,"F",3,"Hispanic","Middle",2,0,0,0,NA,NA,0,NA,NA,0,4,"1",NA,0
"4345",6,"F",3,"Hispanic","Middle",2,0,0,0,0,0,0,0,0,0,2,NA,FALSE,1
"4346",NA,NA,NA,"Hispanic",NA,2,0,0,0,0,0,0,0,0,0,4,NA,FALSE,0
"4347",5,"F",3,"Hispanic","Middle",2,0,0,0,0,0,0,0,0,0,2,"1",FALSE,1
"4348",6,"F",3,"Hispanic","Middle",2,0,0,0,0,0,0,0,0,0,4,"1",FALSE,0
"4349",6,"F",3,"Hispanic","Middle",2,0,0,0,0,0,0,0,0,0,4,"1",FALSE,0
"4350",6,"F",3,"Hispanic","Middle",2,0,0,0,0,0,0,0,0,0,4,"1",FALSE,0
"4351",6,"F",3,"Hispanic","Middle",2,0,0,0,0,0,0,0,0,0,4,"1",FALSE,0
"4352",5,"M",3,"White","Middle",1,1,0,0,0,0,1,1,0,0,1,NA,TRUE,1
"4353",5,"M",3,"White","Middle",2,0,0,0,0,0,0,0,0,0,4,"1",FALSE,0
"4354",7,"F",3,"Hispanic","Middle",2,0,0,0,0,0,0,0,0,0,4,"1",FALSE,0
"4355",6,"F",3,"White","Middle",1,NA,0,0,0,0,0,0,0,0,4,NA,NA,0
"4356",5,"M",2,NA,"Middle",2,0,0,0,0,0,0,0,0,0,NA,NA,FALSE,NA
"4357",5,"M",3,"Hispanic","Middle",2,0,0,0,0,0,0,0,0,0,4,"1",FALSE,0
"4358",7,"M",3,"Hispanic","Middle",2,0,0,0,0,0,0,0,0,0,4,NA,FALSE,0
"4359",7,"M",3,"Black","Middle",2,0,0,0,0,0,0,0,0,0,4,NA,FALSE,0
"4360",4,"M",2,NA,"Middle",2,0,0,0,0,0,0,0,0,0,4,"1",FALSE,0
"4361",4,"F",1,"Black","Middle",2,0,0,0,0,0,0,0,0,0,1,NA,FALSE,1
"4362",3,"M",1,"White","Middle",2,0,0,0,0,0,0,0,0,0,4,NA,FALSE,0
"4363",5,"M",2,"White","Middle",2,0,0,0,0,0,0,0,0,0,4,"1",FALSE,0
"4364",6,"M",2,"Hispanic","Middle",2,0,0,0,0,0,0,0,0,0,3,"1",FALSE,0
"4365",5,"F",2,"Black","Middle",2,0,0,0,0,0,0,0,0,0,2,NA,FALSE,1
"4366",5,"F",2,"White","Middle",2,0,0,0,0,0,0,0,0,0,2,NA,FALSE,1
"4367",5,"F",2,"Black","Middle",1,0,0,0,0,0,0,0,0,0,4,NA,FALSE,0
"4368",5,"M",2,"Black","Middle",2,0,0,0,0,0,0,0,0,0,4,"1",FALSE,0
"4369",5,"M",2,"White","Middle",2,0,0,0,0,0,0,0,0,0,4,"1",FALSE,0
"4370",7,"M",2,"Hispanic","Middle",2,0,0,NA,NA,NA,0,NA,NA,0,NA,NA,NA,NA
"4371",5,"M",2,"Hispanic","Middle",2,0,0,0,0,0,0,0,0,0,4,"1",FALSE,0
"4372",4,"M",2,"White","Middle",2,0,0,0,0,0,0,0,0,0,3,"1",FALSE,0
"4373",6,"F",2,"Hispanic","Middle",2,0,0,0,0,0,0,0,0,0,4,"1",FALSE,0
"4374",4,"F",2,"Hispanic","Middle",1,0,0,0,0,0,0,0,0,0,2,"1",FALSE,1
"4375",5,"M",2,"Hispanic","Middle",2,0,0,0,0,0,0,0,0,0,2,"1",FALSE,1
"4376",5,"F",2,"AI/AN","Middle",2,0,0,0,0,0,0,0,0,0,4,NA,FALSE,0
"4377",4,"M",2,"Hispanic","Middle",2,0,0,0,0,0,0,0,0,0,3,"1",FALSE,0
"4378",4,"M",2,"Hispanic","Middle",2,0,0,0,0,0,0,0,0,0,4,"1",FALSE,0
"4379",5,"F",2,"Hispanic","Middle",2,0,0,0,0,0,0,0,0,0,4,"1",FALSE,0
"4380",4,"F",2,"Black","Middle",2,0,0,0,0,0,0,0,0,0,4,NA,FALSE,0
"4381",5,"F",2,"Black","Middle",2,0,0,0,0,0,0,0,0,0,4,"1",FALSE,0
"4382",5,"F",2,"Black","Middle",2,0,0,0,0,0,0,0,0,0,4,"1",FALSE,0
"4383",5,"M",2,"AI/AN","Middle",2,0,0,0,0,0,0,0,0,0,3,"1",FALSE,0
"4384",5,"M",2,"White","Middle",2,0,0,0,0,0,0,0,0,0,4,NA,FALSE,0
"4385",6,"M",3,"White","Middle",NA,1,NA,1,0,0,NA,0,0,1,1,NA,TRUE,1
"4386",4,"F",1,"Hispanic","Middle",2,0,0,0,0,0,0,0,0,0,4,"1",FALSE,0
"4387",5,"F",1,"Hispanic","Middle",2,0,0,0,0,0,0,0,0,0,4,"1",FALSE,0
"4388",4,"M",1,"Hispanic","Middle",2,0,0,0,0,0,0,0,0,1,4,NA,TRUE,0
"4389",4,"F",1,"Hispanic","Middle",2,0,0,0,0,0,0,0,0,0,3,NA,FALSE,0
"4390",3,"M",1,"Black","Middle",2,0,0,0,0,0,0,0,0,0,NA,NA,FALSE,NA
"4391",4,"F",1,"Hispanic","Middle",2,0,0,0,0,0,0,0,0,0,4,NA,FALSE,0
"4392",4,"F",1,"White","Middle",2,0,0,0,0,0,0,0,0,0,4,NA,FALSE,0
"4393",3,"M",1,"White","Middle",2,0,0,0,0,0,0,0,0,0,4,"1",FALSE,0
"4394",4,"M",1,"White","Middle",2,0,0,0,0,0,0,0,0,0,4,NA,FALSE,0
"4395",4,"F",1,"Hispanic","Middle",2,0,0,0,0,0,0,0,0,0,2,"1",FALSE,1
"4396",4,"F",1,"Hispanic","Middle",2,0,0,0,0,0,0,0,0,0,4,NA,FALSE,0
"4397",4,"M",1,"Hispanic","Middle",2,0,0,0,0,0,0,0,0,0,4,NA,FALSE,0
"4398",6,"F",1,"White","Middle",2,0,0,0,0,0,0,0,0,0,4,NA,FALSE,0
"4399",4,"M",1,"Hispanic","Middle",2,1,0,0,NA,NA,0,NA,NA,0,1,NA,TRUE,1
"4400",5,"M",2,"White","Middle",2,0,0,0,0,0,0,0,0,0,4,"1",FALSE,0
"4401",4,"F",2,"White","Middle",2,0,0,0,0,0,0,0,0,0,4,NA,FALSE,0
"4402",6,"M",3,"White","Middle",2,0,0,0,0,0,0,0,0,0,2,"1",FALSE,1
"4403",5,"M",3,"Hispanic","Middle",2,0,0,0,0,0,0,0,0,0,4,"1",FALSE,0
"4404",6,"M",3,"Hispanic","Middle",2,0,0,NA,0,0,0,0,0,0,1,"1",NA,1
"4405",6,"M",3,"White","Middle",2,0,0,0,0,0,NA,0,0,0,4,NA,NA,0
"4406",5,"F",3,"Hispanic","Middle",2,0,0,0,0,0,0,0,0,0,2,NA,FALSE,1
"4407",6,"M",3,"Black","Middle",2,0,0,0,0,0,0,0,0,0,4,"1",FALSE,0
"4408",6,"M",3,"Hispanic","Middle",2,0,0,0,0,0,0,0,0,0,2,"1",FALSE,1
"4409",6,"M",3,"Black","Middle",2,0,0,0,0,0,0,0,0,0,4,"1",FALSE,0
"4410",7,"M",3,"Hispanic","Middle",2,0,0,0,0,0,0,0,0,0,4,"1",FALSE,0
"4411",6,"F",3,"Hispanic","Middle",2,0,0,0,0,0,0,0,0,0,2,NA,FALSE,1
"4412",5,"M",3,"Hispanic","Middle",2,0,0,0,0,0,0,0,0,0,4,"1",FALSE,0
"4413",5,"M",3,"White","Middle",2,0,0,0,0,0,0,0,0,0,3,"1",FALSE,0
"4414",6,"M",3,"White","Middle",2,0,0,0,0,0,0,0,0,0,4,NA,FALSE,0
"4415",6,"M",3,"Hispanic","Middle",2,0,0,0,0,0,0,0,0,0,4,"1",FALSE,0
"4416",6,"F",3,"White","Middle",2,0,0,0,0,0,0,0,0,0,4,NA,FALSE,0
"4417",6,"F",3,"Hispanic","Middle",1,0,NA,0,0,0,0,0,0,1,4,"1",TRUE,0
"4418",5,"M",2,"White","Middle",2,0,0,0,0,0,0,0,0,0,4,"1",FALSE,0
"4419",6,"M",3,"Black","Middle",2,0,0,0,0,0,0,0,0,0,1,"1",FALSE,1
"4420",5,"M",2,"Black","Middle",2,0,0,0,0,0,0,0,0,0,4,NA,FALSE,0
"4421",5,"M",3,"White","Middle",2,0,0,0,0,0,0,0,0,0,4,"1",FALSE,0
"4422",7,"M",3,"NHOPI","Middle",2,0,0,0,0,0,0,0,0,0,4,"1",FALSE,0
"4423",7,"M",3,"Black","Middle",2,0,0,0,0,0,0,0,0,0,4,"1",FALSE,0
"4424",5,"F",3,"Hispanic","Middle",2,0,0,0,0,0,0,0,0,0,4,"1",FALSE,0
"4425",6,"F",3,"White","Middle",1,0,0,0,0,0,0,0,0,0,2,NA,FALSE,1
"4426",4,"F",1,"White","Middle",2,0,0,0,0,0,0,0,0,0,4,"1",FALSE,0
"4427",4,"F",1,NA,"Middle",2,0,0,0,0,0,0,0,0,0,4,NA,FALSE,0
"4428",4,"F",1,"White","Middle",2,0,0,0,0,0,0,0,0,0,2,"1",FALSE,1
"4429",5,"F",1,"White","Middle",2,0,0,0,0,0,0,0,0,0,4,NA,FALSE,0
"4430",3,"F",1,"White","Middle",2,0,0,0,0,0,0,0,0,0,3,"1",FALSE,0
"4431",4,"F",1,"White","Middle",2,0,0,0,0,0,0,0,0,0,4,"1",FALSE,0
"4432",3,"F",1,"White","Middle",2,0,0,0,0,0,0,0,0,0,4,"1",FALSE,0
"4433",4,"F",1,"White","Middle",2,0,0,0,0,0,0,0,0,0,4,"1",FALSE,0
"4434",4,"F",1,"Black","Middle",2,0,0,NA,0,0,0,0,0,0,4,"1",NA,0
"4435",4,"M",1,"White","Middle",2,0,0,0,0,0,0,0,0,0,4,"1",FALSE,0
"4436",3,"F",1,"White","Middle",2,0,0,0,0,0,0,0,0,0,4,"1",FALSE,0
"4437",4,"M",1,"White","Middle",2,0,0,0,0,0,NA,0,0,0,4,NA,NA,0
"4438",5,"M",1,"White","Middle",2,0,0,0,0,0,0,0,0,0,4,NA,FALSE,0
"4439",4,"M",1,"White","Middle",2,0,0,0,0,0,0,0,0,0,4,"1",FALSE,0
"4440",5,"F",1,"Hispanic","Middle",2,0,0,0,0,0,0,0,0,0,3,"1",FALSE,0
"4441",3,"F",1,"White","Middle",2,0,0,0,0,0,0,0,0,0,4,NA,FALSE,0
"4442",4,"M",1,"White","Middle",2,0,0,0,0,0,NA,0,0,0,2,"1",NA,1
"4443",4,"F",1,"White","Middle",2,0,0,0,0,0,0,0,0,0,4,NA,FALSE,0
"4444",3,"F",1,"Hispanic","Middle",2,0,0,0,0,0,0,0,0,0,4,NA,FALSE,0
"4445",4,"F",1,"AI/AN","Middle",2,0,0,0,0,0,0,0,0,NA,4,NA,NA,0
"4446",4,"M",1,"White","Middle",2,0,0,0,0,0,0,0,0,0,4,NA,FALSE,0
"4447",3,"M",1,"Hispanic","Middle",2,0,0,0,0,0,0,0,0,0,4,"1",FALSE,0
"4448",5,"M",1,"Hispanic","Middle",2,0,0,0,0,0,0,0,0,0,4,"1",FALSE,0
"4449",3,"F",1,"White","Middle",2,0,0,0,0,0,0,0,0,0,4,NA,FALSE,0
"4450",4,"F",1,"White","Middle",2,0,0,0,0,0,0,0,0,0,4,"1",FALSE,0
"4451",4,"M",1,"White","Middle",2,0,0,0,0,0,0,0,0,0,4,"1",FALSE,0
"4452",5,"F",1,"Hispanic","Middle",2,0,0,0,0,0,0,0,0,0,2,"1",FALSE,1
"4453",5,"M",1,"Black","Middle",2,0,0,0,0,0,0,0,0,1,3,NA,TRUE,0
"4454",4,"M",1,"White","Middle",2,0,0,0,0,0,0,0,0,0,4,NA,FALSE,0
"4455",4,"F",1,NA,"Middle",2,0,0,0,0,0,0,0,0,0,4,"1",FALSE,0
"4456",4,"M",1,"Hispanic","Middle",2,0,0,0,0,0,0,0,0,0,4,"1",FALSE,0
"4457",5,"M",1,"Hispanic","Middle",2,0,0,0,0,0,0,0,0,0,4,"1",FALSE,0
"4458",5,"M",1,"White","Middle",2,0,0,0,0,0,0,0,0,0,4,NA,FALSE,0
"4459",4,"M",1,"Black","Middle",2,0,0,0,0,0,0,0,0,0,4,"1",FALSE,0
"4460",4,"F",1,"White","Middle",2,0,0,0,0,0,0,0,0,0,3,"1",FALSE,0
"4461",4,"M",2,"White","Middle",2,0,0,0,0,0,0,0,0,0,4,NA,FALSE,0
"4462",5,"M",2,"Asian","Middle",2,0,0,0,0,0,0,0,0,0,4,"1",FALSE,0
"4463",5,"F",2,"White","Middle",2,0,0,0,0,0,0,0,0,0,4,NA,FALSE,0
"4464",6,"M",2,"AI/AN","Middle",2,0,0,0,0,0,0,0,0,0,3,"1",FALSE,0
"4465",6,"F",2,"White","Middle",2,0,0,0,0,0,0,0,0,0,3,"1",FALSE,0
"4466",5,"F",2,"White","Middle",2,0,0,0,0,0,0,0,0,0,4,"1",FALSE,0
"4467",6,"M",2,"White","Middle",2,0,0,0,0,0,0,0,0,1,3,"1",TRUE,0
"4468",4,"F",2,"White","Middle",2,0,0,0,0,0,0,0,0,0,4,NA,FALSE,0
"4469",6,"F",2,"White","Middle",2,0,0,0,0,0,0,0,0,0,4,"1",FALSE,0
"4470",5,"F",2,"White","Middle",2,0,0,0,0,0,0,0,0,0,3,"1",FALSE,0
"4471",5,"F",2,"White","Middle",2,0,0,0,0,0,0,0,0,0,4,"1",FALSE,0
"4472",6,"M",2,"Hispanic","Middle",2,0,0,0,0,0,0,0,0,0,4,"1",FALSE,0
"4473",4,"F",2,"White","Middle",2,0,0,0,0,0,0,0,0,0,4,"1",FALSE,0
"4474",5,"F",2,"Black","Middle",2,0,0,0,0,0,0,0,0,0,4,"1",FALSE,0
"4475",5,"F",2,"White","Middle",2,0,0,0,0,0,0,0,0,0,4,NA,FALSE,0
"4476",5,"F",2,"Asian","Middle",2,0,0,0,0,0,0,0,0,0,4,"1",FALSE,0
"4477",5,"F",2,"White","Middle",2,0,0,0,0,0,0,0,0,0,4,NA,FALSE,0
"4478",5,"F",2,"White","Middle",2,0,0,0,0,0,0,0,0,0,3,"1",FALSE,0
"4479",5,"F",2,"White","Middle",2,0,0,0,0,0,0,0,0,0,4,"1",FALSE,0
"4480",4,"F",2,"White","Middle",2,0,0,0,0,0,0,0,0,0,4,"1",FALSE,0
"4481",5,"M",2,"White","Middle",2,0,0,0,0,0,0,0,0,0,4,"1",FALSE,0
"4482",5,"M",2,"White","Middle",2,0,0,0,0,0,0,0,0,0,4,"1",FALSE,0
"4483",5,"M",2,"White","Middle",2,0,0,0,0,0,0,0,0,0,3,"1",FALSE,0
"4484",5,"F",2,"White","Middle",2,0,0,0,0,0,0,0,0,1,3,NA,TRUE,0
"4485",5,"F",2,"White","Middle",2,0,0,0,0,0,0,0,0,0,3,"1",FALSE,0
"4486",5,"F",2,"Hispanic","Middle",2,0,0,0,0,0,0,0,0,0,4,"1",FALSE,0
"4487",5,"M",2,"White","Middle",2,0,0,0,0,0,0,0,0,0,4,NA,FALSE,0
"4488",5,NA,2,"White","Middle",2,0,0,0,0,0,0,0,0,0,4,NA,FALSE,0
"4489",5,"M",2,"White","Middle",2,0,0,0,0,0,0,0,0,0,3,NA,FALSE,0
"4490",7,"M",2,"Hispanic","Middle",2,0,0,0,0,0,0,0,0,0,4,"1",FALSE,0
"4491",5,"M",2,"White","Middle",2,0,0,0,0,0,0,0,0,0,4,NA,FALSE,0
"4492",5,"M",2,"NHOPI","Middle",2,0,0,0,0,0,0,0,0,0,4,"1",FALSE,0
"4493",5,"M",2,"White","Middle",2,0,0,0,0,0,0,0,0,0,NA,"1",FALSE,NA
"4494",5,"F",2,"Hispanic","Middle",2,0,0,0,0,0,0,0,0,0,4,NA,FALSE,0
"4495",4,"F",2,"White","Middle",2,0,0,0,0,0,0,0,0,0,2,NA,FALSE,1
"4496",6,"M",2,"Black","Middle",2,0,0,0,0,0,0,0,0,0,4,NA,FALSE,0
"4497",6,"F",3,"White","Middle",2,0,0,0,0,0,0,0,0,0,2,NA,FALSE,1
"4498",6,"M",3,"White","Middle",2,0,0,0,0,0,0,0,0,0,4,NA,FALSE,0
"4499",5,"F",3,"Black","Middle",2,0,0,0,0,0,0,0,0,0,2,"1",FALSE,1
"4500",6,"F",3,"White","Middle",2,0,0,0,0,0,0,0,0,0,2,NA,FALSE,1
"4501",7,"M",3,NA,"Middle",2,0,0,0,0,0,0,0,0,0,4,"1",FALSE,0
"4502",6,"M",3,"Hispanic","Middle",1,NA,1,NA,0,0,1,0,0,0,1,NA,TRUE,1
"4503",6,"M",3,"White","Middle",2,0,0,0,0,0,0,0,0,0,4,"1",FALSE,0
"4504",6,"F",3,"White","Middle",2,0,0,0,0,0,0,0,0,0,4,"1",FALSE,0
"4505",6,"F",3,"White","Middle",2,0,0,0,0,0,0,0,0,0,4,NA,FALSE,0
"4506",6,"F",3,"White","Middle",2,0,0,0,0,0,0,0,0,0,4,NA,FALSE,0
"4507",6,"F",3,"White","Middle",2,0,0,0,0,0,0,0,0,0,4,NA,FALSE,0
"4508",6,"F",3,"White","Middle",2,0,0,0,0,0,0,0,0,0,4,NA,FALSE,0
"4509",6,"M",3,"White","Middle",2,0,0,0,0,0,0,0,0,0,4,"1",FALSE,0
"4510",6,"M",3,"White","Middle",2,0,0,0,0,0,0,0,0,NA,4,"1",NA,0
"4511",6,"M",3,"White","Middle",2,0,0,0,0,0,0,0,0,0,4,NA,FALSE,0
"4512",5,"M",3,NA,"Middle",2,0,0,0,0,0,0,0,0,0,4,NA,FALSE,0
"4513",10,"M",3,"White","Middle",2,0,0,0,0,0,0,0,0,0,4,NA,FALSE,0
"4514",7,"M",3,"Black","Middle",NA,0,0,0,0,0,0,0,0,0,4,"1",FALSE,0
"4515",7,"M",3,"Hispanic","Middle",NA,1,NA,NA,NA,NA,NA,NA,NA,0,4,NA,TRUE,0
"4516",6,"M",3,NA,"Middle",2,0,0,0,0,0,0,0,0,0,4,"1",FALSE,0
"4517",6,"F",4,"White","High",2,0,0,0,0,0,0,0,0,0,4,"1",FALSE,0
"4518",7,"F",3,"White","Middle",2,0,0,0,0,0,0,0,0,0,4,"1",FALSE,0
"4519",6,"F",3,"White","Middle",2,0,0,0,0,0,0,0,0,0,4,NA,FALSE,0
"4520",5,"F",3,"White","Middle",1,0,1,0,0,0,0,0,0,0,4,NA,TRUE,0
"4521",6,"M",3,"White","Middle",2,0,0,0,0,0,0,0,0,0,4,NA,FALSE,0
"4522",10,"M",3,"White","Middle",2,0,0,0,0,0,0,0,0,0,4,NA,FALSE,0
"4523",6,"M",3,"White","Middle",2,0,0,0,NA,NA,0,NA,NA,0,4,NA,NA,0
"4524",6,"M",3,"White","Middle",2,0,0,0,0,0,0,0,0,0,4,NA,FALSE,0
"4525",6,"F",3,"White","Middle",2,0,0,0,0,0,0,0,0,0,4,"1",FALSE,0
"4526",7,"F",3,"White","Middle",2,0,0,0,0,0,0,0,0,0,2,NA,FALSE,1
"4527",6,"F",3,"White","Middle",2,0,0,0,0,0,0,0,0,0,4,NA,FALSE,0
"4528",6,"F",3,"White","Middle",2,0,0,0,0,0,0,0,0,0,4,"1",FALSE,0
"4529",5,"M",3,"White","Middle",1,1,1,1,0,0,1,0,0,1,1,NA,TRUE,1
"4530",11,"M",1,"White","Middle",2,0,0,0,0,0,0,0,0,0,4,NA,FALSE,0
"4531",6,"F",3,"White","Middle",1,NA,1,0,0,0,0,0,0,0,2,"1",TRUE,1
"4532",7,"F",4,"White","High",2,0,NA,0,0,0,0,0,0,0,4,"1",NA,0
"4533",6,"M",4,"White","High",1,0,0,0,0,0,0,0,0,1,4,"1",TRUE,0
"4534",7,"F",4,"White","High",2,0,0,0,0,0,0,0,0,0,4,"1",FALSE,0
"4535",7,"F",4,"White","High",2,0,0,0,0,0,0,0,0,1,1,"1",TRUE,1
"4536",7,"M",4,"White","High",2,0,0,0,0,0,0,0,0,0,3,"1",FALSE,0
"4537",7,"M",4,"White","High",2,0,0,0,0,0,0,0,0,0,3,"1",FALSE,0
"4538",7,"M",4,"White","High",2,0,0,0,0,0,0,0,0,0,3,NA,FALSE,0
"4539",7,"M",4,"Asian","High",2,0,0,0,0,0,0,0,0,0,3,"1",FALSE,0
"4540",7,"M",4,"Hispanic","High",2,0,0,0,0,0,0,0,0,0,4,NA,FALSE,0
"4541",6,"F",4,"White","High",2,0,0,0,0,0,0,0,0,1,3,NA,TRUE,0
"4542",6,"M",4,"White","High",2,0,0,0,0,0,0,0,0,0,4,"1",FALSE,0
"4543",7,"M",4,"White","High",2,0,0,0,0,0,0,0,0,0,4,"1",FALSE,0
"4544",7,"F",4,"White","High",2,0,0,0,0,0,0,0,0,0,2,"1",FALSE,1
"4545",7,"M",4,"Hispanic","High",2,0,0,0,0,0,0,0,0,0,1,"1",FALSE,1
"4546",7,"M",4,"White","High",2,0,0,0,0,0,0,0,0,0,4,"1",FALSE,0
"4547",7,"F",4,"White","High",2,0,0,0,0,0,0,0,0,0,4,"1",FALSE,0
"4548",7,"F",4,"White","High",2,0,0,0,0,0,0,0,0,0,1,"1",FALSE,1
"4549",6,"M",4,"Asian","High",2,0,0,0,0,0,0,0,0,0,4,"1",FALSE,0
"4550",6,"M",4,"Black","High",2,0,0,0,0,0,0,0,0,0,4,"1",FALSE,0
"4551",6,"M",4,"White","High",2,0,0,0,0,0,0,0,0,0,3,NA,FALSE,0
"4552",7,"M",4,"White","High",2,0,0,1,0,0,0,0,0,1,4,"1",TRUE,0
"4553",7,"F",4,"White","High",2,0,0,0,0,0,0,0,0,0,4,"1",FALSE,0
"4554",7,"F",4,"White","High",2,0,0,0,0,0,0,0,0,1,4,"1",TRUE,0
"4555",7,"F",4,"White","High",2,0,0,0,0,0,0,0,0,1,4,NA,TRUE,0
"4556",8,"F",5,"White","High",2,0,0,0,0,0,0,0,0,1,4,NA,TRUE,0
"4557",8,"F",5,"White","High",2,0,0,0,0,0,0,0,0,1,4,"1",TRUE,0
"4558",7,"F",5,"White","High",2,0,0,0,0,0,0,0,0,0,4,"1",FALSE,0
"4559",7,"F",5,"White","High",2,0,0,0,0,0,0,0,0,0,4,"1",FALSE,0
"4560",7,"F",5,"Black","High",2,0,0,0,0,0,0,0,0,0,3,NA,FALSE,0
"4561",8,"F",5,"White","High",2,0,0,0,0,0,0,0,0,0,2,NA,FALSE,1
"4562",7,"F",5,"Hispanic","High",2,0,0,0,0,0,0,0,0,0,3,NA,FALSE,0
"4563",8,"F",5,"White","High",2,0,0,0,0,0,0,0,0,0,3,"1",FALSE,0
"4564",7,"M",5,"White","High",2,0,0,0,0,0,0,0,0,0,4,"1",FALSE,0
"4565",8,"M",5,"Asian","High",2,0,0,0,0,0,0,0,0,0,4,"1",FALSE,0
"4566",8,"M",5,"White","High",2,0,0,0,0,0,0,0,0,1,2,"1",TRUE,1
"4567",8,"M",5,"White","High",2,0,0,0,0,0,0,0,0,0,4,"1",FALSE,0
"4568",8,"M",5,"White","High",1,0,0,0,0,0,0,0,0,1,2,NA,TRUE,1
"4569",7,"M",5,"White","High",2,0,0,0,0,0,0,0,0,0,4,"1",FALSE,0
"4570",8,"F",5,"White","High",2,0,0,0,0,0,0,0,0,0,3,"1",FALSE,0
"4571",8,"M",5,"Hispanic","High",2,0,0,0,0,0,0,0,0,0,2,"1",FALSE,1
"4572",8,"M",5,"White","High",2,0,0,0,0,0,0,0,0,0,4,"1",FALSE,0
"4573",6,"F",4,"White","High",2,0,0,0,0,0,0,0,0,0,2,"1",FALSE,1
"4574",7,"F",4,NA,"High",2,0,0,0,0,0,0,0,0,1,4,"1",TRUE,0
"4575",7,"F",4,"Black","High",2,0,0,0,0,0,0,0,0,1,4,"1",TRUE,0
"4576",6,"F",4,"Hispanic","High",1,0,1,0,0,0,0,0,0,1,4,"1",TRUE,0
"4577",7,"M",4,"White","High",2,0,0,0,0,0,0,0,0,0,4,"1",FALSE,0
"4578",8,"M",4,"White","High",2,0,0,0,0,0,0,0,0,0,4,"1",FALSE,0
"4579",7,"F",4,"White","High",2,0,0,0,0,0,0,0,0,0,2,"1",FALSE,1
"4580",7,"M",4,"Black","High",1,0,0,0,0,0,0,0,0,0,4,"1",FALSE,0
"4581",7,"M",4,"AI/AN","High",1,0,0,0,0,0,0,0,0,1,1,"1",TRUE,1
"4582",9,"F",4,"Asian","High",2,0,0,0,0,0,0,0,0,0,4,NA,FALSE,0
"4583",7,"F",4,"White","High",2,0,0,0,0,0,0,0,0,0,4,"1",FALSE,0
"4584",7,"M",4,"White","High",2,0,0,0,0,0,0,0,0,0,3,NA,FALSE,0
"4585",7,"F",4,"White","High",2,0,0,0,0,0,0,0,0,0,4,NA,FALSE,0
"4586",7,"M",4,"White","High",2,0,0,0,0,0,0,0,0,0,4,"1",FALSE,0
"4587",7,"M",4,"White","High",1,0,0,NA,0,0,0,0,0,0,3,NA,NA,0
"4588",7,"M",4,"Asian","High",1,0,0,0,0,0,0,0,0,1,2,"1",TRUE,1
"4589",7,"M",4,"White","High",1,1,1,0,0,0,0,0,0,1,2,NA,TRUE,1
"4590",7,"F",4,"White","High",2,0,0,0,0,0,0,0,0,1,3,NA,TRUE,0
"4591",7,"F",4,"White","High",2,0,0,0,0,0,0,0,0,1,1,NA,TRUE,1
"4592",6,"M",4,"White","High",2,0,0,0,0,0,0,0,0,0,4,"1",FALSE,0
"4593",7,"M",4,"White","High",2,0,0,1,0,0,0,0,0,1,2,"1",TRUE,1
"4594",6,"M",4,"Hispanic","High",1,0,0,0,0,0,0,0,0,1,2,"1",TRUE,1
"4595",7,"M",4,"Black","High",1,0,1,0,0,0,0,0,0,0,3,"1",TRUE,0
"4596",8,"M",4,"White","High",2,0,0,0,0,0,0,0,0,0,4,"1",FALSE,0
"4597",7,"M",4,"White","High",2,0,0,0,0,0,0,0,0,0,1,"1",FALSE,1
"4598",7,"M",4,"Black","High",2,0,0,0,0,0,0,0,0,0,3,"1",FALSE,0
"4599",7,"F",4,"White","High",2,0,0,0,0,0,0,0,0,0,2,"1",FALSE,1
"4600",7,NA,4,NA,"High",2,0,0,0,0,0,0,0,0,0,2,"1",FALSE,1
"4601",7,"M",4,"White","High",2,0,0,0,0,0,0,0,0,0,3,"1",FALSE,0
"4602",6,"F",4,"Hispanic","High",2,0,0,0,0,0,0,0,0,1,4,"1",TRUE,0
"4603",7,"M",4,"White","High",2,0,0,0,0,0,0,0,0,0,3,"1",FALSE,0
"4604",8,"F",5,"White","High",2,0,0,0,0,0,0,0,0,1,3,"1",TRUE,0
"4605",8,"F",5,"White","High",2,0,0,0,0,0,0,0,0,1,4,NA,TRUE,0
"4606",8,"F",5,"Black","High",2,0,0,0,0,0,0,0,0,0,2,"1",FALSE,1
"4607",7,"F",5,"White","High",2,0,0,0,0,0,0,0,0,0,4,"1",FALSE,0
"4608",8,"F",5,"White","High",2,0,0,0,0,0,0,0,0,0,4,"1",FALSE,0
"4609",8,"F",5,"White","High",2,0,0,0,0,0,0,0,0,0,3,"1",FALSE,0
"4610",8,"M",5,"White","High",2,0,0,0,0,0,0,0,0,0,4,"1",FALSE,0
"4611",8,"F",5,"Hispanic","High",2,0,0,0,0,0,0,0,0,1,4,"1",TRUE,0
"4612",7,"F",5,"Hispanic","High",2,0,0,0,0,0,0,0,0,1,2,"1",TRUE,1
"4613",9,"F",5,"White","High",2,0,0,0,0,0,0,0,0,1,4,NA,TRUE,0
"4614",8,"F",5,"White","High",2,0,0,0,0,0,0,0,0,0,4,"1",FALSE,0
"4615",8,"F",6,"Asian","High",2,0,0,0,0,0,0,0,0,0,3,"1",FALSE,0
"4616",9,"M",6,"White","High",1,0,0,0,0,0,0,0,0,0,1,NA,FALSE,1
"4617",9,"F",6,"White","High",2,0,0,0,0,0,0,0,0,1,4,"1",TRUE,0
"4618",9,"F",6,"White","High",1,0,0,0,0,0,0,0,0,1,3,"1",TRUE,0
"4619",9,"F",6,"White","High",2,0,0,0,0,0,0,0,0,0,2,"1",FALSE,1
"4620",9,"M",6,"Asian","High",2,0,0,0,0,0,0,0,0,0,4,"1",FALSE,0
"4621",8,"M",6,"Asian","High",2,0,0,0,0,0,0,0,0,0,4,"1",FALSE,0
"4622",9,"M",6,"White","High",1,0,0,1,0,0,0,1,0,1,2,"1",TRUE,1
"4623",9,"M",6,"White","High",1,0,0,0,0,0,0,0,0,0,4,"1",FALSE,0
"4624",9,"M",6,"Asian","High",2,0,0,0,0,0,0,0,0,0,4,"1",FALSE,0
"4625",8,"F",6,"White","High",2,0,0,0,0,0,0,0,0,0,4,NA,FALSE,0
"4626",8,"F",6,"White","High",2,0,0,0,0,0,0,0,0,0,4,"1",FALSE,0
"4627",9,"F",6,"White","High",2,0,0,0,0,0,0,0,0,0,4,"1",FALSE,0
"4628",9,"F",6,"White","High",2,0,0,0,0,0,0,0,0,0,3,"1",FALSE,0
"4629",9,"F",6,"White","High",2,0,0,0,0,0,0,0,0,1,4,NA,TRUE,0
"4630",9,"M",6,"White","High",1,0,0,NA,0,0,0,0,0,0,4,"1",NA,0
"4631",8,"F",6,"White","High",2,0,0,0,0,0,0,0,0,0,4,"1",FALSE,0
"4632",8,"M",6,"White","High",2,0,0,0,0,0,0,0,0,1,3,"1",TRUE,0
"4633",9,"F",6,"White","High",1,0,0,0,0,0,0,0,0,1,3,"1",TRUE,0
"4634",9,"M",6,"White","High",2,0,0,0,0,0,0,0,0,0,4,"1",FALSE,0
"4635",9,"F",6,"White","High",1,0,0,0,0,0,0,0,0,1,4,NA,TRUE,0
"4636",8,"F",6,"White","High",2,0,0,0,0,0,0,0,0,0,4,"1",FALSE,0
"4637",8,"F",6,"White","High",2,0,0,0,0,0,0,0,0,1,2,"1",TRUE,1
"4638",9,"M",6,"White","High",2,0,0,0,0,0,0,0,0,0,4,"1",FALSE,0
"4639",9,"M",6,"White","High",1,0,0,1,0,0,0,0,0,1,1,NA,TRUE,1
"4640",9,"M",6,"Hispanic","High",2,0,0,0,0,0,0,0,0,0,4,"1",FALSE,0
"4641",9,"M",6,"White","High",2,0,0,0,0,0,0,0,0,0,4,"1",FALSE,0
"4642",9,"F",6,"White","High",2,0,0,NA,0,0,0,0,0,0,4,NA,NA,0
"4643",9,"F",6,"White","High",2,0,0,0,0,0,0,0,0,0,4,"1",FALSE,0
"4644",8,"M",6,"White","High",2,0,0,0,0,0,0,0,0,1,4,"1",TRUE,0
"4645",9,"M",6,"White","High",1,1,1,0,0,0,0,0,0,1,1,"1",TRUE,1
"4646",8,"F",6,"Hispanic","High",2,0,0,0,0,0,0,0,0,0,1,NA,FALSE,1
"4647",9,"M",6,"White","High",2,0,0,0,0,0,0,0,0,1,4,"1",TRUE,0
"4648",10,"M",6,"Hispanic","High",2,0,0,0,0,0,0,0,0,1,1,"1",TRUE,1
"4649",9,"F",6,"White","High",2,0,0,0,0,0,0,0,0,0,4,NA,FALSE,0
"4650",8,"M",6,"Hispanic","High",1,0,0,0,0,0,0,0,0,1,4,NA,TRUE,0
"4651",9,"M",6,"White","High",1,0,0,0,0,0,0,0,0,0,4,"1",FALSE,0
"4652",8,"M",5,"White","High",2,0,0,0,0,0,0,0,0,1,4,"1",TRUE,0
"4653",8,"M",5,"White","High",2,0,0,0,0,0,0,0,0,0,4,NA,FALSE,0
"4654",7,"M",5,"White","High",2,0,0,0,0,0,0,0,0,0,4,"1",FALSE,0
"4655",8,"M",5,"White","High",2,0,0,0,0,0,0,0,0,0,4,"1",FALSE,0
"4656",8,"M",5,"White","High",2,0,0,0,0,0,0,0,0,0,3,"1",FALSE,0
"4657",8,"M",5,"White","High",1,0,0,0,0,0,0,0,0,0,2,NA,FALSE,1
"4658",8,"F",5,"White","High",2,0,0,0,0,0,0,0,0,0,4,NA,FALSE,0
"4659",8,"F",5,"Hispanic","High",2,0,0,0,0,0,0,0,0,0,1,"1",FALSE,1
"4660",8,"F",5,"White","High",2,0,0,0,0,0,0,0,0,0,4,"1",FALSE,0
"4661",8,"F",5,"White","High",2,0,0,0,0,0,0,0,0,0,4,NA,FALSE,0
"4662",8,"M",5,"White","High",2,0,0,NA,0,0,0,0,0,1,2,"1",TRUE,1
"4663",8,"M",5,"NHOPI","High",2,0,0,0,0,0,0,0,0,0,4,"1",FALSE,0
"4664",8,"F",5,"White","High",2,0,0,0,0,0,0,0,0,1,4,NA,TRUE,0
"4665",1,NA,7,"Hispanic","High",1,1,1,1,1,1,1,1,1,1,1,NA,TRUE,1
"4666",8,"F",5,"Black","High",2,0,0,0,0,0,0,0,0,0,4,"1",FALSE,0
"4667",10,"M",6,"White","High",NA,NA,NA,1,NA,NA,0,NA,NA,0,4,NA,TRUE,0
"4668",9,"F",6,"White","High",2,0,0,0,0,0,0,0,0,0,4,"1",FALSE,0
"4669",9,"F",6,"White","High",1,1,1,0,0,0,0,0,0,1,1,"1",TRUE,1
"4670",9,"F",6,"White","High",2,0,0,0,0,0,0,0,0,0,4,"1",FALSE,0
"4671",9,"F",6,"White","High",2,0,0,0,0,0,0,0,0,1,3,"1",TRUE,0
"4672",8,"F",6,"Asian","High",2,0,0,0,0,0,0,0,0,0,4,"1",FALSE,0
"4673",8,"F",6,"Asian","High",2,0,0,0,0,0,0,0,0,0,2,"1",FALSE,1
"4674",9,"F",6,"White","High",2,0,0,0,0,0,0,0,0,0,4,NA,FALSE,0
"4675",8,"F",6,"White","High",2,0,0,0,0,0,0,0,0,0,4,"1",FALSE,0
"4676",9,"M",6,"Hispanic","High",2,0,0,0,0,0,0,0,0,0,4,NA,FALSE,0
"4677",9,"M",6,"Asian","High",2,0,0,0,0,0,0,0,0,0,4,"1",FALSE,0
"4678",9,"F",6,"White","High",2,1,0,0,0,0,0,0,0,1,1,"1",TRUE,1
"4679",9,"M",6,"Black","High",2,0,0,0,0,0,0,0,0,0,4,"1",FALSE,0
"4680",8,"F",6,"White","High",2,0,0,0,0,0,0,0,0,0,2,"1",FALSE,1
"4681",9,"F",6,"White","High",2,0,0,0,0,0,0,0,0,0,4,NA,FALSE,0
"4682",6,"M",3,"White","Middle",2,0,0,1,NA,NA,0,NA,NA,1,4,NA,TRUE,0
"4683",6,"F",3,"White","Middle",2,0,0,0,0,0,0,0,0,0,1,"1",FALSE,1
"4684",6,"M",3,"Black","Middle",2,0,0,0,0,0,0,0,0,0,4,"1",FALSE,0
"4685",5,"F",3,"White","Middle",2,0,0,0,0,0,0,0,0,0,3,"1",FALSE,0
"4686",5,"M",3,"White","Middle",2,0,0,0,0,0,0,0,0,0,1,"1",FALSE,1
"4687",6,"F",3,"Hispanic","Middle",2,0,0,0,0,0,0,0,0,0,4,NA,FALSE,0
"4688",7,"M",3,"Hispanic","Middle",2,0,0,0,0,0,0,0,0,0,4,"1",FALSE,0
"4689",5,"F",3,"Black","Middle",2,0,0,0,0,0,0,0,0,0,4,"1",FALSE,0
"4690",5,"M",3,"Hispanic","Middle",2,0,0,NA,0,0,0,0,0,0,4,"1",NA,0
"4691",6,"M",3,"Hispanic","Middle",2,0,0,0,NA,NA,NA,NA,NA,NA,4,"1",NA,0
"4692",5,"M",3,"White","Middle",2,0,0,0,0,0,0,0,0,0,1,"1",FALSE,1
"4693",6,"F",3,"Black","Middle",2,0,0,0,0,0,0,0,0,0,4,"1",FALSE,0
"4694",NA,NA,NA,NA,NA,2,NA,0,0,0,0,0,0,0,NA,NA,"1",NA,NA
"4695",6,"F",3,"Black","Middle",2,0,0,0,0,0,0,0,0,0,4,NA,FALSE,0
"4696",5,"M",3,"Black","Middle",2,0,0,0,0,0,0,0,0,0,3,NA,FALSE,0
"4697",6,"M",3,"Hispanic","Middle",2,0,0,0,0,0,0,0,0,0,4,"1",FALSE,0
"4698",6,"M",3,"White","Middle",2,0,0,0,0,0,NA,0,0,0,4,"1",NA,0
"4699",7,"F",3,"Hispanic","Middle",2,0,0,0,0,0,0,0,0,0,4,NA,FALSE,0
"4700",4,"F",1,"Black","Middle",2,0,0,0,NA,NA,0,NA,NA,0,4,NA,NA,0
"4701",4,"M",1,"Black","Middle",2,0,0,0,NA,NA,0,NA,NA,0,4,NA,NA,0
"4702",4,"F",1,"Hispanic","Middle",2,0,0,0,0,0,0,0,0,0,4,NA,FALSE,0
"4703",4,"M",1,"Black","Middle",2,0,0,0,0,0,0,0,0,0,4,"1",FALSE,0
"4704",4,"F",1,"Black","Middle",2,0,0,0,0,0,0,0,0,0,4,"1",FALSE,0
"4705",5,"M",1,NA,"Middle",2,0,0,0,0,0,0,0,0,0,4,NA,FALSE,0
"4706",3,"F",1,"Black","Middle",2,0,0,0,0,0,0,0,0,0,4,NA,FALSE,0
"4707",4,"M",1,"Black","Middle",2,0,0,0,0,0,0,0,0,0,4,NA,FALSE,0
"4708",4,"M",1,"Black","Middle",2,0,0,0,0,0,0,0,0,0,4,"1",FALSE,0
"4709",4,"M",1,NA,"Middle",2,0,0,0,0,0,0,0,0,0,4,NA,FALSE,0
"4710",3,"F",1,"White","Middle",2,0,0,0,0,0,0,0,0,0,4,NA,FALSE,0
"4711",4,"M",1,"White","Middle",2,0,0,0,0,0,0,0,0,0,4,NA,FALSE,0
"4712",3,"F",1,"Black","Middle",2,0,0,0,0,0,0,0,0,0,4,NA,FALSE,0
"4713",4,"M",1,"Asian","Middle",2,0,0,0,0,0,0,0,0,0,4,NA,FALSE,0
"4714",4,"M",1,"Black","Middle",2,0,0,0,NA,NA,0,NA,NA,0,4,NA,NA,0
"4715",3,"M",1,NA,"Middle",NA,NA,NA,NA,NA,NA,NA,NA,NA,NA,NA,NA,NA,NA
"4716",5,"F",2,"Hispanic","Middle",1,0,0,0,0,0,0,0,0,0,4,"1",FALSE,0
"4717",5,"M",2,"White","Middle",2,0,0,0,0,0,0,0,0,0,4,"1",FALSE,0
"4718",5,"F",2,"Hispanic","Middle",2,0,0,0,0,0,0,0,0,0,2,"1",FALSE,1
"4719",5,"M",2,"Asian","Middle",1,NA,0,0,0,0,0,0,0,0,2,NA,NA,1
"4720",4,"M",2,"Hispanic","Middle",2,0,0,0,0,0,0,0,0,0,4,NA,FALSE,0
"4721",4,"F",2,"White","Middle",2,0,0,0,0,0,0,0,0,0,1,"1",FALSE,1
"4722",5,"F",2,"Black","Middle",2,0,0,0,0,0,0,0,0,0,4,NA,FALSE,0
"4723",6,"M",2,"Hispanic","Middle",2,0,0,0,0,0,0,0,0,0,2,NA,FALSE,1
"4724",4,"M",2,"AI/AN","Middle",2,0,0,0,NA,NA,0,NA,NA,0,4,NA,NA,0
"4725",4,"F",2,"Hispanic","Middle",2,0,0,0,0,0,0,0,0,0,4,"1",FALSE,0
"4726",5,"F",2,"Hispanic","Middle",1,0,1,0,0,0,0,0,0,0,4,NA,TRUE,0
"4727",5,"M",2,"Hispanic","Middle",2,0,0,0,0,0,0,0,0,0,3,"1",FALSE,0
"4728",5,"M",2,"Black","Middle",2,0,0,0,0,0,0,0,0,0,1,"1",FALSE,1
"4729",6,"M",2,NA,"Middle",1,0,0,0,0,0,0,0,0,0,2,NA,FALSE,1
"4730",6,"M",2,"White","Middle",2,0,0,0,0,0,0,0,0,0,4,"1",FALSE,0
"4731",5,"F",2,"White","Middle",2,0,0,0,0,0,0,0,0,0,3,"1",FALSE,0
"4732",5,"F",2,"Black","Middle",2,0,0,0,0,0,0,0,0,0,4,"1",FALSE,0
"4733",5,"F",2,"Asian","Middle",2,0,0,0,0,0,0,0,0,0,3,"1",FALSE,0
"4734",5,"F",2,"Black","Middle",2,0,0,0,0,0,0,0,0,0,4,"1",FALSE,0
"4735",5,"M",3,"White","Middle",2,0,0,0,0,0,0,0,0,0,4,"1",FALSE,0
"4736",5,"M",2,"Black","Middle",2,0,0,0,0,0,0,0,0,0,4,"1",FALSE,0
"4737",5,"M",3,"White","Middle",2,0,0,0,NA,NA,0,NA,NA,0,3,"1",NA,0
"4738",5,"M",3,"White","Middle",2,0,0,0,0,0,0,0,0,0,3,NA,FALSE,0
"4739",6,"M",3,"Black","Middle",2,0,0,0,0,0,0,0,0,0,4,"1",FALSE,0
"4740",4,"F",1,"Black","Middle",2,0,0,0,NA,NA,0,NA,NA,0,3,NA,NA,0
"4741",3,"M",1,"Hispanic","Middle",2,0,0,0,0,0,0,0,0,0,4,"1",FALSE,0
"4742",4,"F",1,"White","Middle",2,0,0,0,0,0,0,0,0,0,4,"1",FALSE,0
"4743",3,"F",1,"Hispanic","Middle",2,0,0,0,NA,NA,NA,NA,NA,0,4,NA,NA,0
"4744",4,"F",1,"Hispanic","Middle",2,0,0,0,0,0,0,0,0,0,4,"1",FALSE,0
"4745",4,"F",1,"Black","Middle",2,0,0,NA,NA,NA,NA,NA,NA,NA,4,NA,NA,0
"4746",4,"M",1,"Black","Middle",NA,0,NA,NA,NA,NA,NA,NA,NA,NA,3,NA,NA,0
"4747",5,"M",2,"Black","Middle",2,0,0,0,0,0,0,0,0,0,2,"1",FALSE,1
"4748",4,"F",1,"Hispanic","Middle",2,0,0,0,0,0,0,0,0,0,4,NA,FALSE,0
"4749",3,"F",1,"Black","Middle",2,0,0,0,0,0,0,0,0,0,2,"1",FALSE,1
"4750",4,"M",1,NA,"Middle",2,0,0,0,0,0,0,0,0,0,4,NA,FALSE,0
"4751",3,"M",1,"Asian","Middle",2,0,0,0,0,0,0,0,0,0,4,"1",FALSE,0
"4752",4,"M",1,"Black","Middle",2,0,0,0,NA,NA,NA,NA,NA,0,4,"1",NA,0
"4753",4,"M",1,"Black","Middle",2,0,0,0,NA,NA,NA,NA,NA,NA,4,NA,NA,0
"4754",4,"F",1,NA,"Middle",2,0,0,0,0,0,0,0,0,0,2,NA,FALSE,1
"4755",4,"M",1,"Black","Middle",2,0,0,0,NA,NA,NA,NA,NA,0,3,NA,NA,0
"4756",3,"F",1,"Black","Middle",2,0,0,0,0,0,0,0,0,0,4,NA,FALSE,0
"4757",3,"F",1,"Black","Middle",2,0,0,0,0,0,0,0,0,0,4,NA,FALSE,0
"4758",4,"F",1,"White","Middle",2,0,0,0,0,0,0,0,0,0,4,NA,FALSE,0
"4759",5,"M",2,"Hispanic","Middle",2,0,0,0,0,0,0,0,0,0,4,NA,FALSE,0
"4760",5,"M",2,"White","Middle",2,0,0,0,0,0,0,0,0,0,4,NA,FALSE,0
"4761",5,"M",2,"White","Middle",2,0,0,0,0,0,0,0,0,0,4,"1",FALSE,0
"4762",4,"F",2,"White","Middle",2,0,0,0,0,0,0,0,0,0,NA,NA,FALSE,NA
"4763",5,"F",2,"White","Middle",2,0,0,0,0,0,0,0,0,0,2,NA,FALSE,1
"4764",5,"M",2,"Hispanic","Middle",2,0,0,0,0,0,0,0,0,0,2,"1",FALSE,1
"4765",5,"F",2,"White","Middle",2,0,0,0,0,0,0,0,0,0,4,NA,FALSE,0
"4766",4,"M",2,"White","Middle",2,0,0,0,0,0,0,0,0,0,4,NA,FALSE,0
"4767",4,"F",1,"Black","Middle",NA,NA,NA,NA,NA,NA,NA,NA,NA,NA,4,NA,NA,0
"4768",4,"F",1,"Black","Middle",2,0,0,0,0,0,0,0,0,0,1,"1",FALSE,1
"4769",4,"M",2,"Hispanic","Middle",2,0,0,0,0,0,0,0,0,0,4,"1",FALSE,0
"4770",4,"M",1,"Black","Middle",NA,0,NA,NA,NA,NA,NA,NA,NA,NA,4,NA,NA,0
"4771",5,"F",2,"Hispanic","Middle",2,0,0,0,0,0,0,0,0,0,4,"1",FALSE,0
"4772",5,"F",2,"Black","Middle",2,0,0,0,0,0,0,0,0,0,4,"1",FALSE,0
"4773",5,"M",2,"Asian","Middle",2,0,0,0,0,0,0,0,0,0,4,"1",FALSE,0
"4774",6,"M",2,"White","Middle",2,0,0,0,0,0,0,0,0,0,4,"1",FALSE,0
"4775",5,"M",2,"Black","Middle",2,0,0,0,0,0,0,0,0,0,2,"1",FALSE,1
"4776",5,"F",2,"White","Middle",2,0,0,0,0,0,0,0,0,0,3,"1",FALSE,0
"4777",5,"M",2,"Black","Middle",2,0,0,0,0,0,0,0,0,0,1,"1",FALSE,1
"4778",5,"M",2,"Black","Middle",2,0,0,0,0,0,0,0,0,0,2,NA,FALSE,1
"4779",5,"F",2,"White","Middle",2,0,0,0,0,0,0,0,0,0,4,"1",FALSE,0
"4780",5,"F",2,"Black","Middle",2,0,0,0,0,0,0,0,0,0,4,"1",FALSE,0
"4781",4,"M",2,"Hispanic","Middle",2,0,0,0,0,0,0,0,0,0,4,NA,FALSE,0
"4782",6,"F",3,"Black","Middle",2,0,0,0,0,0,0,0,0,0,2,"1",FALSE,1
"4783",6,"M",3,"White","Middle",2,0,0,0,0,0,0,0,0,0,4,"1",FALSE,0
"4784",6,"M",3,"Black","Middle",2,0,0,0,0,0,0,0,0,0,4,"1",FALSE,0
"4785",5,"F",3,"Black","Middle",2,0,0,0,0,0,0,0,0,0,4,"1",FALSE,0
"4786",6,"F",3,"Black","Middle",2,0,0,0,0,0,0,0,0,0,3,"1",FALSE,0
"4787",5,"M",3,"White","Middle",2,0,0,NA,0,0,0,0,0,0,4,NA,NA,0
"4788",5,"F",3,"Black","Middle",2,0,0,0,0,0,0,0,0,0,4,"1",FALSE,0
"4789",6,"F",3,"Hispanic","Middle",2,1,0,0,0,0,0,0,0,1,1,NA,TRUE,1
"4790",6,"M",3,"Hispanic","Middle",2,0,0,0,0,0,0,0,0,0,4,"1",FALSE,0
"4791",6,"M",3,"White","Middle",2,0,0,0,0,0,0,0,0,0,2,NA,FALSE,1
"4792",6,"M",3,"White","Middle",2,0,0,0,0,0,0,0,0,0,4,NA,FALSE,0
"4793",7,"F",3,"Hispanic","Middle",2,0,0,0,0,0,0,0,0,0,4,NA,FALSE,0
"4794",5,"F",2,"Hispanic","Middle",2,0,0,0,0,0,0,0,0,1,3,NA,TRUE,0
"4795",5,"F",2,"Hispanic","Middle",2,0,0,0,0,0,0,0,0,1,1,NA,TRUE,1
"4796",5,"F",2,"Hispanic","Middle",2,0,0,0,0,0,0,0,0,0,3,NA,FALSE,0
"4797",5,"F",2,"Hispanic","Middle",2,0,0,0,0,0,0,0,0,0,4,"1",FALSE,0
"4798",5,"M",2,"Hispanic","Middle",1,0,1,0,0,0,0,0,0,1,1,NA,TRUE,1
"4799",5,"F",2,"Hispanic","Middle",2,0,0,0,0,0,0,0,0,0,1,NA,FALSE,1
"4800",5,"F",2,NA,"Middle",2,0,0,0,0,0,0,0,0,0,4,"1",FALSE,0
"4801",5,"M",2,"Hispanic","Middle",2,0,0,0,0,0,0,0,0,0,4,NA,FALSE,0
"4802",5,"F",2,"Hispanic","Middle",2,0,0,0,0,0,0,0,0,0,3,NA,FALSE,0
"4803",4,"M",2,"Hispanic","Middle",2,0,0,0,0,0,0,0,0,0,4,NA,FALSE,0
"4804",4,"M",2,"Hispanic","Middle",2,0,0,0,0,0,0,0,0,0,4,"1",FALSE,0
"4805",5,"M",2,"Hispanic","Middle",2,0,0,0,0,0,0,0,0,0,4,"1",FALSE,0
"4806",5,"M",2,"Hispanic","Middle",1,1,1,0,0,0,0,0,1,1,1,NA,TRUE,1
"4807",5,"F",1,"Hispanic","Middle",2,0,0,0,0,0,0,0,0,0,4,NA,FALSE,0
"4808",4,"F",1,"Hispanic","Middle",2,0,0,0,0,0,0,0,0,1,3,NA,TRUE,0
"4809",3,"F",1,"Hispanic","Middle",2,0,0,0,0,0,0,0,0,1,2,NA,TRUE,1
"4810",6,"F",3,"Hispanic","Middle",2,0,0,0,0,0,0,0,0,0,1,NA,FALSE,1
"4811",6,"M",3,"Hispanic","Middle",2,0,0,0,0,0,0,0,0,0,3,"1",FALSE,0
"4812",6,"F",3,"Hispanic","Middle",2,0,0,0,0,0,0,0,0,0,3,"1",FALSE,0
"4813",6,"M",3,"Hispanic","Middle",2,0,0,0,0,0,0,0,0,0,2,"1",FALSE,1
"4814",5,"F",3,"Hispanic","Middle",2,0,0,0,0,0,0,0,0,0,2,"1",FALSE,1
"4815",6,"M",3,"Hispanic","Middle",2,0,0,0,0,0,0,0,0,1,4,NA,TRUE,0
"4816",5,"F",3,"Hispanic","Middle",2,0,0,0,0,0,0,0,0,0,2,"1",FALSE,1
"4817",6,"M",3,"Hispanic","Middle",2,0,0,0,0,0,0,0,0,0,4,"1",FALSE,0
"4818",6,"F",3,"Hispanic","Middle",2,0,0,0,0,0,0,0,0,0,4,"1",FALSE,0
"4819",6,"F",3,"Hispanic","Middle",1,0,0,0,0,0,0,0,0,1,1,NA,TRUE,1
"4820",6,"F",3,"Hispanic","Middle",2,0,0,0,0,0,0,0,0,0,1,NA,FALSE,1
"4821",4,"F",1,"Hispanic","Middle",2,0,0,0,0,0,0,0,0,0,4,NA,FALSE,0
"4822",5,"M",1,"Hispanic","Middle",2,0,0,0,NA,NA,0,NA,NA,0,3,"1",NA,0
"4823",5,"M",1,"Hispanic","Middle",2,0,0,0,0,0,0,0,0,0,4,NA,FALSE,0
"4824",5,"F",1,"Hispanic","Middle",2,0,0,0,0,0,0,0,0,1,2,NA,TRUE,1
"4825",3,"F",1,"Hispanic","Middle",2,0,0,0,0,0,0,0,0,0,4,"1",FALSE,0
"4826",4,"F",1,"Hispanic","Middle",2,0,0,0,NA,NA,NA,NA,NA,0,4,NA,NA,0
"4827",4,"M",1,"Hispanic","Middle",2,0,0,NA,0,0,0,0,0,0,4,"1",NA,0
"4828",3,"M",1,"Hispanic","Middle",2,0,0,0,0,0,0,0,0,0,4,"1",FALSE,0
"4829",3,"F",1,"Hispanic","Middle",2,0,0,0,0,0,0,0,0,0,4,NA,FALSE,0
"4830",3,"F",1,"Hispanic","Middle",2,0,0,0,0,0,0,0,0,0,4,"1",FALSE,0
"4831",4,"M",1,"Hispanic","Middle",2,0,0,0,0,0,0,0,0,0,4,"1",FALSE,0
"4832",4,"M",1,NA,"Middle",2,0,0,NA,0,0,0,0,0,0,4,NA,NA,0
"4833",3,"F",1,"Hispanic","Middle",2,0,0,0,0,0,0,0,0,0,2,"1",FALSE,1
"4834",4,"M",1,"Hispanic","Middle",2,0,0,0,0,0,0,0,0,0,4,NA,FALSE,0
"4835",4,"F",1,"Hispanic","Middle",2,0,0,0,0,0,0,0,0,0,3,"1",FALSE,0
"4836",4,"F",1,"Hispanic","Middle",2,0,0,0,0,0,0,0,0,0,4,"1",FALSE,0
"4837",3,"F",1,"Hispanic","Middle",2,0,0,0,0,0,0,0,0,0,4,"1",FALSE,0
"4838",3,"F",1,"Hispanic","Middle",2,0,0,0,0,0,0,0,0,0,4,NA,FALSE,0
"4839",5,"F",1,"Hispanic","Middle",2,0,0,0,0,0,NA,0,0,0,2,NA,NA,1
"4840",5,"F",2,"Hispanic","Middle",2,0,0,0,0,0,0,0,0,0,4,"1",FALSE,0
"4841",4,"M",2,"Hispanic","Middle",2,0,0,0,0,0,0,0,0,0,2,"1",FALSE,1
"4842",5,"F",2,"Hispanic","Middle",2,0,0,0,0,0,0,0,0,1,2,NA,TRUE,1
"4843",5,"M",1,"AI/AN","Middle",2,0,0,0,0,0,0,0,0,0,3,"1",FALSE,0
"4844",4,"F",2,"Hispanic","Middle",2,0,0,0,0,0,0,0,0,0,4,"1",FALSE,0
"4845",4,"F",2,"Hispanic","Middle",2,0,0,0,0,0,0,0,0,0,2,NA,FALSE,1
"4846",4,"F",2,"Hispanic","Middle",2,0,0,0,0,0,0,0,0,0,4,"1",FALSE,0
"4847",5,"F",2,"Hispanic","Middle",2,0,0,0,0,0,0,0,0,0,4,"1",FALSE,0
"4848",4,"F",2,"AI/AN","Middle",2,0,0,0,0,0,0,0,0,0,4,"1",FALSE,0
"4849",5,"F",2,"Hispanic","Middle",2,0,0,0,0,0,0,0,0,0,4,"1",FALSE,0
"4850",7,"M",2,"Hispanic","Middle",2,0,0,0,0,0,0,0,0,0,4,"1",FALSE,0
"4851",4,"M",2,"Hispanic","Middle",2,0,0,0,0,0,0,0,0,0,3,"1",FALSE,0
"4852",4,"M",1,"Hispanic","Middle",2,0,0,0,0,0,0,0,0,0,2,NA,FALSE,1
"4853",4,"F",1,"Hispanic","Middle",2,0,0,0,0,0,0,0,0,0,4,"1",FALSE,0
"4854",3,"M",1,"Hispanic","Middle",2,0,0,0,0,0,0,0,0,0,1,NA,FALSE,1
"4855",4,"F",1,"Hispanic","Middle",2,0,0,0,0,0,0,0,0,0,2,NA,FALSE,1
"4856",4,"F",1,"Hispanic","Middle",2,0,0,0,0,0,0,0,0,0,4,"1",FALSE,0
"4857",4,"F",1,"Hispanic","Middle",2,0,0,0,0,0,0,0,0,0,4,NA,FALSE,0
"4858",5,"M",2,"Hispanic","Middle",2,0,0,0,0,0,0,0,0,0,2,"1",FALSE,1
"4859",4,"M",1,"Hispanic","Middle",2,0,0,0,0,0,0,0,0,0,4,"1",FALSE,0
"4860",4,"F",1,"Hispanic","Middle",2,0,0,0,0,0,0,0,0,0,4,"1",FALSE,0
"4861",4,"F",1,"Hispanic","Middle",2,0,0,0,0,0,0,0,0,0,2,"1",FALSE,1
"4862",4,"M",1,"Hispanic","Middle",2,0,0,0,0,0,0,0,0,0,4,NA,FALSE,0
"4863",4,"M",1,"Hispanic","Middle",2,0,0,0,0,0,0,0,0,0,4,NA,FALSE,0
"4864",3,"M",1,"Asian","Middle",2,0,0,0,0,0,0,0,0,0,4,"1",FALSE,0
"4865",4,"M",2,"Hispanic","Middle",2,0,0,0,0,0,0,0,0,0,3,"1",FALSE,0
"4866",5,"M",2,"Hispanic","Middle",1,0,0,0,0,0,0,0,0,1,2,"1",TRUE,1
"4867",6,"M",3,"Hispanic","Middle",1,1,1,0,0,0,0,1,0,1,2,"1",TRUE,1
"4868",4,"F",2,"Hispanic","Middle",2,0,0,0,0,0,0,0,0,1,3,"1",TRUE,0
"4869",4,"F",2,"Hispanic","Middle",2,0,0,0,0,0,0,0,0,0,4,"1",FALSE,0
"4870",6,"M",2,"AI/AN","Middle",2,0,0,0,0,0,0,0,0,0,2,"1",FALSE,1
"4871",5,"M",2,"Hispanic","Middle",2,0,0,0,0,0,0,0,0,1,4,"1",TRUE,0
"4872",3,"F",1,"Hispanic","Middle",2,0,0,0,0,0,0,0,0,0,3,"1",FALSE,0
"4873",4,"F",1,"Hispanic","Middle",2,0,0,0,0,0,0,0,0,0,4,"1",FALSE,0
"4874",3,"F",1,"Hispanic","Middle",2,0,0,0,0,0,0,0,0,0,4,"1",FALSE,0
"4875",6,"M",3,"Hispanic","Middle",1,0,0,0,0,0,0,0,0,0,2,"1",FALSE,1
"4876",6,"M",3,"White","Middle",2,0,0,0,0,0,0,0,0,1,3,"1",TRUE,0
"4877",6,"F",3,"Hispanic","Middle",2,0,0,0,0,0,0,0,0,0,3,"1",FALSE,0
"4878",6,"M",3,"Hispanic","Middle",2,0,0,0,0,0,0,0,0,0,2,NA,FALSE,1
"4879",6,"F",3,"Hispanic","Middle",2,0,0,0,0,0,0,0,0,0,4,NA,FALSE,0
"4880",6,"F",3,"Hispanic","Middle",2,0,0,0,0,0,0,0,0,0,4,"1",FALSE,0
"4881",6,"F",3,"Hispanic","Middle",2,0,0,0,0,0,0,0,0,0,4,NA,FALSE,0
"4882",6,"F",3,"Hispanic","Middle",2,0,0,0,0,0,0,0,0,0,4,"1",FALSE,0
"4883",6,"F",3,"Hispanic","Middle",2,0,0,0,0,0,0,0,0,1,2,"1",TRUE,1
"4884",6,"M",3,"Hispanic","Middle",2,0,0,0,0,0,0,0,0,0,1,NA,FALSE,1
"4885",5,"M",3,"Hispanic","Middle",2,0,0,0,0,0,0,0,0,1,2,"1",TRUE,1
"4886",6,"M",3,"Hispanic","Middle",2,0,0,0,0,0,0,0,0,1,1,"1",TRUE,1
"4887",7,"M",4,"Hispanic","High",2,0,0,0,0,0,0,0,0,0,4,"1",FALSE,0
"4888",8,"M",5,"Hispanic","High",2,0,0,0,0,0,0,0,0,0,3,"1",FALSE,0
"4889",10,"M",7,"Hispanic","High",2,1,0,0,0,0,0,0,0,1,1,NA,TRUE,1
"4890",8,"M",5,"Hispanic","High",2,0,0,0,0,0,0,0,0,0,1,"1",FALSE,1
"4891",10,"M",6,"Hispanic","High",2,0,0,0,0,0,0,0,0,0,3,"1",FALSE,0
"4892",9,"M",6,"Hispanic","High",2,0,0,0,0,0,1,0,0,0,4,NA,TRUE,0
"4893",9,"M",5,"Hispanic","High",2,0,0,0,0,0,0,0,0,0,2,NA,FALSE,1
"4894",7,"F",5,"Hispanic","High",1,0,1,0,0,0,0,0,0,1,4,NA,TRUE,0
"4895",10,"M",7,"Hispanic","High",2,0,0,0,0,0,0,0,0,0,4,NA,FALSE,0
"4896",10,"M",6,"Hispanic","High",2,0,0,0,0,0,0,0,0,0,4,"1",FALSE,0
"4897",9,"F",6,"Hispanic","High",2,1,0,0,0,0,1,0,0,1,1,NA,TRUE,1
"4898",8,"F",5,"Hispanic","High",1,0,1,0,0,0,0,0,0,0,4,NA,TRUE,0
"4899",10,"M",7,"White","High",2,0,0,0,0,0,0,0,0,0,2,"1",FALSE,1
"4900",9,"F",7,"Hispanic","High",2,0,0,0,0,0,0,0,0,0,4,"1",FALSE,0
"4901",9,"M",5,"Hispanic","High",2,0,0,0,0,0,NA,0,0,0,4,"1",NA,0
"4902",8,"F",5,"Hispanic","High",2,0,0,0,0,0,0,0,0,0,2,"1",FALSE,1
"4903",7,"M",4,"Hispanic","High",2,0,0,0,0,0,0,0,0,0,4,NA,FALSE,0
"4904",8,"M",5,"Hispanic","High",2,0,0,0,0,0,0,0,0,0,2,"1",FALSE,1
"4905",7,"M",5,"Hispanic","High",2,0,0,0,0,0,0,0,0,0,4,"1",FALSE,0
"4906",6,"M",4,"Hispanic","High",2,0,0,0,0,0,0,0,0,0,3,"1",FALSE,0
"4907",7,"M",4,"Hispanic","High",2,0,0,NA,0,0,0,0,0,0,3,"1",NA,0
"4908",6,"M",4,"Hispanic","High",2,0,0,0,0,0,0,0,0,0,2,NA,FALSE,1
"4909",7,"M",4,"Hispanic","High",2,0,0,0,0,0,0,0,0,0,4,"1",FALSE,0
"4910",8,"M",5,"Hispanic","High",1,0,0,0,0,0,1,0,0,1,4,"1",TRUE,0
"4911",7,"M",4,"Hispanic","High",2,0,0,0,0,0,0,0,0,0,4,"1",FALSE,0
"4912",7,"M",4,"Hispanic","High",2,0,0,0,0,0,0,0,0,0,4,NA,FALSE,0
"4913",8,"F",6,"Hispanic","High",2,0,0,0,0,0,0,0,0,0,4,"1",FALSE,0
"4914",9,"F",5,"Hispanic","High",2,0,0,0,0,0,0,0,0,0,3,NA,FALSE,0
"4915",8,"F",5,"Hispanic","High",2,0,0,0,0,0,0,0,0,0,4,"1",FALSE,0
"4916",7,"M",4,"Hispanic","High",NA,0,0,0,0,0,0,0,0,0,2,"1",FALSE,1
"4917",6,"M",4,"Hispanic","High",2,0,0,0,0,0,0,0,0,0,4,"1",FALSE,0
"4918",7,"F",4,"Hispanic","High",2,0,0,0,0,0,0,0,0,0,2,"1",FALSE,1
"4919",7,"F",5,"Hispanic","High",1,1,1,0,0,0,0,0,0,1,2,NA,TRUE,1
"4920",9,"M",6,"Hispanic","High",2,0,0,0,0,0,0,0,0,1,2,"1",TRUE,1
"4921",8,"M",5,"Black","High",1,0,0,0,0,0,0,0,0,0,4,"1",FALSE,0
"4922",7,"M",4,"Hispanic","High",2,0,0,0,0,0,0,0,0,1,2,"1",TRUE,1
"4923",6,"M",4,"Hispanic","High",2,0,0,0,0,0,0,0,0,1,2,NA,TRUE,1
"4924",9,"M",7,"Hispanic","High",2,0,0,0,0,0,0,0,0,0,3,"1",FALSE,0
"4925",8,"M",5,"Hispanic","High",2,0,0,0,0,0,0,0,0,0,4,NA,FALSE,0
"4926",10,"M",7,"Hispanic","High",2,0,0,0,0,0,0,0,0,0,4,"1",FALSE,0
"4927",7,"F",4,"Hispanic","High",2,0,0,0,0,0,0,0,0,0,4,"1",FALSE,0
"4928",8,"F",4,"Hispanic","High",1,0,0,0,0,0,0,0,0,0,2,NA,FALSE,1
"4929",7,"F",4,"Hispanic","High",2,0,0,0,0,0,0,0,0,0,4,"1",FALSE,0
"4930",10,"F",7,"Hispanic","High",2,0,0,0,0,0,0,0,0,0,4,NA,FALSE,0
"4931",8,"M",6,"Hispanic","High",2,0,0,0,0,0,0,0,0,0,1,"1",FALSE,1
"4932",7,"F",5,"Hispanic","High",2,0,0,0,0,0,0,0,0,1,4,"1",TRUE,0
"4933",7,"F",5,"Hispanic","High",2,0,0,0,0,0,NA,0,0,0,4,"1",NA,0
"4934",8,"F",5,"Hispanic","High",2,0,0,0,0,0,0,0,0,0,2,"1",FALSE,1
"4935",9,"F",5,"Hispanic","High",2,0,NA,NA,NA,NA,NA,NA,NA,NA,4,"1",NA,0
"4936",9,"M",6,"Hispanic","High",2,0,0,0,0,0,0,0,0,0,4,"1",FALSE,0
"4937",8,"M",5,"Hispanic","High",1,0,0,0,0,0,0,0,0,0,2,"1",FALSE,1
"4938",9,"M",6,"Hispanic","High",2,0,0,0,0,0,0,0,0,0,4,"1",FALSE,0
"4939",7,"F",5,"Hispanic","High",2,0,0,0,0,0,0,0,0,0,4,"1",FALSE,0
"4940",6,"M",4,"Hispanic","High",2,0,0,0,0,0,0,0,0,0,3,"1",FALSE,0
"4941",7,"M",4,"Hispanic","High",1,0,0,NA,0,0,0,0,0,0,3,"1",NA,0
"4942",7,"F",5,"Hispanic","High",2,0,0,0,0,0,0,0,0,0,4,"1",FALSE,0
"4943",9,"M",6,"Hispanic","High",2,0,0,0,0,0,0,0,0,0,3,NA,FALSE,0
"4944",9,"M",6,"Hispanic","High",2,0,0,0,0,0,0,0,0,1,4,"1",TRUE,0
"4945",10,"M",7,"Hispanic","High",1,0,0,NA,NA,NA,1,NA,NA,1,4,NA,TRUE,0
"4946",8,"F",5,"Hispanic","High",2,0,0,0,0,0,0,0,0,0,4,NA,FALSE,0
"4947",7,"F",5,"Hispanic","High",2,0,0,0,0,0,0,0,0,0,4,NA,FALSE,0
"4948",10,"F",6,"Hispanic","High",2,0,0,0,0,0,0,0,0,0,4,"1",FALSE,0
"4949",3,"M",1,"Hispanic","Middle",2,0,0,0,0,0,0,0,0,0,4,"1",FALSE,0
"4950",5,"M",1,"Black","Middle",NA,0,0,0,0,0,0,0,0,0,4,NA,FALSE,0
"4951",5,"M",1,NA,"Middle",2,0,0,0,NA,NA,0,NA,NA,0,3,"1",NA,0
"4952",4,"M",1,"Hispanic","Middle",2,0,0,NA,0,0,0,0,0,0,4,NA,NA,0
"4953",5,"M",1,"Hispanic","Middle",2,0,0,0,0,0,1,0,0,0,4,"1",TRUE,0
"4954",4,"F",1,"Hispanic","Middle",2,0,0,0,0,0,0,0,0,0,4,"1",FALSE,0
"4955",4,"M",1,"Hispanic","Middle",2,0,0,0,0,0,1,0,0,0,3,"1",TRUE,0
"4956",4,"M",2,"Hispanic","Middle",2,0,0,0,NA,NA,0,NA,NA,0,4,NA,NA,0
"4957",5,"M",1,"White","Middle",2,0,0,0,0,0,0,0,0,0,2,NA,FALSE,1
"4958",4,"M",1,NA,"Middle",2,0,0,0,0,0,0,0,0,0,4,"1",FALSE,0
"4959",4,"M",1,"Hispanic","Middle",1,0,0,0,0,0,0,0,0,0,4,NA,FALSE,0
"4960",4,"F",1,"Hispanic","Middle",2,0,0,0,0,0,0,0,0,0,4,"1",FALSE,0
"4961",5,"M",1,"Hispanic","Middle",2,0,0,0,0,0,0,0,0,0,4,"1",FALSE,0
"4962",3,"M",1,"Black","Middle",NA,0,NA,NA,0,0,0,0,0,NA,4,NA,NA,0
"4963",3,"F",1,"Black","Middle",2,0,0,0,0,0,0,0,0,0,4,"1",FALSE,0
"4964",4,"F",1,"Hispanic","Middle",2,0,0,0,0,0,0,0,0,0,4,"1",FALSE,0
"4965",3,"M",1,"Hispanic","Middle",2,0,0,0,0,0,0,0,0,0,4,NA,FALSE,0
"4966",4,"F",1,"Hispanic","Middle",2,0,0,0,0,0,0,0,0,0,4,"1",FALSE,0
"4967",4,"F",1,"Hispanic","Middle",2,0,0,0,0,0,0,0,0,0,1,NA,FALSE,1
"4968",3,"F",1,"Hispanic","Middle",2,0,0,0,0,0,0,0,0,0,4,"1",FALSE,0
"4969",4,"M",1,"Hispanic","Middle",2,0,0,0,0,0,0,0,0,0,4,"1",FALSE,0
"4970",4,"F",1,"Hispanic","Middle",2,0,0,0,0,0,0,0,0,0,1,NA,FALSE,1
"4971",4,"M",2,"Hispanic","Middle",2,0,0,0,0,0,0,0,0,0,4,NA,FALSE,0
"4972",6,"M",2,"Black","Middle",2,0,0,0,0,0,0,0,0,0,4,"1",FALSE,0
"4973",5,"M",2,"White","Middle",2,0,0,0,0,0,0,0,0,0,4,NA,FALSE,0
"4974",4,"F",2,"Hispanic","Middle",2,0,0,0,0,0,0,0,0,0,3,"1",FALSE,0
"4975",5,"F",2,"Hispanic","Middle",2,0,0,0,0,0,0,0,0,0,4,"1",FALSE,0
"4976",5,"F",2,"White","Middle",2,0,0,0,0,0,0,0,0,0,4,NA,FALSE,0
"4977",4,"F",2,"White","Middle",2,0,0,0,0,0,0,0,0,0,4,"1",FALSE,0
"4978",5,"F",2,"Hispanic","Middle",2,0,0,0,0,0,0,0,0,0,4,"1",FALSE,0
"4979",5,"F",2,"Hispanic","Middle",2,0,0,0,0,0,0,0,0,0,4,"1",FALSE,0
"4980",4,"M",2,"Hispanic","Middle",NA,0,0,0,0,0,0,0,0,0,4,"1",FALSE,0
"4981",6,"M",2,"Hispanic","Middle",2,0,0,0,0,0,0,0,0,0,4,"1",FALSE,0
"4982",5,"F",2,"Hispanic","Middle",2,0,0,0,0,0,0,0,0,0,4,"1",FALSE,0
"4983",5,"F",2,"Hispanic","Middle",1,0,0,0,0,0,1,0,0,0,4,"1",TRUE,0
"4984",5,"F",2,"Black","Middle",2,0,0,0,0,0,0,0,0,0,4,"1",FALSE,0
"4985",3,"M",2,"Hispanic","Middle",2,0,0,0,0,0,0,0,0,0,4,"1",FALSE,0
"4986",4,"F",2,"Hispanic","Middle",2,0,0,0,0,0,0,0,0,0,4,NA,FALSE,0
"4987",4,"F",2,"NHOPI","Middle",2,0,0,0,0,0,NA,0,0,0,4,NA,NA,0
"4988",5,"M",2,"Hispanic","Middle",2,0,0,0,0,0,0,0,0,0,2,NA,FALSE,1
"4989",6,"F",2,"Hispanic","Middle",2,0,0,0,0,0,0,0,0,0,2,"1",FALSE,1
"4990",4,"F",2,"Hispanic","Middle",2,0,0,0,0,0,0,0,0,1,2,NA,TRUE,1
"4991",6,"F",2,"Black","Middle",2,0,0,0,0,0,NA,0,0,0,4,NA,NA,0
"4992",5,"F",2,"Hispanic","Middle",2,0,0,NA,0,0,0,0,0,0,3,"1",NA,0
"4993",4,"F",2,"Hispanic","Middle",2,0,0,NA,NA,NA,0,NA,NA,0,NA,NA,NA,NA
"4994",4,"F",2,"Hispanic","Middle",2,0,0,0,0,0,0,0,0,0,1,"1",FALSE,1
"4995",6,"M",3,NA,"Middle",2,0,0,0,NA,NA,0,NA,NA,0,4,NA,NA,0
"4996",7,"F",3,"Hispanic","Middle",1,0,0,0,0,0,0,0,0,0,3,NA,FALSE,0
"4997",NA,NA,NA,"Hispanic",NA,1,NA,0,NA,NA,NA,0,NA,NA,0,4,NA,NA,0
"4998",6,"F",3,"Black","Middle",2,0,0,0,0,0,0,0,0,0,4,NA,FALSE,0
"4999",5,"M",3,"Hispanic","Middle",1,0,0,0,0,0,0,0,0,1,2,NA,TRUE,1
"5000",6,"M",3,"Hispanic","Middle",2,0,0,0,0,0,0,0,0,0,4,NA,FALSE,0
"5001",6,"F",3,"Hispanic","Middle",2,0,0,0,0,0,0,0,0,0,4,NA,FALSE,0
"5002",7,"M",3,"Hispanic","Middle",2,0,0,0,0,0,0,0,0,0,4,"1",FALSE,0
"5003",6,"F",3,NA,"Middle",2,0,0,0,0,0,0,0,0,0,4,"1",FALSE,0
"5004",7,"F",3,"Black","Middle",2,0,0,0,0,0,0,0,0,0,4,"1",FALSE,0
"5005",7,"M",3,"Black","Middle",1,NA,0,0,0,0,0,0,0,0,4,NA,NA,0
"5006",6,"M",3,"Hispanic","Middle",2,0,0,NA,0,0,0,0,0,0,4,NA,NA,0
"5007",6,"F",3,"Hispanic","Middle",2,0,0,0,0,0,1,0,0,0,4,"1",TRUE,0
"5008",7,"F",3,"Hispanic","Middle",1,0,0,0,0,0,0,0,0,1,2,"1",TRUE,1
"5009",7,"M",3,"Hispanic","Middle",2,0,0,0,0,0,0,0,0,0,4,"1",FALSE,0
"5010",5,"M",3,"Hispanic","Middle",2,0,0,0,0,0,0,0,0,0,4,NA,FALSE,0
"5011",6,"F",3,"Hispanic","Middle",2,0,0,0,0,0,0,0,0,0,4,"1",FALSE,0
"5012",5,"M",3,"Hispanic","Middle",2,0,0,0,NA,NA,0,NA,NA,0,3,"1",NA,0
"5013",6,"F",3,"Hispanic","Middle",2,0,0,0,0,0,0,0,0,0,2,NA,FALSE,1
"5014",6,"F",3,"Hispanic","Middle",2,0,0,0,0,0,0,0,0,0,2,"1",FALSE,1
"5015",3,"M",1,"Hispanic","Middle",2,0,0,0,0,0,0,0,0,0,4,NA,FALSE,0
"5016",5,"M",3,"Hispanic","Middle",2,0,0,0,0,0,0,0,0,0,3,NA,FALSE,0
"5017",9,"F",7,"Hispanic","High",2,0,0,0,0,0,0,0,0,0,4,"1",FALSE,0
"5018",7,"M",4,"Hispanic","High",NA,0,0,0,0,0,0,0,0,0,3,"1",FALSE,0
"5019",7,"F",4,"Hispanic","High",2,0,0,0,0,0,0,0,0,0,2,NA,FALSE,1
"5020",8,"M",6,"Hispanic","High",NA,0,0,0,0,0,1,0,0,1,2,NA,TRUE,1
"5021",7,"M",4,"Hispanic","High",1,0,0,NA,1,0,1,0,0,1,2,"1",TRUE,1
"5022",7,"M",4,"Hispanic","High",2,0,0,0,0,0,0,0,0,0,2,"1",FALSE,1
"5023",9,"M",6,"Hispanic","High",2,0,0,0,NA,NA,NA,NA,NA,NA,4,NA,NA,0
"5024",7,"F",4,"Asian","High",2,0,0,0,0,0,0,0,0,0,4,"1",FALSE,0
"5025",6,"F",4,"Black","High",2,0,0,0,0,0,0,0,0,0,4,"1",FALSE,0
"5026",9,"M",7,"NHOPI","High",2,0,0,0,NA,NA,NA,NA,NA,0,4,NA,NA,0
"5027",6,"F",4,"Hispanic","High",2,0,0,0,0,0,0,0,0,0,4,"1",FALSE,0
"5028",7,"F",4,"Hispanic","High",2,0,0,0,0,0,0,0,0,0,4,"1",FALSE,0
"5029",7,"F",4,"Hispanic","High",2,0,0,0,0,0,0,0,0,0,4,NA,FALSE,0
"5030",8,"F",5,"Hispanic","High",NA,0,0,0,NA,NA,0,NA,NA,0,NA,"1",NA,NA
"5031",7,"F",4,"Hispanic","High",2,0,0,0,0,0,0,0,0,0,3,"1",FALSE,0
"5032",7,"M",4,"Hispanic","High",2,0,0,NA,0,0,0,0,0,0,4,NA,NA,0
"5033",6,"F",4,"Hispanic","High",2,0,0,0,0,0,0,0,0,0,4,"1",FALSE,0
"5034",8,"F",6,"Hispanic","High",2,0,0,NA,0,0,0,0,0,0,4,"1",NA,0
"5035",8,"M",5,"White","High",2,0,0,0,0,0,0,0,0,0,4,"1",FALSE,0
"5036",8,"F",5,"Hispanic","High",2,0,0,0,0,0,0,0,0,0,3,"1",FALSE,0
"5037",7,"M",5,"Hispanic","High",2,0,0,0,0,0,0,0,0,0,4,"1",FALSE,0
"5038",8,"M",5,"Hispanic","High",2,0,0,0,0,0,0,0,0,0,4,"1",FALSE,0
"5039",7,"F",5,NA,"High",2,0,0,0,0,0,0,0,0,0,3,NA,FALSE,0
"5040",9,"F",5,"White","High",2,0,0,0,0,0,0,0,0,0,4,"1",FALSE,0
"5041",8,"M",5,"Hispanic","High",2,0,0,0,0,0,NA,0,0,0,4,"1",NA,0
"5042",7,"M",5,"Hispanic","High",2,0,0,0,0,0,0,0,0,0,4,NA,FALSE,0
"5043",7,"M",5,"Hispanic","High",2,0,0,0,0,0,0,0,0,0,2,NA,FALSE,1
"5044",7,"M",5,"Hispanic","High",2,0,0,0,0,0,0,0,0,0,4,"1",FALSE,0
"5045",8,NA,5,"Hispanic","High",2,0,0,0,NA,NA,NA,NA,NA,0,4,NA,NA,0
"5046",7,"F",5,"White","High",2,0,0,0,0,0,0,0,0,0,4,NA,FALSE,0
"5047",7,"F",5,"Hispanic","High",2,0,0,0,0,0,NA,0,0,0,1,NA,NA,1
"5048",8,NA,NA,NA,NA,NA,NA,NA,NA,NA,NA,NA,NA,NA,NA,1,NA,NA,1
"5049",9,"M",5,"White","High",2,0,0,0,0,0,0,0,0,0,4,"1",FALSE,0
"5050",7,"F",5,"Hispanic","High",2,0,0,0,0,0,0,0,0,0,2,"1",FALSE,1
"5051",8,"M",5,"Hispanic","High",2,0,0,0,0,0,0,0,0,0,2,"1",FALSE,1
"5052",8,"M",5,"Hispanic","High",2,0,0,0,0,0,0,0,0,0,4,"1",FALSE,0
"5053",8,"F",5,"White","High",2,0,0,0,0,0,0,0,0,0,4,"1",FALSE,0
"5054",8,"M",5,"Hispanic","High",2,0,0,0,NA,NA,0,NA,NA,0,4,"1",NA,0
"5055",9,"F",5,"Hispanic","High",2,0,0,0,0,0,0,0,0,0,4,"1",FALSE,0
"5056",8,"F",5,"Hispanic","High",2,0,0,0,0,0,0,0,0,0,4,"1",FALSE,0
"5057",9,"M",5,"Hispanic","High",2,0,0,0,0,0,0,0,0,0,4,"1",FALSE,0
"5058",8,"F",6,"Hispanic","High",2,0,0,0,0,0,0,0,0,0,4,NA,FALSE,0
"5059",9,"M",6,"Hispanic","High",2,0,0,0,0,0,0,0,0,0,4,"1",FALSE,0
"5060",9,"F",6,"Hispanic","High",1,0,0,0,0,0,0,0,0,0,2,"1",FALSE,1
"5061",7,"M",5,"White","High",1,0,NA,0,0,0,0,0,0,0,3,NA,NA,0
"5062",8,"F",6,"White","High",1,1,1,1,0,0,0,0,0,0,1,NA,TRUE,1
"5063",9,"M",6,"White","High",2,0,0,0,0,0,0,0,0,0,4,"1",FALSE,0
"5064",9,"M",6,"Hispanic","High",2,0,0,0,0,0,0,0,0,0,4,NA,FALSE,0
"5065",11,"M",7,"Hispanic","High",1,1,1,0,0,0,1,1,0,1,2,"1",TRUE,1
"5066",9,"F",6,"Hispanic","High",2,0,0,0,0,0,0,0,0,0,2,"1",FALSE,1
"5067",7,"M",5,"Hispanic","High",2,0,0,0,0,0,0,0,0,0,3,"1",FALSE,0
"5068",9,"M",6,"Hispanic","High",2,0,0,0,0,0,0,0,0,0,4,NA,FALSE,0
"5069",8,"F",6,"Hispanic","High",2,0,0,0,0,0,0,0,0,0,4,"1",FALSE,0
"5070",8,"M",6,"White","High",2,0,0,0,0,0,0,0,0,0,4,NA,FALSE,0
"5071",8,"F",6,"Hispanic","High",1,0,0,0,0,0,0,0,0,0,3,"1",FALSE,0
"5072",9,"M",6,"White","High",2,0,0,0,0,0,0,0,0,0,3,"1",FALSE,0
"5073",9,"M",6,"Hispanic","High",2,0,0,0,0,0,0,0,0,1,4,NA,TRUE,0
"5074",10,"M",7,"Hispanic","High",2,0,0,0,0,0,0,0,0,0,1,NA,FALSE,1
"5075",9,"F",7,"Hispanic","High",1,1,1,0,1,1,1,0,0,0,1,"1",TRUE,1
"5076",8,"M",6,"Hispanic","High",2,0,0,NA,0,0,0,0,0,0,4,NA,NA,0
"5077",9,"F",7,"Hispanic","High",2,0,0,0,0,0,0,0,0,0,3,"1",FALSE,0
"5078",9,"F",7,"Hispanic","High",2,0,0,0,0,0,0,0,0,0,4,NA,FALSE,0
"5079",9,"F",7,"Hispanic","High",2,0,0,0,0,0,0,0,0,0,2,NA,FALSE,1
"5080",10,"F",7,"Hispanic","High",2,0,0,0,0,0,0,0,0,0,2,"1",FALSE,1
"5081",9,"F",7,"Hispanic","High",2,0,0,0,0,0,0,0,0,0,4,"1",FALSE,0
"5082",10,"F",7,"Hispanic","High",2,0,0,0,0,0,0,0,0,1,4,NA,TRUE,0
"5083",9,"M",7,"White","High",2,0,0,0,0,0,0,0,0,0,4,NA,FALSE,0
"5084",10,"M",7,"Hispanic","High",2,0,0,0,0,0,0,0,0,0,4,"1",FALSE,0
"5085",10,"F",7,"Hispanic","High",2,0,0,0,0,0,0,0,0,0,2,"1",FALSE,1
"5086",9,"M",7,"White","High",2,0,0,0,0,0,0,0,0,0,4,"1",FALSE,0
"5087",10,"M",7,"Hispanic","High",2,0,0,NA,0,0,0,0,0,0,4,"1",NA,0
"5088",10,"M",7,"Hispanic","High",2,0,0,0,0,0,1,0,0,0,4,"1",TRUE,0
"5089",10,"F",7,"Hispanic","High",1,1,1,0,0,0,1,0,0,0,4,NA,TRUE,0
"5090",8,"M",7,"Hispanic","High",2,0,0,0,0,0,0,0,0,0,4,"1",FALSE,0
"5091",9,"M",7,"Hispanic","High",2,0,0,0,0,0,0,0,0,0,4,NA,FALSE,0
"5092",9,"F",7,"White","High",2,0,0,0,0,0,0,0,0,0,4,NA,FALSE,0
"5093",3,"F",1,"Hispanic","Middle",2,0,0,0,0,0,0,0,0,1,4,NA,TRUE,0
"5094",6,"M",3,"Hispanic","Middle",2,0,0,0,0,0,0,0,0,0,3,NA,FALSE,0
"5095",3,"F",1,NA,"Middle",2,0,0,0,0,0,0,0,0,0,4,"1",FALSE,0
"5096",5,"M",2,"Hispanic","Middle",2,0,0,0,0,0,0,0,0,0,4,"1",FALSE,0
"5097",3,"M",1,"Hispanic","Middle",2,0,0,0,0,0,0,0,0,0,3,"1",FALSE,0
"5098",6,"M",3,"White","Middle",2,0,0,0,0,0,0,0,0,0,4,"1",FALSE,0
"5099",3,"F",1,"Hispanic","Middle",2,0,0,0,0,0,0,0,0,0,4,NA,FALSE,0
"5100",5,"F",2,"Hispanic","Middle",2,0,0,0,0,0,0,0,0,0,4,"1",FALSE,0
"5101",4,"M",1,"Hispanic","Middle",2,0,0,0,0,0,0,0,0,0,2,"1",FALSE,1
"5102",3,"F",1,"Hispanic","Middle",2,0,0,0,0,0,0,0,0,0,4,"1",FALSE,0
"5103",4,"F",1,"AI/AN","Middle",2,0,0,0,0,0,0,0,0,0,4,"1",FALSE,0
"5104",4,"F",1,"Hispanic","Middle",2,0,0,0,0,0,0,0,0,0,4,"1",FALSE,0
"5105",4,"M",1,"Hispanic","Middle",2,0,0,0,0,0,0,0,0,0,4,"1",FALSE,0
"5106",5,"M",2,"White","Middle",2,0,0,0,0,0,0,0,0,0,3,"1",FALSE,0
"5107",5,"F",3,"AI/AN","Middle",2,0,0,0,0,0,0,0,0,0,4,NA,FALSE,0
"5108",5,"F",3,"Hispanic","Middle",2,0,0,0,0,0,0,0,0,0,4,"1",FALSE,0
"5109",4,"F",2,"White","Middle",2,0,0,0,0,0,0,0,0,0,4,"1",FALSE,0
"5110",5,"M",2,"White","Middle",2,0,0,0,0,0,0,0,0,0,4,"1",FALSE,0
"5111",5,"M",2,"Hispanic","Middle",2,0,0,0,0,0,0,0,0,0,1,NA,FALSE,1
"5112",5,"M",2,"Hispanic","Middle",2,0,0,0,0,0,0,0,0,0,3,"1",FALSE,0
"5113",5,"F",2,"Hispanic","Middle",2,0,0,0,0,0,0,0,0,0,4,"1",FALSE,0
"5114",5,"F",2,"Hispanic","Middle",2,0,0,0,0,0,0,0,0,0,4,"1",FALSE,0
"5115",5,"M",3,"Hispanic","Middle",2,0,0,0,0,0,0,0,0,0,3,"1",FALSE,0
"5116",4,"M",3,"White","Middle",2,0,0,0,0,0,0,0,0,0,4,"1",FALSE,0
"5117",6,"M",3,NA,"Middle",1,0,NA,0,0,0,0,0,1,0,1,"1",TRUE,1
"5118",4,"M",3,"Hispanic","Middle",2,0,0,0,0,0,0,0,0,0,4,"1",FALSE,0
"5119",4,"F",2,"Hispanic","Middle",2,0,0,0,0,0,0,0,0,0,3,"1",FALSE,0
"5120",5,"M",3,"White","Middle",2,0,0,0,0,0,0,0,0,0,3,NA,FALSE,0
"5121",5,"F",3,"Hispanic","Middle",2,0,0,0,0,0,0,0,0,0,2,"1",FALSE,1
"5122",4,"F",1,"Hispanic","Middle",2,0,0,0,0,0,0,0,0,0,4,"1",FALSE,0
"5123",4,"M",1,"Hispanic","Middle",2,0,0,0,0,0,0,0,0,0,4,"1",FALSE,0
"5124",5,"M",1,"White","Middle",2,0,0,0,0,0,0,0,0,0,4,NA,FALSE,0
"5125",4,"M",1,"White","Middle",NA,0,NA,NA,0,0,0,0,0,NA,4,NA,NA,0
"5126",4,"M",1,"Black","Middle",2,0,0,0,0,0,0,0,0,0,3,"1",FALSE,0
"5127",4,"F",1,"Hispanic","Middle",2,0,0,0,0,0,0,0,0,0,3,NA,FALSE,0
"5128",4,"F",1,"Hispanic","Middle",2,0,0,0,0,0,0,0,0,0,4,"1",FALSE,0
"5129",5,"M",1,"Hispanic","Middle",2,0,0,0,0,0,0,0,0,0,4,"1",FALSE,0
"5130",4,"M",1,"Hispanic","Middle",2,0,0,0,0,0,0,0,0,0,4,NA,FALSE,0
"5131",4,"F",1,"Hispanic","Middle",2,0,0,NA,0,0,0,0,0,0,4,"1",NA,0
"5132",5,"F",3,"Hispanic","Middle",2,0,0,0,0,0,NA,0,0,0,4,"1",NA,0
"5133",3,"M",1,"Hispanic","Middle",2,0,0,0,0,0,0,0,0,0,4,"1",FALSE,0
"5134",5,"F",2,"Hispanic","Middle",2,0,0,0,0,0,NA,0,0,0,4,NA,NA,0
"5135",4,"M",3,"Hispanic","Middle",2,0,0,0,0,0,0,0,0,0,4,"1",FALSE,0
"5136",5,"M",3,"Black","Middle",2,0,0,0,0,0,0,0,0,0,1,"1",FALSE,1
"5137",4,"F",3,"White","Middle",2,0,0,0,0,0,0,0,0,0,4,"1",FALSE,0
"5138",4,"M",3,"Hispanic","Middle",2,0,0,0,0,0,0,0,0,0,4,"1",FALSE,0
"5139",4,"F",3,"Hispanic","Middle",2,0,0,0,0,0,0,0,0,0,4,"1",FALSE,0
"5140",4,"M",3,"Hispanic","Middle",2,0,0,0,0,0,0,0,0,0,4,NA,FALSE,0
"5141",7,"F",4,"White","High",1,1,1,0,0,0,0,0,0,1,1,NA,TRUE,1
"5142",9,"M",4,"Hispanic","High",2,0,0,NA,0,0,0,0,0,0,2,NA,NA,1
"5143",10,"M",6,"Black","High",2,0,0,0,0,0,0,0,0,0,4,"1",FALSE,0
"5144",9,"F",7,"Hispanic","High",2,0,0,0,0,0,0,0,0,0,4,NA,FALSE,0
"5145",11,"M",7,"Asian","High",2,0,0,0,0,0,0,0,0,0,2,NA,FALSE,1
"5146",10,"F",7,"White","High",2,0,0,0,0,0,0,0,0,0,4,"1",FALSE,0
"5147",11,"M",7,NA,"High",NA,1,NA,NA,0,0,0,0,0,1,1,"1",TRUE,1
"5148",10,"F",7,"White","High",NA,1,NA,0,0,0,0,1,0,0,1,NA,TRUE,1
"5149",10,"F",7,"Black","High",1,NA,NA,1,0,0,1,0,0,NA,4,"1",TRUE,0
"5150",10,"M",7,"White","High",1,0,0,0,0,0,0,0,0,0,2,NA,FALSE,1
"5151",10,"F",7,"White","High",2,0,0,0,0,0,0,0,0,0,4,"1",FALSE,0
"5152",10,"M",7,"White","High",1,0,1,0,0,0,0,0,0,1,3,NA,TRUE,0
"5153",9,"F",7,"White","High",2,0,0,0,0,0,0,0,0,0,4,NA,FALSE,0
"5154",10,"M",7,"White","High",2,0,0,0,0,0,0,0,0,0,4,NA,FALSE,0
"5155",6,"F",4,"Black","High",1,NA,1,0,0,0,0,0,0,0,3,"1",TRUE,0
"5156",10,"M",6,"Black","High",2,0,0,0,0,0,0,0,0,0,4,"1",FALSE,0
"5157",9,"F",6,"Black","High",2,0,0,0,0,0,0,0,0,0,2,"1",FALSE,1
"5158",10,"F",7,"Hispanic","High",2,0,0,0,0,0,0,0,0,0,4,"1",FALSE,0
"5159",10,"F",7,"White","High",2,0,0,0,0,0,0,0,0,0,4,"1",FALSE,0
"5160",8,"M",6,"White","High",2,0,0,0,0,0,0,0,0,0,4,NA,FALSE,0
"5161",10,"F",6,"White","High",2,0,0,0,0,0,0,0,0,0,4,NA,FALSE,0
"5162",9,"M",6,"White","High",2,0,0,0,0,0,0,0,0,0,4,NA,FALSE,0
"5163",8,"F",6,"Hispanic","High",1,1,1,0,0,0,0,0,0,1,1,"1",TRUE,1
"5164",9,"M",6,NA,"High",1,0,0,0,0,0,NA,0,0,0,1,NA,NA,1
"5165",8,"F",6,"Black","High",2,0,0,0,0,0,0,0,0,0,4,NA,FALSE,0
"5166",9,"F",6,"Black","High",2,0,0,0,0,0,0,0,0,0,4,NA,FALSE,0
"5167",8,"F",6,"Hispanic","High",2,0,0,0,0,0,0,0,0,0,2,"1",FALSE,1
"5168",9,"F",7,"Hispanic","High",1,0,1,0,0,0,0,0,0,1,4,"1",TRUE,0
"5169",10,"M",7,"Black","High",2,0,0,0,0,0,0,0,0,0,4,"1",FALSE,0
"5170",10,"M",7,"Black","High",2,0,0,0,0,0,0,0,0,0,4,"1",FALSE,0
"5171",10,"F",7,"Hispanic","High",2,0,0,NA,0,0,0,0,0,0,4,NA,NA,0
"5172",9,"F",7,"White","High",2,0,0,0,0,0,0,0,0,0,4,"1",FALSE,0
"5173",9,"M",7,"White","High",1,0,1,0,NA,NA,1,NA,NA,1,4,NA,TRUE,0
"5174",1,"M",7,"Black","High",2,0,0,0,0,0,0,0,0,0,4,"1",FALSE,0
"5175",9,"M",7,"Hispanic","High",2,0,0,0,0,0,0,0,0,0,4,NA,FALSE,0
"5176",10,"M",7,"White","High",2,0,0,0,0,0,0,0,0,0,4,"1",FALSE,0
"5177",9,"M",5,"Black","High",2,0,0,0,0,0,0,0,0,0,4,"1",FALSE,0
"5178",7,"M",4,"Hispanic","High",2,0,0,0,0,0,0,0,0,0,4,"1",FALSE,0
"5179",6,"M",4,"White","High",2,0,0,1,0,0,NA,0,0,0,2,NA,TRUE,1
"5180",7,"M",4,"Hispanic","High",NA,NA,NA,NA,0,0,0,0,0,0,1,NA,NA,1
"5181",7,"M",4,"White","High",2,0,0,0,0,0,0,0,0,0,3,"1",FALSE,0
"5182",6,"M",4,"Black","High",1,0,0,0,0,0,0,0,0,0,3,"1",FALSE,0
"5183",6,"M",4,"White","High",2,0,0,0,0,0,0,0,0,0,2,"1",FALSE,1
"5184",7,"M",4,"Hispanic","High",2,0,0,0,0,0,0,0,0,0,4,"1",FALSE,0
"5185",7,"M",4,"White","High",2,0,0,0,0,0,0,0,0,0,4,NA,FALSE,0
"5186",7,"F",4,"Hispanic","High",1,0,0,0,0,0,0,0,0,0,2,NA,FALSE,1
"5187",7,"M",4,"White","High",2,0,0,0,0,0,0,0,0,0,2,NA,FALSE,1
"5188",6,"M",4,"White","High",2,0,0,0,0,0,0,0,0,0,1,NA,FALSE,1
"5189",6,"F",4,"Black","High",2,0,0,0,0,0,0,0,0,0,4,NA,FALSE,0
"5190",6,"F",4,"Black","High",2,0,0,0,0,0,0,0,0,0,4,NA,FALSE,0
"5191",7,"F",4,"White","High",NA,0,NA,NA,0,0,0,0,0,NA,4,"1",NA,0
"5192",6,"F",4,"White","High",2,0,0,0,0,0,0,0,0,0,4,NA,FALSE,0
"5193",6,"F",4,"White","High",1,1,0,0,0,0,0,1,0,1,1,NA,TRUE,1
"5194",7,"M",4,"White","High",1,0,0,0,0,0,0,0,0,0,4,NA,FALSE,0
"5195",9,"M",6,"Hispanic","High",2,0,0,0,0,0,0,0,0,1,1,"1",TRUE,1
"5196",8,"M",6,"Black","High",2,0,0,0,0,0,0,0,0,0,2,"1",FALSE,1
"5197",9,"F",6,"Black","High",1,0,0,0,0,0,0,0,0,0,4,"1",FALSE,0
"5198",9,"F",6,"Hispanic","High",1,0,1,0,0,0,0,0,0,0,2,"1",TRUE,1
"5199",9,"M",6,"White","High",1,1,1,0,0,0,0,0,0,1,3,"1",TRUE,0
"5200",6,"F",4,"Black","High",2,0,0,0,NA,NA,0,NA,NA,0,3,NA,NA,0
"5201",7,"F",4,"AI/AN","High",2,1,0,0,0,0,0,0,0,1,1,NA,TRUE,1
"5202",9,"M",6,"Asian","High",2,0,0,0,0,0,0,0,0,0,3,"1",FALSE,0
"5203",9,"F",6,"White","High",1,0,0,0,0,0,0,0,0,0,1,NA,FALSE,1
"5204",6,"M",4,"White","High",2,0,0,0,0,0,0,0,0,0,4,NA,FALSE,0
"5205",7,"F",4,NA,"High",2,0,0,0,0,0,0,0,0,0,4,"1",FALSE,0
"5206",7,"M",4,"White","High",2,0,0,0,0,0,0,0,0,0,4,"1",FALSE,0
"5207",8,"F",4,"Black","High",2,0,0,0,0,0,0,0,0,0,2,"1",FALSE,1
"5208",7,"M",4,"Hispanic","High",2,0,0,0,0,0,0,0,0,0,3,"1",FALSE,0
"5209",7,"F",5,"Hispanic","High",2,0,0,0,0,0,0,0,0,0,4,NA,FALSE,0
"5210",8,"M",5,"White","High",2,0,0,0,0,0,0,0,0,0,4,NA,FALSE,0
"5211",8,"M",5,"Black","High",2,0,0,0,0,0,0,0,0,0,2,"1",FALSE,1
"5212",9,"M",5,"Hispanic","High",2,0,0,0,0,0,0,0,0,0,4,"1",FALSE,0
"5213",7,"M",4,"Black","High",2,0,0,0,0,0,0,0,0,0,4,"1",FALSE,0
"5214",8,"F",5,"White","High",1,0,1,0,0,0,1,0,0,1,4,"1",TRUE,0
"5215",9,"F",7,"White","High",2,0,0,NA,NA,NA,NA,NA,NA,NA,4,"1",NA,0
"5216",9,"M",6,"White","High",1,0,1,NA,0,0,0,0,0,0,4,"1",TRUE,0
"5217",8,"F",5,"White","High",2,0,0,0,0,0,0,0,0,0,2,NA,FALSE,1
"5218",7,"M",5,"White","High",2,0,0,0,0,0,0,0,0,0,4,NA,FALSE,0
"5219",8,"F",5,"Hispanic","High",2,0,0,0,0,0,0,0,0,0,4,"1",FALSE,0
"5220",8,"M",5,"White","High",1,0,0,0,0,0,0,0,0,1,1,NA,TRUE,1
"5221",9,"M",5,"Hispanic","High",1,0,0,0,0,0,0,0,0,0,3,NA,FALSE,0
"5222",8,"F",5,"Hispanic","High",2,0,0,0,1,0,1,0,0,0,4,"1",TRUE,0
"5223",8,"F",5,"Hispanic","High",1,0,1,0,0,0,NA,0,0,1,2,NA,TRUE,1
"5224",8,"M",5,"Hispanic","High",1,NA,NA,1,0,0,0,0,0,NA,2,NA,TRUE,1
"5225",8,"M",5,"Hispanic","High",2,1,0,0,0,0,1,0,0,NA,1,NA,TRUE,1
"5226",8,"M",5,"Black","High",2,0,0,0,0,0,0,0,0,0,4,"1",FALSE,0
"5227",8,"M",5,"Black","High",2,0,0,0,0,0,0,0,0,0,4,"1",FALSE,0
"5228",9,"M",5,"White","High",2,0,0,0,0,0,0,0,0,1,4,"1",TRUE,0
"5229",10,"F",7,"White","High",2,0,0,0,0,0,0,0,0,0,4,NA,FALSE,0
"5230",8,"M",5,"AI/AN","High",1,0,0,0,0,0,0,0,0,0,4,"1",FALSE,0
"5231",7,"M",5,"White","High",2,0,0,0,0,1,1,0,0,0,4,NA,TRUE,0
"5232",10,"F",7,"White","High",2,1,0,0,0,0,1,1,0,1,1,"1",TRUE,1
"5233",10,"F",7,"White","High",1,1,1,NA,0,0,0,0,0,1,4,NA,TRUE,0
"5234",10,"M",7,"White","High",2,0,0,0,0,0,0,0,0,0,4,"1",FALSE,0
"5235",9,"F",7,"White","High",2,0,0,0,0,0,0,0,0,0,2,"1",FALSE,1
"5236",10,"F",7,"White","High",2,0,0,0,0,0,0,0,0,0,4,"1",FALSE,0
"5237",10,"F",7,"White","High",1,0,0,0,0,0,0,0,0,0,1,NA,FALSE,1
"5238",10,"F",7,"White","High",2,0,0,NA,0,0,0,0,0,1,4,"1",TRUE,0
"5239",10,"F",7,"Asian","High",2,0,0,0,0,0,0,0,0,0,1,NA,FALSE,1
"5240",9,"M",7,"White","High",2,0,0,0,0,0,0,0,0,0,4,"1",FALSE,0
"5241",9,"F",7,"White","High",2,0,0,0,0,0,0,0,0,0,4,"1",FALSE,0
"5242",9,"M",7,"Hispanic","High",2,0,0,0,0,0,1,0,0,1,2,NA,TRUE,1
"5243",9,"F",7,"Asian","High",2,0,0,0,0,0,0,0,0,0,2,NA,FALSE,1
"5244",10,"M",7,"Asian","High",1,1,0,0,0,0,0,0,0,1,1,"1",TRUE,1
"5245",10,"F",7,"Hispanic","High",1,0,0,0,0,0,0,0,0,1,4,NA,TRUE,0
"5246",10,"F",7,"Hispanic","High",2,0,0,0,0,0,0,0,0,0,4,"1",FALSE,0
"5247",10,"F",7,"Hispanic","High",1,1,1,NA,0,0,NA,0,0,NA,4,"1",TRUE,0
"5248",9,"M",7,"White","High",2,0,0,0,0,0,0,0,0,0,4,"1",FALSE,0
"5249",10,"M",7,"White","High",2,0,0,0,0,0,0,0,0,0,4,NA,FALSE,0
"5250",9,"M",7,"White","High",1,0,1,1,NA,NA,1,NA,NA,1,2,NA,TRUE,1
"5251",10,"F",7,"Black","High",2,0,0,0,0,0,0,0,0,0,4,"1",FALSE,0
"5252",9,"F",6,"Hispanic","High",2,0,0,0,0,0,0,0,0,0,4,"1",FALSE,0
"5253",7,"F",5,"White","High",2,0,0,0,0,0,0,0,0,0,4,NA,FALSE,0
"5254",9,"M",7,"White","High",2,0,0,0,0,0,0,0,0,0,4,"1",FALSE,0
"5255",10,"M",7,"Asian","High",2,0,0,0,0,0,0,0,0,0,2,NA,FALSE,1
"5256",9,"M",7,"White","High",2,0,NA,0,0,0,0,0,0,0,4,NA,NA,0
"5257",10,"F",7,NA,"High",2,0,0,0,0,0,0,0,0,0,3,NA,FALSE,0
"5258",9,"F",6,"White","High",2,0,0,0,0,0,0,0,0,0,2,"1",FALSE,1
"5259",9,"F",6,"White","High",1,0,1,0,0,0,0,0,0,1,2,NA,TRUE,1
"5260",9,"F",6,"Black","High",2,0,0,0,0,0,0,0,0,0,4,"1",FALSE,0
"5261",9,"M",6,"White","High",1,0,1,0,0,0,0,0,0,0,4,NA,TRUE,0
"5262",8,"M",6,"White","High",2,0,0,1,0,0,0,0,0,1,4,"1",TRUE,0
"5263",9,"M",6,"White","High",2,0,0,0,0,0,0,0,0,0,4,"1",FALSE,0
"5264",9,"F",6,"White","High",1,0,1,0,0,0,0,0,0,1,3,NA,TRUE,0
"5265",8,"F",6,"White","High",2,0,0,0,0,0,0,0,0,0,4,NA,FALSE,0
"5266",9,"F",6,NA,"High",2,0,0,0,0,0,0,0,0,0,2,NA,FALSE,1
"5267",9,"F",6,"White","High",2,0,0,0,0,0,0,0,0,0,2,NA,FALSE,1
"5268",8,"M",6,NA,"High",2,0,0,0,0,0,0,0,0,0,4,"1",FALSE,0
"5269",9,"F",6,NA,"High",2,0,0,0,0,0,0,0,0,1,4,"1",TRUE,0
"5270",9,"M",7,"White","High",2,0,0,0,0,0,0,0,0,0,4,"1",FALSE,0
"5271",9,"M",7,"White","High",2,0,0,0,0,0,0,0,0,1,2,"1",TRUE,1
"5272",9,"F",7,"White","High",2,0,0,0,0,0,0,0,0,0,4,"1",FALSE,0
"5273",10,"F",7,"White","High",1,0,0,0,0,0,1,0,0,1,4,"1",TRUE,0
"5274",9,"F",7,"White","High",1,0,0,NA,0,0,0,0,0,0,4,"1",NA,0
"5275",8,"M",6,"White","High",2,0,0,0,0,0,0,0,0,0,4,NA,FALSE,0
"5276",8,"M",6,"White","High",2,0,0,0,0,0,0,0,0,0,2,"1",FALSE,1
"5277",8,"F",6,"White","High",2,0,0,0,0,0,0,0,0,1,2,NA,TRUE,1
"5278",9,"F",6,"Black","High",2,0,0,0,0,0,0,0,0,0,4,"1",FALSE,0
"5279",9,"F",6,"Hispanic","High",2,0,0,0,0,0,0,0,0,0,4,NA,FALSE,0
"5280",8,"M",6,"White","High",2,0,0,0,0,0,0,0,0,0,4,NA,FALSE,0
"5281",9,"M",6,"White","High",2,0,0,0,0,0,0,0,0,0,4,"1",FALSE,0
"5282",8,"M",6,"Asian","High",2,0,0,0,0,0,0,0,0,1,4,"1",TRUE,0
"5283",10,"M",6,"White","High",1,0,1,0,0,0,0,0,0,1,1,NA,TRUE,1
"5284",8,"F",6,"Hispanic","High",2,0,0,0,0,0,0,0,0,0,4,"1",FALSE,0
"5285",9,"F",6,"White","High",1,0,0,0,0,0,0,0,0,1,1,NA,TRUE,1
"5286",9,"M",6,"Hispanic","High",1,0,1,0,0,0,0,0,0,1,4,NA,TRUE,0
"5287",9,"M",6,"White","High",1,0,0,1,0,0,1,0,0,1,2,NA,TRUE,1
"5288",8,"M",6,"White","High",2,0,0,0,0,0,0,0,0,1,4,"1",TRUE,0
"5289",8,"M",6,"White","High",2,0,0,0,0,0,0,0,0,0,4,NA,FALSE,0
"5290",9,"F",6,"White","High",2,0,0,0,0,0,0,0,0,0,2,NA,FALSE,1
"5291",8,"M",6,"Black","High",2,0,0,0,0,0,0,0,0,0,4,NA,FALSE,0
"5292",9,"M",6,"White","High",1,1,0,0,0,0,0,0,0,1,2,"1",TRUE,1
"5293",9,"F",6,"White","High",2,0,0,0,0,0,0,0,0,1,3,"1",TRUE,0
"5294",8,"M",6,"White","High",1,0,1,0,0,0,0,0,0,1,2,"1",TRUE,1
"5295",9,"F",6,"White","High",1,0,1,0,0,0,0,0,0,0,2,NA,TRUE,1
"5296",9,"M",6,"Hispanic","High",2,0,0,0,0,0,0,0,0,0,4,"1",FALSE,0
"5297",9,"M",6,"White","High",2,0,0,0,0,0,0,0,0,0,4,"1",FALSE,0
"5298",8,"M",5,"Hispanic","High",2,0,0,0,0,0,0,0,0,0,4,"1",FALSE,0
"5299",1,"M",5,"AI/AN","High",NA,1,NA,NA,1,0,1,0,0,NA,1,NA,TRUE,1
"5300",8,"M",5,"Black","High",2,0,0,0,0,0,0,0,0,0,3,"1",FALSE,0
"5301",7,"F",5,"Black","High",2,0,0,0,0,0,0,0,0,0,4,"1",FALSE,0
"5302",8,"M",5,"White","High",2,0,0,0,0,0,0,0,0,0,4,"1",FALSE,0
"5303",7,"F",5,"White","High",1,0,1,0,0,0,0,0,0,0,4,NA,TRUE,0
"5304",7,"F",5,"White","High",2,0,0,0,0,0,0,0,0,0,2,NA,FALSE,1
"5305",8,"F",5,"White","High",2,0,0,0,0,0,0,0,0,0,4,"1",FALSE,0
"5306",8,"M",5,NA,"High",2,0,0,0,0,0,0,0,0,0,4,"1",FALSE,0
"5307",8,"F",5,"White","High",1,0,0,0,0,0,0,0,0,0,2,"1",FALSE,1
"5308",7,"M",5,"Black","High",2,0,0,0,0,0,0,0,0,0,4,"1",FALSE,0
"5309",7,"M",5,"Hispanic","High",2,0,0,0,0,0,0,0,0,0,4,"1",FALSE,0
"5310",8,"F",5,"White","High",2,0,0,0,0,0,0,0,0,0,3,"1",FALSE,0
"5311",8,"M",5,"White","High",2,0,0,0,0,0,0,0,0,0,4,NA,FALSE,0
"5312",8,"F",5,"Black","High",2,0,0,0,0,0,0,0,0,0,4,"1",FALSE,0
"5313",8,"M",5,"Black","High",2,0,0,0,0,0,0,0,0,0,4,"1",FALSE,0
"5314",8,"M",5,"White","High",2,0,0,0,0,0,0,0,0,0,4,NA,FALSE,0
"5315",8,"M",5,"Black","High",2,0,0,0,0,0,0,0,0,0,4,NA,FALSE,0
"5316",7,"F",4,"White","High",2,0,0,0,0,0,0,0,0,0,4,"1",FALSE,0
"5317",6,"F",4,"White","High",2,0,0,0,0,0,0,0,0,0,4,"1",FALSE,0
"5318",7,"M",4,"Black","High",2,0,0,0,0,0,0,0,0,0,4,"1",FALSE,0
"5319",NA,NA,NA,NA,NA,NA,0,0,0,NA,NA,NA,NA,NA,NA,NA,NA,NA,NA
"5320",7,"F",4,"White","High",2,0,0,0,0,0,0,0,0,0,4,"1",FALSE,0
"5321",7,"M",4,"White","High",2,0,0,0,0,0,1,0,0,0,2,NA,TRUE,1
"5322",8,"M",4,NA,"High",2,NA,0,0,0,0,0,0,0,1,2,"1",TRUE,1
"5323",7,"F",4,"Black","High",2,0,0,0,0,0,0,0,0,0,4,NA,FALSE,0
"5324",7,"M",4,"White","High",2,0,0,0,0,0,0,0,0,0,3,NA,FALSE,0
"5325",7,"M",4,"White","High",2,0,0,0,0,0,0,0,0,0,4,"1",FALSE,0
"5326",8,"F",4,"White","High",2,0,0,0,0,0,0,0,0,0,4,NA,FALSE,0
"5327",6,"F",4,"White","High",NA,0,0,0,0,0,0,0,0,0,4,NA,FALSE,0
"5328",7,"M",4,"Hispanic","High",2,0,0,0,0,0,0,0,0,NA,4,"1",NA,0
"5329",7,"M",4,"White","High",2,0,0,0,0,0,0,0,0,0,4,"1",FALSE,0
"5330",8,"M",5,"White","High",2,0,0,0,0,0,0,0,0,0,3,"1",FALSE,0
"5331",8,"M",5,"White","High",NA,0,0,0,0,0,0,0,0,0,4,"1",FALSE,0
"5332",NA,NA,NA,NA,NA,2,0,NA,NA,NA,NA,NA,NA,NA,NA,3,NA,NA,0
"5333",7,"F",5,"White","High",1,0,0,0,0,0,0,0,0,1,4,NA,TRUE,0
"5334",8,"M",5,"Black","High",2,0,0,0,0,0,0,0,0,0,4,NA,FALSE,0
"5335",8,"M",5,"White","High",2,0,0,0,0,0,0,0,0,0,4,NA,FALSE,0
"5336",8,"F",5,"Hispanic","High",2,0,0,0,0,0,0,0,0,0,4,"1",FALSE,0
"5337",8,"F",5,"White","High",2,0,0,0,0,0,0,0,0,0,4,NA,FALSE,0
"5338",8,"F",5,"White","High",2,0,0,0,0,0,0,0,0,0,4,"1",FALSE,0
"5339",8,"F",5,"White","High",2,0,0,0,0,0,0,0,0,0,4,"1",FALSE,0
"5340",7,"M",5,"White","High",2,0,0,0,0,0,0,0,0,0,4,NA,FALSE,0
"5341",7,"M",5,"White","High",2,0,0,0,0,0,0,0,0,0,4,"1",FALSE,0
"5342",7,"M",6,"Hispanic","High",2,0,0,0,0,0,0,0,0,0,1,NA,FALSE,1
"5343",8,"M",5,"White","High",2,0,0,0,0,0,0,0,0,0,4,"1",FALSE,0
"5344",8,"M",5,"Hispanic","High",2,0,0,0,0,0,0,0,0,0,4,"1",FALSE,0
"5345",7,"F",5,"Asian","High",2,0,0,0,0,0,0,0,0,0,4,"1",FALSE,0
"5346",7,"F",5,"White","High",2,0,0,0,0,0,0,0,0,0,4,NA,FALSE,0
"5347",7,"F",5,"Asian","High",2,0,0,0,0,0,0,0,0,0,4,"1",FALSE,0
"5348",8,"F",5,"White","High",1,0,1,0,0,0,0,0,0,1,1,"1",TRUE,1
"5349",8,"F",5,"White","High",1,1,0,0,0,0,0,0,0,1,2,"1",TRUE,1
"5350",8,"F",5,"White","High",1,0,0,0,0,0,0,0,0,1,2,"1",TRUE,1
"5351",6,"M",4,"Asian","High",2,0,0,0,0,0,0,0,0,0,4,"1",FALSE,0
"5352",8,"F",4,"White","High",2,0,0,0,0,0,0,0,0,0,2,NA,FALSE,1
"5353",7,"M",4,NA,"High",2,0,0,0,0,0,0,0,0,0,4,"1",FALSE,0
"5354",8,"F",4,"Hispanic","High",2,0,0,0,0,0,0,0,0,0,4,"1",FALSE,0
"5355",6,"M",4,"Black","High",2,0,0,0,NA,NA,0,NA,NA,0,3,NA,NA,0
"5356",7,"F",4,"Hispanic","High",2,0,0,0,0,0,0,0,0,0,1,NA,FALSE,1
"5357",7,"M",4,"White","High",2,0,0,0,0,0,0,0,0,0,4,NA,FALSE,0
"5358",6,"M",4,"White","High",2,0,0,0,0,0,0,0,0,0,4,"1",FALSE,0
"5359",6,"F",4,"White","High",2,0,0,0,0,0,0,0,0,0,3,NA,FALSE,0
"5360",8,"F",4,NA,"High",1,0,0,0,0,0,0,0,0,0,2,"1",FALSE,1
"5361",6,"F",4,"Black","High",2,0,0,0,0,0,0,0,0,0,4,"1",FALSE,0
"5362",7,"M",4,"White","High",2,0,0,0,0,0,0,0,0,0,4,"1",FALSE,0
"5363",6,"M",4,"White","High",2,0,0,0,0,0,0,0,0,0,4,"1",FALSE,0
"5364",7,"M",4,"Asian","High",2,0,0,0,0,0,0,0,0,0,4,"1",FALSE,0
"5365",7,"F",4,"Black","High",2,0,0,0,0,0,0,0,0,0,4,"1",FALSE,0
"5366",7,"M",4,"Asian","High",2,0,0,0,0,0,0,0,0,0,4,"1",FALSE,0
"5367",6,"M",4,NA,"High",2,0,0,0,0,0,0,0,0,0,4,NA,FALSE,0
"5368",7,"M",4,"Black","High",2,0,0,0,0,0,0,0,0,0,4,"1",FALSE,0
"5369",6,"M",4,"White","High",2,0,0,0,0,0,0,0,0,0,4,NA,FALSE,0
"5370",6,"M",4,"Black","High",2,0,0,0,0,0,0,0,0,0,3,"1",FALSE,0
"5371",8,"M",4,"Black","High",1,0,1,0,0,0,0,0,0,0,4,NA,TRUE,0
"5372",8,"M",4,NA,"High",2,0,0,0,0,0,0,0,0,0,3,NA,FALSE,0
"5373",7,"M",4,"Black","High",2,0,0,0,0,0,0,0,0,0,3,"1",FALSE,0
"5374",8,"F",4,"Hispanic","High",2,0,0,0,0,0,0,0,0,0,4,"1",FALSE,0
"5375",7,"M",4,"Hispanic","High",2,0,0,0,0,0,0,0,0,1,4,"1",TRUE,0
"5376",7,"M",4,"Asian","High",2,0,0,0,0,0,0,0,0,0,2,NA,FALSE,1
"5377",7,"M",4,"White","High",2,0,0,0,0,0,0,0,0,0,2,"1",FALSE,1
"5378",7,"M",4,"White","High",2,0,0,0,0,0,0,0,0,0,1,"1",FALSE,1
"5379",6,"M",4,NA,"High",NA,0,NA,NA,NA,NA,NA,NA,NA,NA,4,NA,NA,0
"5380",6,"M",4,"White","High",2,0,0,0,0,0,0,0,0,0,3,"1",FALSE,0
"5381",6,"M",4,"White","High",2,0,0,0,0,0,0,0,0,0,4,"1",FALSE,0
"5382",7,"F",4,"White","High",2,0,0,NA,NA,NA,NA,NA,NA,NA,4,NA,NA,0
"5383",7,"M",4,"White","High",2,0,0,0,0,0,0,0,0,0,4,"1",FALSE,0
"5384",6,"M",4,"White","High",2,0,0,0,0,0,0,0,0,0,4,"1",FALSE,0
"5385",10,"M",7,"Asian","High",2,0,0,0,0,0,0,0,0,0,4,"1",FALSE,0
"5386",10,"M",7,"White","High",2,0,NA,0,0,0,0,0,0,0,4,NA,NA,0
"5387",4,"M",2,NA,"Middle",2,0,0,0,0,0,0,0,0,0,2,"1",FALSE,1
"5388",4,"M",2,"Asian","Middle",2,0,0,0,0,0,0,0,0,0,4,"1",FALSE,0
"5389",4,"F",2,"White","Middle",2,0,0,0,0,0,0,0,0,0,3,NA,FALSE,0
"5390",4,"F",2,"White","Middle",2,0,0,0,0,0,0,0,0,0,3,"1",FALSE,0
"5391",5,"M",2,"White","Middle",2,0,0,NA,0,0,0,0,0,0,4,"1",NA,0
"5392",4,"M",2,"White","Middle",2,0,0,0,0,0,0,0,0,0,4,NA,FALSE,0
"5393",5,"M",2,"Hispanic","Middle",1,0,0,0,0,0,1,0,0,0,2,NA,TRUE,1
"5394",4,"F",2,"White","Middle",2,0,0,0,0,0,0,0,0,0,3,"1",FALSE,0
"5395",6,"F",2,"White","Middle",2,0,0,0,0,0,0,0,0,0,4,"1",FALSE,0
"5396",4,"M",2,"White","Middle",2,0,0,0,0,0,0,0,0,0,2,NA,FALSE,1
"5397",4,"M",2,"White","Middle",2,0,0,0,0,0,0,0,0,0,4,"1",FALSE,0
"5398",5,"M",2,NA,"Middle",2,0,0,0,0,0,0,0,0,0,4,"1",FALSE,0
"5399",4,"M",2,"White","Middle",2,0,0,0,0,0,0,0,0,0,3,"1",FALSE,0
"5400",4,"F",1,"Hispanic","Middle",2,0,0,0,0,0,0,0,0,0,4,NA,FALSE,0
"5401",4,"F",2,"White","Middle",2,0,0,0,0,0,0,0,0,NA,4,NA,NA,0
"5402",5,"M",2,NA,"Middle",2,0,0,0,0,0,0,0,0,0,2,NA,FALSE,1
"5403",4,"M",2,"White","Middle",2,0,0,0,0,0,0,0,0,0,3,NA,FALSE,0
"5404",5,"M",2,"Hispanic","Middle",2,0,0,0,0,0,0,0,0,0,1,NA,FALSE,1
"5405",3,"F",1,"White","Middle",2,0,0,0,0,0,0,0,0,0,4,"1",FALSE,0
"5406",4,"F",1,"Hispanic","Middle",2,0,0,0,0,0,0,0,0,0,4,"1",FALSE,0
"5407",6,"F",3,"Hispanic","Middle",2,0,0,0,0,0,0,0,0,0,4,"1",FALSE,0
"5408",5,"F",3,"White","Middle",2,0,0,0,0,0,0,0,0,0,4,"1",FALSE,0
"5409",6,"M",3,"Hispanic","Middle",2,0,0,0,0,0,0,0,0,0,4,"1",FALSE,0
"5410",6,"F",3,"Asian","Middle",2,0,0,0,0,0,0,0,0,0,4,"1",FALSE,0
"5411",4,"M",1,"Hispanic","Middle",2,0,0,0,0,0,0,0,0,0,4,"1",FALSE,0
"5412",4,"F",1,"White","Middle",2,0,0,0,0,0,0,0,0,0,4,"1",FALSE,0
"5413",4,"F",1,"White","Middle",2,0,0,0,0,0,0,0,0,0,4,"1",FALSE,0
"5414",5,"M",3,"Hispanic","Middle",2,0,0,0,0,0,0,0,0,0,4,"1",FALSE,0
"5415",6,"M",3,"Asian","Middle",2,0,0,0,0,0,0,0,0,0,4,"1",FALSE,0
"5416",4,"F",1,"White","Middle",2,0,0,0,0,0,0,0,0,0,4,"1",FALSE,0
"5417",4,"F",1,NA,"Middle",2,0,0,0,0,0,0,0,0,0,4,"1",FALSE,0
"5418",4,"F",1,NA,"Middle",2,0,0,0,0,0,0,0,0,0,4,"1",FALSE,0
"5419",4,"M",1,"Asian","Middle",2,0,0,0,0,0,0,0,0,0,4,"1",FALSE,0
"5420",4,"M",1,"White","Middle",2,0,0,0,0,0,0,0,0,0,4,"1",FALSE,0
"5421",4,"F",1,"White","Middle",2,0,0,0,0,0,0,0,0,0,4,"1",FALSE,0
"5422",3,"M",1,"Asian","Middle",2,0,0,0,0,0,0,0,0,0,4,"1",FALSE,0
"5423",3,"M",1,"White","Middle",1,0,0,0,0,0,0,0,0,0,4,"1",FALSE,0
"5424",4,"F",1,"White","Middle",2,0,0,0,0,0,0,0,0,0,4,"1",FALSE,0
"5425",4,"M",1,NA,"Middle",2,0,0,0,0,0,0,0,0,0,4,"1",FALSE,0
"5426",3,"M",1,"White","Middle",2,0,0,0,0,0,0,0,0,0,4,NA,FALSE,0
"5427",4,"F",1,"White","Middle",2,0,0,0,0,0,0,0,0,0,2,"1",FALSE,1
"5428",4,"F",1,"White","Middle",2,0,0,0,0,0,0,0,0,0,4,"1",FALSE,0
"5429",3,"F",1,"White","Middle",2,0,0,0,0,0,0,0,0,0,4,"1",FALSE,0
"5430",3,"M",1,"White","Middle",2,0,0,0,0,0,0,0,0,0,4,"1",FALSE,0
"5431",6,"F",3,"White","Middle",2,0,0,0,0,0,0,0,0,0,4,"1",FALSE,0
"5432",6,"M",3,"White","Middle",2,0,0,0,0,0,0,0,0,0,4,"1",FALSE,0
"5433",6,"M",3,"White","Middle",2,0,0,NA,0,0,NA,0,0,0,4,"1",NA,0
"5434",6,"M",3,"White","Middle",2,0,0,0,0,0,0,0,0,0,3,"1",FALSE,0
"5435",6,"F",3,"White","Middle",2,0,0,0,0,0,0,0,0,0,2,"1",FALSE,1
"5436",3,"F",1,"White","Middle",2,0,0,0,0,0,0,0,0,0,4,"1",FALSE,0
"5437",4,"M",1,NA,"Middle",2,0,0,0,0,0,0,0,0,0,4,NA,FALSE,0
"5438",4,"F",1,"White","Middle",2,0,0,0,0,0,0,0,0,0,3,"1",FALSE,0
"5439",3,"M",1,"White","Middle",2,0,0,0,0,0,0,0,0,0,3,"1",FALSE,0
"5440",3,"M",1,"White","Middle",2,0,0,0,0,0,0,0,0,0,4,NA,FALSE,0
"5441",3,"M",1,"White","Middle",2,0,0,0,0,0,0,0,0,0,2,NA,FALSE,1
"5442",3,"M",1,"White","Middle",2,0,0,0,0,0,0,0,0,0,3,"1",FALSE,0
"5443",4,"M",1,"White","Middle",2,0,0,0,0,0,0,0,0,0,4,"1",FALSE,0
"5444",3,"M",1,"Asian","Middle",2,0,0,0,0,0,0,0,0,0,3,NA,FALSE,0
"5445",4,"M",1,"White","Middle",2,0,0,0,0,0,0,0,0,0,4,"1",FALSE,0
"5446",3,"M",1,"White","Middle",2,0,0,0,0,0,0,0,0,0,2,NA,FALSE,1
"5447",3,"M",1,"White","Middle",2,0,0,0,0,0,0,0,0,0,4,NA,FALSE,0
"5448",4,"M",1,"White","Middle",2,0,0,0,0,0,0,0,0,0,3,"1",FALSE,0
"5449",4,"F",1,"White","Middle",2,0,0,0,0,0,0,0,0,0,4,NA,FALSE,0
"5450",4,"F",1,"NHOPI","Middle",2,0,0,0,0,0,0,0,0,0,4,"1",FALSE,0
"5451",3,"F",1,"White","Middle",2,0,0,0,0,0,0,0,0,0,4,NA,FALSE,0
"5452",4,"F",1,"White","Middle",2,0,0,0,0,0,0,0,0,0,2,"1",FALSE,1
"5453",4,"F",1,"White","Middle",2,0,0,0,0,0,0,0,0,0,4,"1",FALSE,0
"5454",4,"F",1,"Black","Middle",2,0,0,0,0,0,0,0,0,0,2,NA,FALSE,1
"5455",4,"F",1,NA,"Middle",2,0,0,0,0,0,0,0,0,0,4,"1",FALSE,0
"5456",6,"M",3,"White","Middle",2,0,0,0,0,0,0,0,0,0,4,"1",FALSE,0
"5457",5,"F",3,"White","Middle",2,0,0,0,0,0,0,0,0,0,4,"1",FALSE,0
"5458",5,"F",3,"Hispanic","Middle",2,0,0,0,0,0,0,0,0,0,3,"1",FALSE,0
"5459",4,"F",1,"White","Middle",2,0,0,0,0,0,0,0,0,0,4,NA,FALSE,0
"5460",4,"M",1,"White","Middle",2,0,0,0,0,0,0,0,0,0,4,"1",FALSE,0
"5461",5,"M",2,"Hispanic","Middle",2,0,0,0,0,0,0,0,0,0,4,"1",FALSE,0
"5462",4,"M",2,"White","Middle",2,0,0,0,0,0,0,0,0,0,2,NA,FALSE,1
"5463",4,"M",2,"Hispanic","Middle",2,0,0,0,0,0,0,0,0,0,4,"1",FALSE,0
"5464",11,NA,8,"Hispanic",NA,1,1,1,1,NA,NA,1,NA,NA,1,1,"1",TRUE,1
"5465",4,"M",2,"Hispanic","Middle",2,0,0,0,0,0,0,0,0,0,4,"1",FALSE,0
"5466",5,"F",2,"White","Middle",2,0,0,0,0,0,0,0,0,0,4,"1",FALSE,0
"5467",5,"F",2,"Asian","Middle",2,0,0,0,0,0,0,0,0,0,4,"1",FALSE,0
"5468",4,"F",2,"White","Middle",2,0,0,0,0,0,0,0,0,0,4,"1",FALSE,0
"5469",5,"M",2,"White","Middle",2,0,0,0,0,0,0,0,0,0,4,"1",FALSE,0
"5470",5,"F",2,"White","Middle",2,0,0,0,0,0,0,0,0,0,4,"1",FALSE,0
"5471",5,"M",2,"White","Middle",2,0,0,0,0,0,0,0,0,0,4,NA,FALSE,0
"5472",5,"M",2,"White","Middle",2,0,0,0,0,0,0,0,0,0,3,"1",FALSE,0
"5473",5,"M",2,"Hispanic","Middle",2,0,0,0,0,0,0,0,0,0,4,"1",FALSE,0
"5474",5,"M",2,"White","Middle",2,0,0,0,0,0,0,0,0,0,4,"1",FALSE,0
"5475",4,"M",2,NA,"Middle",2,0,0,0,0,0,0,0,0,0,4,"1",FALSE,0
"5476",5,"M",2,"White","Middle",2,0,0,0,0,0,0,0,0,0,2,"1",FALSE,1
"5477",5,NA,2,"White","Middle",2,0,0,0,0,0,0,0,0,0,4,"1",FALSE,0
"5478",4,"M",2,NA,"Middle",2,0,0,0,0,0,0,0,0,0,4,NA,FALSE,0
"5479",5,"M",2,"White","Middle",2,0,0,0,0,0,0,0,0,0,1,"1",FALSE,1
"5480",5,"M",2,"White","Middle",2,0,0,0,0,0,0,0,0,0,3,"1",FALSE,0
"5481",5,"F",3,"White","Middle",2,0,0,0,0,0,0,0,0,0,4,"1",FALSE,0
"5482",6,"M",3,"White","Middle",2,1,0,0,0,0,0,0,1,0,1,NA,TRUE,1
"5483",5,"F",3,"White","Middle",2,0,0,0,0,0,0,0,0,0,4,"1",FALSE,0
"5484",6,"F",3,"White","Middle",2,0,0,0,0,0,0,0,0,0,4,"1",FALSE,0
"5485",6,"M",3,"White","Middle",2,0,0,0,0,0,0,0,0,0,4,"1",FALSE,0
"5486",6,"M",3,"White","Middle",2,0,0,0,0,0,0,0,0,0,4,"1",FALSE,0
"5487",6,"M",3,"Hispanic","Middle",2,0,0,0,0,0,0,0,0,0,3,"1",FALSE,0
"5488",5,"F",3,"Hispanic","Middle",2,0,0,0,0,0,0,0,0,0,4,"1",FALSE,0
"5489",5,"F",3,"White","Middle",2,0,0,0,0,0,0,0,0,0,4,"1",FALSE,0
"5490",6,"F",3,"White","Middle",2,0,0,0,0,0,0,0,0,0,3,NA,FALSE,0
"5491",6,"F",3,"White","Middle",2,0,0,0,0,0,0,0,0,0,4,NA,FALSE,0
"5492",6,"F",3,"White","Middle",2,0,0,0,0,0,0,0,0,0,3,NA,FALSE,0
"5493",6,"M",3,"White","Middle",2,0,0,0,0,0,0,0,0,0,4,"1",FALSE,0
"5494",5,"M",3,"White","Middle",2,0,0,0,0,0,0,0,0,0,3,"1",FALSE,0
"5495",6,"F",3,"Black","Middle",2,0,0,0,0,0,0,0,0,0,4,"1",FALSE,0
"5496",6,"F",3,"White","Middle",2,0,0,0,0,0,0,0,0,0,4,"1",FALSE,0
"5497",6,"M",3,"Hispanic","Middle",2,0,0,0,0,0,0,0,0,1,1,"1",TRUE,1
"5498",6,"M",3,"Asian","Middle",2,0,0,0,0,0,0,0,0,0,4,"1",FALSE,0
"5499",6,"M",3,"White","Middle",2,0,0,0,0,0,0,0,0,0,4,"1",FALSE,0
"5500",6,"M",3,"White","Middle",2,0,0,0,0,0,0,0,0,0,4,"1",FALSE,0
"5501",6,"M",3,"White","Middle",2,0,0,0,0,0,0,0,0,0,4,"1",FALSE,0
"5502",5,"M",2,"Hispanic","Middle",NA,NA,0,0,0,0,0,0,0,0,NA,NA,NA,NA
"5503",4,"F",1,"White","Middle",2,0,0,0,0,0,0,0,0,0,4,"1",FALSE,0
"5504",4,"F",2,"White","Middle",2,0,0,0,0,0,0,0,0,0,3,NA,FALSE,0
"5505",6,"F",3,"White","Middle",2,0,0,0,0,0,0,0,0,0,3,"1",FALSE,0
"5506",6,"F",3,"White","Middle",2,0,0,0,0,0,0,0,0,0,4,NA,FALSE,0
"5507",6,"F",3,"White","Middle",2,0,0,0,0,0,0,0,0,0,4,NA,FALSE,0
"5508",5,"M",3,"White","Middle",2,0,0,0,0,0,0,0,0,0,4,"1",FALSE,0
"5509",6,"F",3,"White","Middle",2,0,0,0,0,0,0,0,0,0,4,"1",FALSE,0
"5510",4,"F",1,"White","Middle",2,0,0,0,0,0,0,0,0,0,4,"1",FALSE,0
"5511",6,"M",3,"Asian","Middle",2,0,0,0,0,0,0,0,0,0,4,"1",FALSE,0
"5512",3,"F",1,"White","Middle",2,0,0,0,0,0,0,0,0,0,4,"1",FALSE,0
"5513",4,"F",1,"White","Middle",2,0,0,0,0,0,0,0,0,0,4,"1",FALSE,0
"5514",3,"M",1,"White","Middle",2,0,0,0,0,0,0,0,0,0,4,"1",FALSE,0
"5515",3,"F",1,"White","Middle",2,0,0,0,0,0,0,0,0,0,4,"1",FALSE,0
"5516",4,"F",1,"White","Middle",2,0,0,0,0,0,0,0,0,0,4,"1",FALSE,0
"5517",4,"M",1,"AI/AN","Middle",2,0,0,0,0,0,0,0,0,0,4,NA,FALSE,0
"5518",4,"M",1,"White","Middle",2,0,0,0,0,0,0,0,0,0,4,"1",FALSE,0
"5519",4,"F",1,"Black","Middle",2,0,0,0,0,0,0,0,0,0,4,"1",FALSE,0
"5520",4,"F",1,"Hispanic","Middle",2,0,0,0,0,0,0,0,0,0,4,"1",FALSE,0
"5521",4,"F",1,"Black","Middle",2,0,0,0,0,0,0,0,0,0,4,NA,FALSE,0
"5522",4,"F",1,"Hispanic","Middle",2,0,0,0,0,0,0,0,0,0,4,"1",FALSE,0
"5523",3,"M",1,"White","Middle",2,0,0,0,0,0,0,0,0,0,4,"1",FALSE,0
"5524",3,"M",1,"White","Middle",2,0,0,0,0,0,0,0,0,0,3,"1",FALSE,0
"5525",4,"M",1,"Black","Middle",2,0,0,0,0,0,0,0,0,0,2,"1",FALSE,1
"5526",4,"M",1,"Hispanic","Middle",2,0,0,0,0,0,0,0,0,0,2,NA,FALSE,1
"5527",3,"M",1,"Hispanic","Middle",2,0,0,0,0,0,0,0,0,0,3,"1",FALSE,0
"5528",3,"M",1,NA,"Middle",2,0,0,0,0,0,0,0,0,0,4,NA,FALSE,0
"5529",4,"M",1,"White","Middle",2,0,0,0,0,0,0,0,0,0,4,"1",FALSE,0
"5530",3,"M",1,"White","Middle",2,0,0,0,0,0,0,0,0,0,4,"1",FALSE,0
"5531",4,"M",1,"White","Middle",2,0,0,0,0,0,0,0,0,0,4,"1",FALSE,0
"5532",4,"M",1,"White","Middle",2,0,0,0,0,0,0,0,0,0,4,"1",FALSE,0
"5533",4,"F",1,"White","Middle",2,0,0,0,0,0,NA,0,0,0,4,"1",NA,0
"5534",5,"F",2,"White","Middle",2,0,0,0,0,0,0,0,0,0,4,"1",FALSE,0
"5535",5,"F",2,"Black","Middle",2,0,0,0,0,0,0,0,0,0,4,"1",FALSE,0
"5536",4,"M",2,"White","Middle",1,0,0,0,0,0,0,0,0,0,4,"1",FALSE,0
"5537",4,"F",2,"White","Middle",2,0,0,0,0,0,0,0,0,0,4,"1",FALSE,0
"5538",5,"F",2,"White","Middle",2,0,0,0,0,0,0,0,0,0,4,"1",FALSE,0
"5539",5,"M",2,"White","Middle",2,0,0,0,0,0,0,0,0,0,4,"1",FALSE,0
"5540",5,"M",2,"White","Middle",2,0,0,0,0,0,0,0,0,0,4,"1",FALSE,0
"5541",4,"M",1,"White","Middle",2,0,0,0,0,0,0,0,0,0,4,"1",FALSE,0
"5542",4,"M",2,"Black","Middle",2,0,0,0,0,0,0,0,0,0,4,"1",FALSE,0
"5543",5,"M",2,"White","Middle",2,0,0,0,0,0,0,0,0,0,4,"1",FALSE,0
"5544",4,"M",2,"White","Middle",2,0,0,0,0,0,0,0,0,0,2,NA,FALSE,1
"5545",5,"M",2,"Hispanic","Middle",2,0,0,0,0,0,0,0,0,0,4,NA,FALSE,0
"5546",5,"M",2,"White","Middle",2,0,0,0,0,0,0,0,0,0,4,NA,FALSE,0
"5547",5,"M",2,"Hispanic","Middle",2,0,0,0,0,0,0,0,0,0,4,"1",FALSE,0
"5548",5,"M",2,"White","Middle",2,0,0,0,0,0,0,0,0,0,3,"1",FALSE,0
"5549",5,"F",2,"Hispanic","Middle",2,0,0,0,0,0,0,0,0,0,4,"1",FALSE,0
"5550",4,"F",2,"White","Middle",2,0,0,0,0,0,0,0,0,0,4,"1",FALSE,0
"5551",4,"M",2,"Hispanic","Middle",2,0,0,0,0,0,0,0,0,0,4,"1",FALSE,0
"5552",4,"F",2,"White","Middle",2,0,0,0,0,0,0,0,0,0,4,NA,FALSE,0
"5553",4,"F",2,"Hispanic","Middle",2,0,0,0,0,0,0,0,0,0,4,"1",FALSE,0
"5554",4,"F",2,"White","Middle",2,0,0,0,0,0,0,0,0,0,2,"1",FALSE,1
"5555",4,"F",2,"White","Middle",2,0,0,0,0,0,0,0,0,0,2,NA,FALSE,1
"5556",6,"M",3,"White","Middle",2,0,0,0,0,0,0,0,0,0,4,NA,FALSE,0
"5557",5,"F",2,"AI/AN","Middle",2,0,0,0,0,0,0,0,0,0,4,NA,FALSE,0
"5558",5,"M",2,"Black","Middle",2,0,0,0,0,0,0,0,0,0,4,"1",FALSE,0
"5559",5,"M",3,"White","Middle",2,0,0,0,0,0,0,0,0,0,4,"1",FALSE,0
"5560",6,"F",3,"White","Middle",2,0,0,0,0,0,0,0,0,0,4,"1",FALSE,0
"5561",5,"M",3,"Hispanic","Middle",2,0,0,0,0,0,0,0,0,0,4,NA,FALSE,0
"5562",5,"M",3,"Hispanic","Middle",2,0,0,0,0,0,0,0,0,0,4,"1",FALSE,0
"5563",6,"M",3,"Hispanic","Middle",2,0,0,0,0,0,0,0,0,0,4,"1",FALSE,0
"5564",5,"F",3,"Hispanic","Middle",2,0,0,0,0,0,0,0,0,0,3,"1",FALSE,0
"5565",5,"M",3,"White","Middle",2,0,0,0,0,0,0,0,0,0,4,"1",FALSE,0
"5566",6,"M",3,"AI/AN","Middle",2,0,0,0,0,0,0,0,0,0,4,"1",FALSE,0
"5567",6,"M",3,"White","Middle",2,0,0,0,0,0,0,0,0,0,2,"1",FALSE,1
"5568",1,"M",3,"White","Middle",2,0,0,0,0,0,0,0,0,0,4,"1",FALSE,0
"5569",6,"M",3,"White","Middle",2,0,0,0,0,0,0,0,0,0,4,"1",FALSE,0
"5570",5,"M",3,"White","Middle",2,0,0,0,0,0,0,0,0,0,4,NA,FALSE,0
"5571",6,"M",3,"White","Middle",2,0,0,0,0,0,0,0,0,0,4,NA,FALSE,0
"5572",5,"M",3,"Black","Middle",2,NA,0,NA,0,0,0,0,0,0,4,"1",NA,0
"5573",6,"M",3,"White","Middle",2,0,0,0,0,0,0,0,0,0,4,"1",FALSE,0
"5574",6,"M",3,"Hispanic","Middle",2,0,0,0,0,0,0,0,0,0,3,"1",FALSE,0
"5575",6,"F",3,"White","Middle",NA,0,NA,NA,0,0,0,0,0,NA,4,NA,NA,0
"5576",5,"M",3,"White","Middle",2,0,0,0,0,0,0,0,0,0,4,NA,FALSE,0
"5577",5,"F",3,"Hispanic","Middle",2,0,0,0,0,0,0,0,0,0,4,"1",FALSE,0
"5578",5,"F",3,"Black","Middle",2,0,0,0,0,0,0,0,0,0,4,"1",FALSE,0
"5579",5,"F",3,"White","Middle",2,0,0,0,0,0,0,0,0,1,2,NA,TRUE,1
"5580",6,"F",3,"White","Middle",2,0,0,0,0,0,0,0,0,0,4,NA,FALSE,0
"5581",5,"F",3,"Black","Middle",2,0,0,0,0,0,0,0,0,0,4,"1",FALSE,0
"5582",7,"M",4,"White","High",2,0,0,0,0,0,0,0,0,0,4,"1",FALSE,0
"5583",7,"M",5,"Asian","High",2,0,0,0,0,0,0,0,0,1,4,"1",TRUE,0
"5584",7,"M",5,"Asian","High",2,0,0,0,0,0,0,0,0,0,2,"1",FALSE,1
"5585",8,"F",5,"White","High",2,0,0,0,0,0,0,0,0,0,1,"1",FALSE,1
"5586",8,"M",5,"White","High",2,0,0,0,0,0,0,0,0,0,4,"1",FALSE,0
"5587",8,"F",5,"Asian","High",2,0,0,0,0,0,0,0,0,0,4,"1",FALSE,0
"5588",7,"F",5,"Asian","High",2,0,0,0,0,0,0,0,0,0,4,"1",FALSE,0
"5589",7,"F",5,"White","High",2,0,0,0,0,0,0,0,0,1,4,NA,TRUE,0
"5590",7,"M",5,"Asian","High",2,0,0,0,0,0,0,0,0,0,4,"1",FALSE,0
"5591",8,"F",5,"White","High",2,0,0,0,0,0,0,0,0,0,3,NA,FALSE,0
"5592",8,"F",5,"White","High",2,0,0,0,0,0,0,0,0,0,3,"1",FALSE,0
"5593",7,"F",5,"White","High",2,0,0,0,0,0,0,0,0,0,4,"1",FALSE,0
"5594",7,"F",5,"Asian","High",2,0,0,0,0,0,0,0,0,0,3,"1",FALSE,0
"5595",7,"M",5,"Hispanic","High",2,0,0,0,0,0,0,0,0,0,4,"1",FALSE,0
"5596",7,"F",5,"White","High",2,0,0,0,0,0,0,0,0,0,2,"1",FALSE,1
"5597",7,"F",5,"Asian","High",2,0,0,0,0,0,0,0,0,0,4,"1",FALSE,0
"5598",8,"F",5,"White","High",2,0,0,0,0,0,0,0,0,0,2,"1",FALSE,1
"5599",7,"M",5,"Asian","High",1,0,0,0,0,0,1,0,0,1,4,"1",TRUE,0
"5600",7,"F",5,"Asian","High",2,0,0,0,0,0,0,0,0,0,4,"1",FALSE,0
"5601",7,"M",5,"Asian","High",2,0,0,0,0,0,0,0,0,0,4,"1",FALSE,0
"5602",8,"F",5,NA,"High",2,0,0,0,0,0,0,0,0,0,2,"1",FALSE,1
"5603",7,"F",5,"White","High",2,0,0,0,0,0,0,0,0,0,4,"1",FALSE,0
"5604",8,"M",5,"White","High",2,0,0,0,0,0,0,0,0,0,4,"1",FALSE,0
"5605",7,"M",1,"White","Middle",2,0,0,1,0,0,0,0,0,0,4,NA,TRUE,0
"5606",8,"F",5,"Asian","High",2,0,0,0,0,0,0,0,0,0,2,"1",FALSE,1
"5607",8,"F",5,"White","High",2,0,0,0,0,0,0,0,0,0,4,"1",FALSE,0
"5608",7,"F",5,"White","High",2,0,0,0,0,0,0,0,0,0,4,"1",FALSE,0
"5609",7,"M",5,"White","High",2,0,0,0,0,0,0,0,0,0,3,"1",FALSE,0
"5610",7,"M",4,"White","High",2,0,0,0,0,0,0,0,0,1,4,"1",TRUE,0
"5611",8,"F",5,"Asian","High",2,0,0,0,0,0,0,0,0,0,2,"1",FALSE,1
"5612",8,"M",5,"Hispanic","High",2,0,0,0,0,0,0,0,0,0,4,"1",FALSE,0
"5613",8,"F",5,"Black","High",2,0,0,0,0,0,0,0,0,0,4,"1",FALSE,0
"5614",8,"F",5,"Hispanic","High",2,0,0,0,0,0,0,0,0,0,3,"1",FALSE,0
"5615",8,"F",5,"White","High",2,0,0,0,0,0,0,0,0,0,3,"1",FALSE,0
"5616",7,"F",4,"Asian","High",2,0,0,0,0,0,0,0,0,0,4,"1",FALSE,0
"5617",8,"F",6,"White","High",2,0,0,0,0,0,0,0,0,0,4,"1",FALSE,0
"5618",8,"F",6,"White","High",2,0,0,0,0,0,0,0,0,0,4,"1",FALSE,0
"5619",8,"F",6,"Asian","High",2,0,0,0,0,0,0,0,0,0,3,"1",FALSE,0
"5620",8,"F",6,"White","High",2,0,0,0,0,0,0,0,0,1,4,"1",TRUE,0
"5621",9,"F",6,"White","High",2,0,0,0,0,0,1,0,0,1,1,"1",TRUE,1
"5622",9,"F",6,"White","High",2,0,0,0,0,0,1,0,0,0,4,NA,TRUE,0
"5623",8,"F",6,"White","High",2,0,0,0,0,0,0,0,0,0,2,"1",FALSE,1
"5624",8,"F",6,"Hispanic","High",2,0,0,0,0,0,0,0,0,0,4,"1",FALSE,0
"5625",9,"F",6,"Asian","High",2,0,0,0,0,0,0,0,0,0,4,"1",FALSE,0
"5626",8,"F",6,"Asian","High",2,0,0,0,0,0,0,0,0,0,4,"1",FALSE,0
"5627",8,"F",6,"Asian","High",2,0,0,0,0,0,0,0,0,0,2,"1",FALSE,1
"5628",9,"F",6,"Asian","High",2,0,0,0,0,0,0,0,0,0,4,"1",FALSE,0
"5629",8,"F",6,"Asian","High",2,0,0,0,0,0,0,0,0,0,4,"1",FALSE,0
"5630",9,"F",6,"Asian","High",2,0,0,0,0,0,0,0,0,0,4,"1",FALSE,0
"5631",9,"M",6,"Asian","High",2,0,0,0,0,0,0,0,0,0,4,"1",FALSE,0
"5632",NA,"M",6,"White","High",2,0,0,0,0,0,0,0,0,0,1,"1",FALSE,1
"5633",9,"M",6,"White","High",2,0,0,0,0,0,0,0,0,0,1,"1",FALSE,1
"5634",9,"M",6,"Asian","High",2,0,0,0,0,0,0,0,0,0,4,"1",FALSE,0
"5635",9,"M",6,"White","High",2,0,0,0,0,0,0,0,0,0,4,"1",FALSE,0
"5636",8,"F",6,"Asian","High",2,0,0,0,0,0,0,0,0,0,3,"1",FALSE,0
"5637",9,"M",6,"White","High",2,0,0,0,0,0,0,0,0,0,4,NA,FALSE,0
"5638",7,"F",5,"Asian","High",2,0,0,0,0,0,0,0,0,0,4,"1",FALSE,0
"5639",7,"M",4,"White","High",2,0,0,0,0,0,0,0,0,0,4,"1",FALSE,0
"5640",9,"M",7,"White","High",1,0,0,0,0,0,0,0,0,0,1,NA,FALSE,1
"5641",9,"M",6,"Asian","High",2,0,0,0,0,0,0,0,0,0,4,"1",FALSE,0
"5642",9,"F",7,"White","High",2,0,0,0,0,0,0,0,0,1,4,"1",TRUE,0
"5643",10,"F",7,"White","High",2,NA,0,0,0,0,0,0,0,1,2,NA,TRUE,1
"5644",10,"M",7,"White","High",2,0,0,0,0,0,0,0,0,0,4,"1",FALSE,0
"5645",10,"M",7,"Black","High",2,0,0,0,0,0,0,0,0,1,4,NA,TRUE,0
"5646",9,"F",7,"White","High",2,0,0,0,0,0,0,0,0,0,4,"1",FALSE,0
"5647",9,"F",7,"White","High",2,0,0,0,0,0,0,0,0,0,4,"1",FALSE,0
"5648",9,"F",7,"White","High",2,0,0,0,0,0,0,0,0,1,4,"1",TRUE,0
"5649",10,"M",7,"White","High",1,0,0,1,0,0,0,1,0,1,1,NA,TRUE,1
"5650",9,"M",7,"White","High",1,0,0,0,0,0,0,0,0,1,1,"1",TRUE,1
"5651",10,"M",7,"Hispanic","High",1,1,1,1,1,1,1,1,1,1,1,NA,TRUE,1
"5652",9,"M",6,"Asian","High",2,0,0,0,0,0,0,0,0,1,4,NA,TRUE,0
"5653",10,"F",7,"Asian","High",2,0,0,0,0,0,0,0,0,0,3,"1",FALSE,0
"5654",10,"F",7,"White","High",2,0,0,0,0,0,0,0,0,0,4,"1",FALSE,0
"5655",10,"M",7,"Asian","High",2,0,0,0,0,0,0,0,0,1,4,"1",TRUE,0
"5656",9,"M",7,"White","High",2,0,0,0,0,0,0,0,0,0,4,NA,FALSE,0
"5657",10,"M",7,"Asian","High",2,0,0,0,0,0,0,0,0,0,4,NA,FALSE,0
"5658",9,"M",7,"White","High",2,0,0,0,0,0,0,0,0,1,1,"1",TRUE,1
"5659",10,"M",7,"White","High",2,0,0,0,0,0,0,0,0,1,3,"1",TRUE,0
"5660",11,"M",7,"White","High",1,0,0,0,0,0,0,0,0,0,4,"1",FALSE,0
"5661",9,"M",7,"Asian","High",2,0,0,0,0,0,0,0,0,1,2,"1",TRUE,1
"5662",10,"M",7,"White","High",2,0,0,0,0,0,0,0,0,0,4,"1",FALSE,0
"5663",7,"F",4,"White","High",2,0,0,0,0,0,0,0,0,0,3,"1",FALSE,0
"5664",7,"M",4,"White","High",2,0,0,0,0,0,0,0,0,0,4,"1",FALSE,0
"5665",7,"M",4,"Asian","High",2,0,0,0,0,0,0,0,0,0,4,"1",FALSE,0
"5666",6,"F",4,"White","High",2,0,0,0,0,0,0,0,0,1,2,NA,TRUE,1
"5667",7,"F",4,"White","High",2,0,0,0,0,0,0,0,0,0,4,NA,FALSE,0
"5668",7,"M",4,"White","High",2,0,0,0,0,0,0,0,0,0,4,"1",FALSE,0
"5669",6,"F",4,"White","High",2,0,0,0,0,0,0,0,0,0,4,"1",FALSE,0
"5670",7,"M",4,"Asian","High",2,0,0,NA,0,0,0,0,0,0,3,"1",NA,0
"5671",7,"F",4,"White","High",2,0,0,0,0,0,1,0,0,0,4,"1",TRUE,0
"5672",6,"M",4,"Asian","High",2,0,0,0,0,0,0,0,0,0,4,"1",FALSE,0
"5673",7,NA,NA,"White",NA,2,0,0,0,0,0,0,0,0,0,4,"1",FALSE,0
"5674",7,"F",4,"Asian","High",2,0,0,0,0,0,0,0,0,0,1,"1",FALSE,1
"5675",6,"M",4,"White","High",2,0,0,0,0,0,0,0,0,0,4,NA,FALSE,0
"5676",7,"M",4,"Asian","High",2,0,0,0,0,0,0,0,0,0,4,"1",FALSE,0
"5677",7,"F",4,"White","High",2,0,0,0,0,0,0,0,0,0,3,"1",FALSE,0
"5678",6,"M",4,"Asian","High",2,0,0,0,0,0,0,0,0,0,4,"1",FALSE,0
"5679",7,"M",4,"White","High",2,0,0,0,0,0,0,0,0,1,2,"1",TRUE,1
"5680",6,"M",4,"Asian","High",2,0,0,0,0,0,0,0,0,0,4,"1",FALSE,0
"5681",6,"F",4,"White","High",2,0,0,0,0,0,0,0,0,0,3,"1",FALSE,0
"5682",7,"M",4,"White","High",2,0,0,0,0,0,0,0,0,1,4,"1",TRUE,0
"5683",7,"M",4,"White","High",2,0,0,0,0,0,0,0,0,1,4,"1",TRUE,0
"5684",7,"M",4,"Hispanic","High",2,0,0,0,0,0,0,0,0,0,4,"1",FALSE,0
"5685",3,"M",1,"White","Middle",2,0,0,0,0,0,0,0,0,0,4,"1",FALSE,0
"5686",3,"F",1,"Asian","Middle",2,0,0,0,0,0,0,0,0,0,3,"1",FALSE,0
"5687",5,NA,NA,"White",NA,2,0,0,0,0,0,0,0,0,0,3,"1",FALSE,0
"5688",3,"F",1,"White","Middle",2,0,0,0,0,0,0,0,0,0,4,"1",FALSE,0
"5689",3,"M",1,"White","Middle",2,0,0,0,0,0,0,0,0,0,4,NA,FALSE,0
"5690",5,"F",2,"White","Middle",2,0,0,0,0,0,0,0,0,0,4,NA,FALSE,0
"5691",4,"F",1,"White","Middle",2,0,0,0,0,0,0,0,0,0,4,"1",FALSE,0
"5692",4,"M",1,"White","Middle",2,0,0,0,0,0,0,0,0,0,3,"1",FALSE,0
"5693",4,"F",1,"White","Middle",2,0,0,0,0,0,0,0,0,0,4,"1",FALSE,0
"5694",4,"M",1,"White","Middle",2,0,0,0,0,0,0,0,0,0,4,"1",FALSE,0
"5695",4,"M",1,"White","Middle",2,0,0,0,0,0,0,0,0,0,4,NA,FALSE,0
"5696",3,"F",1,"White","Middle",2,0,NA,0,0,0,0,0,0,0,3,"1",NA,0
"5697",4,"M",1,"Asian","Middle",2,0,0,0,0,0,0,0,0,0,4,"1",FALSE,0
"5698",4,"F",1,"White","Middle",2,0,0,0,0,0,0,0,0,0,4,"1",FALSE,0
"5699",4,"M",1,"White","Middle",2,0,0,0,0,0,0,0,0,0,2,NA,FALSE,1
"5700",3,"M",1,"White","Middle",2,0,0,0,0,0,0,0,0,0,3,"1",FALSE,0
"5701",4,"F",1,"Asian","Middle",2,0,0,0,0,0,0,0,0,0,4,"1",FALSE,0
"5702",4,"F",1,"White","Middle",2,0,0,0,0,0,0,0,0,0,4,"1",FALSE,0
"5703",4,"M",1,"Asian","Middle",2,0,0,0,0,0,0,0,0,0,4,"1",FALSE,0
"5704",4,"M",1,"White","Middle",2,0,0,0,0,0,0,0,0,0,3,"1",FALSE,0
"5705",3,"F",1,"Asian","Middle",2,0,0,0,0,0,NA,0,0,0,4,"1",NA,0
"5706",4,"F",1,"AI/AN","Middle",2,0,0,0,0,0,0,0,0,0,4,"1",FALSE,0
"5707",3,"M",1,"White","Middle",2,0,0,0,0,0,0,0,0,0,4,"1",FALSE,0
"5708",4,"M",1,"Asian","Middle",2,0,0,0,0,0,0,0,0,0,4,"1",FALSE,0
"5709",3,"F",1,"Asian","Middle",2,0,0,0,0,0,0,0,0,0,4,"1",FALSE,0
"5710",4,"M",1,"Asian","Middle",2,0,0,0,0,0,0,0,0,0,4,"1",FALSE,0
"5711",3,"F",1,"Asian","Middle",2,0,0,0,0,0,0,0,0,0,4,"1",FALSE,0
"5712",5,"F",3,"White","Middle",2,0,0,0,0,0,0,0,0,0,4,NA,FALSE,0
"5713",6,"M",3,"White","Middle",2,0,0,0,0,0,0,0,0,0,4,"1",FALSE,0
"5714",6,"M",3,"White","Middle",2,0,0,NA,0,0,0,0,0,0,2,"1",NA,1
"5715",6,"F",3,"Asian","Middle",2,0,0,0,0,0,0,0,0,0,4,"1",FALSE,0
"5716",5,"M",3,"White","Middle",2,0,0,0,0,0,0,0,0,0,4,"1",FALSE,0
"5717",6,"M",3,"White","Middle",2,0,0,0,0,0,0,0,0,0,4,NA,FALSE,0
"5718",5,"M",3,"Asian","Middle",2,0,0,0,0,0,0,0,0,0,4,"1",FALSE,0
"5719",6,"F",3,"Asian","Middle",2,0,0,0,0,0,0,0,0,0,4,"1",FALSE,0
"5720",5,"F",3,"White","Middle",2,0,0,0,0,0,0,0,0,0,2,"1",FALSE,1
"5721",6,"M",3,"White","Middle",2,0,0,0,0,0,0,0,0,0,4,"1",FALSE,0
"5722",6,"M",3,"White","Middle",2,0,0,0,0,0,0,0,0,0,4,"1",FALSE,0
"5723",6,"F",3,"Hispanic","Middle",2,0,0,0,0,0,0,0,0,0,1,"1",FALSE,1
"5724",6,"M",3,"Asian","Middle",NA,0,NA,NA,NA,NA,NA,NA,NA,NA,4,NA,NA,0
"5725",6,"F",3,"White","Middle",2,0,0,0,0,0,0,0,0,0,4,"1",FALSE,0
"5726",6,"F",3,"White","Middle",2,0,0,0,0,0,0,0,0,0,3,NA,FALSE,0
"5727",5,"F",3,"White","Middle",2,0,0,0,0,0,0,0,0,0,4,"1",FALSE,0
"5728",5,"M",3,"Asian","Middle",2,0,0,0,0,0,0,0,0,0,2,"1",FALSE,1
"5729",5,"F",3,"White","Middle",2,0,0,0,0,0,0,0,0,0,3,"1",FALSE,0
"5730",5,"M",4,"White","High",2,0,0,0,0,0,0,0,0,0,4,"1",FALSE,0
"5731",6,"F",3,"Black","Middle",2,0,0,0,0,0,0,0,0,0,2,"1",FALSE,1
"5732",5,"M",3,"White","Middle",2,0,0,0,0,0,0,0,0,0,4,"1",FALSE,0
"5733",5,"F",3,"White","Middle",2,0,0,0,0,0,0,0,0,0,2,NA,FALSE,1
"5734",6,"M",3,"Asian","Middle",2,0,0,0,0,0,0,0,0,0,2,"1",FALSE,1
"5735",5,"F",3,"White","Middle",2,0,0,0,0,0,0,0,0,0,4,"1",FALSE,0
"5736",6,"F",3,"White","Middle",2,0,0,0,0,0,0,0,0,0,4,"1",FALSE,0
"5737",5,"M",3,"Asian","Middle",2,0,0,0,0,0,0,0,0,0,4,"1",FALSE,0
"5738",5,"F",3,"Asian","Middle",2,0,0,0,0,0,0,0,0,0,4,"1",FALSE,0
"5739",6,"M",3,"White","Middle",2,0,0,0,0,0,0,0,0,0,4,NA,FALSE,0
"5740",6,"F",3,"White","Middle",2,0,0,0,0,0,0,0,0,0,4,"1",FALSE,0
"5741",4,"F",2,"White","Middle",2,0,0,0,0,0,0,0,0,0,4,"1",FALSE,0
"5742",4,"M",2,"White","Middle",2,0,0,0,0,0,0,0,0,0,4,"1",FALSE,0
"5743",5,"M",2,"White","Middle",2,0,0,NA,0,0,0,0,0,0,4,"1",NA,0
"5744",5,"M",2,"White","Middle",2,0,0,0,0,0,0,0,0,0,4,"1",FALSE,0
"5745",5,"F",2,"Black","Middle",2,0,0,0,0,0,0,0,0,0,2,"1",FALSE,1
"5746",4,"F",2,"White","Middle",2,0,0,0,0,0,0,0,0,0,4,NA,FALSE,0
"5747",4,"F",2,"NHOPI","Middle",2,0,0,0,0,0,0,0,0,0,4,NA,FALSE,0
"5748",4,"F",2,"Hispanic","Middle",2,0,0,0,0,0,0,0,0,0,4,"1",FALSE,0
"5749",6,"M",2,"Hispanic","Middle",2,0,0,0,0,0,0,0,0,0,4,"1",FALSE,0
"5750",4,"M",2,"Hispanic","Middle",2,0,0,0,0,0,0,0,0,0,4,NA,FALSE,0
"5751",5,"M",2,"Asian","Middle",2,0,0,0,0,0,0,0,0,0,3,"1",FALSE,0
"5752",5,"M",2,"White","Middle",2,0,0,0,0,0,0,0,0,0,4,"1",FALSE,0
"5753",5,"M",2,"White","Middle",2,0,0,0,0,0,0,0,0,0,2,"1",FALSE,1
"5754",5,"M",2,"White","Middle",2,0,0,0,0,0,0,0,0,0,4,"1",FALSE,0
"5755",5,"F",2,"White","Middle",2,0,0,0,0,0,0,0,0,0,4,NA,FALSE,0
"5756",5,"F",2,"White","Middle",2,0,0,0,0,0,0,0,0,0,4,"1",FALSE,0
"5757",4,"F",2,NA,"Middle",2,0,0,0,0,0,0,0,0,0,4,"1",FALSE,0
"5758",5,"M",2,"Hispanic","Middle",2,0,0,0,0,0,0,0,0,0,4,"1",FALSE,0
"5759",5,"M",2,"Hispanic","Middle",2,0,0,0,0,0,0,0,0,0,4,"1",FALSE,0
"5760",5,"M",2,"Hispanic","Middle",2,0,0,0,0,0,0,0,0,0,4,"1",FALSE,0
"5761",4,"M",2,"White","Middle",2,0,0,0,0,0,0,0,0,0,4,"1",FALSE,0
"5762",5,"M",2,"Hispanic","Middle",2,0,0,0,0,0,0,0,0,0,2,NA,FALSE,1
"5763",4,"M",2,"Black","Middle",2,0,0,0,0,0,0,0,0,0,4,"1",FALSE,0
"5764",5,"M",2,"White","Middle",2,0,0,0,0,0,0,0,0,0,4,"1",FALSE,0
"5765",6,"F",3,"White","Middle",2,0,0,0,0,0,0,0,0,0,4,"1",FALSE,0
"5766",9,"F",7,"White","High",2,0,0,0,0,0,0,0,0,0,4,NA,FALSE,0
"5767",10,"F",7,"Black","High",2,0,0,0,0,0,0,0,0,0,4,NA,FALSE,0
"5768",9,"M",7,"White","High",1,1,1,1,0,0,0,0,0,1,1,NA,TRUE,1
"5769",9,"F",7,"White","High",1,0,1,0,0,0,0,0,0,1,1,NA,TRUE,1
"5770",10,"M",7,"White","High",1,0,0,0,0,0,0,0,0,0,1,NA,FALSE,1
"5771",10,"F",7,"White","High",1,0,0,0,0,0,0,0,0,0,4,"1",FALSE,0
"5772",10,"F",7,"White","High",2,0,0,0,0,0,0,0,0,0,4,"1",FALSE,0
"5773",10,"F",7,"Black","High",2,0,0,0,0,0,0,0,0,0,4,NA,FALSE,0
"5774",10,"M",7,"White","High",1,1,1,1,0,0,0,0,0,1,1,"1",TRUE,1
"5775",10,"M",7,"White","High",1,0,1,1,0,0,0,0,0,1,4,NA,TRUE,0
"5776",10,"F",7,"White","High",1,0,0,0,0,0,0,0,0,0,2,NA,FALSE,1
"5777",9,"F",7,"White","High",1,0,0,0,0,0,0,0,0,1,2,NA,TRUE,1
"5778",8,"M",6,"White","High",2,0,0,0,0,0,0,0,0,1,2,"1",TRUE,1
"5779",8,"M",6,"White","High",2,0,0,0,0,0,0,0,0,0,4,"1",FALSE,0
"5780",8,"M",6,"Black","High",1,0,0,0,0,0,0,0,0,0,1,NA,FALSE,1
"5781",8,"F",6,"White","High",2,0,0,0,0,0,0,0,0,1,4,"1",TRUE,0
"5782",10,"F",6,"White","High",2,0,0,0,0,0,0,0,0,0,4,NA,FALSE,0
"5783",10,"F",7,NA,"High",2,0,0,0,0,0,0,0,0,0,4,"1",FALSE,0
"5784",9,"M",6,"White","High",2,0,0,0,0,0,0,0,0,0,2,"1",FALSE,1
"5785",11,"F",7,"White","High",2,0,0,0,0,0,0,0,0,0,4,NA,FALSE,0
"5786",10,"M",7,"White","High",1,1,NA,0,0,0,0,0,0,0,1,NA,TRUE,1
"5787",11,"M",7,"White","High",2,0,0,0,0,0,0,0,0,0,4,NA,FALSE,0
"5788",10,"M",7,"White","High",NA,NA,NA,1,0,0,NA,0,1,NA,2,NA,TRUE,1
"5789",10,"F",7,"White","High",1,1,1,0,0,0,0,1,0,0,2,NA,TRUE,1
"5790",10,"M",7,"White","High",2,0,0,0,0,0,0,0,0,0,4,"1",FALSE,0
"5791",10,"M",7,"Black","High",2,0,0,0,0,0,0,0,0,0,4,"1",FALSE,0
"5792",10,"F",7,"White","High",2,0,0,0,0,0,0,0,0,0,3,"1",FALSE,0
"5793",10,"F",7,"NHOPI","High",1,0,NA,0,0,0,0,0,0,0,2,NA,NA,1
"5794",10,"M",7,"White","High",1,0,1,0,0,0,0,0,0,0,2,"1",TRUE,1
"5795",10,"F",7,"Black","High",1,0,0,0,0,0,0,0,0,1,4,"1",TRUE,0
"5796",10,"M",7,"White","High",2,0,0,0,0,0,0,0,0,0,4,NA,FALSE,0
"5797",9,"M",7,"White","High",1,0,0,0,0,0,0,0,0,1,4,"1",TRUE,0
"5798",9,"M",7,"White","High",1,1,0,0,0,0,0,0,0,0,2,NA,TRUE,1
"5799",9,"M",7,"White","High",1,1,1,1,0,0,0,0,0,0,3,NA,TRUE,0
"5800",10,"M",7,"White","High",2,0,0,0,0,0,0,0,0,1,4,NA,TRUE,0
"5801",9,"M",7,"White","High",2,0,0,0,0,0,0,0,0,0,1,NA,FALSE,1
"5802",9,"F",7,"White","High",2,0,0,0,0,0,0,0,0,0,4,"1",FALSE,0
"5803",9,"F",7,"White","High",2,0,0,0,0,0,0,0,0,0,4,"1",FALSE,0
"5804",10,NA,7,"Hispanic","High",2,0,0,0,0,0,0,0,0,0,4,"1",FALSE,0
"5805",10,"F",7,"White","High",1,1,1,0,0,0,0,0,0,1,1,"1",TRUE,1
"5806",10,"F",7,"White","High",2,0,0,0,0,0,0,0,0,0,4,"1",FALSE,0
"5807",11,"M",7,"White","High",2,0,0,0,0,0,0,0,0,0,4,"1",FALSE,0
"5808",10,"F",7,"White","High",2,0,0,0,0,0,0,0,0,0,3,NA,FALSE,0
"5809",10,"F",7,"White","High",2,0,0,0,0,0,0,0,0,0,4,NA,FALSE,0
"5810",10,"F",7,"White","High",1,1,1,0,0,0,0,1,0,0,2,NA,TRUE,1
"5811",10,"F",7,"White","High",2,0,0,NA,0,0,0,0,0,0,4,"1",NA,0
"5812",10,"M",7,"Hispanic","High",1,0,0,0,0,0,0,0,0,0,4,NA,FALSE,0
"5813",10,"M",7,"White","High",2,0,0,0,0,0,0,0,0,0,3,"1",FALSE,0
"5814",10,"M",7,"White","High",1,0,1,1,0,0,0,1,0,1,2,NA,TRUE,1
"5815",6,"F",4,"Hispanic","High",2,0,0,0,0,0,0,0,0,0,4,NA,FALSE,0
"5816",7,"M",4,"White","High",1,0,0,0,0,0,0,0,0,0,1,NA,FALSE,1
"5817",7,"F",4,"Hispanic","High",2,0,0,0,0,0,0,0,0,0,4,"1",FALSE,0
"5818",7,"F",4,"White","High",2,0,0,0,0,0,0,0,0,0,1,NA,FALSE,1
"5819",6,"F",4,"White","High",2,0,0,0,0,0,0,0,0,1,4,NA,TRUE,0
"5820",7,"F",4,"White","High",2,0,0,0,0,0,0,0,0,0,4,NA,FALSE,0
"5821",7,"M",4,"White","High",2,0,0,0,0,0,0,0,0,0,2,"1",FALSE,1
"5822",7,"M",4,"White","High",2,0,0,0,0,0,0,0,0,0,3,"1",FALSE,0
"5823",7,"F",4,"White","High",1,1,0,0,0,0,0,1,0,1,4,NA,TRUE,0
"5824",7,"M",4,"Hispanic","High",1,NA,0,0,0,0,0,0,0,0,2,NA,NA,1
"5825",7,"F",4,"White","High",2,0,0,0,0,0,0,0,0,1,4,NA,TRUE,0
"5826",6,"M",4,"Hispanic","High",2,0,0,0,0,0,0,0,0,0,3,"1",FALSE,0
"5827",6,"F",4,"White","High",2,0,0,0,0,0,0,0,0,0,3,NA,FALSE,0
"5828",7,"F",4,"White","High",2,0,0,0,0,0,0,0,0,0,4,NA,FALSE,0
"5829",7,"M",4,"White","High",2,0,0,0,0,0,0,0,0,0,1,"1",FALSE,1
"5830",6,"M",4,"White","High",2,0,0,0,0,0,0,0,0,0,1,NA,FALSE,1
"5831",7,"M",4,"White","High",2,0,0,0,0,0,0,0,0,0,4,"1",FALSE,0
"5832",6,"F",4,"Black","High",1,0,1,0,0,0,0,0,0,1,4,NA,TRUE,0
"5833",6,"F",4,"White","High",2,0,0,0,0,0,0,0,0,0,3,"1",FALSE,0
"5834",6,"M",4,"Black","High",2,0,0,0,0,0,0,0,0,0,2,"1",FALSE,1
"5835",6,"F",4,"White","High",1,1,0,0,0,0,1,0,0,1,1,NA,TRUE,1
"5836",7,"F",4,"White","High",2,0,0,0,0,0,0,0,0,0,4,"1",FALSE,0
"5837",6,"F",4,"White","High",2,0,0,0,0,0,0,0,0,0,4,NA,FALSE,0
"5838",6,"F",4,"White","High",2,0,0,0,0,0,0,0,0,1,3,NA,TRUE,0
"5839",6,"F",4,"Hispanic","High",2,0,0,0,0,0,0,0,0,1,1,"1",TRUE,1
"5840",7,"F",4,"Hispanic","High",2,0,0,0,NA,NA,0,NA,NA,0,4,"1",NA,0
"5841",8,"M",4,"White","High",2,0,0,1,0,0,0,0,0,0,4,"1",TRUE,0
"5842",6,"F",4,"White","High",2,0,0,0,0,0,0,0,0,0,1,"1",FALSE,1
"5843",7,"M",4,"White","High",1,0,0,0,0,0,0,0,0,0,3,"1",FALSE,0
"5844",7,"M",4,"White","High",2,0,0,0,0,0,0,0,0,0,4,NA,FALSE,0
"5845",7,"M",4,"White","High",2,0,0,0,0,0,0,0,0,0,3,"1",FALSE,0
"5846",7,"F",4,"White","High",1,0,0,0,0,0,0,0,0,1,2,NA,TRUE,1
"5847",6,"M",4,"White","High",2,0,0,0,0,0,0,0,0,1,3,NA,TRUE,0
"5848",7,"M",4,"White","High",2,0,0,0,0,0,0,0,0,0,3,NA,FALSE,0
"5849",6,"F",4,"White","High",2,0,0,0,0,0,0,0,0,0,4,"1",FALSE,0
"5850",6,"F",4,"White","High",2,0,0,0,0,0,0,0,0,0,4,"1",FALSE,0
"5851",6,"M",4,"White","High",1,0,0,1,0,0,0,0,0,1,1,NA,TRUE,1
"5852",7,"M",4,"White","High",2,0,0,0,0,0,0,0,0,1,1,"1",TRUE,1
"5853",7,"M",4,"White","High",2,0,0,0,0,0,0,0,0,0,4,"1",FALSE,0
"5854",7,"M",4,"White","High",2,0,0,0,0,0,0,0,0,0,2,"1",FALSE,1
"5855",7,"F",4,"White","High",1,0,0,0,0,0,1,0,0,1,1,NA,TRUE,1
"5856",7,"M",4,"Hispanic","High",2,0,0,0,0,0,0,0,0,0,4,"1",FALSE,0
"5857",7,"M",4,"Hispanic","High",2,0,0,0,0,0,0,0,0,0,1,NA,FALSE,1
"5858",6,"F",4,"White","High",1,1,1,0,0,1,0,1,0,1,2,NA,TRUE,1
"5859",9,"M",6,"White","High",1,0,0,1,0,0,0,0,1,1,1,NA,TRUE,1
"5860",8,"F",5,"White","High",2,0,0,0,0,0,0,0,0,0,1,NA,FALSE,1
"5861",8,"M",5,"White","High",1,1,0,1,0,0,0,0,0,0,1,NA,TRUE,1
"5862",7,"M",5,"White","High",2,0,0,0,0,0,0,0,0,0,1,NA,FALSE,1
"5863",7,"M",5,"White","High",2,0,0,0,0,0,0,0,0,0,4,NA,FALSE,0
"5864",7,"M",5,"White","High",2,0,0,0,0,0,0,0,0,0,4,NA,FALSE,0
"5865",7,"F",5,"White","High",2,0,0,0,0,0,0,0,0,1,2,"1",TRUE,1
"5866",7,"M",5,"White","High",2,0,0,0,1,0,0,0,0,0,NA,NA,TRUE,NA
"5867",8,"F",5,"Black","High",2,0,0,NA,0,0,0,0,0,0,2,NA,NA,1
"5868",8,"M",5,"White","High",1,1,0,0,0,0,0,0,0,1,1,NA,TRUE,1
"5869",8,"M",5,"White","High",2,0,0,0,0,0,0,0,0,0,4,"1",FALSE,0
"5870",8,"M",5,"White","High",2,0,0,0,0,0,0,0,0,1,4,NA,TRUE,0
"5871",9,"F",5,"White","High",2,0,0,0,0,0,0,0,0,0,4,"1",FALSE,0
"5872",8,"M",5,"Hispanic","High",2,0,0,0,0,0,0,0,0,1,2,NA,TRUE,1
"5873",8,"F",5,"Black","High",2,0,0,0,0,0,0,0,0,0,4,NA,FALSE,0
"5874",7,"F",5,"White","High",2,0,0,0,0,0,0,0,0,0,1,"1",FALSE,1
"5875",8,"F",5,"White","High",1,0,0,0,0,0,0,0,0,1,2,"1",TRUE,1
"5876",8,"M",5,"White","High",2,0,0,0,0,0,0,0,0,0,4,"1",FALSE,0
"5877",8,"F",5,"White","High",2,0,0,0,0,0,0,0,0,0,3,NA,FALSE,0
"5878",8,"F",5,"White","High",2,0,0,0,0,0,0,0,0,1,4,NA,TRUE,0
"5879",8,"F",5,"White","High",2,0,0,0,0,0,NA,0,0,1,4,NA,TRUE,0
"5880",8,"F",5,"White","High",2,0,0,0,0,0,0,0,0,0,4,"1",FALSE,0
"5881",7,"F",5,"Hispanic","High",2,0,NA,0,0,0,0,0,0,0,4,"1",NA,0
"5882",7,"F",5,"White","High",2,0,0,0,0,0,0,0,0,0,2,"1",FALSE,1
"5883",8,"F",5,"White","High",2,0,0,0,0,0,0,0,0,0,4,NA,FALSE,0
"5884",7,"F",5,"White","High",2,0,0,0,0,0,0,0,0,0,4,"1",FALSE,0
"5885",8,"F",5,"White","High",2,0,0,0,0,0,0,0,0,0,2,NA,FALSE,1
"5886",8,"F",5,"White","High",2,1,0,0,0,0,0,0,0,0,1,NA,TRUE,1
"5887",8,"M",5,"AI/AN","High",2,0,0,0,0,0,0,0,0,0,4,"1",FALSE,0
"5888",8,"M",5,"Hispanic","High",1,NA,NA,NA,NA,NA,NA,NA,NA,NA,4,NA,NA,0
"5889",9,"M",5,"Hispanic","High",2,0,0,0,0,0,0,0,0,0,4,"1",FALSE,0
"5890",8,"M",5,"White","High",2,0,0,0,0,0,0,0,0,0,4,NA,FALSE,0
"5891",8,"M",5,"White","High",2,0,0,1,0,0,0,0,0,0,3,NA,TRUE,0
"5892",8,"M",5,"White","High",2,0,0,0,0,0,0,0,0,0,3,"1",FALSE,0
"5893",9,"M",6,"White","High",1,0,1,0,0,0,0,0,0,0,2,NA,TRUE,1
"5894",9,"M",6,"White","High",2,0,0,0,0,0,0,0,0,0,4,NA,FALSE,0
"5895",8,"F",6,"Hispanic","High",2,0,0,0,0,0,0,0,0,0,1,"1",FALSE,1
"5896",9,"F",6,"Hispanic","High",2,0,0,0,0,0,0,0,0,0,4,NA,FALSE,0
"5897",10,"F",6,"White","High",1,1,1,0,0,0,0,1,1,0,1,"1",TRUE,1
"5898",9,"M",6,"White","High",1,0,0,0,0,0,0,0,0,1,4,"1",TRUE,0
"5899",9,"M",6,"White","High",1,1,1,1,0,0,0,0,0,1,3,NA,TRUE,0
"5900",9,"M",6,"White","High",1,0,1,0,0,0,0,0,0,1,2,"1",TRUE,1
"5901",10,"F",6,"White","High",2,0,0,0,0,0,0,0,0,0,4,NA,FALSE,0
"5902",10,"M",6,"White","High",1,NA,NA,1,0,0,0,0,0,1,2,NA,TRUE,1
"5903",8,"F",6,"White","High",1,1,0,0,0,0,0,0,0,1,2,NA,TRUE,1
"5904",10,"M",6,"White","High",1,0,0,0,0,0,0,0,0,0,4,"1",FALSE,0
"5905",9,"F",6,"White","High",2,0,0,0,0,0,0,0,0,0,2,"1",FALSE,1
"5906",8,"M",6,"White","High",1,0,0,0,0,0,0,0,0,0,4,"1",FALSE,0
"5907",9,"M",6,"White","High",1,NA,1,1,0,0,0,1,0,1,1,NA,TRUE,1
"5908",8,"M",6,"Hispanic","High",1,0,1,0,0,0,0,0,0,1,4,NA,TRUE,0
"5909",9,"M",6,"White","High",1,0,0,0,0,0,0,0,0,1,3,NA,TRUE,0
"5910",8,"M",6,"White","High",1,0,1,0,0,0,0,0,0,1,3,NA,TRUE,0
"5911",10,"F",6,"White","High",2,0,0,0,0,0,0,0,0,0,1,NA,FALSE,1
"5912",9,"M",6,"White","High",1,0,1,0,0,0,0,0,0,1,4,"1",TRUE,0
"5913",9,"F",6,"White","High",1,0,0,0,0,0,0,0,0,0,3,NA,FALSE,0
"5914",7,"F",4,"White","High",2,0,0,0,0,0,0,0,0,0,3,NA,FALSE,0
"5915",9,"M",6,"White","High",1,0,1,0,0,0,0,0,0,1,1,NA,TRUE,1
"5916",8,"M",6,"White","High",2,0,0,0,0,0,0,0,0,0,2,"1",FALSE,1
"5917",8,"M",6,NA,"High",2,1,0,0,0,0,0,0,0,0,4,NA,TRUE,0
"5918",9,"F",6,"White","High",2,0,0,0,0,0,0,0,0,0,3,NA,FALSE,0
"5919",9,"F",6,"White","High",2,0,0,0,0,0,0,0,0,0,4,"1",FALSE,0
"5920",9,"F",6,"Hispanic","High",2,0,0,0,0,0,0,0,0,0,4,"1",FALSE,0
"5921",9,"F",6,"White","High",2,0,0,0,0,0,0,0,0,0,4,"1",FALSE,0
"5922",9,"M",6,"White","High",2,0,0,0,0,0,0,0,0,0,4,NA,FALSE,0
"5923",9,"M",6,"White","High",1,0,0,0,0,0,0,0,0,1,4,"1",TRUE,0
"5924",9,"M",6,"White","High",1,NA,0,1,0,0,0,0,0,1,2,NA,TRUE,1
"5925",8,"M",6,"Hispanic","High",2,0,0,0,0,0,0,0,0,0,2,NA,FALSE,1
"5926",8,"F",6,"White","High",2,0,0,0,0,0,0,0,0,0,3,"1",FALSE,0
"5927",8,"M",6,"Hispanic","High",2,0,0,0,0,0,0,0,0,0,4,"1",FALSE,0
"5928",9,"M",6,"White","High",1,0,0,0,0,0,0,0,0,1,1,"1",TRUE,1
"5929",8,"F",6,"Black","High",2,0,0,0,0,0,0,0,0,0,4,"1",FALSE,0
"5930",8,"F",6,"White","High",1,1,1,0,0,0,0,0,0,0,1,NA,TRUE,1
"5931",8,"M",6,"White","High",2,0,0,0,0,0,0,0,0,0,4,NA,FALSE,0
"5932",8,"F",6,"White","High",1,1,1,0,0,0,0,1,0,0,1,NA,TRUE,1
"5933",9,"M",6,"White","High",1,0,0,0,0,0,0,0,0,1,3,NA,TRUE,0
"5934",9,"F",6,"White","High",1,1,1,0,0,0,0,0,0,1,1,NA,TRUE,1
"5935",9,"M",6,"White","High",1,0,0,0,0,0,0,0,0,1,4,"1",TRUE,0
"5936",9,"F",6,"White","High",2,0,0,0,0,0,0,0,0,0,4,"1",FALSE,0
"5937",8,"M",6,"White","High",2,0,0,0,0,0,0,0,0,0,4,"1",FALSE,0
"5938",5,"F",2,"White","Middle",2,0,0,0,0,0,0,0,0,0,4,"1",FALSE,0
"5939",5,"F",2,"White","Middle",2,0,0,0,0,0,0,0,0,0,2,"1",FALSE,1
"5940",6,"M",3,"White","Middle",2,0,0,0,0,0,0,0,0,0,4,NA,FALSE,0
"5941",6,"M",3,"White","Middle",2,0,0,0,0,0,0,0,0,0,4,"1",FALSE,0
"5942",6,"M",3,"White","Middle",2,0,0,0,0,0,0,0,0,0,4,"1",FALSE,0
"5943",6,"M",3,"White","Middle",2,0,0,0,0,0,0,0,0,0,3,"1",FALSE,0
"5944",6,"M",3,"White","Middle",2,0,0,0,0,0,0,0,0,0,3,NA,FALSE,0
"5945",7,"M",3,"White","Middle",2,0,0,0,0,0,0,0,0,1,4,NA,TRUE,0
"5946",6,"M",3,"White","Middle",1,1,0,0,0,0,0,1,1,0,3,NA,TRUE,0
"5947",6,"M",3,"White","Middle",2,0,0,0,0,0,0,0,0,0,4,"1",FALSE,0
"5948",6,"M",3,"White","Middle",1,1,0,0,0,0,0,0,0,1,2,"1",TRUE,1
"5949",5,"M",3,"White","Middle",2,0,0,0,0,0,0,0,0,0,4,"1",FALSE,0
"5950",6,"M",3,"White","Middle",2,0,0,0,0,0,0,0,0,0,3,"1",FALSE,0
"5951",4,"M",2,"White","Middle",2,0,0,0,0,0,0,0,0,0,4,"1",FALSE,0
"5952",5,"M",2,"White","Middle",2,0,0,0,0,0,0,0,0,0,4,"1",FALSE,0
"5953",6,"M",3,"White","Middle",2,0,0,0,0,0,0,0,0,0,3,NA,FALSE,0
"5954",7,"M",3,"White","Middle",2,0,0,0,0,0,0,0,0,0,3,"1",FALSE,0
"5955",6,"M",3,"White","Middle",2,0,0,0,0,0,0,0,0,0,4,"1",FALSE,0
"5956",6,"M",3,"White","Middle",2,0,0,0,0,0,0,0,0,0,2,"1",FALSE,1
"5957",6,"M",3,"White","Middle",2,0,0,0,0,0,0,0,0,1,2,NA,TRUE,1
"5958",6,"M",3,"White","Middle",2,0,0,0,0,0,0,0,0,0,2,NA,FALSE,1
"5959",5,"M",2,"White","Middle",2,0,0,0,0,0,0,0,0,0,4,"1",FALSE,0
"5960",5,"F",2,"White","Middle",2,0,0,0,0,0,0,0,0,0,2,"1",FALSE,1
"5961",4,"F",2,NA,"Middle",2,0,0,0,0,0,0,0,0,0,4,"1",FALSE,0
"5962",5,"F",2,"White","Middle",2,0,0,0,0,0,0,0,0,0,4,"1",FALSE,0
"5963",5,"F",2,"White","Middle",2,0,0,0,0,0,0,0,0,0,4,"1",FALSE,0
"5964",5,"F",2,"White","Middle",2,0,0,0,0,0,0,0,0,0,4,"1",FALSE,0
"5965",5,"F",2,"White","Middle",2,0,0,0,0,0,0,0,0,0,4,"1",FALSE,0
"5966",6,"F",3,"White","Middle",2,0,0,0,0,0,0,0,0,0,4,"1",FALSE,0
"5967",6,"F",3,"Black","Middle",2,0,0,0,0,0,0,0,0,0,2,"1",FALSE,1
"5968",6,"F",3,"Hispanic","Middle",2,0,0,0,0,0,0,0,0,0,4,"1",FALSE,0
"5969",6,"M",3,"White","Middle",2,0,0,0,0,0,0,0,0,0,4,"1",FALSE,0
"5970",6,"M",3,"White","Middle",2,0,0,0,0,0,0,0,0,0,4,"1",FALSE,0
"5971",6,"M",3,"White","Middle",2,0,0,0,0,0,0,0,0,0,4,"1",FALSE,0
"5972",6,"M",3,"White","Middle",2,0,0,0,0,0,0,0,0,0,4,"1",FALSE,0
"5973",4,"F",2,"White","Middle",2,0,0,0,0,0,0,0,0,0,3,NA,FALSE,0
"5974",4,"M",2,"White","Middle",2,0,0,0,0,0,0,0,0,0,3,"1",FALSE,0
"5975",5,"F",2,"White","Middle",2,0,0,0,0,0,0,0,0,0,3,NA,FALSE,0
"5976",5,"F",2,"White","Middle",2,0,0,0,0,0,0,0,0,0,2,NA,FALSE,1
"5977",5,"F",2,"White","Middle",2,0,0,0,0,0,0,0,0,0,4,"1",FALSE,0
"5978",4,"F",2,"White","Middle",2,0,0,0,0,0,0,0,0,0,4,"1",FALSE,0
"5979",5,"F",2,"White","Middle",2,0,0,0,0,0,0,0,0,0,4,"1",FALSE,0
"5980",10,"F",7,"Hispanic","High",2,0,0,0,NA,NA,NA,NA,NA,0,4,NA,NA,0
"5981",5,"M",2,"White","Middle",2,0,0,0,0,0,0,0,0,0,2,NA,FALSE,1
"5982",5,"M",2,"White","Middle",2,0,0,NA,0,0,0,0,0,0,4,"1",NA,0
"5983",5,"M",2,"AI/AN","Middle",2,0,0,0,0,0,0,0,0,0,3,"1",FALSE,0
"5984",5,"M",2,"White","Middle",2,0,0,0,0,0,0,0,0,0,4,"1",FALSE,0
"5985",4,"M",2,"Black","Middle",2,NA,0,0,0,0,0,0,0,0,NA,"1",NA,NA
"5986",6,"M",2,"White","Middle",NA,0,NA,NA,0,0,0,0,0,NA,2,NA,NA,1
"5987",5,"M",2,"White","Middle",2,0,0,0,0,0,NA,0,0,0,4,NA,NA,0
"5988",5,"M",3,"White","Middle",2,0,0,0,0,0,0,0,0,0,3,NA,FALSE,0
"5989",5,"M",2,"White","Middle",2,0,0,0,0,0,0,0,0,0,4,"1",FALSE,0
"5990",5,"M",2,"White","Middle",2,0,0,0,0,0,0,0,0,0,3,"1",FALSE,0
"5991",5,"M",2,"White","Middle",2,0,0,0,0,0,0,0,0,0,4,NA,FALSE,0
"5992",5,"M",2,"White","Middle",2,0,0,0,0,0,0,0,0,0,3,NA,FALSE,0
"5993",4,"M",2,"Asian","Middle",2,0,0,0,0,0,0,0,0,0,4,"1",FALSE,0
"5994",5,"M",2,"White","Middle",2,0,0,NA,0,0,0,0,0,0,4,"1",NA,0
"5995",6,"M",2,"White","Middle",2,0,0,0,NA,NA,NA,NA,NA,0,3,NA,NA,0
"5996",6,"M",2,NA,"Middle",2,0,0,NA,0,0,0,0,0,0,4,"1",NA,0
"5997",5,"M",2,"White","Middle",2,0,0,0,0,0,0,0,0,0,2,NA,FALSE,1
"5998",5,"M",2,"White","Middle",2,0,0,0,0,0,0,0,0,0,4,"1",FALSE,0
"5999",5,"F",2,"White","Middle",2,0,0,0,0,0,0,0,0,0,3,"1",FALSE,0
"6000",4,"F",2,"White","Middle",2,0,0,0,0,0,0,0,0,0,4,NA,FALSE,0
"6001",5,"F",2,"White","Middle",2,0,0,0,0,0,0,0,0,0,4,"1",FALSE,0
"6002",5,"F",2,"White","Middle",2,0,0,0,0,0,0,0,0,0,3,"1",FALSE,0
"6003",6,"M",3,"White","Middle",2,0,0,0,0,0,0,0,0,0,2,"1",FALSE,1
"6004",5,"M",3,"White","Middle",2,0,0,0,0,0,0,0,0,0,3,"1",FALSE,0
"6005",6,"F",3,"White","Middle",2,0,0,0,0,0,0,0,0,0,4,"1",FALSE,0
"6006",5,"F",3,"White","Middle",2,0,0,0,0,0,0,0,0,0,4,"1",FALSE,0
"6007",6,"F",3,"White","Middle",2,0,0,0,0,0,0,0,0,0,4,"1",FALSE,0
"6008",6,"F",3,"White","Middle",2,0,0,0,0,0,0,0,0,1,2,NA,TRUE,1
"6009",6,"F",3,"White","Middle",2,0,0,0,0,0,0,0,0,0,4,"1",FALSE,0
"6010",6,"M",3,"White","Middle",2,0,0,0,0,0,0,0,0,0,2,NA,FALSE,1
"6011",6,"F",3,"Black","Middle",2,0,0,0,0,0,0,0,0,0,4,NA,FALSE,0
"6012",6,"F",3,"White","Middle",2,0,0,0,0,0,0,0,0,0,3,"1",FALSE,0
"6013",6,"F",3,"Asian","Middle",2,0,0,0,0,0,NA,0,0,0,4,"1",NA,0
"6014",6,"F",3,"White","Middle",2,0,0,0,0,0,0,0,0,0,4,"1",FALSE,0
"6015",6,"M",3,"White","Middle",2,0,0,0,0,0,0,0,0,0,3,"1",FALSE,0
"6016",4,"M",1,"White","Middle",2,0,0,0,0,0,NA,0,0,0,4,"1",NA,0
"6017",4,"M",1,"AI/AN","Middle",2,0,0,0,0,0,NA,0,0,0,4,"1",NA,0
"6018",4,"M",1,"AI/AN","Middle",2,0,0,0,0,0,0,0,0,0,4,"1",FALSE,0
"6019",NA,NA,NA,NA,NA,2,0,0,0,0,0,0,0,0,0,NA,"1",FALSE,NA
"6020",4,"M",1,"White","Middle",2,0,0,0,0,0,0,0,0,0,4,NA,FALSE,0
"6021",3,"M",1,"White","Middle",2,0,0,0,NA,NA,0,NA,NA,0,4,"1",NA,0
"6022",4,"F",1,"White","Middle",2,0,0,0,0,0,0,0,0,0,4,"1",FALSE,0
"6023",4,"F",1,"White","Middle",2,0,0,0,0,0,0,0,0,0,4,"1",FALSE,0
"6024",4,"M",1,"White","Middle",2,0,0,0,0,0,0,0,0,0,4,"1",FALSE,0
"6025",4,"M",1,"White","Middle",2,0,0,0,0,0,0,0,0,0,4,"1",FALSE,0
"6026",4,"M",1,"White","Middle",2,0,0,0,0,0,0,0,0,0,2,"1",FALSE,1
"6027",4,"F",1,"White","Middle",2,0,0,0,0,0,0,0,0,0,4,"1",FALSE,0
"6028",4,"M",1,"Black","Middle",1,0,0,0,NA,NA,NA,NA,NA,0,4,"1",NA,0
"6029",3,"M",1,"White","Middle",2,0,0,0,0,0,0,0,0,0,2,"1",FALSE,1
"6030",3,"F",7,"Hispanic","High",NA,NA,NA,NA,0,1,NA,0,0,NA,2,NA,TRUE,1
"6031",4,"M",1,"White","Middle",2,0,0,0,0,0,0,0,0,0,4,"1",FALSE,0
"6032",4,"M",1,"White","Middle",2,0,0,0,0,0,0,0,0,0,4,"1",FALSE,0
"6033",4,"F",1,"White","Middle",2,0,0,0,0,0,0,0,0,0,4,"1",FALSE,0
"6034",4,"M",1,"AI/AN","Middle",2,0,0,0,0,0,0,0,0,0,3,NA,FALSE,0
"6035",4,"F",1,"White","Middle",2,0,0,NA,NA,NA,NA,NA,NA,NA,3,NA,NA,0
"6036",4,"F",1,"White","Middle",2,0,0,0,0,0,0,0,0,0,2,NA,FALSE,1
"6037",3,"M",1,"White","Middle",2,0,0,0,0,0,0,0,0,0,4,NA,FALSE,0
"6038",4,"F",1,NA,"Middle",2,1,0,0,0,0,0,1,0,0,1,NA,TRUE,1
"6039",4,"M",1,NA,"Middle",2,0,0,0,0,0,0,0,0,0,NA,"1",FALSE,NA
"6040",4,"M",1,"White","Middle",2,0,0,0,0,0,0,0,0,0,3,"1",FALSE,0
"6041",4,"M",1,"White","Middle",2,0,0,0,0,0,0,0,0,0,4,"1",FALSE,0
"6042",4,"M",1,"White","Middle",2,0,0,0,0,0,0,0,0,0,2,NA,FALSE,1
"6043",4,"F",1,"White","Middle",2,0,0,0,0,0,0,0,0,0,4,"1",FALSE,0
"6044",3,"M",1,"White","Middle",2,0,0,0,0,0,0,0,0,0,4,NA,FALSE,0
"6045",4,"M",1,"White","Middle",2,0,0,0,0,0,0,0,0,0,2,"1",FALSE,1
"6046",4,"F",1,"White","Middle",NA,0,NA,0,0,0,0,0,0,0,4,NA,NA,0
"6047",4,"M",1,"AI/AN","Middle",2,0,0,0,0,0,0,0,0,0,4,"1",FALSE,0
"6048",4,"M",1,"White","Middle",1,0,1,0,0,0,0,0,0,0,1,NA,TRUE,1
"6049",4,"F",1,"White","Middle",2,0,0,0,0,0,0,0,0,0,4,NA,FALSE,0
"6050",4,"F",1,"Black","Middle",2,0,0,0,0,0,0,0,0,0,4,"1",FALSE,0
"6051",6,"M",3,"AI/AN","Middle",1,0,0,1,0,0,0,0,0,0,3,NA,TRUE,0
"6052",4,"F",1,"White","Middle",2,0,0,0,0,0,0,0,0,0,4,"1",FALSE,0
"6053",3,"F",1,"White","Middle",2,0,0,0,0,0,0,0,0,0,4,"1",FALSE,0
"6054",4,"F",1,"White","Middle",2,0,0,0,0,0,0,0,0,0,2,NA,FALSE,1
"6055",4,"F",1,"White","Middle",2,0,0,0,0,0,0,0,0,0,4,"1",FALSE,0
"6056",3,"M",1,"White","Middle",2,0,0,0,0,0,0,0,0,0,4,"1",FALSE,0
"6057",3,"M",1,"White","Middle",2,0,0,0,0,0,0,0,0,1,1,NA,TRUE,1
"6058",4,"F",1,"Hispanic","Middle",2,0,0,0,0,0,0,0,0,0,4,"1",FALSE,0
"6059",5,"M",1,NA,"Middle",2,0,0,0,0,0,0,0,0,0,3,NA,FALSE,0
"6060",4,"M",1,"AI/AN","Middle",NA,0,0,0,NA,NA,NA,NA,NA,0,4,"1",NA,0
"6061",4,"F",1,"Hispanic","Middle",2,0,0,0,0,0,0,0,0,0,2,"1",FALSE,1
"6062",4,"F",1,"White","Middle",2,0,0,0,0,0,0,0,0,0,4,"1",FALSE,0
"6063",4,"M",1,"White","Middle",2,0,0,0,0,0,NA,0,0,0,4,NA,NA,0
"6064",4,"M",1,"White","Middle",2,0,0,1,0,0,0,0,1,1,2,NA,TRUE,1
"6065",4,"M",1,"White","Middle",2,0,0,0,0,0,0,0,0,0,4,NA,FALSE,0
"6066",4,"M",1,"White","Middle",2,0,0,0,0,0,0,0,0,0,4,"1",FALSE,0
"6067",4,"M",1,"White","Middle",2,0,0,0,0,0,0,0,0,0,4,"1",FALSE,0
"6068",4,"M",1,"White","Middle",2,0,0,NA,0,0,0,0,0,0,3,"1",NA,0
"6069",5,"F",3,"White","Middle",2,0,0,0,0,0,0,0,0,0,4,"1",FALSE,0
"6070",6,"F",3,"White","Middle",2,0,0,0,0,0,0,0,0,0,4,"1",FALSE,0
"6071",6,"F",3,"White","Middle",2,0,0,0,0,0,0,0,0,0,4,"1",FALSE,0
"6072",6,"F",3,"White","Middle",2,0,0,0,0,0,0,0,0,0,4,"1",FALSE,0
"6073",6,"F",3,"Asian","Middle",2,0,0,0,0,0,0,0,0,0,4,"1",FALSE,0
"6074",6,"F",3,"White","Middle",2,0,0,0,0,0,0,0,0,0,4,"1",FALSE,0
"6075",6,"F",3,"White","Middle",2,0,0,0,0,0,0,0,0,0,4,"1",FALSE,0
"6076",6,"F",3,"Asian","Middle",2,0,0,0,0,0,0,0,0,0,4,"1",FALSE,0
"6077",6,"F",3,"White","Middle",2,0,0,0,0,0,0,0,0,0,3,"1",FALSE,0
"6078",5,"F",3,"White","Middle",2,0,0,0,0,0,0,0,0,0,4,"1",FALSE,0
"6079",6,"F",3,"White","Middle",2,0,0,0,0,0,0,0,0,0,3,NA,FALSE,0
"6080",10,"F",7,"White","High",2,0,0,0,0,0,0,0,0,0,4,"1",FALSE,0
"6081",10,"M",7,"White","High",2,0,0,0,0,0,0,0,0,0,4,"1",FALSE,0
"6082",10,"M",7,"White","High",2,0,0,0,0,0,0,0,0,0,4,"1",FALSE,0
"6083",10,"F",7,"White","High",2,0,0,0,0,0,0,0,0,1,4,"1",TRUE,0
"6084",7,"F",5,"White","High",2,0,0,0,0,0,0,0,0,0,4,"1",FALSE,0
"6085",8,"F",5,"White","High",2,0,0,0,0,0,0,0,0,0,3,"1",FALSE,0
"6086",8,"F",5,"White","High",2,0,0,0,0,0,0,0,0,0,4,"1",FALSE,0
"6087",8,"M",5,"White","High",2,0,0,0,0,0,0,0,0,0,3,"1",FALSE,0
"6088",8,"M",5,"White","High",2,0,0,0,0,0,0,0,0,0,4,"1",FALSE,0
"6089",8,"F",5,"White","High",2,0,0,0,0,0,0,0,0,0,4,"1",FALSE,0
"6090",8,"M",5,"White","High",2,0,0,0,0,0,0,0,0,0,4,"1",FALSE,0
"6091",7,"F",5,"White","High",2,0,0,0,0,0,0,0,0,0,3,"1",FALSE,0
"6092",8,"F",5,"Asian","High",2,0,0,0,0,0,0,0,0,0,4,"1",FALSE,0
"6093",8,"F",5,"White","High",2,0,0,0,0,0,0,0,0,0,3,"1",FALSE,0
"6094",7,"F",5,"White","High",2,0,0,0,0,0,0,0,0,0,2,"1",FALSE,1
"6095",7,"F",5,"White","High",2,0,0,0,0,0,0,0,0,0,4,"1",FALSE,0
"6096",9,"M",5,"Asian","High",2,0,0,0,0,0,0,0,0,0,4,"1",FALSE,0
"6097",8,"M",5,"White","High",2,0,0,0,0,0,0,0,0,0,4,NA,FALSE,0
"6098",6,"M",4,"White","High",2,0,0,0,0,0,0,0,0,0,4,NA,FALSE,0
"6099",9,"M",4,"Asian","High",2,0,NA,NA,NA,NA,NA,NA,NA,NA,3,NA,NA,0
"6100",7,"M",4,"Hispanic","High",2,0,0,0,0,0,0,0,0,0,4,NA,FALSE,0
"6101",7,"M",4,"White","High",2,0,0,0,0,0,0,0,0,0,4,"1",FALSE,0
"6102",7,"M",4,"White","High",2,0,0,0,0,0,0,0,0,0,3,NA,FALSE,0
"6103",6,"M",4,"White","High",2,0,0,0,0,0,0,0,0,0,4,"1",FALSE,0
"6104",7,"M",4,"White","High",2,0,0,0,0,0,0,0,0,0,3,NA,FALSE,0
"6105",7,"M",4,"Black","High",2,0,0,0,0,0,0,0,0,0,4,"1",FALSE,0
"6106",7,"M",4,"White","High",1,0,0,1,0,0,0,0,0,1,1,NA,TRUE,1
"6107",7,"M",4,"White","High",2,0,0,0,0,0,0,0,0,0,4,"1",FALSE,0
"6108",7,"M",4,"White","High",2,0,0,0,0,0,0,0,0,0,2,"1",FALSE,1
"6109",6,"M",4,"White","High",2,0,0,0,0,0,0,0,0,0,2,NA,FALSE,1
"6110",6,"M",4,"White","High",2,0,0,0,0,0,0,0,0,0,4,"1",FALSE,0
"6111",7,"M",4,"White","High",2,0,0,0,0,0,0,0,0,0,3,"1",FALSE,0
"6112",7,"M",4,"White","High",2,0,0,0,0,0,0,0,0,0,4,"1",FALSE,0
"6113",6,"M",4,"White","High",2,0,0,0,0,0,0,0,0,0,3,"1",FALSE,0
"6114",8,"M",6,"White","High",2,0,0,0,0,0,0,0,0,1,4,NA,TRUE,0
"6115",8,"F",6,"White","High",2,0,0,0,0,0,0,0,0,0,4,NA,FALSE,0
"6116",9,"F",6,"White","High",2,0,0,0,0,0,0,0,0,0,4,"1",FALSE,0
"6117",8,"F",6,"White","High",2,0,0,0,0,0,0,0,0,0,4,"1",FALSE,0
"6118",9,"F",6,"White","High",2,0,0,0,0,0,0,0,0,0,4,"1",FALSE,0
"6119",9,"F",6,"White","High",2,0,0,0,0,0,0,0,0,0,4,"1",FALSE,0
"6120",8,"F",6,"White","High",2,0,0,0,0,0,0,0,0,0,2,"1",FALSE,1
"6121",9,"M",6,"White","High",2,0,0,0,0,0,0,0,0,0,2,"1",FALSE,1
"6122",8,"F",6,"White","High",2,0,0,0,0,0,0,0,0,0,4,"1",FALSE,0
"6123",8,"M",6,"White","High",1,0,1,1,0,0,0,0,0,1,2,"1",TRUE,1
"6124",9,"M",6,"White","High",1,0,1,0,0,0,0,0,0,0,1,NA,TRUE,1
"6125",9,"F",6,"White","High",2,0,0,0,0,0,0,0,0,0,4,"1",FALSE,0
"6126",8,"F",6,"White","High",2,0,0,0,0,0,0,0,0,0,3,"1",FALSE,0
"6127",8,"M",6,"White","High",2,0,0,0,0,0,0,0,0,0,4,NA,FALSE,0
"6128",10,"F",6,"White","High",2,0,0,0,0,0,0,0,0,0,4,"1",FALSE,0
"6129",8,"F",6,"White","High",2,0,0,0,0,0,0,0,0,0,4,"1",FALSE,0
"6130",8,"F",6,"White","High",2,0,0,0,0,0,0,0,0,0,4,"1",FALSE,0
"6131",9,"M",6,"White","High",2,0,0,0,0,0,0,0,0,0,4,"1",FALSE,0
"6132",9,"M",6,"White","High",2,0,0,0,0,0,0,0,0,0,2,"1",FALSE,1
"6133",9,"M",6,"White","High",2,0,0,0,0,0,0,0,0,0,3,"1",FALSE,0
"6134",10,"M",7,"White","High",2,0,0,0,0,0,0,0,0,0,4,"1",FALSE,0
"6135",10,"M",7,"White","High",2,0,0,0,0,0,0,0,0,0,3,"1",FALSE,0
"6136",10,"M",7,"White","High",2,0,0,0,0,0,0,0,0,0,2,"1",FALSE,1
"6137",10,"M",7,"White","High",2,0,0,NA,0,0,0,0,0,0,4,"1",NA,0
"6138",9,"F",7,"White","High",2,0,0,0,0,0,0,0,0,0,4,"1",FALSE,0
"6139",10,"M",7,"White","High",1,1,0,1,0,0,0,0,0,1,1,NA,TRUE,1
"6140",10,"F",7,"White","High",1,0,0,0,0,0,0,0,0,1,3,NA,TRUE,0
"6141",10,"F",7,"White","High",1,0,0,0,0,0,0,0,0,1,4,NA,TRUE,0
"6142",10,"F",7,"White","High",2,0,0,0,0,0,0,0,0,0,4,NA,FALSE,0
"6143",9,"F",7,"White","High",2,0,0,0,0,0,0,0,0,0,3,"1",FALSE,0
"6144",10,"F",7,"White","High",2,0,0,0,0,0,0,0,0,0,4,"1",FALSE,0
"6145",10,"M",7,"White","High",2,0,0,0,0,0,0,0,0,0,4,NA,FALSE,0
"6146",10,"F",7,"White","High",2,0,0,0,0,0,0,0,0,0,4,"1",FALSE,0
"6147",10,"F",7,"White","High",2,0,0,0,0,0,0,0,0,0,2,"1",FALSE,1
"6148",10,"F",7,"White","High",2,0,0,0,0,0,0,0,0,0,4,NA,FALSE,0
"6149",7,"M",4,"White","High",2,0,0,0,0,0,0,0,0,0,4,"1",FALSE,0
"6150",7,"F",4,"White","High",2,0,0,0,0,0,0,0,0,1,4,"1",TRUE,0
"6151",7,"F",4,"Black","High",2,0,0,0,0,0,0,0,0,0,4,"1",FALSE,0
"6152",7,"F",4,"White","High",2,0,0,0,0,0,0,0,0,1,4,NA,TRUE,0
"6153",6,"M",4,"White","High",2,0,0,0,0,0,0,0,0,0,2,"1",FALSE,1
"6154",7,"F",4,"White","High",2,0,0,NA,0,0,0,0,0,0,3,NA,NA,0
"6155",7,"F",4,"White","High",2,0,0,0,0,0,0,0,0,0,4,NA,FALSE,0
"6156",6,"F",4,"White","High",2,0,0,0,0,0,0,0,0,0,4,NA,FALSE,0
"6157",6,"F",4,"Hispanic","High",2,0,0,0,0,0,0,0,0,0,4,"1",FALSE,0
"6158",7,"F",4,"White","High",2,0,0,0,0,0,0,0,0,0,4,"1",FALSE,0
"6159",6,"F",4,"White","High",2,0,0,0,0,0,0,0,0,0,4,"1",FALSE,0
"6160",6,"F",4,"Asian","High",2,0,0,0,0,0,0,0,0,0,4,"1",FALSE,0
"6161",7,"M",4,"White","High",2,0,0,0,0,0,0,0,0,0,4,"1",FALSE,0
"6162",7,"F",4,NA,"High",2,0,0,0,0,0,0,0,0,0,4,"1",FALSE,0
"6163",7,"F",4,"White","High",2,0,0,0,0,0,0,0,0,0,4,NA,FALSE,0
"6164",7,"F",4,"White","High",2,0,0,0,0,0,0,0,0,0,4,"1",FALSE,0
"6165",7,"M",4,"White","High",2,0,0,0,0,0,0,0,0,0,4,"1",FALSE,0
"6166",7,"F",4,"White","High",2,0,0,0,0,0,0,0,0,0,4,"1",FALSE,0
"6167",7,"M",4,"White","High",2,0,0,0,0,0,0,0,0,1,4,"1",TRUE,0
"6168",6,"M",4,"White","High",2,0,0,0,0,0,0,0,0,0,3,"1",FALSE,0
"6169",7,"F",4,"White","High",2,0,0,0,0,0,0,0,0,1,1,NA,TRUE,1
"6170",6,"M",4,"Asian","High",2,0,0,0,0,0,0,0,0,0,4,"1",FALSE,0
"6171",9,"F",7,"White","High",2,0,0,0,0,0,0,0,0,0,4,"1",FALSE,0
"6172",10,"F",7,"Hispanic","High",2,0,0,0,0,0,0,0,0,1,3,"1",TRUE,0
"6173",10,"M",7,NA,"High",2,0,0,0,0,0,0,0,0,0,4,"1",FALSE,0
"6174",9,"F",7,"Asian","High",2,0,0,0,0,0,0,0,0,0,3,"1",FALSE,0
"6175",8,"M",6,"White","High",2,0,0,0,0,0,0,0,0,0,4,"1",FALSE,0
"6176",9,"F",7,"White","High",2,0,0,0,0,0,0,0,0,1,2,"1",TRUE,1
"6177",8,"F",6,"White","High",2,0,0,0,0,0,0,0,0,1,4,"1",TRUE,0
"6178",8,"M",6,"White","High",1,1,1,1,NA,NA,NA,NA,NA,1,1,NA,TRUE,1
"6179",9,"M",5,"Black","High",NA,NA,NA,NA,NA,NA,NA,NA,NA,NA,4,NA,NA,0
"6180",8,"M",6,"Black","High",2,0,0,0,0,0,0,0,0,0,4,"1",FALSE,0
"6181",9,"M",6,"White","High",1,0,0,0,0,0,0,0,0,1,4,"1",TRUE,0
"6182",9,"M",6,"White","High",2,0,0,0,0,0,0,0,0,0,4,"1",FALSE,0
"6183",8,"F",6,"Black","High",1,0,0,0,0,0,1,0,0,0,4,NA,TRUE,0
"6184",9,"M",6,"White","High",1,0,1,0,0,0,0,0,0,1,4,"1",TRUE,0
"6185",9,"F",6,"Hispanic","High",2,0,0,0,0,0,0,0,0,0,4,"1",FALSE,0
"6186",9,"M",6,"White","High",2,0,0,0,0,0,0,0,0,0,4,"1",FALSE,0
"6187",9,"M",6,"White","High",2,1,0,0,0,0,0,0,0,0,2,"1",TRUE,1
"6188",8,"F",6,"White","High",2,0,0,0,0,0,0,0,0,0,4,"1",FALSE,0
"6189",9,"M",6,"Hispanic","High",2,0,0,0,0,0,0,0,0,1,2,"1",TRUE,1
"6190",9,"F",6,"Hispanic","High",2,0,0,0,0,0,0,0,0,0,2,"1",FALSE,1
"6191",9,"M",6,"White","High",2,0,0,0,0,0,0,0,0,0,4,NA,FALSE,0
"6192",9,"M",6,"White","High",2,0,0,0,0,0,0,0,0,0,2,"1",FALSE,1
"6193",8,"M",6,"White","High",1,1,1,0,0,0,0,0,0,1,2,NA,TRUE,1
"6194",10,"M",7,"Black","High",2,0,0,0,0,0,0,0,0,0,4,"1",FALSE,0
"6195",9,"F",7,"White","High",2,0,0,0,0,0,0,0,0,0,4,"1",FALSE,0
"6196",10,"F",7,"White","High",1,1,1,0,0,0,1,0,0,0,1,NA,TRUE,1
"6197",9,"F",7,"White","High",2,0,0,0,0,0,0,0,0,0,4,"1",FALSE,0
"6198",10,"M",7,"White","High",1,1,1,1,1,0,1,0,0,1,1,NA,TRUE,1
"6199",10,"F",7,"White","High",2,NA,0,0,0,0,0,0,0,0,1,"1",NA,1
"6200",9,"F",7,"White","High",1,0,1,0,0,0,0,0,0,1,3,"1",TRUE,0
"6201",9,"F",7,"Hispanic","High",1,1,1,1,0,0,1,0,0,1,2,NA,TRUE,1
"6202",9,"F",7,"White","High",2,0,0,0,0,0,0,0,0,0,4,"1",FALSE,0
"6203",7,"M",5,"White","High",2,0,0,0,0,0,0,0,0,0,4,"1",FALSE,0
"6204",8,"M",5,"White","High",2,0,0,0,0,0,0,0,0,0,4,NA,FALSE,0
"6205",8,"F",5,"White","High",2,0,0,0,0,0,0,0,0,0,4,"1",FALSE,0
"6206",7,"F",5,"Hispanic","High",2,0,0,0,0,0,0,0,0,0,4,"1",FALSE,0
"6207",7,"F",5,"Asian","High",2,0,0,0,0,0,0,0,0,0,3,"1",FALSE,0
"6208",8,"M",5,"Asian","High",2,0,0,0,0,0,0,0,0,0,4,"1",FALSE,0
"6209",7,"M",5,"Asian","High",2,0,0,0,0,0,0,0,0,0,2,NA,FALSE,1
"6210",8,"F",5,"Hispanic","High",2,0,0,0,0,0,0,0,0,0,4,"1",FALSE,0
"6211",7,"M",5,"Asian","High",2,0,0,0,0,0,1,0,0,0,4,NA,TRUE,0
"6212",7,"F",5,"Asian","High",2,0,0,0,0,0,0,0,0,0,2,"1",FALSE,1
"6213",7,"F",5,"Asian","High",2,0,0,0,0,0,0,0,0,0,2,"1",FALSE,1
"6214",7,"F",5,"White","High",2,0,0,0,0,0,0,0,0,0,4,"1",FALSE,0
"6215",7,"F",5,"Hispanic","High",2,0,0,0,0,0,0,0,0,0,2,"1",FALSE,1
"6216",8,"F",5,"White","High",2,0,0,0,0,0,0,0,0,0,4,"1",FALSE,0
"6217",8,"M",5,"Asian","High",2,0,0,0,0,0,0,0,0,0,4,"1",FALSE,0
"6218",8,"F",5,"White","High",2,1,0,0,0,0,0,0,0,1,1,"1",TRUE,1
"6219",7,"F",5,"Asian","High",2,0,0,0,0,0,0,0,0,0,4,"1",FALSE,0
"6220",8,"F",5,"White","High",2,0,0,0,0,0,0,0,0,0,2,"1",FALSE,1
"6221",6,"F",4,"White","High",2,0,0,0,0,0,0,0,0,1,4,"1",TRUE,0
"6222",8,"F",5,"White","High",2,0,0,0,0,0,0,0,0,0,4,"1",FALSE,0
"6223",8,"F",5,"White","High",2,0,0,0,0,0,0,0,0,0,4,"1",FALSE,0
"6224",10,"M",7,"Hispanic","High",2,0,0,0,0,0,0,0,0,0,2,"1",FALSE,1
"6225",1,"M",1,"AI/AN","Middle",1,0,0,0,0,0,0,0,0,0,1,NA,FALSE,1
"6226",10,"M",7,"Hispanic","High",2,0,0,0,0,0,0,0,0,0,4,"1",FALSE,0
"6227",9,"M",7,"White","High",2,0,0,0,0,0,0,0,0,0,4,"1",FALSE,0
"6228",10,"M",7,"White","High",2,0,0,0,0,0,0,0,0,0,4,"1",FALSE,0
"6229",9,"F",7,"White","High",NA,NA,NA,NA,0,0,NA,0,0,NA,2,"1",NA,1
"6230",10,"M",7,"Hispanic","High",1,0,0,1,0,0,0,0,0,1,4,"1",TRUE,0
"6231",10,"M",7,"White","High",2,0,0,0,0,0,0,0,0,0,3,"1",FALSE,0
"6232",10,"F",7,"White","High",2,0,0,0,0,0,0,0,0,0,3,"1",FALSE,0
"6233",10,"M",7,NA,"High",2,0,0,0,0,0,0,0,0,0,NA,"1",FALSE,NA
"6234",9,"F",7,"White","High",1,0,0,0,0,0,0,0,0,1,2,"1",TRUE,1
"6235",9,"F",7,"White","High",1,0,0,0,0,0,0,0,0,0,2,"1",FALSE,1
"6236",9,"M",7,"White","High",1,1,0,0,0,0,0,0,0,1,1,NA,TRUE,1
"6237",10,"F",7,NA,"High",2,0,0,0,0,0,0,0,0,0,4,NA,FALSE,0
"6238",9,"F",7,"Black","High",2,0,0,0,0,0,0,0,0,0,4,"1",FALSE,0
"6239",9,"M",7,"Hispanic","High",1,1,1,NA,0,0,1,0,0,NA,3,NA,TRUE,0
"6240",10,"M",7,"White","High",1,NA,1,0,0,0,1,0,1,NA,4,NA,TRUE,0
"6241",10,"F",7,"Hispanic","High",2,0,0,0,0,0,0,0,0,0,1,NA,FALSE,1
"6242",9,"F",7,"White","High",2,0,0,0,0,0,0,0,0,0,4,"1",FALSE,0
"6243",7,"F",5,"White","High",2,0,0,0,0,0,0,0,0,0,4,"1",FALSE,0
"6244",9,"M",6,"White","High",2,0,0,0,0,0,0,0,0,0,4,"1",FALSE,0
"6245",9,"M",6,"White","High",2,0,0,0,0,0,0,0,0,0,4,"1",FALSE,0
"6246",10,"M",6,"Black","High",2,0,0,NA,0,0,0,0,0,0,4,"1",NA,0
"6247",8,"F",6,"Asian","High",1,0,0,0,0,0,0,0,0,0,4,"1",FALSE,0
"6248",9,"M",6,"White","High",NA,0,NA,NA,0,0,0,0,0,NA,4,NA,NA,0
"6249",8,"F",6,"White","High",1,0,1,0,0,0,0,0,0,1,2,"1",TRUE,1
"6250",9,"F",6,"White","High",2,0,0,0,0,0,0,0,0,0,3,NA,FALSE,0
"6251",8,"F",6,"Black","High",2,0,0,0,0,0,0,0,0,0,4,NA,FALSE,0
"6252",8,"F",6,"Black","High",2,0,0,0,0,0,0,0,0,0,4,"1",FALSE,0
"6253",9,"M",6,"White","High",1,0,1,1,0,0,0,1,0,1,2,NA,TRUE,1
"6254",10,NA,7,NA,"High",NA,NA,NA,NA,NA,NA,NA,NA,NA,NA,NA,NA,NA,NA
"6255",4,"F",1,"White","Middle",2,0,0,0,0,0,0,0,0,0,4,"1",FALSE,0
"6256",3,"F",1,"Black","Middle",2,0,0,0,0,0,0,0,0,0,4,"1",FALSE,0
"6257",5,"F",1,"White","Middle",2,0,0,0,0,0,0,0,0,0,4,"1",FALSE,0
"6258",4,"F",1,"Hispanic","Middle",2,0,0,0,0,0,0,0,0,0,4,"1",FALSE,0
"6259",6,"F",3,"White","Middle",2,0,0,0,0,0,0,0,0,0,4,NA,FALSE,0
"6260",5,"F",3,"White","Middle",2,0,0,0,0,0,0,0,0,0,2,"1",FALSE,1
"6261",5,"F",3,NA,"Middle",2,0,0,0,0,0,0,0,0,0,4,"1",FALSE,0
"6262",6,"F",3,"Asian","Middle",2,0,0,0,0,0,0,0,0,0,2,"1",FALSE,1
"6263",6,"F",3,"White","Middle",2,0,0,0,0,0,0,0,0,0,2,NA,FALSE,1
"6264",5,"M",2,"White","Middle",2,0,0,0,0,0,0,0,0,0,2,"1",FALSE,1
"6265",6,"F",3,"White","Middle",2,0,0,0,0,0,0,0,0,0,4,"1",FALSE,0
"6266",6,"F",3,"White","Middle",2,0,0,0,0,0,0,0,0,0,4,"1",FALSE,0
"6267",6,"F",3,"White","Middle",2,0,0,0,0,0,0,0,0,0,4,"1",FALSE,0
"6268",6,"F",3,"White","Middle",2,0,0,NA,0,0,0,0,0,0,4,"1",NA,0
"6269",6,"F",3,"Black","Middle",2,0,0,0,0,0,0,0,0,0,2,"1",FALSE,1
"6270",6,"F",3,"Black","Middle",2,0,0,0,0,0,0,0,0,0,2,"1",FALSE,1
"6271",5,"F",3,"White","Middle",2,0,0,0,0,0,0,0,0,0,4,"1",FALSE,0
"6272",6,"F",3,"White","Middle",2,0,0,0,0,0,0,0,0,0,1,"1",FALSE,1
"6273",6,"F",3,"White","Middle",2,0,0,0,0,0,0,0,0,0,4,NA,FALSE,0
"6274",5,"F",3,"White","Middle",2,0,0,0,0,0,0,0,0,0,1,NA,FALSE,1
"6275",6,"F",3,"Asian","Middle",2,0,0,0,0,0,0,0,0,0,4,NA,FALSE,0
"6276",7,"F",3,"Asian","Middle",2,0,0,0,0,0,0,0,0,0,3,"1",FALSE,0
"6277",6,"M",3,"Black","Middle",2,0,0,0,0,0,0,0,0,0,3,"1",FALSE,0
"6278",6,"M",3,"NHOPI","Middle",2,0,0,0,0,0,0,0,0,0,2,"1",FALSE,1
"6279",6,"M",3,"White","Middle",2,0,0,0,0,0,0,0,0,1,1,NA,TRUE,1
"6280",6,"M",3,"White","Middle",2,0,0,0,0,0,0,0,0,0,3,NA,FALSE,0
"6281",6,"M",3,"White","Middle",2,0,0,0,0,0,0,0,0,0,4,NA,FALSE,0
"6282",6,"M",3,NA,"Middle",2,0,0,0,0,0,0,0,0,0,NA,"1",FALSE,NA
"6283",6,"M",3,"White","Middle",2,0,0,0,0,0,NA,0,0,0,4,"1",NA,0
"6284",6,"M",3,"White","Middle",2,0,0,0,0,0,0,0,0,0,3,"1",FALSE,0
"6285",6,"M",3,"White","Middle",2,0,0,0,0,0,0,0,0,0,4,"1",FALSE,0
"6286",5,"M",3,"White","Middle",2,0,0,0,0,0,0,0,0,0,4,"1",FALSE,0
"6287",6,"M",3,"White","Middle",2,0,0,0,0,0,0,0,0,0,4,"1",FALSE,0
"6288",6,"M",3,"White","Middle",2,0,0,0,0,0,0,0,0,0,4,"1",FALSE,0
"6289",6,"M",3,"White","Middle",2,0,0,NA,0,0,0,0,0,0,3,NA,NA,0
"6290",5,"M",3,"Black","Middle",2,0,0,0,0,0,0,0,0,0,4,NA,FALSE,0
"6291",6,"M",3,"White","Middle",2,0,0,0,0,0,0,0,0,0,4,NA,FALSE,0
"6292",6,"M",3,"White","Middle",2,0,0,0,0,0,0,0,0,0,4,"1",FALSE,0
"6293",5,"M",2,"White","Middle",2,0,0,0,0,0,0,0,0,0,4,"1",FALSE,0
"6294",5,"M",2,"White","Middle",2,0,0,0,0,0,0,0,0,0,4,"1",FALSE,0
"6295",5,"M",2,"Black","Middle",2,0,0,0,0,0,0,0,0,0,4,"1",FALSE,0
"6296",5,"F",3,"White","Middle",2,0,0,0,0,0,0,0,0,0,4,"1",FALSE,0
"6297",4,"M",2,"Black","Middle",NA,0,NA,NA,0,0,0,0,0,NA,4,"1",NA,0
"6298",5,"M",2,"Black","Middle",2,0,0,0,0,0,0,0,0,0,2,NA,FALSE,1
"6299",5,"M",2,"Hispanic","Middle",2,0,0,0,0,0,0,0,0,0,2,"1",FALSE,1
"6300",5,"M",2,"Black","Middle",2,0,0,0,0,0,0,0,0,0,3,"1",FALSE,0
"6301",6,"M",2,"White","Middle",2,0,0,0,0,0,0,0,0,0,3,NA,FALSE,0
"6302",4,"M",2,"Black","Middle",2,0,0,0,0,0,0,0,0,0,4,"1",FALSE,0
"6303",5,"M",2,"Black","Middle",2,0,0,0,0,0,0,0,0,0,4,"1",FALSE,0
"6304",5,"M",2,"White","Middle",2,0,0,0,0,0,0,0,0,0,4,"1",FALSE,0
"6305",5,"M",2,"White","Middle",2,0,0,0,0,0,0,0,0,0,4,NA,FALSE,0
"6306",5,"M",2,"Black","Middle",2,0,0,0,0,0,0,0,0,0,4,"1",FALSE,0
"6307",4,"M",2,"White","Middle",2,0,0,0,0,0,0,0,0,0,3,"1",FALSE,0
"6308",6,"F",3,"Asian","Middle",2,0,0,0,0,0,0,0,0,0,4,NA,FALSE,0
"6309",4,"M",2,"Black","Middle",2,0,0,0,0,0,0,0,0,0,3,"1",FALSE,0
"6310",5,"M",2,"Black","Middle",2,0,0,0,0,0,0,0,0,0,4,"1",FALSE,0
"6311",5,"M",2,"White","Middle",2,0,0,0,0,0,0,0,0,0,4,"1",FALSE,0
"6312",5,"M",2,"White","Middle",2,0,0,0,0,0,0,0,0,0,2,"1",FALSE,1
"6313",6,"M",3,"White","Middle",2,0,0,0,0,0,0,0,0,0,4,"1",FALSE,0
"6314",5,"M",2,NA,"Middle",2,0,0,0,0,0,0,0,0,0,NA,"1",FALSE,NA
"6315",5,"M",2,"Black","Middle",2,0,0,0,0,0,0,0,0,0,4,"1",FALSE,0
"6316",4,"M",2,"Black","Middle",2,0,0,0,0,0,0,0,0,0,3,"1",FALSE,0
"6317",4,"M",2,"Black","Middle",2,0,0,0,0,0,0,0,0,0,3,"1",FALSE,0
"6318",5,"M",2,"White","Middle",2,0,0,0,0,0,0,0,0,0,4,NA,FALSE,0
"6319",4,"M",2,"Black","Middle",2,0,0,0,0,0,0,0,0,0,4,"1",FALSE,0
"6320",5,"M",2,"White","Middle",2,0,0,0,0,0,0,0,0,0,4,"1",FALSE,0
"6321",5,"M",2,"Black","Middle",NA,0,NA,NA,0,0,0,0,0,NA,3,NA,NA,0
"6322",5,"M",2,"White","Middle",2,0,0,0,0,0,0,0,0,0,1,"1",FALSE,1
"6323",5,"M",2,"Black","Middle",2,0,0,0,0,0,0,0,0,0,3,NA,FALSE,0
"6324",4,"M",2,"Black","Middle",2,0,0,0,0,0,0,0,0,0,2,"1",FALSE,1
"6325",6,"M",2,"Hispanic","Middle",2,0,0,0,0,0,0,0,0,0,2,NA,FALSE,1
"6326",5,"M",2,"Asian","Middle",2,0,0,0,0,0,0,0,0,0,3,"1",FALSE,0
"6327",4,"M",2,"White","Middle",2,0,0,0,0,0,0,0,0,0,4,"1",FALSE,0
"6328",5,"M",2,"Hispanic","Middle",2,0,0,0,0,0,0,0,0,0,4,NA,FALSE,0
"6329",5,"M",2,"White","Middle",2,0,0,0,0,0,0,0,0,0,4,"1",FALSE,0
"6330",5,"M",2,NA,"Middle",2,0,0,0,0,0,0,0,0,0,4,"1",FALSE,0
"6331",4,"M",2,"Asian","Middle",2,0,0,0,0,0,0,0,0,0,4,"1",FALSE,0
"6332",4,"M",2,"White","Middle",2,0,0,0,0,0,0,0,0,0,3,"1",FALSE,0
"6333",5,"M",2,"White","Middle",2,0,0,0,0,0,0,0,0,0,3,"1",FALSE,0
"6334",5,"M",2,"White","Middle",2,0,0,0,0,0,0,0,0,0,4,NA,FALSE,0
"6335",5,"M",2,"White","Middle",2,0,0,0,0,0,0,0,0,0,3,NA,FALSE,0
"6336",6,"M",2,"White","Middle",2,0,0,0,0,0,0,0,0,0,3,NA,FALSE,0
"6337",4,"M",2,"Asian","Middle",2,0,0,0,0,0,0,0,0,0,3,"1",FALSE,0
"6338",4,"M",2,"Black","Middle",2,0,0,0,0,0,0,0,0,0,4,"1",FALSE,0
"6339",5,"M",2,"Asian","Middle",2,0,0,0,0,0,0,0,0,0,3,"1",FALSE,0
"6340",4,"M",2,"Asian","Middle",2,0,0,0,0,0,0,0,0,0,2,"1",FALSE,1
"6341",4,"M",2,"White","Middle",2,0,0,0,0,0,0,0,0,0,2,"1",FALSE,1
"6342",5,"M",2,"White","Middle",2,0,0,0,0,0,0,0,0,0,4,"1",FALSE,0
"6343",5,"M",2,"White","Middle",2,0,0,0,0,0,0,0,0,0,3,"1",FALSE,0
"6344",5,"M",2,"Asian","Middle",2,0,0,0,0,0,0,0,0,0,1,NA,FALSE,1
"6345",5,"M",1,"White","Middle",2,0,0,0,0,0,0,0,0,0,3,NA,FALSE,0
"6346",4,"M",1,"Hispanic","Middle",2,0,0,0,0,0,0,0,0,0,4,NA,FALSE,0
"6347",4,"F",1,"White","Middle",2,0,0,0,0,0,0,0,0,0,3,"1",FALSE,0
"6348",4,"F",1,"Asian","Middle",2,0,0,0,0,0,0,0,0,0,4,"1",FALSE,0
"6349",4,"M",1,"Hispanic","Middle",2,0,0,0,0,0,0,0,0,0,4,"1",FALSE,0
"6350",4,"M",1,"Black","Middle",2,0,0,0,0,0,0,0,0,0,4,"1",FALSE,0
"6351",4,"F",1,"White","Middle",2,0,0,0,0,0,0,0,0,0,4,"1",FALSE,0
"6352",4,"M",1,"White","Middle",2,0,0,0,0,0,0,0,0,0,2,"1",FALSE,1
"6353",5,"M",1,"White","Middle",2,0,0,0,0,0,0,0,0,0,3,"1",FALSE,0
"6354",4,"F",1,"Asian","Middle",2,0,0,0,0,0,0,0,0,0,4,"1",FALSE,0
"6355",4,"M",1,"Black","Middle",2,0,0,0,0,0,0,0,0,0,4,"1",FALSE,0
"6356",4,"M",1,"White","Middle",2,0,0,0,0,0,0,0,0,0,4,"1",FALSE,0
"6357",4,"M",1,"White","Middle",2,0,0,0,0,0,0,0,0,0,2,"1",FALSE,1
"6358",3,"F",1,"White","Middle",2,0,0,0,0,0,0,0,0,0,4,NA,FALSE,0
"6359",4,"M",1,NA,"Middle",2,0,0,0,0,0,0,0,0,0,1,"1",FALSE,1
"6360",5,"M",1,"White","Middle",2,0,0,0,0,0,0,0,0,0,2,"1",FALSE,1
"6361",3,"F",1,"Asian","Middle",2,0,0,0,0,0,0,0,0,0,3,"1",FALSE,0
"6362",3,"F",1,"Black","Middle",2,0,0,0,0,0,0,0,0,0,4,"1",FALSE,0
"6363",4,"F",1,"White","Middle",2,0,0,0,0,0,0,0,0,0,3,"1",FALSE,0
"6364",7,"M",4,"Black","High",1,NA,1,1,0,0,NA,0,0,NA,2,"1",TRUE,1
"6365",7,"F",4,"Hispanic","High",2,0,0,0,0,0,0,0,0,0,4,"1",FALSE,0
"6366",7,"F",4,"Black","High",2,0,0,0,1,0,1,0,0,0,4,"1",TRUE,0
"6367",7,"M",4,"White","High",1,0,1,0,0,0,0,0,0,0,3,NA,TRUE,0
"6368",10,"M",7,"White","High",2,0,0,0,0,0,0,0,0,0,4,"1",FALSE,0
"6369",9,"M",6,"White","High",2,0,0,0,0,0,0,0,0,0,4,"1",FALSE,0
"6370",7,"M",4,"Hispanic","High",2,0,0,0,0,0,0,0,0,0,4,"1",FALSE,0
"6371",7,"M",4,"Black","High",2,0,0,0,0,0,0,0,0,0,4,"1",FALSE,0
"6372",9,"M",6,"White","High",1,1,1,0,0,0,0,1,0,1,1,NA,TRUE,1
"6373",10,"F",6,"White","High",2,0,0,0,0,0,0,0,0,0,4,"1",FALSE,0
"6374",9,"M",7,"Hispanic","High",NA,0,0,0,0,0,0,0,0,0,4,"1",FALSE,0
"6375",7,"M",4,"Hispanic","High",2,0,0,0,0,0,0,0,0,0,2,"1",FALSE,1
"6376",9,"M",6,"White","High",2,NA,NA,NA,NA,NA,NA,NA,NA,NA,4,NA,NA,0
"6377",NA,NA,NA,NA,NA,2,NA,0,0,NA,NA,NA,NA,NA,0,NA,NA,NA,NA
"6378",10,"M",7,"White","High",2,0,0,0,0,0,0,0,0,0,4,"1",FALSE,0
"6379",10,"M",7,"Asian","High",2,0,0,0,0,0,0,0,0,0,1,"1",FALSE,1
"6380",7,"F",5,"Black","High",2,0,0,0,0,0,0,0,0,0,4,"1",FALSE,0
"6381",6,"M",4,"Asian","High",2,0,0,0,0,0,0,0,0,0,4,"1",FALSE,0
"6382",6,"M",4,"White","High",2,0,0,0,0,0,0,0,0,0,4,"1",FALSE,0
"6383",7,"F",4,"Hispanic","High",2,0,0,0,0,0,0,0,0,0,3,"1",FALSE,0
"6384",9,"M",7,"White","High",NA,0,0,0,0,0,0,0,0,1,1,"1",TRUE,1
"6385",9,"M",7,"White","High",1,1,1,0,0,0,1,0,0,1,1,NA,TRUE,1
"6386",7,"F",4,"White","High",2,0,0,0,0,0,0,0,0,0,3,"1",FALSE,0
"6387",8,"M",6,"Hispanic","High",2,0,0,0,0,0,1,0,0,0,3,NA,TRUE,0
"6388",10,"F",7,"White","High",1,0,0,0,0,0,0,0,0,1,1,"1",TRUE,1
"6389",6,"F",4,NA,"High",2,0,0,0,0,0,0,0,0,0,4,"1",FALSE,0
"6390",8,"M",5,"Hispanic","High",2,0,0,0,0,0,0,0,0,0,4,NA,FALSE,0
"6391",8,"M",6,"Asian","High",2,0,0,0,0,0,0,0,0,0,4,"1",FALSE,0
"6392",9,"M",6,"White","High",2,0,0,0,0,0,0,0,0,0,4,"1",FALSE,0
"6393",8,"F",6,"Hispanic","High",2,0,0,0,0,0,0,0,0,0,4,"1",FALSE,0
"6394",10,"F",7,"Asian","High",2,0,0,0,0,0,0,0,0,0,4,"1",FALSE,0
"6395",8,"F",4,"Hispanic","High",2,0,0,0,NA,NA,0,NA,NA,0,4,NA,NA,0
"6396",8,"M",5,"Black","High",2,0,0,0,0,0,0,0,0,0,4,"1",FALSE,0
"6397",8,"M",5,"Black","High",2,0,0,0,0,0,0,0,0,0,3,"1",FALSE,0
"6398",9,"M",5,"White","High",2,0,0,0,0,0,0,0,0,0,3,NA,FALSE,0
"6399",7,"M",4,"White","High",2,0,0,0,0,0,0,0,0,0,4,"1",FALSE,0
"6400",8,"M",5,"Black","High",1,1,1,1,0,0,1,1,0,1,1,NA,TRUE,1
"6401",6,"M",4,"White","High",2,0,0,0,0,0,0,0,0,0,4,"1",FALSE,0
"6402",7,"M",2,"AI/AN","Middle",NA,0,NA,NA,NA,NA,NA,NA,NA,NA,4,NA,NA,0
"6403",6,"M",4,"Asian","High",2,0,0,0,0,0,0,0,0,0,4,"1",FALSE,0
"6404",7,"M",4,"White","High",2,0,0,0,0,0,0,0,0,1,3,NA,TRUE,0
"6405",6,"M",4,"White","High",1,NA,NA,0,NA,NA,NA,NA,NA,1,4,NA,TRUE,0
"6406",11,"F",1,"Black","Middle",NA,0,0,0,0,0,1,0,0,NA,1,NA,TRUE,1
"6407",7,"M",4,"White","High",NA,0,NA,1,0,0,1,0,1,1,2,NA,TRUE,1
"6408",1,"M",1,NA,"Middle",NA,0,NA,NA,NA,NA,NA,NA,NA,NA,NA,NA,NA,NA
"6409",10,"F",7,"Black","High",2,0,0,0,0,0,0,0,0,0,4,"1",FALSE,0
"6410",10,"F",7,"Hispanic","High",2,0,0,0,NA,NA,0,NA,NA,0,3,NA,NA,0
"6411",7,"F",4,"Black","High",2,0,0,0,0,0,0,0,0,0,4,NA,FALSE,0
"6412",9,"M",7,"Hispanic","High",2,0,0,0,0,0,0,0,0,0,4,"1",FALSE,0
"6413",9,"F",6,"Hispanic","High",2,0,0,0,0,1,0,0,0,0,4,NA,TRUE,0
"6414",9,"M",6,"Black","High",2,0,0,0,0,0,0,0,0,0,4,"1",FALSE,0
"6415",10,"M",7,"Hispanic","High",2,0,0,0,0,0,0,0,0,0,4,"1",FALSE,0
"6416",8,"M",6,"Black","High",2,0,0,0,0,0,0,0,0,0,4,"1",FALSE,0
"6417",8,"F",5,"Black","High",2,0,0,0,1,0,NA,0,0,0,3,NA,TRUE,0
"6418",10,"M",7,"White","High",1,0,1,0,0,0,0,0,0,0,3,"1",TRUE,0
"6419",7,"M",4,"Black","High",2,0,0,0,0,0,0,0,0,0,4,"1",FALSE,0
"6420",6,"M",4,"Black","High",2,0,0,0,0,0,0,0,0,0,4,"1",FALSE,0
"6421",7,"M",4,"Black","High",2,0,0,0,0,0,0,0,0,0,4,"1",FALSE,0
"6422",9,"M",5,"Hispanic","High",2,0,0,0,0,0,0,0,0,0,4,NA,FALSE,0
"6423",8,"M",6,"White","High",2,0,0,0,0,0,0,0,0,0,2,NA,FALSE,1
"6424",7,"M",4,"White","High",2,0,0,0,0,0,0,0,0,0,4,"1",FALSE,0
"6425",7,"M",5,"Hispanic","High",2,0,0,0,0,0,0,0,0,0,4,"1",FALSE,0
"6426",7,"M",5,"Black","High",2,0,0,0,0,0,0,0,0,0,4,"1",FALSE,0
"6427",7,"M",4,"Black","High",1,0,0,0,0,0,0,0,0,0,1,NA,FALSE,1
"6428",10,"M",6,"Black","High",2,0,0,0,0,0,0,0,0,0,3,"1",FALSE,0
"6429",7,"M",4,"Asian","High",2,0,0,0,0,0,0,0,0,0,3,"1",FALSE,0
"6430",7,"M",4,"Black","High",1,1,1,0,NA,NA,NA,NA,NA,1,1,NA,TRUE,1
"6431",6,"F",4,"White","High",2,0,0,0,0,0,0,0,0,0,4,"1",FALSE,0
"6432",7,"M",4,"Hispanic","High",2,0,0,0,0,0,0,0,0,0,2,"1",FALSE,1
"6433",9,"M",7,"Hispanic","High",1,0,0,0,0,0,0,0,0,0,2,"1",FALSE,1
"6434",8,"M",6,"White","High",2,0,0,0,0,0,0,0,0,1,2,NA,TRUE,1
"6435",10,"M",7,"Asian","High",2,0,0,0,0,0,0,0,0,0,4,NA,FALSE,0
"6436",9,"M",6,"Hispanic","High",NA,0,0,0,0,0,NA,0,1,0,1,"1",TRUE,1
"6437",6,"M",4,"White","High",2,0,0,0,0,0,0,0,0,0,4,"1",FALSE,0
"6438",7,"M",4,"Hispanic","High",2,0,0,NA,1,0,NA,0,0,NA,4,NA,TRUE,0
"6439",7,"F",4,"Black","High",2,0,0,0,0,0,0,0,0,1,4,"1",TRUE,0
"6440",7,"F",4,"White","High",2,0,0,0,0,0,0,0,0,0,3,NA,FALSE,0
"6441",7,"M",4,NA,"High",2,0,0,0,0,0,0,0,0,0,4,"1",FALSE,0
"6442",11,"F",4,"Hispanic","High",1,1,1,1,0,0,1,0,1,1,1,NA,TRUE,1
"6443",6,"M",4,"White","High",NA,0,NA,0,0,0,0,0,0,0,4,"1",NA,0
"6444",7,"M",4,"Black","High",2,0,0,0,0,0,0,0,0,0,4,"1",FALSE,0
"6445",10,"M",7,"Hispanic","High",2,0,0,0,0,0,0,0,0,0,3,"1",FALSE,0
"6446",7,"F",5,"Hispanic","High",2,0,0,0,0,0,0,0,0,0,4,"1",FALSE,0
"6447",9,"M",6,"Black","High",2,0,0,0,0,0,0,0,0,0,4,NA,FALSE,0
"6448",11,"M",7,"White","High",2,0,0,0,0,0,0,0,0,0,4,NA,FALSE,0
"6449",10,"M",7,"White","High",1,0,0,0,0,0,0,0,0,0,4,"1",FALSE,0
"6450",7,"M",4,"White","High",2,0,0,0,0,0,0,0,0,0,4,"1",FALSE,0
"6451",8,"M",5,"White","High",1,NA,1,1,1,0,1,0,0,1,2,NA,TRUE,1
"6452",1,NA,2,"Hispanic","Middle",2,0,0,0,0,0,0,0,0,0,1,"1",FALSE,1
"6453",10,"M",7,"White","High",2,0,0,0,0,0,0,0,0,0,3,"1",FALSE,0
"6454",9,"M",7,"Black","High",2,0,0,0,0,0,0,0,0,0,4,NA,FALSE,0
"6455",10,"M",7,"Black","High",1,0,1,NA,0,0,1,0,0,1,3,"1",TRUE,0
"6456",7,"M",4,"Black","High",NA,0,NA,NA,NA,NA,NA,NA,NA,NA,4,NA,NA,0
"6457",7,"F",4,"White","High",2,0,0,0,0,0,0,0,0,0,1,"1",FALSE,1
"6458",7,"M",4,NA,"High",NA,0,NA,NA,NA,NA,NA,NA,NA,NA,4,NA,NA,0
"6459",6,"M",4,"Black","High",2,0,0,0,0,0,0,0,0,0,4,NA,FALSE,0
"6460",7,"M",4,"Asian","High",2,0,0,0,0,0,0,0,0,0,3,"1",FALSE,0
"6461",6,"M",4,"Black","High",NA,0,NA,NA,NA,NA,NA,NA,NA,NA,2,NA,NA,1
"6462",10,"F",7,"Hispanic","High",2,0,0,0,0,0,0,0,0,0,4,"1",FALSE,0
"6463",10,"F",7,"Black","High",2,0,0,0,0,0,0,0,0,0,4,NA,FALSE,0
"6464",9,"M",6,"Hispanic","High",2,0,0,0,0,0,0,0,0,0,1,"1",FALSE,1
"6465",8,"M",4,"Hispanic","High",2,0,0,0,0,0,0,0,0,0,4,"1",FALSE,0
"6466",6,"F",4,"Hispanic","High",2,0,0,0,0,0,0,0,0,0,4,"1",FALSE,0
"6467",7,"F",4,"Black","High",2,0,0,0,0,0,0,0,0,0,4,"1",FALSE,0
"6468",6,"F",4,"Hispanic","High",2,0,0,0,0,0,0,0,0,0,4,NA,FALSE,0
"6469",8,"M",5,"White","High",2,0,0,0,0,0,0,0,0,0,3,NA,FALSE,0
"6470",9,"M",6,"Asian","High",2,0,0,0,0,0,0,0,0,0,4,"1",FALSE,0
"6471",7,"M",4,"White","High",2,0,0,0,0,0,0,0,0,0,2,"1",FALSE,1
"6472",6,"M",4,"Hispanic","High",1,0,0,0,0,0,0,0,0,1,1,"1",TRUE,1
"6473",7,"M",4,"White","High",2,0,0,0,0,0,0,0,0,0,4,"1",FALSE,0
"6474",7,"M",4,"White","High",1,1,1,1,0,0,0,1,0,1,1,NA,TRUE,1
"6475",6,"M",4,"Black","High",2,0,0,0,0,0,0,0,0,0,4,NA,FALSE,0
"6476",7,"F",4,"Black","High",2,0,0,0,0,0,0,0,0,0,4,"1",FALSE,0
"6477",6,"F",5,"Asian","High",2,0,0,0,0,0,0,0,0,0,4,"1",FALSE,0
"6478",8,"M",4,"Asian","High",2,0,0,0,0,0,0,0,0,0,4,"1",FALSE,0
"6479",7,"M",4,"White","High",2,0,0,0,0,0,0,0,0,0,2,"1",FALSE,1
"6480",9,"M",5,"Hispanic","High",1,0,0,0,0,0,0,0,0,1,2,"1",TRUE,1
"6481",6,"F",4,"Asian","High",2,0,0,0,0,0,0,0,0,0,4,"1",FALSE,0
"6482",7,"F",4,"Black","High",2,0,0,0,0,0,0,0,0,0,4,"1",FALSE,0
"6483",7,"M",4,"NHOPI","High",NA,1,NA,NA,0,0,0,0,0,NA,1,"1",TRUE,1
"6484",7,"M",4,"Hispanic","High",2,0,0,0,0,0,0,0,0,1,1,"1",TRUE,1
"6485",7,"M",4,"White","High",1,1,1,0,1,1,1,0,0,1,1,NA,TRUE,1
"6486",9,"M",6,"Asian","High",2,0,0,0,0,0,0,0,0,0,4,"1",FALSE,0
"6487",9,"M",6,"White","High",2,0,0,0,0,0,0,0,0,0,4,"1",FALSE,0
"6488",9,"M",5,"White","High",1,0,1,0,0,0,0,0,0,0,4,"1",TRUE,0
"6489",9,"M",6,"Hispanic","High",1,0,0,0,0,0,0,0,0,1,1,NA,TRUE,1
"6490",11,"M",8,"Hispanic",NA,1,1,1,1,1,1,1,1,1,1,1,NA,TRUE,1
"6491",8,"M",6,"Hispanic","High",2,0,0,0,0,0,0,0,0,0,4,"1",FALSE,0
"6492",8,"M",5,"White","High",2,0,0,0,0,0,0,0,0,0,4,"1",FALSE,0
"6493",8,"M",5,"Hispanic","High",2,0,0,0,0,0,0,0,0,0,4,"1",FALSE,0
"6494",6,"F",4,"White","High",2,0,0,0,0,0,0,0,0,0,1,NA,FALSE,1
"6495",7,"F",4,"White","High",2,0,0,0,0,0,0,0,0,0,4,"1",FALSE,0
"6496",7,"F",5,"White","High",2,0,0,0,0,0,0,0,0,1,2,"1",TRUE,1
"6497",6,"M",4,"Black","High",2,0,0,0,0,0,0,0,0,0,4,"1",FALSE,0
"6498",7,"M",4,"White","High",1,0,1,0,0,0,0,0,0,1,4,"1",TRUE,0
"6499",8,"M",6,"White","High",1,1,0,0,1,0,0,1,0,1,1,"1",TRUE,1
"6500",9,"M",6,"White","High",1,0,0,0,0,0,0,0,0,1,1,NA,TRUE,1
"6501",10,"M",7,"White","High",1,1,0,0,0,0,0,0,0,1,1,"1",TRUE,1
"6502",7,"F",4,"White","High",2,0,0,0,0,0,0,0,0,0,4,"1",FALSE,0
"6503",7,"F",4,"Black","High",2,0,0,0,0,0,0,0,0,0,4,"1",FALSE,0
"6504",6,"F",4,"White","High",2,0,0,0,0,0,0,0,0,0,4,"1",FALSE,0
"6505",6,"F",4,"Black","High",2,0,0,0,0,0,0,0,0,0,2,"1",FALSE,1
"6506",8,"M",6,"Asian","High",2,0,0,0,0,0,0,0,0,0,4,NA,FALSE,0
"6507",7,"M",4,"Black","High",2,0,0,0,0,0,0,0,0,0,3,"1",FALSE,0
"6508",7,"M",4,"Hispanic","High",2,0,0,0,0,0,0,0,0,0,4,"1",FALSE,0
"6509",6,"M",4,"Asian","High",2,0,0,0,0,0,0,0,0,0,4,"1",FALSE,0
"6510",7,"M",4,"White","High",2,0,0,0,0,0,0,0,0,0,4,"1",FALSE,0
"6511",7,"M",4,"Black","High",2,0,0,0,0,0,0,0,0,0,4,"1",FALSE,0
"6512",9,"M",6,"White","High",2,0,0,0,0,0,0,0,0,0,3,"1",FALSE,0
"6513",9,"M",6,"Hispanic","High",2,0,0,0,0,0,1,0,0,0,1,NA,TRUE,1
"6514",7,"F",4,"Black","High",2,0,0,0,0,0,0,0,0,0,4,NA,FALSE,0
"6515",8,"M",6,"Black","High",1,0,1,0,0,0,0,0,0,0,3,"1",TRUE,0
"6516",8,"F",6,"Black","High",2,0,0,0,0,0,0,0,0,0,4,"1",FALSE,0
"6517",9,"M",6,"Hispanic","High",NA,NA,NA,NA,NA,NA,NA,NA,NA,NA,4,NA,NA,0
"6518",9,"M",5,"Black","High",2,0,0,0,0,0,0,0,0,0,4,NA,FALSE,0
"6519",7,"M",4,"Black","High",2,0,0,0,0,0,0,0,0,0,4,"1",FALSE,0
"6520",8,"M",4,"Hispanic","High",2,0,0,0,0,0,0,0,0,0,1,"1",FALSE,1
"6521",9,"M",6,"White","High",1,0,1,0,0,0,0,0,0,1,2,NA,TRUE,1
"6522",10,"M",7,"White","High",2,0,0,0,0,0,0,0,0,1,4,"1",TRUE,0
"6523",6,"F",4,"White","High",2,0,0,0,0,0,0,0,0,0,4,NA,FALSE,0
"6524",9,"M",6,"White","High",2,0,0,0,0,0,0,0,0,0,4,NA,FALSE,0
"6525",9,"M",6,"Black","High",2,0,0,0,0,0,0,0,0,0,4,"1",FALSE,0
"6526",7,"M",5,"Black","High",2,0,0,0,0,0,0,0,0,0,4,"1",FALSE,0
"6527",9,"M",6,"Black","High",1,0,0,0,0,0,0,0,0,0,4,NA,FALSE,0
"6528",8,"M",6,"Hispanic","High",1,0,0,0,0,0,0,0,0,0,2,"1",FALSE,1
"6529",7,"M",4,"White","High",2,0,0,0,0,0,0,0,0,0,4,"1",FALSE,0
"6530",7,"M",4,"Hispanic","High",2,0,0,0,0,0,0,0,0,0,4,"1",FALSE,0
"6531",10,"F",7,"Hispanic","High",2,0,0,0,0,0,0,0,0,0,2,NA,FALSE,1
"6532",9,"F",7,"Black","High",NA,0,NA,NA,0,0,1,0,0,NA,4,NA,TRUE,0
"6533",10,"M",7,"Black","High",2,0,0,0,0,0,0,0,0,0,3,NA,FALSE,0
"6534",10,"M",7,"Black","High",2,0,0,0,0,0,0,0,0,0,2,NA,FALSE,1
"6535",7,"F",4,"Black","High",2,0,0,0,0,0,0,0,0,0,4,"1",FALSE,0
"6536",9,"F",6,"White","High",2,0,0,0,0,0,0,0,0,0,4,"1",FALSE,0
"6537",8,"F",5,"Hispanic","High",NA,NA,NA,0,NA,NA,0,NA,NA,0,4,NA,NA,0
"6538",8,"F",5,"Hispanic","High",NA,1,NA,1,0,1,1,0,0,1,1,NA,TRUE,1
"6539",10,"M",7,"Black","High",2,0,0,0,0,0,0,0,0,0,2,"1",FALSE,1
"6540",11,"M",7,"White","High",2,0,0,0,0,0,0,0,0,0,4,"1",FALSE,0
"6541",10,"M",7,"White","High",2,0,0,0,0,0,0,0,0,0,4,"1",FALSE,0
"6542",9,"F",6,"Hispanic","High",1,1,1,1,NA,NA,NA,NA,NA,NA,1,NA,TRUE,1
"6543",10,"M",7,"Black","High",1,0,1,0,0,0,0,0,0,0,4,NA,TRUE,0
"6544",10,"M",7,"White","High",1,0,0,0,0,0,0,0,0,1,3,NA,TRUE,0
"6545",10,"M",7,"White","High",1,0,0,0,NA,NA,0,NA,NA,1,4,"1",TRUE,0
"6546",6,"M",3,"White","Middle",2,0,0,0,NA,NA,0,NA,NA,0,2,NA,NA,1
"6547",4,"F",2,"Hispanic","Middle",2,0,0,0,0,0,0,0,0,0,4,"1",FALSE,0
"6548",5,"F",2,"White","Middle",2,0,0,0,0,0,0,0,0,0,4,"1",FALSE,0
"6549",5,"M",2,"Asian","Middle",NA,0,0,0,0,0,0,0,0,0,4,"1",FALSE,0
"6550",5,"M",2,"White","Middle",2,0,0,0,0,0,0,0,0,0,4,"1",FALSE,0
"6551",6,"M",2,"White","Middle",2,0,0,0,0,0,0,0,0,0,4,"1",FALSE,0
"6552",4,"M",2,"Hispanic","Middle",2,0,0,0,0,0,0,0,0,0,3,"1",FALSE,0
"6553",6,"M",2,"Hispanic","Middle",2,0,0,0,0,0,0,0,0,0,4,"1",FALSE,0
"6554",5,"M",2,NA,"Middle",2,0,0,0,NA,NA,0,NA,NA,0,4,"1",NA,0
"6555",4,"F",1,"White","Middle",2,0,0,0,0,0,0,0,0,0,2,NA,FALSE,1
"6556",4,"F",1,"White","Middle",2,0,0,0,0,0,0,0,0,0,2,NA,FALSE,1
"6557",4,"F",1,"Hispanic","Middle",2,0,0,0,0,0,0,0,0,0,4,"1",FALSE,0
"6558",4,"M",1,"White","Middle",2,0,0,0,0,0,0,0,0,0,4,"1",FALSE,0
"6559",4,"M",1,"Black","Middle",2,0,0,0,0,0,0,0,0,0,4,"1",FALSE,0
"6560",3,"F",1,"White","Middle",1,0,0,0,0,0,0,0,0,0,3,NA,FALSE,0
"6561",4,"M",1,NA,"Middle",2,0,0,0,0,0,0,0,0,0,4,"1",FALSE,0
"6562",5,"F",1,"Hispanic","Middle",2,0,0,NA,0,0,0,0,0,0,4,"1",NA,0
"6563",NA,NA,NA,"Black",NA,2,0,0,NA,0,0,0,0,0,0,3,"1",NA,0
"6564",4,"F",1,"Hispanic","Middle",2,0,0,NA,0,0,0,0,0,0,4,"1",NA,0
"6565",4,"F",1,"White","Middle",2,0,0,0,0,0,0,0,0,0,2,"1",FALSE,1
"6566",4,"F",1,"Hispanic","Middle",2,0,0,0,0,0,0,0,0,0,4,"1",FALSE,0
"6567",4,"M",1,"White","Middle",2,0,0,0,0,0,0,0,0,0,2,NA,FALSE,1
"6568",4,"F",1,"White","Middle",2,0,0,0,0,0,0,0,0,0,2,NA,FALSE,1
"6569",5,"F",1,"White","Middle",2,0,0,0,0,0,0,0,0,0,4,NA,FALSE,0
"6570",4,"F",1,"White","Middle",NA,1,0,0,0,0,0,0,0,1,1,NA,TRUE,1
"6571",5,"M",1,"Hispanic","Middle",2,0,0,0,0,0,0,0,0,0,4,"1",FALSE,0
"6572",4,"F",1,"White","Middle",2,0,0,0,0,0,0,0,0,0,4,"1",FALSE,0
"6573",4,"M",1,"White","Middle",2,0,0,0,0,0,0,0,0,0,4,"1",FALSE,0
"6574",4,"F",1,"White","Middle",2,0,0,0,0,0,0,0,0,0,4,"1",FALSE,0
"6575",3,"M",1,"White","Middle",2,0,0,0,0,0,0,0,0,0,4,"1",FALSE,0
"6576",5,"F",3,"White","Middle",2,0,0,NA,0,0,0,0,0,0,4,"1",NA,0
"6577",6,"M",3,"White","Middle",2,0,0,0,0,0,0,0,0,0,4,NA,FALSE,0
"6578",6,"M",3,NA,"Middle",2,0,0,0,0,0,0,0,0,0,1,"1",FALSE,1
"6579",5,"M",3,"White","Middle",2,0,0,0,0,0,0,0,0,0,3,"1",FALSE,0
"6580",7,"M",3,"White","Middle",2,0,0,0,0,0,0,0,0,0,2,"1",FALSE,1
"6581",7,"M",3,"White","Middle",2,NA,NA,NA,NA,NA,NA,NA,NA,NA,4,NA,NA,0
"6582",5,"M",3,"White","Middle",2,0,0,0,0,0,0,0,0,0,3,"1",FALSE,0
"6583",6,"F",3,"White","Middle",2,0,0,0,0,0,0,0,0,0,3,"1",FALSE,0
"6584",6,"F",3,"White","Middle",2,0,0,0,0,0,0,0,0,0,1,NA,FALSE,1
"6585",5,"M",2,"White","Middle",2,0,0,0,0,0,0,0,0,0,3,NA,FALSE,0
"6586",7,"M",3,"White","Middle",2,0,0,0,0,0,0,0,0,0,3,NA,FALSE,0
"6587",6,"M",3,"White","Middle",2,0,0,0,0,0,0,0,0,0,4,"1",FALSE,0
"6588",6,"M",3,"White","Middle",2,0,0,0,0,0,0,0,0,0,2,NA,FALSE,1
"6589",7,"M",3,"White","Middle",1,0,0,0,0,0,1,0,0,0,2,NA,TRUE,1
"6590",6,"M",3,"Black","Middle",2,0,0,0,0,0,0,0,0,0,4,"1",FALSE,0
"6591",5,"M",3,"Black","Middle",2,0,0,0,0,0,0,0,0,NA,4,"1",NA,0
"6592",6,"M",3,"White","Middle",2,0,0,0,0,0,0,0,0,0,4,"1",FALSE,0
"6593",6,"M",3,"White","Middle",1,0,0,0,0,0,0,0,0,0,3,"1",FALSE,0
"6594",6,"M",3,"Asian","Middle",2,0,0,0,0,0,0,0,0,0,4,NA,FALSE,0
"6595",5,"M",3,"White","Middle",2,0,0,0,0,0,0,0,0,0,4,"1",FALSE,0
"6596",6,"M",3,"Hispanic","Middle",2,0,0,0,0,0,0,0,0,0,4,"1",FALSE,0
"6597",7,"F",3,"Black","Middle",2,0,0,0,0,0,0,0,0,0,3,"1",FALSE,0
"6598",7,"F",3,"White","Middle",1,1,1,0,0,0,0,1,0,1,1,NA,TRUE,1
"6599",7,"F",3,"Hispanic","Middle",2,0,0,0,0,0,0,0,0,0,4,"1",FALSE,0
"6600",6,"M",3,NA,"Middle",NA,0,NA,0,0,0,0,0,0,0,4,NA,NA,0
"6601",5,"M",3,"White","Middle",1,0,0,1,0,0,0,0,0,0,2,"1",TRUE,1
"6602",5,"F",3,"White","Middle",2,0,0,0,0,0,0,0,0,0,4,NA,FALSE,0
"6603",6,"F",3,"White","Middle",2,0,0,0,0,0,0,0,0,0,4,"1",FALSE,0
"6604",5,"M",2,"White","Middle",2,0,0,0,0,0,0,0,0,0,4,"1",FALSE,0
"6605",5,"M",2,"Black","Middle",2,0,0,0,0,0,0,0,0,0,4,"1",FALSE,0
"6606",6,"M",2,"Hispanic","Middle",2,0,0,0,0,0,0,0,0,0,4,"1",FALSE,0
"6607",5,"M",2,"Hispanic","Middle",2,0,0,0,0,0,0,0,0,0,4,"1",FALSE,0
"6608",5,"M",2,"Black","Middle",1,0,0,0,0,0,0,0,0,0,2,"1",FALSE,1
"6609",4,"F",2,"White","Middle",2,0,0,0,0,0,0,0,0,0,3,"1",FALSE,0
"6610",4,"F",2,"White","Middle",2,0,0,0,0,0,0,0,0,0,4,"1",FALSE,0
"6611",6,"M",2,"White","Middle",2,1,0,1,0,1,1,0,0,1,1,NA,TRUE,1
"6612",5,"F",2,"Hispanic","Middle",2,0,0,0,0,0,0,0,0,0,4,"1",FALSE,0
"6613",5,"F",2,"White","Middle",2,0,0,0,0,0,0,0,0,1,2,NA,TRUE,1
"6614",6,"F",2,"White","Middle",2,0,0,0,0,0,0,0,0,0,4,"1",FALSE,0
"6615",6,"F",2,"White","Middle",2,0,0,0,0,0,0,0,0,0,4,NA,FALSE,0
"6616",5,"F",2,"Black","Middle",2,NA,0,0,0,0,0,0,0,0,1,NA,NA,1
"6617",5,"F",2,"White","Middle",2,0,0,0,0,0,0,0,0,0,1,"1",FALSE,1
"6618",6,"F",2,"White","Middle",2,0,0,0,0,0,0,0,0,0,4,NA,FALSE,0
"6619",5,"M",2,"Hispanic","Middle",2,0,0,0,0,0,0,0,0,0,4,"1",FALSE,0
"6620",5,"F",2,"White","Middle",2,0,0,0,0,0,0,0,0,0,2,"1",FALSE,1
"6621",6,"M",2,"White","Middle",1,NA,1,0,0,0,NA,0,0,1,3,NA,TRUE,0
"6622",5,"M",2,"White","Middle",1,NA,0,0,0,0,1,0,0,1,2,NA,TRUE,1
"6623",6,"M",4,NA,"High",NA,0,NA,0,0,0,NA,0,0,0,4,"1",NA,0
"6624",9,"M",6,"Hispanic","High",1,NA,0,0,0,0,0,0,0,0,2,"1",NA,1
"6625",8,"F",4,"Hispanic","High",2,0,0,0,0,0,0,0,0,0,4,"1",FALSE,0
"6626",6,"F",4,"Hispanic","High",2,0,0,0,0,0,0,0,0,0,4,"1",FALSE,0
"6627",7,"F",4,"Hispanic","High",1,1,1,0,0,0,1,1,0,0,1,"1",TRUE,1
"6628",6,"M",4,"White","High",2,0,0,0,0,0,0,0,0,0,4,NA,FALSE,0
"6629",8,"F",4,"Hispanic","High",2,0,0,0,0,0,0,0,0,0,2,"1",FALSE,1
"6630",6,"M",4,"White","High",2,0,0,0,0,0,0,0,0,0,4,"1",FALSE,0
"6631",7,"M",4,NA,"High",2,0,0,1,0,0,0,0,0,1,4,NA,TRUE,0
"6632",6,"F",4,NA,"High",1,0,1,0,0,0,1,0,0,1,4,NA,TRUE,0
"6633",7,"F",4,"White","High",2,0,0,0,0,0,NA,0,0,0,4,NA,NA,0
"6634",7,"F",4,"White","High",2,0,0,0,0,0,0,0,0,0,2,NA,FALSE,1
"6635",6,"M",4,"White","High",NA,NA,NA,1,0,0,0,0,0,0,2,NA,TRUE,1
"6636",7,"M",4,"White","High",2,0,0,0,0,0,0,0,0,0,4,"1",FALSE,0
"6637",7,"M",4,NA,"High",2,0,0,0,0,0,0,0,0,0,2,NA,FALSE,1
"6638",7,"M",4,"White","High",2,NA,0,0,0,0,0,0,0,0,4,NA,NA,0
"6639",6,"F",4,"White","High",2,0,0,0,0,0,0,0,0,0,3,NA,FALSE,0
"6640",7,"M",4,"White","High",NA,0,0,0,0,0,0,0,0,0,3,"1",FALSE,0
"6641",6,"F",4,"White","High",2,0,0,0,0,0,0,0,0,0,3,"1",FALSE,0
"6642",7,"M",4,"White","High",2,0,0,0,0,0,0,0,0,0,4,"1",FALSE,0
"6643",6,"M",4,"White","High",2,0,0,0,0,0,0,0,0,0,2,NA,FALSE,1
"6644",9,"M",6,"Hispanic","High",1,0,0,0,0,0,0,0,0,0,4,"1",FALSE,0
"6645",8,"M",5,"Hispanic","High",2,0,0,0,0,0,0,0,0,0,4,"1",FALSE,0
"6646",10,"M",7,"White","High",1,0,0,0,0,0,0,0,0,0,4,NA,FALSE,0
"6647",7,"M",5,"White","High",2,0,0,0,0,0,0,0,0,0,4,"1",FALSE,0
"6648",8,"F",6,"White","High",2,0,0,0,0,0,0,0,0,0,4,NA,FALSE,0
"6649",7,"F",5,"White","High",2,0,0,0,0,0,0,0,0,0,4,"1",FALSE,0
"6650",7,"M",4,"Black","High",2,0,0,0,0,0,0,0,0,0,4,"1",FALSE,0
"6651",7,"F",4,"Asian","High",2,0,0,0,0,0,0,0,0,0,4,NA,FALSE,0
"6652",8,"M",6,"White","High",2,0,0,0,0,0,0,0,0,0,2,NA,FALSE,1
"6653",8,"M",4,"Black","High",1,0,0,0,0,0,0,0,0,0,4,NA,FALSE,0
"6654",7,"M",5,"Hispanic","High",1,0,0,0,0,0,0,0,0,0,4,"1",FALSE,0
"6655",7,"M",5,"White","High",1,0,0,0,0,0,0,0,0,0,4,NA,FALSE,0
"6656",11,"M",7,"Black","High",NA,NA,NA,1,0,0,NA,1,0,0,3,NA,TRUE,0
"6657",9,"M",6,"Hispanic","High",2,0,0,0,0,0,0,0,0,0,1,"1",FALSE,1
"6658",9,"M",7,"White","High",2,0,0,0,0,0,0,0,0,0,4,"1",FALSE,0
"6659",9,"M",6,"White","High",1,1,0,1,0,0,0,1,0,1,2,NA,TRUE,1
"6660",9,"M",7,"White","High",2,0,0,0,0,0,0,0,0,1,3,"1",TRUE,0
"6661",10,"M",7,"Black","High",1,0,0,0,0,0,0,0,0,1,3,"1",TRUE,0
"6662",9,"M",6,"White","High",2,0,0,0,0,0,0,0,0,0,4,"1",FALSE,0
"6663",8,"M",6,"White","High",2,0,0,0,0,0,0,0,0,0,4,NA,FALSE,0
"6664",8,"M",5,"White","High",2,0,0,0,0,0,0,0,0,0,4,"1",FALSE,0
"6665",8,"M",6,"White","High",1,1,1,1,0,0,0,1,0,1,1,NA,TRUE,1
"6666",8,"F",6,"White","High",2,0,0,1,0,0,0,0,0,1,3,NA,TRUE,0
"6667",9,"M",6,"White","High",2,0,0,0,0,0,0,0,0,1,4,"1",TRUE,0
"6668",8,"M",5,"White","High",2,0,0,0,0,0,0,0,0,0,3,"1",FALSE,0
"6669",7,"M",5,"White","High",2,NA,0,0,0,0,0,0,0,0,1,NA,NA,1
"6670",9,"M",6,"White","High",1,1,1,1,0,0,1,0,0,1,1,NA,TRUE,1
"6671",9,"M",5,"White","High",1,0,1,0,0,0,0,0,0,1,1,NA,TRUE,1
"6672",9,"M",5,"Black","High",1,0,1,0,0,0,0,0,0,0,4,NA,TRUE,0
"6673",9,"M",5,"White","High",2,0,0,1,0,0,0,0,0,0,1,"1",TRUE,1
"6674",9,"M",7,"White","High",2,0,0,0,0,0,0,0,0,1,4,NA,TRUE,0
"6675",8,"M",5,"Black","High",2,0,0,0,0,0,0,0,0,0,4,"1",FALSE,0
"6676",8,"M",5,"White","High",1,0,0,0,0,0,0,0,0,1,4,"1",TRUE,0
"6677",9,"M",7,"White","High",2,0,0,0,0,0,0,0,0,1,4,NA,TRUE,0
"6678",9,"M",6,"White","High",2,0,0,1,0,0,0,0,0,0,2,NA,TRUE,1
"6679",8,"M",5,"White","High",2,0,0,0,0,0,0,0,0,0,3,"1",FALSE,0
"6680",8,"M",5,"White","High",2,0,0,0,0,0,0,0,0,0,3,NA,FALSE,0
"6681",7,"M",5,"White","High",2,0,0,0,0,0,0,0,0,0,4,"1",FALSE,0
"6682",8,"M",5,"White","High",1,1,1,1,0,0,0,0,0,1,1,NA,TRUE,1
"6683",10,"M",7,"White","High",2,0,0,0,0,0,0,0,0,0,1,"1",FALSE,1
"6684",8,"F",5,"White","High",1,1,0,0,0,0,0,0,0,0,1,NA,TRUE,1
"6685",11,"M",7,"Hispanic","High",1,0,0,0,0,0,0,0,0,0,2,"1",FALSE,1
"6686",9,"M",7,"Hispanic","High",2,0,0,0,0,0,0,0,0,0,4,"1",FALSE,0
"6687",10,"M",7,"White","High",2,0,0,0,0,0,0,0,0,0,4,"1",FALSE,0
"6688",10,"M",7,"White","High",1,0,0,1,0,0,0,0,0,1,4,NA,TRUE,0
"6689",9,"M",7,"White","High",2,0,0,0,0,0,0,0,0,0,4,"1",FALSE,0
"6690",9,"M",7,"White","High",2,0,0,0,0,0,1,0,0,0,4,NA,TRUE,0
"6691",8,"M",5,"White","High",2,0,0,0,0,0,0,0,0,0,3,"1",FALSE,0
"6692",9,"M",7,"White","High",2,1,0,1,0,0,0,1,0,0,1,"1",TRUE,1
"6693",8,"F",5,"White","High",2,0,0,0,0,0,0,0,0,0,3,NA,FALSE,0
"6694",10,"M",7,"White","High",2,0,0,0,0,0,0,0,0,0,4,NA,FALSE,0
"6695",8,"M",5,"White","High",2,0,0,0,0,0,0,0,0,0,3,NA,FALSE,0
"6696",9,"M",7,"Asian","High",1,0,0,0,0,0,0,0,0,0,1,NA,FALSE,1
"6697",8,"F",5,"White","High",2,0,0,0,0,0,0,0,0,0,3,"1",FALSE,0
"6698",10,"M",7,"White","High",2,0,0,0,0,0,0,0,0,0,3,NA,FALSE,0
"6699",10,"M",7,"Black","High",2,0,0,0,0,0,0,0,0,0,4,NA,FALSE,0
"6700",9,"M",7,"White","High",2,NA,0,0,0,0,0,0,0,0,4,NA,NA,0
"6701",10,"M",7,"White","High",1,1,1,0,0,1,NA,0,0,NA,2,NA,TRUE,1
"6702",8,"M",5,"Hispanic","High",2,0,0,0,0,0,0,0,0,0,4,"1",FALSE,0
"6703",8,"F",5,"Black","High",2,0,0,0,0,0,0,0,0,0,2,"1",FALSE,1
"6704",NA,NA,NA,NA,NA,NA,NA,NA,NA,NA,NA,NA,NA,NA,NA,NA,NA,NA,NA
"6705",8,"M",5,NA,"High",2,0,0,0,0,0,0,0,0,0,4,"1",FALSE,0
"6706",7,"M",4,"Black","High",2,0,0,0,0,0,0,0,0,0,4,"1",FALSE,0
"6707",7,"F",4,"Black","High",2,0,0,0,0,0,0,0,0,0,4,NA,FALSE,0
"6708",8,"F",7,"Hispanic","High",1,1,1,1,0,0,1,1,0,1,1,"1",TRUE,1
"6709",7,"M",5,"Hispanic","High",1,0,0,1,0,0,0,0,0,1,2,NA,TRUE,1
"6710",7,"M",4,"Hispanic","High",2,0,0,0,0,0,0,0,0,0,1,"1",FALSE,1
"6711",7,"M",4,"Hispanic","High",2,0,0,0,0,0,0,0,0,0,3,"1",FALSE,0
"6712",6,"M",4,"Hispanic","High",1,NA,1,1,0,0,1,0,0,1,2,NA,TRUE,1
"6713",7,"F",4,NA,"High",1,1,1,1,1,0,1,0,0,0,1,NA,TRUE,1
"6714",NA,"M",7,"Black","High",1,1,1,1,0,0,1,0,0,1,1,NA,TRUE,1
"6715",8,"M",5,"Black","High",2,0,0,0,0,0,0,0,0,0,4,"1",FALSE,0
"6716",7,"F",4,"AI/AN","High",1,0,1,1,NA,NA,NA,NA,NA,1,1,NA,TRUE,1
"6717",7,"F",4,"Hispanic","High",2,0,0,0,0,0,0,0,0,0,3,"1",FALSE,0
"6718",9,"F",7,"Hispanic","High",2,0,0,0,0,0,0,0,0,0,4,NA,FALSE,0
"6719",8,"F",5,NA,"High",2,0,0,0,0,0,0,0,0,0,4,"1",FALSE,0
"6720",10,"M",7,"Black","High",2,0,0,0,0,0,NA,0,0,0,4,"1",NA,0
"6721",10,"F",7,"Black","High",2,0,0,0,0,0,0,0,0,0,4,NA,FALSE,0
"6722",11,"M",7,"Black","High",2,0,0,0,0,0,0,0,0,0,4,"1",FALSE,0
"6723",8,"M",4,"Hispanic","High",1,1,1,1,0,0,1,0,0,1,2,NA,TRUE,1
"6724",7,"F",4,"Hispanic","High",1,NA,1,0,0,0,0,0,0,1,4,NA,TRUE,0
"6725",6,"M",4,"NHOPI","High",NA,NA,NA,NA,NA,NA,NA,NA,NA,NA,3,NA,NA,0
"6726",6,"M",4,"Hispanic","High",1,NA,1,0,0,0,0,0,0,0,4,NA,TRUE,0
"6727",8,"M",5,"White","High",1,1,1,1,0,0,0,0,0,0,1,NA,TRUE,1
"6728",10,"M",7,"Asian","High",NA,NA,NA,NA,0,0,1,0,0,NA,2,NA,TRUE,1
"6729",11,"M",7,"Black","High",2,0,0,0,0,0,0,0,0,0,4,NA,FALSE,0
"6730",10,"M",7,"Black","High",2,0,0,0,0,0,0,0,0,0,4,"1",FALSE,0
"6731",9,"M",5,"NHOPI","High",2,0,0,0,0,0,0,0,0,0,4,NA,FALSE,0
"6732",10,"F",5,"AI/AN","High",2,0,0,0,0,0,0,0,0,0,4,"1",FALSE,0
"6733",7,"F",5,"Black","High",2,0,0,0,0,0,0,0,0,0,4,"1",FALSE,0
"6734",8,"M",5,"Black","High",2,0,0,0,0,0,0,0,0,0,1,"1",FALSE,1
"6735",10,"M",6,"Hispanic","High",1,0,0,0,NA,NA,0,NA,NA,0,4,NA,NA,0
"6736",9,"M",6,"Black","High",2,0,0,0,0,0,0,0,0,0,4,"1",FALSE,0
"6737",7,"M",5,"Black","High",2,0,0,0,0,0,0,0,0,0,4,"1",FALSE,0
"6738",10,"M",7,"Hispanic","High",2,0,0,0,0,0,0,0,0,0,4,"1",FALSE,0
"6739",8,"M",5,"Hispanic","High",NA,NA,NA,0,0,0,1,0,0,NA,4,NA,TRUE,0
"6740",10,"M",7,"White","High",2,0,0,0,0,0,0,0,0,0,4,"1",FALSE,0
"6741",9,"M",5,"Hispanic","High",2,0,0,0,0,0,0,0,0,0,4,NA,FALSE,0
"6742",9,"M",6,"Black","High",2,0,0,0,0,0,0,0,0,0,1,NA,FALSE,1
"6743",7,"M",5,"Black","High",2,0,0,0,0,0,0,0,0,0,4,"1",FALSE,0
"6744",NA,NA,NA,NA,NA,NA,NA,NA,NA,0,0,0,0,0,NA,NA,NA,NA,NA
"6745",8,"M",6,"Black","High",2,0,0,0,0,0,0,0,0,0,4,"1",FALSE,0
"6746",2,"F",3,"Hispanic","Middle",NA,NA,NA,NA,0,0,0,0,0,NA,3,NA,NA,0
"6747",8,"F",6,"Black","High",NA,NA,NA,NA,NA,NA,NA,NA,NA,NA,4,NA,NA,0
"6748",9,"M",6,"White","High",1,0,1,0,0,0,0,0,0,0,1,"1",TRUE,1
"6749",8,"M",5,"Black","High",2,0,0,0,0,1,0,0,0,0,4,"1",TRUE,0
"6750",9,"M",6,"Black","High",2,0,0,0,0,0,0,0,0,0,4,"1",FALSE,0
"6751",9,"M",7,"Black","High",2,0,0,0,0,0,0,0,0,0,4,NA,FALSE,0
"6752",9,"M",6,"White","High",1,0,0,0,0,0,0,0,0,0,3,"1",FALSE,0
"6753",10,"M",7,"Black","High",1,NA,1,1,NA,NA,NA,NA,NA,1,4,NA,TRUE,0
"6754",8,"M",6,"Black","High",2,0,0,0,0,0,0,0,0,0,4,"1",FALSE,0
"6755",8,"M",6,"Black","High",2,0,0,0,NA,NA,NA,NA,NA,0,4,NA,NA,0
"6756",9,"M",6,"Black","High",2,0,0,0,0,0,0,0,0,0,4,"1",FALSE,0
"6757",11,"F",1,"Hispanic","Middle",NA,1,NA,NA,NA,NA,NA,NA,NA,NA,1,NA,TRUE,1
"6758",9,"M",7,"Black","High",1,0,0,0,0,0,0,0,0,0,4,NA,FALSE,0
"6759",9,"M",6,"Black","High",2,0,0,0,0,0,0,0,0,0,4,NA,FALSE,0
"6760",9,"M",6,"Hispanic","High",1,NA,1,NA,0,0,1,1,0,NA,1,NA,TRUE,1
"6761",7,"M",4,"White","High",2,0,0,0,0,0,0,0,0,0,3,NA,FALSE,0
"6762",9,"M",6,"Black","High",2,0,0,0,0,0,0,0,0,0,4,"1",FALSE,0
"6763",10,"M",7,"Black","High",1,0,1,0,0,0,0,0,0,0,4,"1",TRUE,0
"6764",10,"M",7,"Black","High",2,0,0,0,0,0,0,0,0,0,4,"1",FALSE,0
"6765",7,"M",5,"Black","High",2,0,0,0,0,0,0,0,0,0,NA,NA,FALSE,NA
"6766",7,"M",5,"Black","High",2,0,0,0,0,0,0,0,0,0,4,"1",FALSE,0
"6767",8,"M",6,"Black","High",1,NA,1,1,1,0,1,0,0,1,1,NA,TRUE,1
"6768",7,"M",5,NA,"High",2,0,0,0,0,0,0,0,0,0,4,"1",FALSE,0
"6769",9,"M",6,"Black","High",2,0,0,0,NA,NA,NA,NA,NA,0,3,NA,NA,0
"6770",7,"M",6,"Black","High",2,0,0,0,0,0,0,0,0,0,4,"1",FALSE,0
"6771",8,"M",4,"Hispanic","High",1,0,0,0,0,0,0,0,0,0,4,NA,FALSE,0
"6772",9,"M",6,"Black","High",2,0,0,0,0,0,0,0,0,0,4,"1",FALSE,0
"6773",8,"F",5,"Hispanic","High",2,0,0,0,0,0,0,0,0,0,2,"1",FALSE,1
"6774",10,"M",7,"Black","High",2,0,0,0,0,0,0,0,0,0,4,"1",FALSE,0
"6775",8,"M",5,"Black","High",2,0,0,0,0,0,0,0,0,0,4,"1",FALSE,0
"6776",8,"F",5,"Black","High",2,0,0,0,0,0,0,0,0,0,4,"1",FALSE,0
"6777",6,"M",4,"Hispanic","High",NA,NA,NA,NA,0,1,NA,0,0,NA,3,NA,TRUE,0
"6778",9,"F",6,"Asian","High",2,0,0,0,0,0,0,0,0,0,4,"1",FALSE,0
"6779",7,"M",4,"Black","High",NA,0,NA,NA,0,0,0,0,0,NA,4,NA,NA,0
"6780",8,"F",6,"Black","High",1,0,NA,0,0,0,0,0,0,0,4,"1",NA,0
"6781",9,"F",6,"Black","High",1,0,1,0,0,0,0,0,0,0,4,NA,TRUE,0
"6782",8,"F",6,"Black","High",2,0,0,0,0,0,0,0,0,0,4,"1",FALSE,0
"6783",8,"F",6,"White","High",2,0,0,0,0,0,0,0,0,0,3,NA,FALSE,0
"6784",8,"F",5,"Black","High",1,0,0,0,0,0,0,0,0,0,4,NA,FALSE,0
"6785",10,NA,NA,"Black",NA,2,0,0,0,0,0,0,0,0,0,4,NA,FALSE,0
"6786",9,"M",5,"Black","High",2,0,0,0,0,0,0,0,0,0,4,"1",FALSE,0
"6787",7,"M",5,NA,"High",2,0,0,0,0,0,0,0,0,0,4,"1",FALSE,0
"6788",7,"M",5,"Black","High",1,0,1,NA,NA,NA,1,NA,NA,NA,4,"1",TRUE,0
"6789",7,"M",5,"Black","High",1,0,1,0,0,0,0,0,0,1,2,NA,TRUE,1
"6790",8,"M",5,"Black","High",2,0,0,0,0,0,0,0,0,0,4,"1",FALSE,0
"6791",8,"M",6,"Black","High",2,0,0,0,0,0,0,0,0,0,4,"1",FALSE,0
"6792",9,"M",6,"Black","High",2,0,0,0,0,0,0,0,0,0,4,"1",FALSE,0
"6793",9,"M",6,"Black","High",1,0,1,0,0,0,0,0,0,0,4,NA,TRUE,0
"6794",9,"M",6,"Asian","High",2,0,0,0,0,0,0,0,0,0,4,"1",FALSE,0
"6795",8,"M",5,"Black","High",NA,0,0,0,0,0,0,0,0,0,4,"1",FALSE,0
"6796",9,"M",6,"Black","High",2,0,0,0,0,0,0,0,0,0,4,"1",FALSE,0
"6797",9,"M",5,"Black","High",2,0,0,0,0,0,0,0,0,0,4,"1",FALSE,0
"6798",9,"M",6,"Black","High",2,0,0,0,0,0,0,0,0,0,4,"1",FALSE,0
"6799",10,"M",7,"Black","High",2,0,0,0,0,0,0,0,0,0,3,"1",FALSE,0
"6800",9,"F",6,"Hispanic","High",2,0,0,0,0,0,0,0,0,0,4,"1",FALSE,0
"6801",9,"M",7,"Black","High",2,1,0,0,0,0,0,0,0,0,1,"1",TRUE,1
"6802",8,"F",6,"Black","High",2,0,0,0,0,0,0,0,0,0,4,"1",FALSE,0
"6803",8,"F",5,"Hispanic","High",2,0,0,0,0,0,0,0,0,0,2,"1",FALSE,1
"6804",7,"M",4,"Black","High",2,0,0,0,0,0,0,0,0,0,4,"1",FALSE,0
"6805",8,"F",5,"Black","High",2,0,0,0,0,0,0,0,0,0,4,NA,FALSE,0
"6806",10,"M",7,"Black","High",2,0,0,0,0,0,0,0,0,0,4,"1",FALSE,0
"6807",10,"M",7,"White","High",2,0,0,0,0,0,0,0,0,0,4,"1",FALSE,0
"6808",8,"M",6,"Black","High",2,0,0,0,0,0,0,0,0,0,4,"1",FALSE,0
"6809",9,"F",1,"Hispanic","Middle",NA,NA,NA,NA,1,0,NA,0,0,NA,3,"1",TRUE,0
"6810",7,"M",4,"Black","High",2,0,0,0,0,0,0,0,0,0,4,NA,FALSE,0
"6811",11,"M",7,"Black","High",2,0,0,0,0,0,0,0,0,0,1,NA,FALSE,1
"6812",7,"M",5,NA,"High",2,0,0,0,0,0,0,0,0,0,4,"1",FALSE,0
"6813",8,"M",6,"Black","High",2,0,0,0,0,0,0,0,0,0,1,NA,FALSE,1
"6814",9,"M",6,"Hispanic","High",2,0,0,0,0,0,0,0,0,0,4,"1",FALSE,0
"6815",9,"M",7,"Hispanic","High",2,0,0,0,0,0,0,0,0,0,4,NA,FALSE,0
"6816",9,"M",6,NA,"High",2,0,0,0,0,0,0,0,0,0,4,"1",FALSE,0
"6817",10,"F",7,"Hispanic","High",2,0,0,0,0,0,0,0,0,0,4,NA,FALSE,0
"6818",10,"M",7,"Black","High",1,0,0,0,NA,NA,NA,NA,NA,NA,4,NA,NA,0
"6819",7,"M",4,"Hispanic","High",NA,0,NA,0,0,0,0,0,0,0,1,"1",NA,1
"6820",9,"M",7,"Black","High",2,0,0,0,0,0,0,0,0,0,4,"1",FALSE,0
"6821",9,"M",7,"Black","High",2,0,0,0,0,0,0,0,0,0,4,"1",FALSE,0
"6822",9,"M",7,"Black","High",NA,NA,NA,NA,0,0,1,0,0,NA,4,NA,TRUE,0
"6823",8,"M",6,"Black","High",2,0,0,NA,0,0,0,0,0,0,3,"1",NA,0
"6824",9,"M",6,"White","High",1,1,1,0,NA,NA,1,NA,NA,1,1,NA,TRUE,1
"6825",8,"M",5,"Black","High",2,0,0,0,0,0,0,0,0,0,4,"1",FALSE,0
"6826",7,NA,5,"Hispanic","High",NA,NA,NA,0,0,0,0,0,0,0,3,NA,NA,0
"6827",NA,"M",NA,NA,NA,NA,NA,NA,NA,NA,NA,NA,NA,NA,NA,NA,NA,NA,NA
"6828",8,"M",6,"Black","High",2,0,0,0,0,0,0,0,0,0,4,NA,FALSE,0
"6829",10,"M",7,"Black","High",2,0,0,0,0,0,0,0,0,0,4,"1",FALSE,0
"6830",8,"M",5,"Black","High",2,0,0,0,0,0,0,0,0,0,4,"1",FALSE,0
"6831",8,"M",5,"Hispanic","High",1,0,0,0,0,0,0,0,0,0,3,"1",FALSE,0
"6832",10,"M",7,"Black","High",NA,NA,NA,NA,0,0,NA,1,0,1,4,NA,TRUE,0
"6833",9,"F",7,"Black","High",2,0,0,0,0,0,0,0,0,0,4,"1",FALSE,0
"6834",9,"M",3,"Hispanic","Middle",1,1,1,NA,1,0,1,0,0,NA,4,NA,TRUE,0
"6835",6,"F",4,"Black","High",2,0,0,0,0,0,0,0,0,0,2,"1",FALSE,1
"6836",8,"M",5,"Hispanic","High",1,1,1,0,1,1,1,1,1,1,1,NA,TRUE,1
"6837",10,"M",7,"Black","High",2,0,0,0,0,0,0,0,0,0,4,"1",FALSE,0
"6838",9,"M",6,"Black","High",1,0,NA,0,0,0,NA,1,0,1,3,NA,TRUE,0
"6839",5,"M",7,"White","High",1,1,1,1,1,1,1,1,1,1,1,"1",TRUE,1
"6840",9,"M",6,"Black","High",2,0,0,0,0,0,0,0,0,0,4,"1",FALSE,0
"6841",6,"F",4,NA,"High",NA,NA,NA,NA,1,0,1,0,0,NA,NA,NA,TRUE,NA
"6842",7,"M",1,"Black","Middle",1,0,0,0,0,0,NA,0,0,0,2,NA,NA,1
"6843",7,"M",NA,NA,NA,2,0,0,0,0,0,0,0,0,0,NA,NA,FALSE,NA
"6844",6,"F",4,"Black","High",2,0,0,0,0,0,0,0,0,0,4,NA,FALSE,0
"6845",7,"M",4,"Hispanic","High",2,0,0,0,0,0,0,0,0,0,4,"1",FALSE,0
"6846",9,"F",6,"Hispanic","High",2,0,0,0,0,0,0,0,0,0,4,"1",FALSE,0
"6847",9,"F",6,"Black","High",2,0,0,0,0,0,0,0,0,0,4,"1",FALSE,0
"6848",NA,NA,NA,NA,NA,2,0,0,0,0,0,0,0,0,0,NA,"1",FALSE,NA
"6849",6,"F",4,"Black","High",2,0,0,0,0,0,0,0,0,0,4,"1",FALSE,0
"6850",10,"M",7,NA,"High",2,0,0,NA,0,0,0,0,0,0,4,"1",NA,0
"6851",7,"F",5,"Black","High",2,0,0,0,0,0,0,0,0,0,4,NA,FALSE,0
"6852",7,"M",4,"Black","High",2,0,0,0,0,0,0,0,0,0,4,"1",FALSE,0
"6853",8,"M",5,"Hispanic","High",1,0,0,0,0,0,0,0,0,0,4,NA,FALSE,0
"6854",7,"F",4,"Hispanic","High",2,0,0,0,0,0,0,0,0,0,4,"1",FALSE,0
"6855",8,"F",5,"Black","High",2,0,0,0,0,0,0,0,0,0,4,"1",FALSE,0
"6856",8,"F",5,NA,"High",2,0,0,0,0,0,0,0,0,0,4,NA,FALSE,0
"6857",6,"M",4,"Hispanic","High",2,0,0,0,0,0,0,0,0,0,2,"1",FALSE,1
"6858",6,"F",4,"Black","High",2,0,0,0,0,0,0,0,0,0,4,"1",FALSE,0
"6859",1,"M",1,"Asian","Middle",1,1,0,1,0,0,0,0,0,1,1,NA,TRUE,1
"6860",7,"M",4,"Black","High",2,0,0,0,0,0,0,0,0,0,4,NA,FALSE,0
"6861",7,"F",4,"Hispanic","High",1,0,1,0,0,0,0,0,0,1,4,NA,TRUE,0
"6862",7,"F",4,"Black","High",2,0,0,0,0,0,0,0,0,0,4,"1",FALSE,0
"6863",7,NA,NA,"AI/AN",NA,2,0,0,0,0,0,0,0,0,0,4,NA,FALSE,0
"6864",7,"M",4,"Black","High",2,0,0,0,0,0,0,0,0,0,4,"1",FALSE,0
"6865",6,"M",4,"Black","High",1,0,NA,0,0,0,0,0,0,0,4,"1",NA,0
"6866",11,"M",7,"Hispanic","High",1,1,1,1,0,0,1,0,0,1,1,NA,TRUE,1
"6867",7,"M",4,"Hispanic","High",1,0,1,0,NA,NA,1,NA,NA,NA,2,NA,TRUE,1
"6868",8,"M",5,"Black","High",2,0,0,0,0,0,0,0,0,0,4,"1",FALSE,0
"6869",8,"M",5,"Black","High",2,0,0,0,0,0,0,0,0,0,4,"1",FALSE,0
"6870",1,"F",1,"AI/AN","Middle",1,0,0,0,0,0,0,0,0,0,1,NA,FALSE,1
"6871",11,"M",7,"Hispanic","High",2,0,0,0,0,0,0,0,0,0,4,"1",FALSE,0
"6872",6,"M",4,"Black","High",2,0,0,0,0,0,0,0,0,0,4,"1",FALSE,0
"6873",7,"M",4,NA,"High",2,0,0,0,0,0,NA,0,0,0,2,"1",NA,1
"6874",9,"M",6,"Black","High",2,0,0,0,0,0,0,0,0,0,4,"1",FALSE,0
"6875",9,"M",7,"White","High",1,0,NA,0,0,0,0,0,0,0,4,NA,NA,0
"6876",6,"F",4,"Black","High",2,0,0,0,0,0,0,0,0,0,1,NA,FALSE,1
"6877",8,"M",4,"Hispanic","High",1,NA,NA,0,0,0,1,0,1,NA,4,NA,TRUE,0
"6878",6,"M",4,"Hispanic","High",NA,NA,NA,0,0,0,1,0,0,0,4,NA,TRUE,0
"6879",8,"M",5,"Hispanic","High",1,1,1,1,1,0,1,1,1,1,1,"1",TRUE,1
"6880",1,"F",1,"Hispanic","Middle",1,1,1,1,0,0,1,0,0,1,1,NA,TRUE,1
"6881",8,"F",6,"Black","High",2,0,0,NA,0,0,0,0,0,0,4,"1",NA,0
"6882",9,"F",6,"Black","High",2,0,0,0,0,0,0,0,0,0,4,"1",FALSE,0
"6883",7,"F",4,"Black","High",2,0,0,0,0,0,0,0,0,0,4,"1",FALSE,0
"6884",10,"F",7,"Black","High",2,0,0,0,0,0,0,0,0,0,4,"1",FALSE,0
"6885",10,"F",6,"Black","High",2,0,0,0,0,0,0,0,0,0,4,"1",FALSE,0
"6886",9,"F",6,"Black","High",2,0,0,0,0,0,0,0,0,0,4,"1",FALSE,0
"6887",8,"F",6,"Black","High",2,0,0,0,0,0,0,0,0,0,4,"1",FALSE,0
"6888",9,"F",6,"Black","High",2,0,0,0,0,0,0,0,0,0,4,NA,FALSE,0
"6889",8,"F",5,"Hispanic","High",2,0,0,0,0,0,0,0,0,0,4,"1",FALSE,0
"6890",8,"F",6,"Black","High",2,0,0,0,0,0,0,0,0,0,4,"1",FALSE,0
"6891",9,"F",6,"Black","High",2,0,0,0,0,0,0,0,0,0,4,"1",FALSE,0
"6892",8,"F",6,"Black","High",2,0,0,0,0,0,0,0,0,0,4,"1",FALSE,0
"6893",6,"F",4,"White","High",2,0,0,0,0,0,0,0,0,0,4,NA,FALSE,0
"6894",8,"F",6,"White","High",2,0,0,0,0,0,0,0,0,0,4,NA,FALSE,0
"6895",9,"F",6,"Hispanic","High",2,0,0,0,0,0,0,0,0,0,4,"1",FALSE,0
"6896",11,"M",7,"Black","High",2,0,0,0,0,0,0,0,0,0,4,"1",FALSE,0
"6897",7,"F",5,"White","High",2,0,0,0,0,0,0,0,0,0,4,"1",FALSE,0
"6898",4,"F",2,"Black","Middle",1,0,0,0,0,0,0,0,0,0,3,NA,FALSE,0
"6899",3,"F",1,"Black","Middle",2,0,0,0,0,0,0,0,0,0,4,"1",FALSE,0
"6900",4,"F",2,"Black","Middle",2,0,0,0,0,0,0,0,0,0,4,"1",FALSE,0
"6901",5,"M",2,"Black","Middle",2,0,0,0,0,0,0,0,0,1,3,"1",TRUE,0
"6902",5,"F",2,"Black","Middle",2,0,0,0,0,0,0,0,0,0,4,"1",FALSE,0
"6903",3,"F",2,"White","Middle",2,0,0,0,0,0,0,0,0,0,4,"1",FALSE,0
"6904",4,"M",2,"Black","Middle",2,0,0,0,0,0,0,0,0,0,4,"1",FALSE,0
"6905",5,"M",2,"Black","Middle",2,0,0,0,0,0,0,0,0,0,4,"1",FALSE,0
"6906",4,"M",2,"White","Middle",2,0,0,0,0,0,0,0,0,0,2,"1",FALSE,1
"6907",4,"F",2,"Black","Middle",2,0,0,0,0,0,0,0,0,0,4,"1",FALSE,0
"6908",5,"M",2,"Black","Middle",2,0,0,0,0,0,0,0,0,0,4,"1",FALSE,0
"6909",5,"F",2,"Black","Middle",2,0,0,0,0,0,0,0,0,0,2,"1",FALSE,1
"6910",5,"F",2,"Black","Middle",2,0,0,0,0,0,0,0,0,0,4,"1",FALSE,0
"6911",5,"M",2,"Asian","Middle",2,0,0,0,0,0,0,0,0,0,4,"1",FALSE,0
"6912",4,"M",2,"Hispanic","Middle",2,0,0,0,0,0,0,0,0,0,4,"1",FALSE,0
"6913",4,"F",2,"Hispanic","Middle",2,0,0,0,0,0,0,0,0,0,4,"1",FALSE,0
"6914",5,"M",2,"Hispanic","Middle",2,0,0,0,0,0,0,0,0,0,4,"1",FALSE,0
"6915",5,"M",2,"White","Middle",2,0,0,0,0,0,0,0,0,0,3,NA,FALSE,0
"6916",5,"F",2,"Hispanic","Middle",2,0,0,0,0,0,0,0,0,0,4,"1",FALSE,0
"6917",4,"F",2,"Black","Middle",2,0,0,0,0,0,0,0,0,0,4,"1",FALSE,0
"6918",5,"F",2,"Black","Middle",2,0,0,0,0,0,0,0,0,0,4,NA,FALSE,0
"6919",5,"M",2,"Black","Middle",2,0,0,0,0,0,0,0,0,0,2,"1",FALSE,1
"6920",4,"M",2,"AI/AN","Middle",2,0,0,0,0,0,0,0,0,0,2,"1",FALSE,1
"6921",5,"M",2,"Hispanic","Middle",2,0,0,0,0,0,0,0,0,0,4,"1",FALSE,0
"6922",5,"M",2,"Black","Middle",2,0,0,NA,0,0,0,0,0,0,4,"1",NA,0
"6923",5,"M",2,"White","Middle",2,0,0,0,0,0,0,0,0,0,3,NA,FALSE,0
"6924",5,"M",2,"White","Middle",2,0,0,0,0,0,0,0,0,0,4,"1",FALSE,0
"6925",5,"F",2,"Black","Middle",2,0,0,0,0,0,0,0,0,0,4,"1",FALSE,0
"6926",5,"F",2,"Black","Middle",2,0,0,0,0,0,0,0,0,0,4,"1",FALSE,0
"6927",4,"F",2,"Black","Middle",2,0,0,0,0,0,0,0,0,0,4,"1",FALSE,0
"6928",6,"F",3,"Black","Middle",2,0,0,0,0,0,0,0,0,0,2,NA,FALSE,1
"6929",6,"F",3,"Black","Middle",2,0,0,0,0,0,0,0,0,0,4,"1",FALSE,0
"6930",6,"M",3,"Black","Middle",1,0,0,0,0,0,0,0,0,0,4,"1",FALSE,0
"6931",6,"M",3,"Black","Middle",2,0,0,0,0,0,0,0,0,0,4,"1",FALSE,0
"6932",5,"F",3,"Black","Middle",2,0,0,0,0,0,0,0,0,0,4,"1",FALSE,0
"6933",6,"M",3,"White","Middle",1,NA,0,NA,0,0,NA,1,0,0,1,NA,TRUE,1
"6934",6,"F",3,"Hispanic","Middle",2,0,0,0,0,0,0,0,0,0,1,NA,FALSE,1
"6935",5,"M",3,"Black","Middle",2,0,0,0,0,0,0,0,0,0,4,"1",FALSE,0
"6936",7,"M",3,"Black","Middle",2,0,0,0,0,0,0,0,0,0,4,"1",FALSE,0
"6937",6,"M",3,"Asian","Middle",2,0,0,0,0,0,0,0,0,0,4,NA,FALSE,0
"6938",6,"M",3,"Black","Middle",2,0,0,0,0,0,0,0,0,0,4,"1",FALSE,0
"6939",5,"M",2,"White","Middle",2,0,0,NA,0,0,0,0,0,0,4,NA,NA,0
"6940",5,"M",2,"Black","Middle",2,0,0,0,0,0,0,0,0,0,4,"1",FALSE,0
"6941",5,"M",2,"Black","Middle",2,0,0,0,0,0,0,0,0,0,3,"1",FALSE,0
"6942",5,"M",2,"Hispanic","Middle",2,0,0,0,0,0,0,0,0,0,4,"1",FALSE,0
"6943",4,"M",2,"Black","Middle",2,0,0,0,0,0,0,0,0,0,4,"1",FALSE,0
"6944",3,"F",1,"Black","Middle",2,0,0,0,0,0,0,0,0,0,4,"1",FALSE,0
"6945",4,"M",2,"Black","Middle",2,0,NA,NA,0,0,NA,0,0,NA,4,NA,NA,0
"6946",6,"F",3,"Black","Middle",2,0,0,0,0,0,0,0,0,0,4,"1",FALSE,0
"6947",5,"M",3,"Black","Middle",2,0,0,0,0,0,0,0,0,0,4,NA,FALSE,0
"6948",6,"F",3,"Black","Middle",2,0,0,0,0,0,0,0,0,0,4,NA,FALSE,0
"6949",5,"M",3,"Black","Middle",2,0,0,0,0,0,0,0,0,0,3,"1",FALSE,0
"6950",4,"M",2,"Hispanic","Middle",2,0,0,0,0,0,0,0,0,0,4,NA,FALSE,0
"6951",4,"M",2,"Black","Middle",2,0,0,0,0,0,0,0,0,0,4,"1",FALSE,0
"6952",5,"M",2,"Black","Middle",2,0,0,0,0,0,0,0,0,0,3,"1",FALSE,0
"6953",6,"M",2,NA,"Middle",2,0,0,NA,0,0,0,0,0,0,4,"1",NA,0
"6954",5,"M",2,"Hispanic","Middle",2,0,0,NA,NA,NA,0,NA,NA,0,4,NA,NA,0
"6955",5,"M",2,"Black","Middle",1,1,1,0,0,0,0,0,0,0,1,"1",TRUE,1
"6956",5,"M",2,"Black","Middle",2,0,0,0,0,0,0,0,0,0,4,"1",FALSE,0
"6957",5,"F",2,"Black","Middle",2,0,0,0,0,0,0,0,0,0,3,"1",FALSE,0
"6958",5,"F",2,"Black","Middle",2,0,0,0,0,0,0,0,0,0,2,"1",FALSE,1
"6959",5,"F",3,"Hispanic","Middle",2,0,0,0,0,0,0,0,0,0,2,"1",FALSE,1
"6960",6,"F",3,"Black","Middle",2,0,0,0,0,0,0,0,0,0,4,"1",FALSE,0
"6961",6,"F",3,"Black","Middle",2,0,0,0,0,0,0,0,0,0,3,"1",FALSE,0
"6962",5,"M",3,"White","Middle",2,0,0,0,0,0,0,0,0,0,4,NA,FALSE,0
"6963",6,"F",3,"Black","Middle",2,0,0,0,0,0,0,0,0,0,4,NA,FALSE,0
"6964",6,"F",2,"Hispanic","Middle",1,0,1,0,0,1,1,0,0,0,1,"1",TRUE,1
"6965",3,"M",1,NA,"Middle",2,0,0,0,0,0,0,0,0,0,NA,"1",FALSE,NA
"6966",3,"M",1,"Black","Middle",2,0,0,0,0,0,0,0,0,0,4,"1",FALSE,0
"6967",4,"F",1,"Black","Middle",2,0,0,0,0,0,0,0,0,0,4,"1",FALSE,0
"6968",3,"M",1,"Black","Middle",2,0,0,0,0,0,0,0,0,0,3,NA,FALSE,0
"6969",3,"F",1,NA,"Middle",2,0,0,0,0,0,0,0,0,0,4,"1",FALSE,0
"6970",3,"M",1,"Hispanic","Middle",1,0,0,0,0,0,NA,0,0,0,2,NA,NA,1
"6971",4,"M",1,"Black","Middle",1,1,1,0,0,0,0,0,1,1,1,NA,TRUE,1
"6972",4,"M",3,"Hispanic","Middle",NA,NA,NA,NA,NA,NA,NA,NA,NA,0,3,NA,NA,0
"6973",3,"M",1,"Black","Middle",2,0,0,0,0,0,0,0,0,0,4,NA,FALSE,0
"6974",3,"M",1,"Hispanic","Middle",2,0,0,0,0,0,0,0,0,0,4,"1",FALSE,0
"6975",3,"F",1,"Black","Middle",2,0,0,0,0,0,0,0,0,0,4,NA,FALSE,0
"6976",4,"F",1,"Black","Middle",2,0,0,NA,0,0,0,0,0,0,4,NA,NA,0
"6977",3,"F",1,"White","Middle",2,0,0,0,0,0,0,0,0,0,4,NA,FALSE,0
"6978",3,"M",1,"Black","Middle",2,0,0,NA,NA,NA,NA,NA,NA,0,4,"1",NA,0
"6979",4,"M",1,"White","Middle",2,0,0,0,0,0,0,0,0,0,4,"1",FALSE,0
"6980",3,"M",1,"Hispanic","Middle",1,0,0,0,0,0,0,0,0,0,2,NA,FALSE,1
"6981",4,"M",1,"Black","Middle",2,0,0,0,0,0,0,0,0,0,4,"1",FALSE,0
"6982",4,"F",1,"Black","Middle",2,0,0,0,0,0,0,0,0,0,4,"1",FALSE,0
"6983",4,"F",1,"Black","Middle",2,0,0,0,0,0,0,0,0,0,4,NA,FALSE,0
"6984",4,"M",1,NA,"Middle",2,0,0,0,0,0,0,0,0,0,4,"1",FALSE,0
"6985",5,"M",1,"White","Middle",2,0,0,0,0,0,0,0,0,0,4,"1",FALSE,0
"6986",3,"F",1,"Black","Middle",2,0,0,NA,0,0,0,0,0,0,2,"1",NA,1
"6987",4,"F",1,"Asian","Middle",2,0,0,0,0,0,0,0,0,0,4,"1",FALSE,0
"6988",3,"F",1,"White","Middle",2,0,0,0,0,0,0,0,0,0,4,"1",FALSE,0
"6989",4,"F",1,"Hispanic","Middle",2,0,0,0,0,0,0,0,0,0,4,"1",FALSE,0
"6990",4,"M",1,"Black","Middle",2,0,0,0,0,0,NA,0,0,0,4,"1",NA,0
"6991",5,"M",3,"Black","Middle",2,0,0,0,0,0,0,0,0,0,4,"1",FALSE,0
"6992",5,"F",3,"Black","Middle",2,0,0,NA,0,0,0,0,0,1,4,NA,TRUE,0
"6993",6,"M",3,"Black","Middle",2,0,0,0,0,0,0,0,0,0,4,"1",FALSE,0
"6994",5,"M",3,"Black","Middle",2,0,0,0,0,0,0,0,0,0,3,"1",FALSE,0
"6995",6,"M",3,"Black","Middle",2,0,0,0,0,0,0,0,0,0,4,"1",FALSE,0
"6996",5,"M",3,"Black","Middle",2,0,0,0,0,0,0,0,0,0,4,"1",FALSE,0
"6997",6,"F",3,"Black","Middle",2,0,0,0,0,0,0,0,0,0,3,"1",FALSE,0
"6998",6,"F",3,"Black","Middle",2,0,0,0,0,0,0,0,0,0,4,NA,FALSE,0
"6999",6,"F",3,"Hispanic","Middle",2,0,0,0,0,0,0,0,0,0,4,NA,FALSE,0
"7000",5,"M",3,"Black","Middle",2,0,0,0,0,0,0,0,0,0,4,NA,FALSE,0
"7001",6,"F",3,"Black","Middle",2,0,0,0,0,0,0,0,0,0,3,"1",FALSE,0
"7002",6,"M",3,"Black","Middle",2,0,0,0,0,0,0,0,0,0,3,"1",FALSE,0
"7003",6,"M",3,"Black","Middle",2,0,0,0,0,0,0,0,0,0,4,"1",FALSE,0
"7004",5,"F",3,"Black","Middle",2,0,0,0,0,0,0,0,0,0,4,"1",FALSE,0
"7005",4,"M",1,"Asian","Middle",2,0,0,0,0,0,NA,0,0,0,4,"1",NA,0
"7006",3,"M",1,"Black","Middle",2,0,0,0,0,0,0,0,0,0,4,"1",FALSE,0
"7007",2,"F",1,"Black","Middle",2,0,0,0,0,0,0,0,0,0,4,"1",FALSE,0
"7008",4,"F",1,"Hispanic","Middle",1,0,0,0,0,0,0,0,0,NA,2,NA,NA,1
"7009",5,"F",3,"Black","Middle",2,0,0,0,0,0,0,0,0,0,3,NA,FALSE,0
"7010",5,"F",3,"Black","Middle",2,0,0,0,0,0,0,0,0,0,4,"1",FALSE,0
"7011",5,"F",3,"Asian","Middle",2,0,0,0,0,0,NA,0,0,0,4,"1",NA,0
"7012",5,"F",3,"Asian","Middle",2,0,0,0,0,0,0,0,0,0,4,NA,FALSE,0
"7013",5,"M",3,"Hispanic","Middle",2,0,0,0,0,0,0,0,0,0,3,"1",FALSE,0
"7014",4,"M",1,"Black","Middle",2,0,0,0,0,0,0,0,0,0,4,"1",FALSE,0
"7015",3,"M",1,"White","Middle",2,0,0,0,NA,NA,NA,NA,NA,0,4,"1",NA,0
"7016",4,"M",1,"Hispanic","Middle",2,0,0,0,0,0,0,0,0,0,3,"1",FALSE,0
"7017",4,"M",1,"Black","Middle",2,0,0,0,0,0,0,0,0,0,4,"1",FALSE,0
"7018",4,"F",1,"Hispanic","Middle",2,NA,0,0,0,0,0,1,0,NA,3,"1",TRUE,0
"7019",4,"M",1,"White","Middle",2,0,0,0,0,0,0,0,0,0,4,NA,FALSE,0
"7020",4,"F",1,"Black","Middle",2,0,0,0,0,0,0,0,0,0,4,NA,FALSE,0
"7021",4,"M",1,"Black","Middle",2,0,0,0,0,0,0,0,0,0,4,"1",FALSE,0
"7022",4,"F",1,"White","Middle",2,0,0,0,0,0,0,0,0,0,4,"1",FALSE,0
"7023",3,"M",1,"Black","Middle",2,0,0,0,0,0,0,0,0,0,4,"1",FALSE,0
"7024",4,"M",1,"White","Middle",2,0,0,0,0,0,0,0,0,0,4,"1",FALSE,0
"7025",5,"M",2,"Black","Middle",2,0,0,0,0,0,0,0,0,0,4,"1",FALSE,0
"7026",6,"F",2,"Hispanic","Middle",1,0,0,0,0,0,0,0,0,0,4,"1",FALSE,0
"7027",6,"F",2,"White","Middle",1,0,0,0,0,0,0,0,0,0,4,NA,FALSE,0
"7028",5,"M",2,"White","Middle",2,0,0,0,0,0,0,0,0,0,4,"1",FALSE,0
"7029",5,"M",2,NA,"Middle",2,0,0,0,NA,NA,0,NA,NA,0,3,"1",NA,0
"7030",3,"M",2,"White","Middle",2,0,0,0,0,0,0,0,0,0,4,"1",FALSE,0
"7031",4,"F",2,"White","Middle",2,0,0,0,0,0,0,0,0,0,4,NA,FALSE,0
"7032",5,"F",2,"White","Middle",2,0,0,0,0,0,0,0,0,0,4,"1",FALSE,0
"7033",2,"F",1,"Black","Middle",2,0,0,0,0,0,0,0,0,0,4,NA,FALSE,0
"7034",4,"M",1,"Black","Middle",2,0,0,0,0,0,0,0,0,0,4,"1",FALSE,0
"7035",4,"M",1,"Hispanic","Middle",2,0,0,0,0,0,0,0,0,0,4,"1",FALSE,0
"7036",4,"M",2,"White","Middle",2,0,0,NA,0,0,0,0,0,0,4,"1",NA,0
"7037",7,"M",3,"Black","Middle",2,0,0,NA,0,0,0,0,0,0,4,"1",NA,0
"7038",4,"F",1,"AI/AN","Middle",2,0,0,0,0,0,0,0,0,0,4,NA,FALSE,0
"7039",5,"F",3,"Black","Middle",2,0,0,0,0,0,0,0,0,0,4,NA,FALSE,0
"7040",6,"M",3,"White","Middle",2,0,0,0,0,0,0,0,0,0,4,NA,FALSE,0
"7041",6,"F",3,"White","Middle",2,0,0,0,0,0,0,0,0,0,4,NA,FALSE,0
"7042",7,"M",3,"Hispanic","Middle",2,0,0,0,0,0,0,0,0,0,4,"1",FALSE,0
"7043",5,"M",2,"Asian","Middle",2,0,0,NA,0,0,0,0,0,0,4,"1",NA,0
"7044",4,"F",2,NA,"Middle",2,0,0,0,NA,NA,0,NA,NA,0,3,"1",NA,0
"7045",5,"F",2,"Black","Middle",2,0,0,0,0,0,0,0,0,0,4,"1",FALSE,0
"7046",5,"M",2,"White","Middle",2,0,0,0,0,0,0,0,0,0,3,"1",FALSE,0
"7047",4,"F",2,"White","Middle",2,0,0,0,0,0,0,0,0,0,2,"1",FALSE,1
"7048",5,"F",2,"White","Middle",2,0,0,0,0,0,0,0,0,0,2,NA,FALSE,1
"7049",5,"F",2,"White","Middle",2,0,0,0,0,0,0,0,0,0,2,NA,FALSE,1
"7050",5,"M",2,"Black","Middle",2,0,0,0,0,0,0,0,0,0,4,"1",FALSE,0
"7051",4,"F",2,"Black","Middle",2,0,0,0,0,0,0,0,0,0,4,"1",FALSE,0
"7052",5,"M",2,NA,"Middle",2,0,0,0,0,0,0,0,0,0,4,"1",FALSE,0
"7053",4,"F",2,"White","Middle",2,0,0,0,0,0,0,0,0,0,3,NA,FALSE,0
"7054",5,"M",2,"Black","Middle",2,0,0,0,0,0,0,0,0,0,4,"1",FALSE,0
"7055",5,"M",2,"White","Middle",2,0,0,0,0,0,0,0,0,0,2,NA,FALSE,1
"7056",5,"F",2,"White","Middle",2,0,0,0,0,0,0,0,0,0,4,NA,FALSE,0
"7057",4,"F",2,"White","Middle",2,0,0,0,0,0,0,0,0,0,4,"1",FALSE,0
"7058",4,"F",2,"White","Middle",2,0,0,0,0,0,0,0,0,0,4,NA,FALSE,0
"7059",5,"F",2,"White","Middle",2,0,0,0,0,0,0,0,0,0,4,NA,FALSE,0
"7060",6,"M",3,"White","Middle",2,0,0,0,0,0,0,0,0,0,3,NA,FALSE,0
"7061",6,"M",3,NA,"Middle",2,0,0,0,NA,NA,0,NA,NA,0,4,"1",NA,0
"7062",6,"M",3,"Hispanic","Middle",2,0,0,1,0,0,0,0,0,0,4,NA,TRUE,0
"7063",6,"M",3,"Hispanic","Middle",2,0,0,0,0,0,0,0,0,0,4,"1",FALSE,0
"7064",6,"M",3,"White","Middle",2,0,0,0,0,0,0,0,0,0,4,"1",FALSE,0
"7065",6,"M",3,NA,"Middle",2,0,0,0,0,0,0,0,0,0,4,NA,FALSE,0
"7066",5,"M",3,"White","Middle",2,0,0,0,0,0,0,0,0,0,2,"1",FALSE,1
"7067",5,"M",3,"White","Middle",2,0,0,0,0,0,0,0,0,0,1,"1",FALSE,1
"7068",6,"F",3,"White","Middle",2,0,0,0,0,0,0,0,0,0,4,"1",FALSE,0
"7069",5,"F",3,"White","Middle",2,0,0,0,0,0,0,0,0,0,4,"1",FALSE,0
"7070",11,"F",7,"White","High",1,0,1,0,0,0,0,0,0,1,1,NA,TRUE,1
"7071",10,"M",7,"White","High",2,0,0,0,0,0,0,0,0,0,4,"1",FALSE,0
"7072",7,"M",5,"Black","High",1,0,1,0,0,0,0,0,0,0,4,"1",TRUE,0
"7073",8,"M",5,"Black","High",2,0,0,0,0,0,0,0,0,0,4,NA,FALSE,0
"7074",8,"F",5,"White","High",2,0,0,0,0,0,1,0,0,0,4,NA,TRUE,0
"7075",8,"F",5,"Hispanic","High",2,0,0,0,0,0,0,0,0,0,4,"1",FALSE,0
"7076",8,"M",5,"White","High",2,0,0,0,0,0,0,0,0,0,2,NA,FALSE,1
"7077",8,"M",5,"White","High",1,1,1,0,0,0,0,0,0,1,4,NA,TRUE,0
"7078",8,"F",5,"White","High",2,0,0,0,0,0,0,0,0,0,2,"1",FALSE,1
"7079",7,"F",5,"Black","High",2,0,0,0,0,0,0,0,0,0,4,"1",FALSE,0
"7080",8,"F",5,"White","High",2,0,0,0,0,0,0,0,0,0,4,"1",FALSE,0
"7081",8,"F",5,"White","High",1,0,0,0,0,0,0,0,0,1,4,NA,TRUE,0
"7082",8,"F",5,"White","High",1,0,0,0,0,0,0,0,0,0,1,NA,FALSE,1
"7083",8,"M",5,"White","High",2,0,0,0,0,0,0,0,0,0,4,"1",FALSE,0
"7084",7,"F",5,"Hispanic","High",2,0,0,0,0,0,0,0,0,0,2,NA,FALSE,1
"7085",7,"F",5,"White","High",2,0,0,0,0,0,0,0,0,0,4,"1",FALSE,0
"7086",8,"F",5,"White","High",2,0,0,0,0,0,0,0,0,0,4,"1",FALSE,0
"7087",8,"F",5,"NHOPI","High",2,0,0,0,0,0,0,0,0,0,4,NA,FALSE,0
"7088",9,"M",5,"White","High",1,1,0,0,0,0,1,0,0,1,1,NA,TRUE,1
"7089",8,"M",5,"Hispanic","High",2,0,0,0,0,0,0,0,0,1,2,NA,TRUE,1
"7090",7,"M",5,"White","High",2,0,0,0,0,0,0,0,0,0,4,NA,FALSE,0
"7091",8,"F",5,"White","High",2,0,0,0,0,0,0,0,0,0,4,"1",FALSE,0
"7092",8,"F",5,NA,"High",2,0,0,0,0,0,0,0,0,0,4,"1",FALSE,0
"7093",8,"M",6,"White","High",2,0,0,0,0,0,0,0,0,1,4,NA,TRUE,0
"7094",8,"M",6,"White","High",2,0,0,0,0,0,0,0,0,0,4,"1",FALSE,0
"7095",9,"F",6,"White","High",1,1,NA,0,0,0,1,0,0,0,1,"1",TRUE,1
"7096",9,"F",6,"White","High",2,0,0,0,0,0,0,0,0,0,4,NA,FALSE,0
"7097",9,"F",6,"Hispanic","High",2,0,0,0,0,0,0,0,0,0,2,NA,FALSE,1
"7098",8,"M",6,"White","High",1,1,1,1,1,0,1,1,1,1,1,NA,TRUE,1
"7099",9,"F",6,"Hispanic","High",2,0,0,0,0,0,0,0,0,0,2,"1",FALSE,1
"7100",8,"F",6,"White","High",2,0,0,0,0,0,0,0,0,1,2,NA,TRUE,1
"7101",10,"F",6,"Black","High",1,0,1,0,0,0,1,0,0,0,4,NA,TRUE,0
"7102",9,"F",6,"Hispanic","High",2,0,0,0,0,0,0,0,0,0,3,"1",FALSE,0
"7103",8,"M",6,"White","High",2,0,0,0,0,0,0,0,0,0,4,NA,FALSE,0
"7104",9,"M",6,"Asian","High",1,1,1,1,0,0,1,0,1,1,1,NA,TRUE,1
"7105",9,"M",6,"White","High",2,0,0,0,0,0,1,0,0,0,4,NA,TRUE,0
"7106",8,"M",6,"White","High",2,0,0,0,0,0,0,0,0,0,4,"1",FALSE,0
"7107",8,"M",6,"Asian","High",2,0,0,0,0,0,0,0,0,0,2,"1",FALSE,1
"7108",9,"M",6,"Hispanic","High",2,0,0,0,0,0,0,0,0,0,4,"1",FALSE,0
"7109",8,"M",6,"Asian","High",2,0,0,0,0,0,0,0,0,0,4,"1",FALSE,0
"7110",9,"M",7,"White","High",2,0,0,0,0,0,0,0,0,1,4,NA,TRUE,0
"7111",8,"F",6,"White","High",2,0,0,0,0,0,0,0,0,0,2,NA,FALSE,1
"7112",9,"M",6,"Hispanic","High",2,0,0,0,0,0,0,0,0,0,4,"1",FALSE,0
"7113",8,"M",6,"White","High",2,0,0,0,0,0,0,0,0,0,4,NA,FALSE,0
"7114",9,"M",6,"White","High",2,0,0,0,0,0,0,0,0,0,4,"1",FALSE,0
"7115",6,"M",4,"Hispanic","High",2,0,0,0,0,0,0,0,0,0,2,"1",FALSE,1
"7116",6,"F",4,"Hispanic","High",2,0,0,0,0,0,0,0,0,0,4,NA,FALSE,0
"7117",7,"F",4,"White","High",2,0,0,0,0,0,0,0,0,0,4,NA,FALSE,0
"7118",6,"M",4,"Hispanic","High",2,0,0,0,0,0,0,0,0,0,4,NA,FALSE,0
"7119",7,"M",4,"White","High",2,0,0,0,0,0,0,0,0,0,3,"1",FALSE,0
"7120",7,"M",4,"Black","High",2,0,0,0,0,0,0,0,0,0,1,"1",FALSE,1
"7121",7,"F",4,"White","High",2,0,0,0,0,0,0,0,0,0,4,"1",FALSE,0
"7122",7,"M",4,"White","High",2,0,0,0,0,0,0,0,0,1,2,NA,TRUE,1
"7123",7,"F",4,"White","High",2,0,0,0,0,0,0,0,0,0,4,NA,FALSE,0
"7124",7,"F",4,"Hispanic","High",2,0,0,0,0,0,0,0,0,0,3,"1",FALSE,0
"7125",6,"F",4,"White","High",2,0,0,0,0,0,0,0,0,0,2,"1",FALSE,1
"7126",7,"M",4,"White","High",2,0,0,0,0,0,0,0,0,0,4,NA,FALSE,0
"7127",6,"F",NA,"Hispanic",NA,2,0,0,0,0,0,0,0,0,0,4,"1",FALSE,0
"7128",7,"M",4,"White","High",2,0,0,0,0,0,0,0,0,0,4,NA,FALSE,0
"7129",6,"F",4,"White","High",2,0,0,0,0,0,0,0,0,0,4,"1",FALSE,0
"7130",6,"F",4,"Hispanic","High",2,0,0,0,0,0,0,0,0,0,4,"1",FALSE,0
"7131",7,"M",5,"White","High",1,0,1,1,0,0,0,0,0,1,1,NA,TRUE,1
"7132",7,"M",5,"Hispanic","High",2,0,0,0,0,0,0,0,0,0,4,NA,FALSE,0
"7133",8,"M",5,NA,"High",2,0,0,0,0,0,0,0,0,0,4,"1",FALSE,0
"7134",8,"M",5,"AI/AN","High",2,0,0,NA,0,0,0,0,0,0,2,"1",NA,1
"7135",8,"F",5,"Asian","High",2,0,NA,NA,0,0,NA,0,0,NA,4,"1",NA,0
"7136",8,"F",5,"White","High",2,0,0,1,0,0,1,0,0,1,1,NA,TRUE,1
"7137",9,"F",7,"White","High",2,0,0,0,0,0,0,0,0,0,4,"1",FALSE,0
"7138",9,"F",7,"Hispanic","High",1,1,0,0,1,0,1,0,0,1,1,NA,TRUE,1
"7139",9,"F",6,"Hispanic","High",2,0,0,0,0,0,0,0,0,0,4,NA,FALSE,0
"7140",9,"F",7,"Black","High",1,0,1,0,0,0,1,0,0,1,4,NA,TRUE,0
"7141",9,"F",6,"White","High",1,0,1,0,0,0,0,0,0,1,1,NA,TRUE,1
"7142",9,"F",6,"White","High",2,0,0,0,0,0,0,0,0,0,4,NA,FALSE,0
"7143",9,"M",7,"Hispanic","High",2,0,0,0,0,0,0,0,0,0,4,"1",FALSE,0
"7144",9,"M",6,"Asian","High",2,0,0,0,0,0,0,0,0,0,4,"1",FALSE,0
"7145",9,"F",6,"Hispanic","High",2,0,0,0,0,0,0,0,0,0,4,"1",FALSE,0
"7146",9,"M",6,"Asian","High",2,0,0,0,0,0,0,0,0,0,4,"1",FALSE,0
"7147",9,"F",7,"White","High",2,0,0,NA,NA,NA,1,NA,NA,0,4,"1",TRUE,0
"7148",8,"F",6,"White","High",2,0,0,0,0,0,0,0,0,1,2,NA,TRUE,1
"7149",9,"F",6,"Hispanic","High",2,0,0,0,0,0,0,0,0,0,2,NA,FALSE,1
"7150",1,"F",8,"Hispanic",NA,1,1,1,1,NA,NA,1,NA,NA,1,1,NA,TRUE,1
"7151",10,"M",7,"Hispanic","High",1,0,0,0,0,0,0,0,0,0,4,NA,FALSE,0
"7152",7,"F",4,"White","High",1,0,1,0,0,0,0,0,0,0,3,NA,TRUE,0
"7153",6,"F",4,"White","High",2,0,0,0,0,0,0,0,0,0,4,"1",FALSE,0
"7154",7,"M",4,"White","High",2,0,0,0,0,0,0,0,0,0,3,"1",FALSE,0
"7155",6,"M",4,"Hispanic","High",2,0,0,0,0,0,0,0,0,0,2,"1",FALSE,1
"7156",6,"M",4,"White","High",2,0,0,0,0,0,0,0,0,0,4,"1",FALSE,0
"7157",7,"F",4,"White","High",2,0,0,0,0,0,0,0,0,0,3,NA,FALSE,0
"7158",7,"F",4,"White","High",2,0,0,0,0,0,0,0,0,0,3,"1",FALSE,0
"7159",7,"F",4,"White","High",2,0,0,0,0,0,0,0,0,0,4,"1",FALSE,0
"7160",7,"F",4,"White","High",2,0,0,0,0,0,1,0,0,0,4,NA,TRUE,0
"7161",7,"F",4,"White","High",2,0,0,0,0,0,0,0,0,0,2,NA,FALSE,1
"7162",7,"F",4,"White","High",2,0,0,0,0,0,0,0,0,0,4,NA,FALSE,0
"7163",7,"M",4,"Hispanic","High",2,0,0,0,0,0,0,0,0,0,4,"1",FALSE,0
"7164",7,"M",5,NA,"High",2,0,0,0,0,0,0,0,0,0,NA,NA,FALSE,NA
"7165",9,"F",7,"White","High",2,0,0,0,NA,NA,1,NA,NA,0,4,NA,TRUE,0
"7166",7,"F",4,"Hispanic","High",2,0,0,0,0,0,0,0,0,0,4,NA,FALSE,0
"7167",6,"F",4,"White","High",2,0,0,0,0,0,0,0,0,0,4,NA,FALSE,0
"7168",7,"M",4,"White","High",2,0,0,0,0,0,0,0,0,0,4,NA,FALSE,0
"7169",8,"M",6,"Hispanic","High",2,0,0,0,0,0,0,0,0,1,4,"1",TRUE,0
"7170",9,"M",6,"Black","High",2,0,0,0,0,0,0,0,0,0,4,"1",FALSE,0
"7171",10,"M",7,"Black","High",2,0,0,0,0,0,0,0,0,0,4,"1",FALSE,0
"7172",11,"F",7,"Black","High",2,0,0,0,0,0,0,0,0,0,4,"1",FALSE,0
"7173",9,"M",6,"White","High",1,NA,NA,0,0,0,1,0,0,1,1,NA,TRUE,1
"7174",10,"M",7,"White","High",2,0,0,0,0,0,0,0,0,0,3,NA,FALSE,0
"7175",9,"F",7,"AI/AN","High",1,0,1,0,0,0,0,0,0,0,2,NA,TRUE,1
"7176",9,"M",6,"White","High",2,0,0,0,0,0,0,0,0,1,4,NA,TRUE,0
"7177",10,"M",7,"Hispanic","High",1,0,1,1,0,0,1,0,0,1,1,"1",TRUE,1
"7178",10,"F",6,"Black","High",2,0,0,0,0,0,1,0,0,0,4,NA,TRUE,0
"7179",9,"M",7,"White","High",2,0,0,0,0,0,0,0,0,0,4,NA,FALSE,0
"7180",9,"F",NA,"Black",NA,1,0,0,0,0,0,0,0,0,0,3,NA,FALSE,0
"7181",9,"M",6,"Hispanic","High",2,0,0,0,0,0,0,0,0,0,4,"1",FALSE,0
"7182",10,"M",7,"White","High",1,1,NA,0,0,0,0,0,0,1,3,"1",TRUE,0
"7183",10,"M",6,"Asian","High",2,0,0,0,0,0,0,0,0,0,4,"1",FALSE,0
"7184",8,"F",6,"White","High",2,0,0,0,0,0,0,0,0,0,4,"1",FALSE,0
"7185",9,"F",6,"White","High",2,0,0,0,0,0,0,0,0,0,4,NA,FALSE,0
"7186",9,"M",7,"Black","High",NA,0,NA,NA,NA,NA,0,NA,NA,NA,4,"1",NA,0
"7187",10,"M",7,"Black","High",1,NA,1,0,0,0,0,0,0,0,2,"1",TRUE,1
"7188",10,"F",7,"White","High",2,0,0,0,0,0,0,0,0,1,1,NA,TRUE,1
"7189",10,"F",7,"White","High",1,0,1,0,1,1,1,0,0,1,4,"1",TRUE,0
"7190",8,"M",6,"Black","High",2,0,0,0,0,0,0,0,0,0,4,"1",FALSE,0
"7191",10,"F",7,"White","High",1,0,0,0,0,0,0,0,0,1,4,"1",TRUE,0
"7192",9,"M",7,"White","High",1,0,0,0,0,0,0,0,0,1,1,NA,TRUE,1
"7193",10,"F",7,NA,"High",2,0,0,0,0,0,1,0,0,0,4,NA,TRUE,0
"7194",9,"F",6,"Hispanic","High",1,1,0,0,0,0,0,0,0,1,2,"1",TRUE,1
"7195",9,"M",7,"Hispanic","High",2,0,0,0,0,0,0,0,0,1,3,NA,TRUE,0
"7196",8,"M",5,"White","High",2,0,0,0,0,0,0,0,0,0,4,NA,FALSE,0
"7197",8,"F",5,"White","High",2,0,0,0,0,0,0,0,0,1,4,"1",TRUE,0
"7198",7,"F",5,"Hispanic","High",1,1,1,0,0,0,0,0,0,1,2,NA,TRUE,1
"7199",9,"M",7,"Black","High",2,0,0,0,0,0,0,0,0,0,4,"1",FALSE,0
"7200",6,"M",3,"Hispanic","Middle",2,0,0,0,0,0,0,0,0,0,2,"1",FALSE,1
"7201",6,"F",3,"Asian","Middle",2,0,0,0,0,0,0,0,0,0,3,NA,FALSE,0
"7202",5,"M",3,"Asian","Middle",2,0,0,0,0,0,0,0,0,0,3,"1",FALSE,0
"7203",5,"M",3,"White","Middle",2,0,0,0,0,0,0,0,0,0,3,"1",FALSE,0
"7204",5,"M",3,"White","Middle",2,0,0,0,0,0,0,0,0,0,3,"1",FALSE,0
"7205",5,"M",3,"Asian","Middle",2,0,0,0,0,0,0,0,0,0,4,NA,FALSE,0
"7206",6,"M",3,"Asian","Middle",2,0,0,0,0,0,0,0,0,0,2,"1",FALSE,1
"7207",5,"M",3,"Asian","Middle",2,0,0,0,0,0,0,0,0,0,4,"1",FALSE,0
"7208",5,"M",3,"White","Middle",2,0,0,0,0,0,0,0,0,0,3,"1",FALSE,0
"7209",6,"M",3,"Asian","Middle",2,0,0,0,0,0,0,0,0,0,4,"1",FALSE,0
"7210",5,"M",3,"Asian","Middle",2,0,0,0,0,0,0,0,0,0,4,"1",FALSE,0
"7211",5,"M",3,"White","Middle",2,0,0,0,0,0,0,0,0,0,4,NA,FALSE,0
"7212",NA,NA,NA,NA,NA,2,0,0,0,0,0,0,0,0,0,4,"1",FALSE,0
"7213",5,"M",3,"White","Middle",2,0,0,NA,0,0,0,0,0,0,4,NA,NA,0
"7214",5,"F",3,"Asian","Middle",2,0,0,0,0,0,0,0,0,0,3,NA,FALSE,0
"7215",5,"F",3,"Asian","Middle",2,0,0,0,0,0,0,0,0,0,2,"1",FALSE,1
"7216",NA,NA,NA,"White",NA,2,0,0,0,0,0,0,0,0,0,4,"1",FALSE,0
"7217",6,"F",3,"White","Middle",2,0,0,0,0,0,0,0,0,0,4,NA,FALSE,0
"7218",5,"F",3,"Hispanic","Middle",2,0,0,0,0,0,0,0,0,0,4,"1",FALSE,0
"7219",5,"F",3,"Asian","Middle",2,0,0,0,0,0,0,0,0,0,4,"1",FALSE,0
"7220",5,"F",3,"Hispanic","Middle",2,0,0,0,0,0,0,0,0,0,4,NA,FALSE,0
"7221",6,"F",3,"Asian","Middle",2,0,0,0,0,0,0,0,0,0,1,"1",FALSE,1
"7222",6,"F",3,"Asian","Middle",2,0,0,0,0,0,0,0,0,0,4,"1",FALSE,0
"7223",6,"F",3,"Asian","Middle",2,0,0,0,0,0,0,0,0,0,2,"1",FALSE,1
"7224",5,"F",3,"Asian","Middle",2,0,0,0,0,0,0,0,0,0,2,"1",FALSE,1
"7225",6,"M",3,"White","Middle",2,0,0,0,0,0,0,0,0,0,2,NA,FALSE,1
"7226",6,"F",3,"Asian","Middle",2,0,0,0,0,0,0,0,0,0,3,"1",FALSE,0
"7227",5,"F",3,"White","Middle",2,0,0,0,0,0,0,0,0,0,4,"1",FALSE,0
"7228",6,"F",3,"Asian","Middle",2,0,0,0,0,0,0,0,0,0,4,"1",FALSE,0
"7229",6,"F",3,"Asian","Middle",2,0,0,0,0,0,0,0,0,0,4,"1",FALSE,0
"7230",6,"F",3,"White","Middle",2,0,0,0,0,0,0,0,0,0,4,"1",FALSE,0
"7231",5,"M",3,"White","Middle",2,0,0,0,0,0,0,0,0,0,3,"1",FALSE,0
"7232",6,"F",3,"White","Middle",2,0,0,0,0,0,0,0,0,0,1,"1",FALSE,1
"7233",5,"F",3,"Hispanic","Middle",2,0,0,0,0,0,0,0,0,0,4,"1",FALSE,0
"7234",5,"F",3,"White","Middle",2,0,0,0,0,0,0,0,0,0,4,NA,FALSE,0
"7235",6,"F",3,"White","Middle",2,0,0,0,0,0,0,0,0,0,4,NA,FALSE,0
"7236",5,"F",3,"White","Middle",2,0,0,0,0,0,0,0,0,0,4,"1",FALSE,0
"7237",6,"M",3,"Asian","Middle",2,0,0,0,0,0,0,0,0,0,4,NA,FALSE,0
"7238",6,"M",3,"White","Middle",1,0,0,0,0,0,0,0,0,0,1,NA,FALSE,1
"7239",5,"M",3,"White","Middle",2,0,0,0,0,0,0,0,0,0,4,"1",FALSE,0
"7240",6,"M",3,"White","Middle",2,0,0,0,0,0,0,0,0,0,3,NA,FALSE,0
"7241",6,"M",3,"Asian","Middle",2,0,0,0,0,0,0,0,0,0,4,"1",FALSE,0
"7242",5,"M",3,"Asian","Middle",2,0,0,0,0,0,0,0,0,0,4,"1",FALSE,0
"7243",5,"M",3,"Asian","Middle",2,0,0,0,0,0,0,0,0,0,1,"1",FALSE,1
"7244",5,"F",3,"Asian","Middle",2,0,0,0,0,0,0,0,0,1,4,NA,TRUE,0
"7245",6,"M",3,"White","Middle",2,0,0,0,0,0,0,0,0,0,4,NA,FALSE,0
"7246",6,"F",3,NA,"Middle",2,0,0,0,0,0,0,0,0,1,1,NA,TRUE,1
"7247",5,"F",3,"Asian","Middle",2,0,0,0,0,0,0,0,0,0,2,"1",FALSE,1
"7248",5,"F",3,"Asian","Middle",2,0,0,0,0,0,0,0,0,0,3,"1",FALSE,0
"7249",6,"F",3,"Asian","Middle",2,0,0,0,NA,NA,0,NA,NA,0,2,"1",NA,1
"7250",9,"M",7,"Hispanic","High",2,0,0,0,0,0,0,0,0,0,3,NA,FALSE,0
"7251",10,"F",7,"Hispanic","High",2,0,0,0,0,0,0,0,0,0,4,"1",FALSE,0
"7252",10,"M",7,"Hispanic","High",NA,NA,NA,0,0,0,NA,0,0,NA,1,"1",NA,1
"7253",9,"M",6,"Hispanic","High",2,0,0,0,0,0,0,0,0,0,4,"1",FALSE,0
"7254",8,"M",6,"Hispanic","High",2,0,0,0,0,0,0,0,0,0,3,"1",FALSE,0
"7255",8,"F",6,"Hispanic","High",1,0,0,0,0,0,0,0,0,0,4,"1",FALSE,0
"7256",9,"M",6,"Hispanic","High",2,0,0,0,0,0,0,0,0,0,4,"1",FALSE,0
"7257",8,"F",6,"Hispanic","High",2,0,0,0,0,0,0,0,0,0,2,NA,FALSE,1
"7258",9,"F",6,"Hispanic","High",2,0,0,0,0,0,1,0,0,0,1,NA,TRUE,1
"7259",10,"M",7,"Hispanic","High",2,0,0,0,0,0,0,0,0,0,2,"1",FALSE,1
"7260",9,"M",7,NA,"High",2,0,0,0,0,0,0,0,0,0,4,NA,FALSE,0
"7261",9,"M",7,"Hispanic","High",2,0,0,0,0,0,0,0,0,1,4,NA,TRUE,0
"7262",10,"F",7,"Hispanic","High",2,0,0,0,0,0,0,0,0,0,4,"1",FALSE,0
"7263",9,"M",7,"Hispanic","High",1,0,1,0,NA,NA,0,NA,NA,0,3,NA,TRUE,0
"7264",9,"M",7,"Hispanic","High",1,1,1,0,0,0,0,0,0,0,2,NA,TRUE,1
"7265",10,"F",7,"Hispanic","High",2,0,0,0,0,0,0,0,0,0,2,"1",FALSE,1
"7266",10,"M",7,"Hispanic","High",2,0,0,0,0,0,0,0,0,0,4,"1",FALSE,0
"7267",10,"M",7,"Hispanic","High",1,0,0,0,0,0,0,0,0,0,1,"1",FALSE,1
"7268",9,"M",7,"Hispanic","High",2,0,0,0,NA,NA,0,NA,NA,0,4,"1",NA,0
"7269",10,"M",7,"Black","High",2,NA,0,0,0,0,0,0,0,0,2,"1",NA,1
"7270",8,"F",6,"Hispanic","High",2,0,0,0,0,0,0,0,0,0,4,"1",FALSE,0
"7271",8,"M",6,"Hispanic","High",2,0,0,0,0,0,0,0,0,0,4,NA,FALSE,0
"7272",9,"F",6,"Hispanic","High",2,0,0,0,0,0,0,0,0,0,2,NA,FALSE,1
"7273",9,"F",6,"Hispanic","High",2,0,0,0,0,0,0,0,0,0,4,"1",FALSE,0
"7274",8,"M",6,"Hispanic","High",2,0,0,0,0,0,0,0,0,0,4,"1",FALSE,0
"7275",9,"M",6,"Hispanic","High",2,0,0,0,0,0,0,0,0,0,2,NA,FALSE,1
"7276",9,"M",6,"Hispanic","High",1,1,NA,0,0,0,1,1,0,1,1,"1",TRUE,1
"7277",9,"M",6,"Hispanic","High",2,0,0,0,0,0,0,0,0,0,2,"1",FALSE,1
"7278",8,"F",6,"Hispanic","High",2,0,0,0,0,0,0,0,0,0,2,"1",FALSE,1
"7279",9,"M",6,"Hispanic","High",2,0,0,0,0,0,0,0,0,0,4,"1",FALSE,0
"7280",9,"F",6,"Hispanic","High",2,0,0,0,0,0,0,0,0,0,2,"1",FALSE,1
"7281",8,"M",6,"Hispanic","High",2,0,0,0,0,0,0,0,0,0,2,"1",FALSE,1
"7282",8,"M",6,"Hispanic","High",2,0,0,0,0,0,0,0,0,1,2,"1",TRUE,1
"7283",8,"M",6,"Hispanic","High",2,NA,0,0,0,0,0,0,0,0,2,NA,NA,1
"7284",9,"M",6,"Hispanic","High",1,0,NA,0,0,0,0,0,0,0,1,NA,NA,1
"7285",9,"M",6,"Hispanic","High",2,0,0,0,0,0,0,0,0,0,4,"1",FALSE,0
"7286",8,"M",6,"Hispanic","High",2,0,0,0,0,0,0,0,0,0,3,"1",FALSE,0
"7287",8,"M",6,"Hispanic","High",2,0,0,0,0,0,0,0,0,0,4,"1",FALSE,0
"7288",8,"M",5,"Hispanic","High",1,0,0,0,0,0,0,0,0,0,4,NA,FALSE,0
"7289",7,"M",5,"Hispanic","High",2,0,0,0,0,0,0,0,0,0,2,"1",FALSE,1
"7290",7,"F",5,"Hispanic","High",2,0,0,0,0,0,0,0,0,0,1,"1",FALSE,1
"7291",NA,NA,NA,NA,NA,1,NA,0,0,0,0,0,0,0,0,NA,NA,NA,NA
"7292",8,"F",5,"Hispanic","High",1,0,0,NA,0,0,0,0,0,0,3,"1",NA,0
"7293",8,"F",5,"Hispanic","High",2,0,0,0,0,0,0,0,0,0,4,"1",FALSE,0
"7294",7,"F",5,"Hispanic","High",2,0,0,0,0,0,0,0,0,0,4,NA,FALSE,0
"7295",8,"M",5,"Hispanic","High",2,0,NA,NA,0,0,NA,0,0,NA,4,"1",NA,0
"7296",8,"M",5,"Hispanic","High",2,0,0,0,0,0,0,0,0,0,2,"1",FALSE,1
"7297",8,"M",5,"Hispanic","High",2,0,0,0,0,0,0,0,0,0,4,NA,FALSE,0
"7298",8,"M",5,"Hispanic","High",2,0,0,0,0,0,0,0,0,1,3,"1",TRUE,0
"7299",7,"M",5,"Hispanic","High",2,0,0,0,0,0,0,0,0,0,3,"1",FALSE,0
"7300",7,"F",5,"Hispanic","High",1,0,0,0,0,0,0,0,0,1,1,"1",TRUE,1
"7301",7,"M",4,"Hispanic","High",2,0,0,0,0,0,0,0,0,0,4,"1",FALSE,0
"7302",7,"F",5,"Hispanic","High",2,0,0,0,0,0,0,0,0,0,4,NA,FALSE,0
"7303",7,"F",5,"Hispanic","High",2,0,0,0,NA,NA,0,NA,NA,0,4,"1",NA,0
"7304",8,"M",5,"Hispanic","High",2,0,0,0,0,0,0,0,0,0,3,"1",FALSE,0
"7305",8,"F",5,"Hispanic","High",2,0,0,0,0,0,0,0,0,0,1,NA,FALSE,1
"7306",7,"F",5,"Hispanic","High",2,0,0,0,0,0,0,0,0,0,3,NA,FALSE,0
"7307",8,"F",5,"Hispanic","High",2,0,0,0,0,0,0,0,0,0,3,"1",FALSE,0
"7308",7,"M",5,"Hispanic","High",2,0,0,0,0,0,0,0,0,0,4,"1",FALSE,0
"7309",8,"F",5,"Hispanic","High",2,0,0,0,0,0,0,0,0,0,2,NA,FALSE,1
"7310",8,"M",5,"Hispanic","High",2,0,0,0,0,0,0,0,0,0,4,"1",FALSE,0
"7311",8,"F",5,"Hispanic","High",2,0,0,0,0,0,0,0,0,0,2,"1",FALSE,1
"7312",5,"M",2,"Black","Middle",NA,0,NA,NA,NA,NA,NA,NA,NA,NA,4,NA,NA,0
"7313",4,"M",1,"Black","Middle",2,0,0,0,0,0,0,0,0,0,1,"1",FALSE,1
"7314",4,"F",1,"Black","Middle",2,0,0,0,0,0,0,0,0,0,4,NA,FALSE,0
"7315",3,"F",1,"White","Middle",2,0,0,0,0,0,0,0,0,0,4,"1",FALSE,0
"7316",4,"F",1,"Black","Middle",2,0,0,0,0,0,0,0,0,0,2,"1",FALSE,1
"7317",4,"F",1,"Black","Middle",2,0,0,0,0,0,0,0,0,0,3,"1",FALSE,0
"7318",4,"F",1,NA,"Middle",2,0,0,0,0,0,NA,0,0,0,3,NA,NA,0
"7319",3,"F",1,"Black","Middle",2,0,0,0,0,0,0,0,0,0,4,"1",FALSE,0
"7320",4,"F",1,"Black","Middle",2,0,0,0,0,0,0,0,0,0,4,"1",FALSE,0
"7321",3,"F",1,"AI/AN","Middle",2,0,0,0,0,0,0,0,0,0,4,"1",FALSE,0
"7322",4,"M",1,"Black","Middle",2,0,0,0,0,0,0,0,0,0,4,"1",FALSE,0
"7323",3,"M",1,"White","Middle",2,0,0,0,0,0,0,0,0,0,2,"1",FALSE,1
"7324",4,"M",1,"Black","Middle",2,0,0,0,0,0,0,0,0,0,4,NA,FALSE,0
"7325",4,"M",1,"White","Middle",2,0,0,0,0,0,0,0,0,0,1,"1",FALSE,1
"7326",4,"F",1,"Black","Middle",2,0,NA,0,0,0,0,0,0,0,3,NA,NA,0
"7327",4,"F",1,"Black","Middle",2,0,0,0,0,0,0,0,0,0,4,NA,FALSE,0
"7328",4,"M",1,"Black","Middle",2,0,0,0,0,0,0,0,0,0,4,"1",FALSE,0
"7329",4,"M",1,NA,"Middle",2,0,0,0,0,0,0,0,0,0,2,"1",FALSE,1
"7330",3,"M",1,NA,"Middle",2,0,0,0,0,0,0,0,0,0,4,"1",FALSE,0
"7331",4,"M",1,"Asian","Middle",2,0,0,0,0,0,0,0,0,0,4,"1",FALSE,0
"7332",3,"F",1,"Black","Middle",2,0,0,0,0,0,0,0,0,0,4,NA,FALSE,0
"7333",4,"F",1,"Black","Middle",2,0,0,0,0,0,0,0,0,0,4,"1",FALSE,0
"7334",5,"F",2,NA,"Middle",2,0,0,0,0,0,0,0,0,0,2,NA,FALSE,1
"7335",4,"F",2,"Black","Middle",2,0,0,0,0,0,0,0,0,0,NA,"1",FALSE,NA
"7336",5,"F",2,"Black","Middle",2,0,0,0,0,0,0,0,0,0,3,NA,FALSE,0
"7337",5,"M",2,"AI/AN","Middle",2,0,0,0,0,0,0,0,0,0,2,NA,FALSE,1
"7338",4,"M",2,"Black","Middle",2,0,0,NA,0,0,0,0,0,0,4,"1",NA,0
"7339",4,"F",2,"Asian","Middle",2,0,0,0,0,0,0,0,0,0,3,"1",FALSE,0
"7340",5,"M",2,"Black","Middle",2,0,0,0,0,0,0,0,0,0,4,"1",FALSE,0
"7341",4,"F",2,"Asian","Middle",2,0,0,0,NA,NA,0,NA,NA,0,2,"1",NA,1
"7342",5,"M",2,"Black","Middle",2,0,0,0,0,0,0,0,0,0,4,"1",FALSE,0
"7343",5,"F",2,"Black","Middle",2,0,0,0,0,0,0,0,0,0,4,NA,FALSE,0
"7344",5,"F",2,"Black","Middle",2,0,0,0,0,0,0,0,0,0,4,"1",FALSE,0
"7345",5,"M",2,"White","Middle",2,0,0,0,0,0,0,0,0,0,4,"1",FALSE,0
"7346",5,"M",2,NA,"Middle",2,0,0,0,0,0,0,0,0,0,2,"1",FALSE,1
"7347",4,"M",2,"Hispanic","Middle",2,0,0,0,0,0,0,0,0,0,4,"1",FALSE,0
"7348",5,"M",2,"Asian","Middle",2,0,0,0,0,0,0,0,0,0,1,NA,FALSE,1
"7349",5,"M",2,"Black","Middle",2,0,0,0,0,0,0,0,0,0,3,"1",FALSE,0
"7350",5,"M",2,"White","Middle",2,0,0,0,0,0,0,0,0,0,3,"1",FALSE,0
"7351",4,"F",2,"Black","Middle",2,0,0,0,0,0,0,0,0,0,3,"1",FALSE,0
"7352",4,"F",2,"Black","Middle",NA,0,0,0,0,0,0,0,0,0,4,"1",FALSE,0
"7353",4,"F",2,"Black","Middle",2,0,0,0,0,0,0,0,0,0,4,"1",FALSE,0
"7354",5,"F",2,"Black","Middle",2,0,0,0,0,0,0,0,0,0,4,"1",FALSE,0
"7355",5,"F",2,"Black","Middle",2,0,0,0,0,0,0,0,0,0,4,"1",FALSE,0
"7356",11,"F",7,"Hispanic","High",2,0,0,0,0,0,0,0,0,0,2,NA,FALSE,1
"7357",8,"M",6,"Black","High",2,0,0,0,0,0,NA,0,0,0,3,"1",NA,0
"7358",9,"F",7,"White","High",1,1,0,0,0,0,0,0,0,1,2,"1",TRUE,1
"7359",8,"M",6,"Hispanic","High",2,0,0,0,0,0,0,0,0,0,4,"1",FALSE,0
"7360",9,"M",6,"Black","High",2,0,0,NA,0,0,0,0,0,0,3,"1",NA,0
"7361",9,"F",6,"Black","High",1,0,0,0,0,0,0,0,0,0,4,"1",FALSE,0
"7362",9,"F",6,"Asian","High",2,0,0,0,0,0,0,0,0,0,4,"1",FALSE,0
"7363",8,"F",6,"Asian","High",2,0,0,0,0,0,0,0,0,0,3,"1",FALSE,0
"7364",8,"F",5,"Asian","High",2,0,0,0,0,0,0,0,0,0,3,NA,FALSE,0
"7365",8,"M",5,"White","High",2,0,0,0,0,0,0,0,0,1,4,"1",TRUE,0
"7366",8,"M",5,"Hispanic","High",2,0,0,0,0,0,0,0,0,0,4,NA,FALSE,0
"7367",8,"M",5,"Hispanic","High",1,0,1,0,0,0,0,0,0,1,1,"1",TRUE,1
"7368",8,"M",5,"Black","High",2,0,0,0,0,0,0,0,0,0,4,"1",FALSE,0
"7369",9,"F",5,"Hispanic","High",2,0,0,0,NA,NA,0,NA,NA,0,4,NA,NA,0
"7370",8,"F",5,"Hispanic","High",2,0,0,0,0,0,0,0,0,1,2,"1",TRUE,1
"7371",8,"F",5,"Hispanic","High",2,0,0,0,0,0,0,0,0,0,3,NA,FALSE,0
"7372",9,"F",6,"Hispanic","High",2,0,0,0,0,0,0,0,0,0,2,NA,FALSE,1
"7373",9,"F",6,"Asian","High",2,0,0,0,0,0,0,0,0,0,4,"1",FALSE,0
"7374",10,"F",7,"Hispanic","High",2,0,0,0,0,0,0,0,0,0,4,"1",FALSE,0
"7375",10,"M",7,"Asian","High",2,0,0,0,0,0,0,0,0,0,4,"1",FALSE,0
"7376",9,"M",6,"Hispanic","High",2,0,0,0,0,0,0,0,0,0,3,NA,FALSE,0
"7377",6,"F",4,"Hispanic","High",2,0,0,NA,0,0,0,0,0,0,1,NA,NA,1
"7378",6,"M",4,"Hispanic","High",2,0,0,0,0,0,0,0,0,0,2,NA,FALSE,1
"7379",7,"F",4,NA,"High",2,0,0,0,0,0,0,0,0,0,1,NA,FALSE,1
"7380",8,"F",4,"White","High",2,0,0,0,0,0,0,0,0,0,3,"1",FALSE,0
"7381",7,"M",4,"Asian","High",2,0,0,0,0,0,0,0,0,0,1,"1",FALSE,1
"7382",6,"M",4,NA,"High",1,0,1,0,0,0,1,0,0,1,2,"1",TRUE,1
"7383",6,"M",4,"NHOPI","High",2,0,0,0,0,0,0,0,0,0,2,"1",FALSE,1
"7384",7,"M",4,"Hispanic","High",2,0,0,0,0,0,0,0,0,0,4,"1",FALSE,0
"7385",9,"M",6,"Hispanic","High",NA,0,0,0,NA,NA,0,NA,NA,0,2,NA,NA,1
"7386",9,"F",6,"Hispanic","High",1,0,0,0,0,0,0,0,0,0,4,"1",FALSE,0
"7387",9,"F",6,"White","High",2,0,0,0,0,0,0,0,0,0,3,"1",FALSE,0
"7388",9,"F",6,"White","High",2,0,0,NA,0,0,1,0,0,0,4,"1",TRUE,0
"7389",8,"F",6,"White","High",2,0,0,0,0,0,0,0,0,0,4,"1",FALSE,0
"7390",9,"F",7,"Asian","High",2,0,0,0,0,0,0,0,0,0,4,NA,FALSE,0
"7391",9,"F",6,"Hispanic","High",2,0,0,0,0,0,1,0,0,1,2,NA,TRUE,1
"7392",8,"M",6,"White","High",1,0,0,0,0,0,0,0,0,0,2,"1",FALSE,1
"7393",8,"F",6,"Asian","High",2,0,0,0,0,0,0,0,0,0,4,"1",FALSE,0
"7394",9,"F",6,"Asian","High",2,0,0,0,0,0,0,0,0,0,4,"1",FALSE,0
"7395",9,"F",7,"Hispanic","High",2,0,0,0,0,0,0,0,0,0,3,"1",FALSE,0
"7396",9,"M",7,"White","High",2,0,0,0,0,0,0,0,0,0,4,"1",FALSE,0
"7397",8,"M",6,"Hispanic","High",2,0,0,0,0,0,0,0,0,0,3,"1",FALSE,0
"7398",9,"M",6,"White","High",2,0,0,0,0,0,0,0,0,0,4,"1",FALSE,0
"7399",9,"F",7,"Asian","High",2,0,0,0,0,0,0,0,0,0,3,"1",FALSE,0
"7400",9,"F",6,"Asian","High",1,0,0,0,0,0,0,0,0,0,2,NA,FALSE,1
"7401",8,"F",6,"Hispanic","High",1,0,0,0,0,0,0,0,0,0,1,NA,FALSE,1
"7402",9,"F",6,"Hispanic","High",2,0,0,0,0,0,0,0,0,0,2,NA,FALSE,1
"7403",8,"M",5,"Hispanic","High",2,0,0,0,0,0,0,0,0,0,4,NA,FALSE,0
"7404",9,"M",6,"Asian","High",2,0,0,0,0,0,0,0,0,0,4,NA,FALSE,0
"7405",7,"M",4,"Hispanic","High",2,0,0,0,0,0,0,0,0,1,2,"1",TRUE,1
"7406",7,"M",4,"Hispanic","High",2,NA,0,0,0,0,0,0,0,0,4,NA,NA,0
"7407",7,"M",4,"Hispanic","High",2,0,0,0,0,0,0,0,0,0,3,NA,FALSE,0
"7408",6,"F",4,"Hispanic","High",2,0,0,0,0,0,0,0,0,0,4,"1",FALSE,0
"7409",7,"M",4,"Asian","High",2,0,0,0,0,0,0,0,0,0,4,"1",FALSE,0
"7410",6,"F",4,"Hispanic","High",2,0,0,0,0,0,0,0,0,0,4,NA,FALSE,0
"7411",7,"M",4,"Hispanic","High",1,0,0,0,0,0,0,0,0,0,4,NA,FALSE,0
"7412",7,"F",4,"White","High",2,0,0,0,0,0,0,0,0,0,3,NA,FALSE,0
"7413",7,"F",4,"White","High",NA,0,0,0,0,0,1,0,0,0,3,NA,TRUE,0
"7414",6,"F",4,"White","High",2,0,0,0,0,0,0,0,0,0,3,"1",FALSE,0
"7415",6,"M",4,"White","High",2,0,0,0,0,0,0,0,0,1,1,"1",TRUE,1
"7416",6,"F",4,"Hispanic","High",2,0,0,0,0,0,0,0,0,0,4,NA,FALSE,0
"7417",8,"F",5,"White","High",2,0,0,0,0,0,0,0,0,0,4,"1",FALSE,0
"7418",7,"M",5,"Black","High",2,0,0,0,0,0,0,0,0,0,4,"1",FALSE,0
"7419",7,"F",5,"White","High",2,0,0,0,0,0,0,0,0,1,2,NA,TRUE,1
"7420",7,"F",5,"White","High",1,0,0,0,0,0,0,0,0,1,3,NA,TRUE,0
"7421",8,"F",5,"White","High",2,0,0,0,0,0,0,0,0,0,4,"1",FALSE,0
"7422",7,"F",5,"White","High",2,0,0,0,0,0,0,0,0,0,3,"1",FALSE,0
"7423",8,"F",5,"White","High",2,0,0,0,0,0,0,0,0,0,3,"1",FALSE,0
"7424",8,"F",5,"White","High",2,0,0,0,0,0,0,0,0,0,2,"1",FALSE,1
"7425",7,"M",5,"White","High",2,0,0,0,0,0,0,0,0,0,4,"1",FALSE,0
"7426",8,"M",5,"White","High",2,0,0,0,0,0,0,0,0,0,4,NA,FALSE,0
"7427",7,"M",5,"White","High",2,0,0,0,0,0,0,0,0,1,2,NA,TRUE,1
"7428",7,"F",5,"White","High",2,0,0,0,0,0,0,0,0,0,4,NA,FALSE,0
"7429",8,"M",5,"Asian","High",2,0,0,0,0,0,0,0,0,0,3,"1",FALSE,0
"7430",8,"F",5,"White","High",2,0,0,0,0,0,0,0,0,1,4,NA,TRUE,0
"7431",7,"M",5,"White","High",2,0,0,0,0,0,0,0,0,0,1,"1",FALSE,1
"7432",7,"M",5,"White","High",1,0,0,0,0,0,0,0,0,1,2,"1",TRUE,1
"7433",9,"M",5,"White","High",1,0,0,0,0,0,0,0,0,0,1,"1",FALSE,1
"7434",8,"M",5,"White","High",2,0,0,0,0,0,0,0,0,0,3,"1",FALSE,0
"7435",7,"M",5,"White","High",2,0,0,0,0,0,0,0,0,0,3,"1",FALSE,0
"7436",7,"M",5,"White","High",1,0,0,0,0,0,0,0,0,0,4,"1",FALSE,0
"7437",8,"M",5,"White","High",2,0,0,0,0,0,0,0,0,0,4,NA,FALSE,0
"7438",10,"M",7,"White","High",1,0,NA,0,0,0,0,0,0,1,2,"1",TRUE,1
"7439",10,"M",7,"White","High",1,0,0,0,0,0,0,0,0,1,4,"1",TRUE,0
"7440",10,"M",7,"White","High",1,0,0,0,0,0,0,0,0,1,4,"1",TRUE,0
"7441",10,"F",7,"Hispanic","High",2,0,0,0,0,0,0,0,0,0,1,"1",FALSE,1
"7442",10,"M",7,"White","High",2,0,0,0,0,0,0,0,0,0,3,"1",FALSE,0
"7443",10,"F",7,"White","High",1,0,0,0,0,0,0,0,0,1,4,"1",TRUE,0
"7444",10,"M",7,"White","High",2,0,0,0,0,0,0,0,0,0,3,"1",FALSE,0
"7445",10,"F",7,NA,"High",2,1,0,0,0,0,0,0,0,0,4,"1",TRUE,0
"7446",9,"F",7,"White","High",2,0,0,0,0,0,0,0,0,1,4,"1",TRUE,0
"7447",10,"F",7,"White","High",2,0,0,0,0,0,0,0,0,1,4,NA,TRUE,0
"7448",10,"M",7,"White","High",2,0,0,0,0,0,0,0,0,0,4,"1",FALSE,0
"7449",10,"M",7,"White","High",1,0,0,0,0,0,0,0,0,0,1,"1",FALSE,1
"7450",9,"F",7,"Hispanic","High",2,0,0,0,0,0,0,0,0,0,4,"1",FALSE,0
"7451",9,"M",7,"Black","High",2,0,0,0,0,0,0,0,0,0,4,"1",FALSE,0
"7452",10,"M",7,"White","High",1,0,1,0,1,0,0,0,0,1,1,"1",TRUE,1
"7453",9,"F",7,"Hispanic","High",2,0,0,0,0,0,0,0,0,0,2,"1",FALSE,1
"7454",10,"M",7,"White","High",1,0,0,0,0,0,0,0,0,1,2,NA,TRUE,1
"7455",10,"M",7,"White","High",1,0,1,0,0,0,0,0,0,1,2,NA,TRUE,1
"7456",9,"F",7,"White","High",1,0,0,0,0,0,0,0,0,0,4,NA,FALSE,0
"7457",10,"M",7,"White","High",1,0,1,0,0,0,0,0,0,1,1,NA,TRUE,1
"7458",10,"M",7,"Hispanic","High",2,0,0,0,0,0,0,0,0,1,3,"1",TRUE,0
"7459",10,"M",7,"White","High",2,0,0,0,0,0,0,0,0,1,4,NA,TRUE,0
"7460",10,"M",7,"White","High",1,0,0,0,0,0,0,0,0,1,4,"1",TRUE,0
"7461",6,"F",4,"White","High",2,0,0,0,0,0,0,0,0,1,4,NA,TRUE,0
"7462",9,"M",5,"Asian","High",2,0,0,0,0,0,0,0,0,0,4,"1",FALSE,0
"7463",7,"F",4,"White","High",2,0,0,0,0,0,0,0,0,0,4,"1",FALSE,0
"7464",5,"M",4,"White","High",2,0,0,0,0,0,0,0,0,0,4,"1",FALSE,0
"7465",6,"F",4,"Hispanic","High",2,0,0,0,0,0,0,0,0,0,2,"1",FALSE,1
"7466",6,"F",4,"White","High",2,0,0,0,0,0,0,0,0,1,3,"1",TRUE,0
"7467",6,"F",4,"Black","High",2,0,0,0,0,0,0,0,0,0,2,"1",FALSE,1
"7468",7,"F",4,"White","High",2,0,0,0,0,0,0,0,0,1,3,"1",TRUE,0
"7469",7,"M",4,"Black","High",2,0,0,0,0,0,0,0,0,0,4,"1",FALSE,0
"7470",7,"M",4,"White","High",2,0,0,0,0,0,0,0,0,0,4,"1",FALSE,0
"7471",7,"F",4,"Hispanic","High",2,0,0,0,0,0,0,0,0,0,4,"1",FALSE,0
"7472",6,"M",4,"White","High",2,0,0,0,0,0,0,0,0,0,3,"1",FALSE,0
"7473",6,"F",4,"White","High",2,0,0,0,0,0,0,0,0,0,3,"1",FALSE,0
"7474",7,"M",4,"White","High",2,0,0,0,0,0,0,0,0,0,3,"1",FALSE,0
"7475",7,"M",4,"Hispanic","High",1,0,0,0,0,0,0,0,0,0,1,NA,FALSE,1
"7476",6,"M",4,NA,"High",2,0,0,0,0,0,0,0,0,0,4,"1",FALSE,0
"7477",6,"F",4,"White","High",2,0,0,0,0,0,0,0,0,1,4,NA,TRUE,0
"7478",6,"M",4,"Black","High",1,0,0,0,0,0,0,0,0,0,4,"1",FALSE,0
"7479",6,"M",4,"White","High",1,0,0,0,0,0,0,0,0,1,2,"1",TRUE,1
"7480",6,"M",4,"White","High",2,0,0,0,0,0,0,0,0,1,3,NA,TRUE,0
"7481",6,"M",4,"Hispanic","High",2,0,0,0,0,0,0,0,0,0,4,"1",FALSE,0
"7482",6,"M",4,"White","High",2,0,0,0,0,0,0,0,0,0,4,"1",FALSE,0
"7483",9,"M",5,"Asian","High",2,0,0,0,0,0,0,0,0,0,4,"1",FALSE,0
"7484",9,"M",6,"Hispanic","High",2,0,0,0,0,0,0,0,0,1,4,"1",TRUE,0
"7485",9,"F",6,"White","High",2,0,0,0,0,0,0,0,0,1,4,"1",TRUE,0
"7486",9,"F",6,NA,"High",2,0,0,0,0,0,0,0,0,1,2,NA,TRUE,1
"7487",9,"F",6,"White","High",2,0,0,0,0,0,0,0,0,0,3,"1",FALSE,0
"7488",9,"M",6,"NHOPI","High",2,0,0,0,0,0,0,0,0,1,4,"1",TRUE,0
"7489",8,"F",6,"White","High",2,0,0,0,0,0,0,0,0,0,4,NA,FALSE,0
"7490",9,"M",7,"White","High",1,0,1,0,0,0,0,0,0,0,2,NA,TRUE,1
"7491",9,"F",6,"White","High",2,0,0,0,0,0,0,0,0,0,4,"1",FALSE,0
"7492",8,"M",6,"White","High",1,0,0,0,0,0,0,0,0,1,3,"1",TRUE,0
"7493",8,"F",6,"Hispanic","High",2,0,0,NA,0,0,0,0,0,1,2,"1",TRUE,1
"7494",9,"M",6,NA,"High",2,0,0,0,0,0,0,0,0,0,4,"1",FALSE,0
"7495",9,"F",6,"Black","High",1,0,1,0,0,0,0,0,0,0,4,"1",TRUE,0
"7496",8,"F",6,"Black","High",2,0,0,0,0,0,0,0,0,0,4,"1",FALSE,0
"7497",9,"F",6,"Asian","High",2,0,0,0,0,0,0,0,0,0,4,"1",FALSE,0
"7498",9,"F",6,"White","High",2,0,0,0,0,0,0,0,0,1,3,NA,TRUE,0
"7499",10,"M",6,"White","High",2,0,0,0,0,0,0,0,0,0,4,"1",FALSE,0
"7500",9,"M",6,"White","High",1,0,0,1,0,0,0,0,0,0,4,"1",TRUE,0
"7501",10,"M",6,"Asian","High",2,0,0,0,0,0,0,0,0,0,2,"1",FALSE,1
"7502",9,"F",6,"White","High",2,0,0,0,0,0,0,0,0,0,4,"1",FALSE,0
"7503",8,"M",5,"Hispanic","High",2,0,0,0,0,0,0,0,0,0,3,"1",FALSE,0
"7504",8,"M",5,"White","High",2,0,0,0,0,0,0,0,0,0,3,NA,FALSE,0
"7505",9,"M",5,"NHOPI","High",2,0,0,0,0,0,0,0,0,0,4,"1",FALSE,0
"7506",8,"F",5,"White","High",2,0,0,0,0,0,0,0,0,1,2,NA,TRUE,1
"7507",9,"F",6,"Asian","High",2,0,0,0,0,0,0,0,0,0,4,"1",FALSE,0
"7508",9,"F",6,"Hispanic","High",2,0,0,0,0,0,0,0,0,0,2,"1",FALSE,1
"7509",8,"M",5,"White","High",2,0,0,0,0,0,0,0,0,0,4,"1",FALSE,0
"7510",8,"F",5,"White","High",2,0,0,0,0,0,0,0,0,0,4,NA,FALSE,0
"7511",7,"F",5,"White","High",2,0,0,0,0,0,0,0,0,0,2,"1",FALSE,1
"7512",8,"F",5,"White","High",2,0,0,0,0,0,0,0,0,1,3,NA,TRUE,0
"7513",8,"M",5,"White","High",2,0,0,0,0,0,0,0,0,1,3,"1",TRUE,0
"7514",10,"F",7,"White","High",2,0,0,0,0,0,0,0,0,0,3,NA,FALSE,0
"7515",10,"M",7,"White","High",2,0,0,0,0,0,0,0,0,0,2,"1",FALSE,1
"7516",10,"M",7,"White","High",2,0,0,0,0,0,0,0,0,0,4,"1",FALSE,0
"7517",9,"M",6,"White","High",2,0,0,0,0,0,0,0,0,0,4,"1",FALSE,0
"7518",10,"M",7,"White","High",2,0,0,0,0,0,0,0,0,0,4,"1",FALSE,0
"7519",10,"F",7,"White","High",2,0,0,0,0,0,0,0,0,1,2,NA,TRUE,1
"7520",10,"M",7,"White","High",2,0,0,0,0,0,0,0,0,1,3,"1",TRUE,0
"7521",10,"M",7,"White","High",2,0,0,0,0,0,0,0,0,0,4,"1",FALSE,0
"7522",9,"M",7,"White","High",NA,0,NA,NA,0,0,0,0,0,0,4,"1",NA,0
"7523",10,"M",7,"White","High",2,0,0,0,0,0,0,0,0,0,4,"1",FALSE,0
"7524",10,"M",7,"White","High",1,1,1,0,0,0,0,0,0,1,1,"1",TRUE,1
"7525",8,"F",6,"White","High",2,0,0,0,0,0,0,0,0,0,4,"1",FALSE,0
"7526",8,"F",6,"Hispanic","High",2,0,0,0,0,0,0,0,0,0,4,"1",FALSE,0
"7527",8,"M",6,"Hispanic","High",2,0,0,0,0,0,0,0,0,0,2,"1",FALSE,1
"7528",6,"F",4,"Hispanic","High",NA,0,NA,NA,0,0,0,0,0,NA,4,"1",NA,0
"7529",7,"M",4,"White","High",2,0,0,0,0,0,0,0,0,0,4,"1",FALSE,0
"7530",6,"F",4,"White","High",2,0,0,0,0,0,0,0,0,0,3,NA,FALSE,0
"7531",7,"M",4,"White","High",2,0,0,0,0,0,0,0,0,0,4,"1",FALSE,0
"7532",7,"M",4,"White","High",2,0,0,0,0,0,0,0,0,0,4,"1",FALSE,0
"7533",6,"F",4,"White","High",2,0,0,0,0,0,0,0,0,0,4,"1",FALSE,0
"7534",7,"F",4,"White","High",2,0,0,0,0,0,0,0,0,0,4,"1",FALSE,0
"7535",7,"F",4,"Hispanic","High",2,0,0,0,0,0,0,0,0,1,4,"1",TRUE,0
"7536",7,"F",4,"White","High",2,0,0,0,0,0,0,0,0,0,4,NA,FALSE,0
"7537",6,"F",4,"White","High",2,0,0,0,0,0,0,0,0,0,3,NA,FALSE,0
"7538",6,"M",4,"White","High",2,0,0,0,0,0,0,0,0,0,4,"1",FALSE,0
"7539",6,"F",4,"White","High",2,0,0,0,0,0,0,0,0,0,3,"1",FALSE,0
"7540",7,"M",4,"White","High",2,0,0,0,0,0,0,0,0,1,4,NA,TRUE,0
"7541",6,"F",4,"White","High",2,0,0,0,0,0,0,0,0,0,4,"1",FALSE,0
"7542",9,"F",6,"Hispanic","High",1,1,NA,0,0,0,0,0,0,1,1,"1",TRUE,1
"7543",9,"M",6,"White","High",2,0,0,0,0,0,0,0,0,0,4,"1",FALSE,0
"7544",6,"M",4,"White","High",2,0,0,0,0,0,0,0,0,0,4,NA,FALSE,0
"7545",7,"F",4,"White","High",2,0,0,0,0,0,0,0,0,0,4,"1",FALSE,0
"7546",6,"M",4,"White","High",2,0,0,0,0,0,0,0,0,1,4,"1",TRUE,0
"7547",7,"M",4,"White","High",2,0,0,0,0,0,0,0,0,0,3,"1",FALSE,0
"7548",7,"M",4,"White","High",2,0,0,0,0,0,0,0,0,0,4,"1",FALSE,0
"7549",7,"M",5,"White","High",2,0,0,0,0,0,0,0,0,0,3,NA,FALSE,0
"7550",8,"F",5,"NHOPI","High",2,0,0,0,0,0,0,0,0,0,4,"1",FALSE,0
"7551",8,"F",5,"White","High",2,0,0,0,0,0,0,0,0,1,2,NA,TRUE,1
"7552",10,"F",7,"White","High",2,0,0,0,0,0,0,0,0,0,4,NA,FALSE,0
"7553",7,"F",4,"White","High",2,0,0,0,0,0,0,0,0,0,4,"1",FALSE,0
"7554",7,"F",4,"White","High",2,0,0,0,0,0,0,0,0,0,4,"1",FALSE,0
"7555",6,"F",4,"White","High",2,0,0,0,0,0,0,0,0,1,1,NA,TRUE,1
"7556",7,"F",4,"White","High",2,0,0,0,0,0,0,0,0,0,4,"1",FALSE,0
"7557",9,"M",6,"White","High",2,0,0,0,0,0,0,0,0,0,4,NA,FALSE,0
"7558",8,"M",6,"Hispanic","High",2,0,0,0,0,0,0,0,0,1,4,NA,TRUE,0
"7559",8,"M",6,"Asian","High",2,0,0,0,0,0,0,0,0,0,4,NA,FALSE,0
"7560",8,"M",5,"White","High",2,0,0,0,0,0,0,0,0,0,4,"1",FALSE,0
"7561",7,"M",5,"White","High",2,0,0,0,0,0,0,0,0,0,3,"1",FALSE,0
"7562",7,"M",5,"White","High",2,0,0,0,0,0,0,0,0,0,2,"1",FALSE,1
"7563",8,"F",5,"White","High",2,0,0,0,0,0,0,0,0,0,4,NA,FALSE,0
"7564",8,"F",5,"White","High",2,0,0,0,0,0,0,0,0,0,4,NA,FALSE,0
"7565",8,"M",5,"Asian","High",NA,0,NA,NA,0,0,0,0,0,NA,4,"1",NA,0
"7566",8,"F",5,"White","High",2,0,0,0,0,0,0,0,0,0,3,"1",FALSE,0
"7567",8,"M",5,"Hispanic","High",2,0,0,0,0,0,0,0,0,1,2,"1",TRUE,1
"7568",9,"M",6,"White","High",1,0,0,0,0,0,0,0,0,0,4,NA,FALSE,0
"7569",8,"F",6,"White","High",2,0,0,0,0,0,0,0,0,1,4,NA,TRUE,0
"7570",9,"M",6,"Hispanic","High",2,0,0,0,0,0,0,0,0,0,3,NA,FALSE,0
"7571",9,"F",6,"White","High",2,0,0,0,0,0,0,0,0,1,4,NA,TRUE,0
"7572",9,"F",6,"White","High",2,0,0,0,0,0,1,0,0,1,3,NA,TRUE,0
"7573",8,"M",6,"White","High",2,0,0,0,0,0,0,0,0,0,4,"1",FALSE,0
"7574",9,"F",6,"Hispanic","High",2,0,0,0,0,0,0,0,0,0,4,"1",FALSE,0
"7575",8,"M",6,"White","High",1,0,0,0,0,0,0,0,0,0,4,NA,FALSE,0
"7576",8,"M",6,"White","High",1,0,0,0,0,0,0,0,0,0,4,"1",FALSE,0
"7577",9,"M",6,"White","High",2,0,0,0,0,0,0,0,0,0,4,"1",FALSE,0
"7578",8,"M",5,"White","High",2,0,0,0,0,0,0,0,0,0,4,"1",FALSE,0
"7579",8,"M",6,"White","High",2,0,0,0,0,0,0,0,0,0,3,"1",FALSE,0
"7580",8,"M",6,"Hispanic","High",2,0,0,0,0,0,0,0,0,0,4,NA,FALSE,0
"7581",9,"M",6,"White","High",2,0,0,0,0,0,0,0,0,0,4,"1",FALSE,0
"7582",7,"M",5,"Hispanic","High",1,0,0,0,0,0,0,0,0,0,1,NA,FALSE,1
"7583",9,"F",6,"White","High",2,0,0,0,0,0,0,0,0,0,4,"1",FALSE,0
"7584",7,"F",4,"White","High",2,0,0,0,0,0,0,0,0,0,4,"1",FALSE,0
"7585",6,"M",3,"White","Middle",2,0,0,0,0,0,0,0,0,0,4,NA,FALSE,0
"7586",6,"F",3,"Asian","Middle",2,0,0,0,0,0,0,0,0,0,2,"1",FALSE,1
"7587",6,"F",3,"White","Middle",2,0,0,0,0,0,0,0,0,0,2,"1",FALSE,1
"7588",5,"F",3,"White","Middle",2,0,0,0,0,0,0,0,0,0,4,"1",FALSE,0
"7589",5,"F",3,"White","Middle",2,0,0,0,0,0,0,0,0,0,4,"1",FALSE,0
"7590",6,"M",3,"Hispanic","Middle",2,0,0,0,0,0,0,0,0,0,1,"1",FALSE,1
"7591",6,"F",3,"Hispanic","Middle",2,0,0,0,0,0,0,0,0,0,4,"1",FALSE,0
"7592",5,"F",3,"White","Middle",2,0,0,NA,0,0,0,0,0,0,4,"1",NA,0
"7593",6,"M",3,"Black","Middle",2,0,0,0,0,0,0,0,0,0,4,"1",FALSE,0
"7594",6,"M",3,"White","Middle",2,0,0,0,0,0,0,0,0,0,2,"1",FALSE,1
"7595",5,"F",3,"Hispanic","Middle",2,0,0,0,0,0,0,0,0,0,4,NA,FALSE,0
"7596",6,"M",3,"Asian","Middle",2,0,0,0,0,0,0,0,0,0,4,"1",FALSE,0
"7597",6,"F",3,"Hispanic","Middle",1,0,0,0,0,0,0,0,0,0,1,"1",FALSE,1
"7598",6,"F",3,"Hispanic","Middle",2,0,0,0,0,0,0,0,0,0,3,"1",FALSE,0
"7599",5,"F",3,"White","Middle",2,0,0,0,0,0,0,0,0,0,4,"1",FALSE,0
"7600",6,"F",3,"Hispanic","Middle",1,NA,0,0,0,1,0,0,0,1,1,NA,TRUE,1
"7601",6,"M",3,"Hispanic","Middle",2,0,0,0,0,0,0,0,0,0,3,"1",FALSE,0
"7602",6,"F",3,"White","Middle",2,0,0,0,0,0,0,0,0,0,4,"1",FALSE,0
"7603",6,"M",3,"Hispanic","Middle",2,0,0,0,NA,NA,0,NA,NA,0,4,"1",NA,0
"7604",6,"F",3,"White","Middle",2,0,0,0,0,0,0,0,0,0,4,NA,FALSE,0
"7605",6,"F",3,"White","Middle",2,0,0,0,0,0,0,0,0,0,1,NA,FALSE,1
"7606",5,"M",3,"Hispanic","Middle",2,0,0,0,0,0,0,0,0,0,2,"1",FALSE,1
"7607",6,"F",3,"Asian","Middle",2,0,0,0,0,0,0,0,0,0,3,"1",FALSE,0
"7608",NA,"M",3,"Hispanic","Middle",2,0,0,0,0,0,0,0,0,0,1,"1",FALSE,1
"7609",5,"F",3,"White","Middle",2,0,0,0,0,0,0,0,0,0,4,NA,FALSE,0
"7610",6,"F",3,"White","Middle",2,0,0,0,0,0,0,0,0,0,3,NA,FALSE,0
"7611",5,"M",2,"White","Middle",2,0,0,0,0,0,0,0,0,0,4,"1",FALSE,0
"7612",5,"M",2,"Hispanic","Middle",2,0,0,0,0,0,0,0,0,0,2,"1",FALSE,1
"7613",5,"F",2,"Black","Middle",2,0,0,0,0,0,0,0,0,0,4,"1",FALSE,0
"7614",5,"F",2,"Hispanic","Middle",2,0,0,0,0,0,0,0,0,0,2,"1",FALSE,1
"7615",4,"M",2,"White","Middle",2,0,0,0,0,0,0,0,0,0,2,NA,FALSE,1
"7616",4,"M",2,"White","Middle",2,0,0,0,0,0,0,0,0,0,2,"1",FALSE,1
"7617",5,"M",2,"White","Middle",2,0,0,0,0,0,0,0,0,0,2,NA,FALSE,1
"7618",5,"F",2,"White","Middle",2,0,0,0,0,0,0,0,0,0,4,NA,FALSE,0
"7619",5,"F",2,"White","Middle",2,0,0,0,0,0,0,0,0,0,4,"1",FALSE,0
"7620",5,"F",2,"Hispanic","Middle",2,0,0,0,0,0,0,0,0,0,2,"1",FALSE,1
"7621",5,"M",2,"White","Middle",2,0,0,0,0,0,0,0,0,0,4,"1",FALSE,0
"7622",4,"F",2,"Hispanic","Middle",2,0,0,0,0,0,0,0,0,0,2,NA,FALSE,1
"7623",4,"F",2,"Hispanic","Middle",2,0,0,0,0,0,0,0,0,0,2,"1",FALSE,1
"7624",5,"M",2,"Black","Middle",2,0,0,0,0,0,0,0,0,0,4,"1",FALSE,0
"7625",5,"F",2,"White","Middle",2,0,0,0,0,0,0,0,0,0,3,NA,FALSE,0
"7626",4,"F",2,"Hispanic","Middle",2,0,0,0,0,0,0,0,0,0,3,NA,FALSE,0
"7627",5,"M",2,"White","Middle",2,0,0,0,0,0,NA,0,0,0,4,"1",NA,0
"7628",5,"M",2,"Hispanic","Middle",2,0,0,0,0,0,0,0,0,0,4,"1",FALSE,0
"7629",5,"F",2,"White","Middle",2,0,0,0,0,0,0,0,0,0,4,"1",FALSE,0
"7630",5,"F",2,"White","Middle",2,0,0,0,0,0,0,0,0,0,4,"1",FALSE,0
"7631",4,"M",2,"Black","Middle",2,0,0,0,0,0,0,0,0,0,1,"1",FALSE,1
"7632",5,"F",2,"Hispanic","Middle",2,0,0,0,0,0,0,0,0,0,4,"1",FALSE,0
"7633",5,"F",2,"Hispanic","Middle",2,0,0,0,0,0,0,0,0,0,4,NA,FALSE,0
"7634",4,"M",2,"Hispanic","Middle",2,NA,NA,NA,NA,NA,NA,NA,NA,NA,4,NA,NA,0
"7635",5,"M",2,"Hispanic","Middle",2,0,0,0,0,0,0,0,0,0,4,"1",FALSE,0
"7636",4,"F",1,"Hispanic","Middle",2,0,0,0,0,0,0,0,0,0,4,"1",FALSE,0
"7637",4,"M",1,"White","Middle",2,0,0,0,0,0,0,0,0,0,1,NA,FALSE,1
"7638",4,"M",1,"White","Middle",2,NA,0,0,0,0,0,0,0,0,4,NA,NA,0
"7639",3,"F",1,"Hispanic","Middle",2,0,0,0,0,0,0,0,0,0,3,NA,FALSE,0
"7640",4,"M",1,"White","Middle",2,0,0,0,0,0,0,0,0,0,4,"1",FALSE,0
"7641",4,"M",1,"Hispanic","Middle",2,0,0,NA,0,0,0,0,0,0,4,"1",NA,0
"7642",3,"M",1,"Black","Middle",2,0,0,0,0,0,0,0,0,0,4,"1",FALSE,0
"7643",3,"M",1,"Hispanic","Middle",2,0,0,0,0,0,0,0,0,0,4,NA,FALSE,0
"7644",4,"M",1,"Hispanic","Middle",2,0,0,0,0,0,0,0,0,0,3,"1",FALSE,0
"7645",4,"F",1,"White","Middle",2,0,0,0,0,0,0,0,0,0,4,"1",FALSE,0
"7646",4,"F",1,"Hispanic","Middle",2,0,0,0,0,0,0,0,0,0,4,"1",FALSE,0
"7647",4,"M",1,"White","Middle",2,0,0,0,0,0,0,0,0,0,3,"1",FALSE,0
"7648",4,"F",1,"White","Middle",2,0,0,0,0,0,0,0,0,0,4,"1",FALSE,0
"7649",4,"F",1,"Hispanic","Middle",2,0,0,0,0,0,0,0,0,0,4,"1",FALSE,0
"7650",3,"M",1,"Hispanic","Middle",2,0,0,0,0,0,0,0,0,0,4,NA,FALSE,0
"7651",3,"M",1,"White","Middle",2,0,0,0,0,0,0,0,0,0,1,"1",FALSE,1
"7652",4,"F",1,"White","Middle",2,0,0,0,0,0,0,0,0,0,3,"1",FALSE,0
"7653",3,"F",1,"Hispanic","Middle",2,0,0,0,0,0,0,0,0,0,4,"1",FALSE,0
"7654",1,"F",1,"Hispanic","Middle",2,0,0,0,0,0,0,0,0,0,4,"1",FALSE,0
"7655",3,"F",1,"White","Middle",2,0,0,0,0,0,0,0,0,0,4,NA,FALSE,0
"7656",4,"M",2,"Black","Middle",2,0,0,0,0,0,0,0,0,0,2,"1",FALSE,1
"7657",5,"M",2,"Hispanic","Middle",2,0,0,0,0,0,0,0,0,0,3,"1",FALSE,0
"7658",4,"M",2,"Hispanic","Middle",2,0,0,0,0,0,0,0,0,0,3,"1",FALSE,0
"7659",4,"F",2,"Hispanic","Middle",2,0,0,0,0,0,0,0,0,0,4,"1",FALSE,0
"7660",5,"F",2,"Hispanic","Middle",2,0,0,0,0,0,0,0,0,0,4,"1",FALSE,0
"7661",5,"M",2,"Black","Middle",1,0,0,0,0,0,0,0,0,0,3,NA,FALSE,0
"7662",5,"F",2,"Black","Middle",2,0,0,0,0,0,0,0,0,0,3,NA,FALSE,0
"7663",5,"F",2,"White","Middle",2,0,0,0,0,0,0,0,0,0,1,"1",FALSE,1
"7664",5,"M",2,"Hispanic","Middle",2,0,0,0,0,0,0,0,0,0,2,NA,FALSE,1
"7665",5,"M",2,"Hispanic","Middle",2,0,0,0,0,0,0,0,0,0,4,"1",FALSE,0
"7666",4,"M",2,"Hispanic","Middle",2,0,0,0,0,0,0,0,0,1,2,NA,TRUE,1
"7667",4,"M",2,"White","Middle",2,0,0,0,0,0,0,0,0,0,4,"1",FALSE,0
"7668",4,"M",2,"Asian","Middle",2,0,0,0,0,0,0,0,0,0,4,"1",FALSE,0
"7669",5,"F",2,"White","Middle",2,0,0,0,0,0,0,0,0,0,4,"1",FALSE,0
"7670",5,"F",2,"Hispanic","Middle",2,0,0,0,0,0,0,0,0,0,3,NA,FALSE,0
"7671",4,"M",2,"Hispanic","Middle",2,0,0,0,0,0,0,0,0,0,3,NA,FALSE,0
"7672",4,"F",2,"Hispanic","Middle",2,0,0,NA,0,0,0,0,0,0,4,"1",NA,0
"7673",5,"M",2,"Hispanic","Middle",2,0,0,0,0,0,0,0,0,0,2,NA,FALSE,1
"7674",5,"F",2,"Black","Middle",2,0,0,0,0,0,0,0,0,0,3,"1",FALSE,0
"7675",4,"F",2,"Hispanic","Middle",2,0,0,0,0,0,0,0,0,0,2,NA,FALSE,1
"7676",5,"M",2,"Hispanic","Middle",2,0,0,0,0,0,0,0,0,0,4,"1",FALSE,0
"7677",4,"M",2,"Hispanic","Middle",2,0,0,0,0,0,0,0,0,0,3,"1",FALSE,0
"7678",5,"M",2,"Hispanic","Middle",2,0,0,0,0,0,0,0,0,0,2,"1",FALSE,1
"7679",3,"F",1,"Hispanic","Middle",2,0,0,0,0,0,0,0,0,0,4,"1",FALSE,0
"7680",3,"F",1,"White","Middle",2,0,0,0,0,0,0,0,0,0,4,NA,FALSE,0
"7681",4,"F",1,"Hispanic","Middle",2,0,0,0,0,0,0,0,0,0,4,"1",FALSE,0
"7682",4,"F",1,"Hispanic","Middle",2,1,0,0,1,0,0,0,0,1,2,NA,TRUE,1
"7683",3,"F",1,"Black","Middle",2,0,0,0,0,0,0,0,0,0,3,"1",FALSE,0
"7684",3,"F",1,"Black","Middle",NA,0,NA,NA,0,0,0,0,0,NA,4,"1",NA,0
"7685",3,"F",1,"White","Middle",2,0,0,0,0,0,0,0,0,0,1,"1",FALSE,1
"7686",3,"F",1,"Hispanic","Middle",2,0,0,0,0,0,0,0,0,0,4,"1",FALSE,0
"7687",3,"F",1,"Black","Middle",2,0,0,0,0,0,0,0,0,0,1,"1",FALSE,1
"7688",4,"M",1,NA,"Middle",2,0,0,0,0,0,0,0,0,0,4,NA,FALSE,0
"7689",3,"M",1,"Asian","Middle",2,0,0,0,0,0,0,0,0,0,4,"1",FALSE,0
"7690",3,"M",1,"Hispanic","Middle",NA,0,0,0,0,0,0,0,0,0,3,NA,FALSE,0
"7691",4,"M",1,NA,"Middle",2,0,0,0,0,0,0,0,0,0,4,"1",FALSE,0
"7692",4,"F",1,"Hispanic","Middle",2,0,0,0,0,0,0,0,0,0,4,"1",FALSE,0
"7693",3,"M",1,"Hispanic","Middle",2,0,0,0,0,0,0,0,0,0,4,"1",FALSE,0
"7694",4,"M",1,"White","Middle",1,NA,0,0,0,0,0,0,0,0,1,NA,NA,1
"7695",4,"F",1,"Hispanic","Middle",2,0,0,0,0,0,0,0,0,0,3,"1",FALSE,0
"7696",3,"F",1,"Hispanic","Middle",2,0,0,0,0,0,0,0,0,0,4,"1",FALSE,0
"7697",3,"F",1,"Hispanic","Middle",2,0,0,0,0,0,0,0,0,0,2,NA,FALSE,1
"7698",3,"F",1,"Hispanic","Middle",2,0,0,0,0,0,0,0,0,0,4,"1",FALSE,0
"7699",4,"F",1,"Hispanic","Middle",2,0,0,0,0,0,0,0,0,0,4,"1",FALSE,0
"7700",3,"F",1,"Black","Middle",2,0,0,0,0,0,0,0,0,0,3,NA,FALSE,0
"7701",4,"F",1,"Hispanic","Middle",2,0,0,0,0,0,0,0,0,0,4,"1",FALSE,0
"7702",3,"F",1,"Hispanic","Middle",2,0,0,0,0,0,0,0,0,0,4,"1",FALSE,0
"7703",4,"F",1,"Hispanic","Middle",2,0,0,0,0,0,0,0,0,0,3,NA,FALSE,0
"7704",3,"M",1,"Hispanic","Middle",NA,0,0,0,0,0,0,0,0,0,3,"1",FALSE,0
"7705",3,"F",1,"Hispanic","Middle",2,NA,NA,NA,NA,NA,NA,NA,NA,NA,4,"1",NA,0
"7706",4,"M",1,"Black","Middle",2,0,0,0,0,0,0,0,0,0,2,"1",FALSE,1
"7707",4,"F",1,"Black","Middle",2,0,0,0,0,0,0,0,0,0,4,NA,FALSE,0
"7708",3,"F",1,"Black","Middle",2,0,0,0,0,0,0,0,0,0,4,"1",FALSE,0
"7709",6,"F",3,"Hispanic","Middle",2,0,0,0,0,0,0,0,0,0,3,"1",FALSE,0
"7710",6,"F",3,"Hispanic","Middle",2,0,0,0,0,0,0,0,0,0,4,NA,FALSE,0
"7711",6,"F",3,"Hispanic","Middle",2,0,0,0,0,0,0,0,0,0,4,"1",FALSE,0
"7712",5,"F",3,"Black","Middle",2,0,0,0,0,0,0,0,0,0,4,"1",FALSE,0
"7713",6,"M",3,"White","Middle",2,0,0,0,0,0,0,0,0,0,1,"1",FALSE,1
"7714",5,"F",3,"Hispanic","Middle",2,0,0,0,0,0,0,0,0,0,4,"1",FALSE,0
"7715",6,"F",3,"Hispanic","Middle",2,0,0,0,0,0,0,0,0,0,4,NA,FALSE,0
"7716",5,"F",3,"Black","Middle",2,0,0,0,0,0,0,0,0,0,4,"1",FALSE,0
"7717",6,"M",3,"White","Middle",2,0,0,0,0,0,0,0,0,0,4,NA,FALSE,0
"7718",5,"M",3,"NHOPI","Middle",2,0,0,0,0,0,0,0,0,0,4,"1",FALSE,0
"7719",6,"M",3,"Hispanic","Middle",2,0,0,0,0,0,0,0,0,0,4,"1",FALSE,0
"7720",6,"M",3,"Hispanic","Middle",2,0,0,0,0,0,0,0,0,0,4,NA,FALSE,0
"7721",7,"M",3,"Hispanic","Middle",2,0,0,0,0,0,0,0,0,0,2,NA,FALSE,1
"7722",6,"M",3,"White","Middle",2,0,0,0,0,0,0,0,0,0,4,"1",FALSE,0
"7723",5,"M",3,"Hispanic","Middle",2,0,0,0,0,0,0,0,0,0,4,"1",FALSE,0
"7724",5,"M",3,"Black","Middle",2,0,0,NA,NA,NA,NA,NA,NA,NA,4,NA,NA,0
"7725",6,"F",3,"Black","Middle",2,0,0,0,0,0,0,0,0,0,2,"1",FALSE,1
"7726",6,"F",3,"Hispanic","Middle",2,0,0,0,0,0,0,0,0,1,2,NA,TRUE,1
"7727",6,"M",3,"Hispanic","Middle",2,0,0,0,0,0,0,0,1,0,4,"1",TRUE,0
"7728",6,"F",3,"Hispanic","Middle",2,0,0,0,0,0,0,0,0,0,3,NA,FALSE,0
"7729",5,"F",3,"Hispanic","Middle",2,0,0,0,0,0,0,0,0,0,1,"1",FALSE,1
"7730",5,"F",3,"Black","Middle",2,0,0,0,0,0,0,0,0,0,3,"1",FALSE,0
"7731",5,"M",3,"Hispanic","Middle",2,0,0,0,0,0,0,0,0,0,3,"1",FALSE,0
"7732",7,"M",3,"White","Middle",1,0,1,0,0,0,0,0,0,1,4,"1",TRUE,0
"7733",7,"M",4,"AI/AN","High",1,0,0,0,0,0,0,0,0,1,4,NA,TRUE,0
"7734",8,"M",4,"Hispanic","High",2,0,0,0,0,0,0,0,0,0,4,"1",FALSE,0
"7735",7,"F",4,"White","High",2,0,0,0,0,0,0,0,0,0,4,NA,FALSE,0
"7736",6,"F",4,"Hispanic","High",NA,0,0,0,0,0,0,0,0,0,3,"1",FALSE,0
"7737",7,"F",4,"White","High",2,1,0,0,0,0,0,0,0,0,1,NA,TRUE,1
"7738",11,"F",1,NA,"Middle",2,0,0,0,0,0,0,0,0,0,NA,"1",FALSE,NA
"7739",7,"M",4,"White","High",2,0,0,0,0,0,0,0,0,0,4,"1",FALSE,0
"7740",7,"F",4,"White","High",2,0,0,0,0,0,0,0,0,0,4,NA,FALSE,0
"7741",7,"M",4,"White","High",1,1,1,0,0,0,0,0,0,1,1,NA,TRUE,1
"7742",7,"F",4,"White","High",2,0,0,0,0,0,0,0,0,1,1,NA,TRUE,1
"7743",7,"F",4,"White","High",2,0,0,0,0,0,0,0,0,0,4,"1",FALSE,0
"7744",7,"M",4,"White","High",2,0,0,0,0,0,0,0,0,0,1,"1",FALSE,1
"7745",6,"F",4,"White","High",2,0,0,0,0,0,0,0,0,0,4,"1",FALSE,0
"7746",7,"M",4,"White","High",2,0,0,0,0,0,0,0,0,0,4,"1",FALSE,0
"7747",8,"M",5,"White","High",2,0,0,0,0,0,0,0,0,0,4,"1",FALSE,0
"7748",8,"M",5,"White","High",2,0,0,0,0,0,0,0,0,0,2,NA,FALSE,1
"7749",7,"F",4,"White","High",2,0,0,0,0,0,0,0,0,0,4,NA,FALSE,0
"7750",7,"F",4,"White","High",2,0,0,0,0,0,0,0,0,0,4,NA,FALSE,0
"7751",8,"M",5,"White","High",1,0,0,0,0,0,0,0,0,1,2,NA,TRUE,1
"7752",NA,NA,NA,"White",NA,2,0,0,0,0,0,0,0,0,0,3,"1",FALSE,0
"7753",8,"M",5,"Black","High",1,0,0,0,0,0,0,0,0,1,1,"1",TRUE,1
"7754",8,"M",5,"White","High",1,0,1,0,0,0,0,0,0,1,2,NA,TRUE,1
"7755",10,"M",6,"White","High",1,0,0,1,0,0,0,0,0,0,1,NA,TRUE,1
"7756",9,"M",6,"Black","High",NA,1,NA,NA,1,0,NA,0,0,NA,1,NA,TRUE,1
"7757",8,"F",6,"White","High",2,0,0,0,0,0,0,0,0,0,4,NA,FALSE,0
"7758",9,"F",6,"White","High",2,0,0,0,0,0,0,0,0,0,4,"1",FALSE,0
"7759",9,"F",6,"White","High",2,0,0,0,0,0,0,0,0,0,4,"1",FALSE,0
"7760",9,"M",6,"White","High",1,0,0,0,0,0,0,0,0,0,3,NA,FALSE,0
"7761",9,"M",6,"White","High",2,0,0,0,0,0,0,0,0,0,4,NA,FALSE,0
"7762",8,"M",6,"White","High",2,0,0,0,0,0,0,0,0,0,1,NA,FALSE,1
"7763",8,"F",6,"White","High",2,0,0,0,0,0,0,0,0,0,4,"1",FALSE,0
"7764",9,"M",6,"White","High",2,0,0,0,0,0,0,0,0,0,4,NA,FALSE,0
"7765",8,"M",6,"White","High",1,1,1,0,0,0,0,0,0,1,1,NA,TRUE,1
"7766",9,"M",6,"White","High",1,1,0,1,0,0,0,0,0,0,1,NA,TRUE,1
"7767",9,"M",6,"White","High",2,0,0,0,0,0,0,0,0,0,2,NA,FALSE,1
"7768",9,"M",6,"White","High",1,0,0,0,0,0,0,0,0,0,3,NA,FALSE,0
"7769",9,"M",6,"White","High",2,0,0,0,0,0,0,0,0,0,4,"1",FALSE,0
"7770",9,"F",6,"AI/AN","High",2,0,0,0,0,0,0,0,0,0,4,NA,FALSE,0
"7771",8,"F",6,"Hispanic","High",2,0,0,0,0,0,0,0,0,0,2,"1",FALSE,1
"7772",8,"M",6,"White","High",2,0,0,0,0,0,0,0,0,0,4,"1",FALSE,0
"7773",9,"F",6,"White","High",2,0,0,0,0,0,0,0,0,0,1,"1",FALSE,1
"7774",9,"F",6,"White","High",2,0,0,0,0,0,0,0,0,0,4,NA,FALSE,0
"7775",9,"M",6,"White","High",1,0,1,0,0,0,0,0,0,1,4,NA,TRUE,0
"7776",8,"M",5,"White","High",2,0,0,0,0,0,0,0,0,0,4,NA,FALSE,0
"7777",8,NA,5,"White","High",1,0,1,0,0,0,0,0,0,1,4,"1",TRUE,0
"7778",8,"M",5,"Hispanic","High",1,0,0,0,0,0,0,0,0,1,4,"1",TRUE,0
"7779",7,"F",4,"Hispanic","High",2,0,0,0,0,0,0,0,0,0,4,"1",FALSE,0
"7780",7,"M",4,"White","High",2,0,0,0,0,0,0,0,0,0,4,"1",FALSE,0
"7781",7,"M",4,"White","High",2,0,0,0,0,0,0,0,0,0,4,"1",FALSE,0
"7782",7,"F",4,"White","High",2,0,0,0,0,0,0,0,0,0,4,"1",FALSE,0
"7783",7,"F",4,"White","High",2,0,0,0,0,0,0,0,0,0,4,NA,FALSE,0
"7784",7,"M",4,"White","High",2,0,0,0,0,0,0,0,0,0,3,"1",FALSE,0
"7785",6,"M",4,NA,"High",2,0,0,0,0,0,0,0,0,0,4,NA,FALSE,0
"7786",7,"M",4,"White","High",2,0,0,0,0,0,0,0,0,0,2,NA,FALSE,1
"7787",7,"F",4,"White","High",2,0,0,0,0,0,0,0,0,0,2,NA,FALSE,1
"7788",7,"M",4,"White","High",2,0,0,0,0,0,0,0,0,0,3,NA,FALSE,0
"7789",7,"M",4,"White","High",2,0,0,0,0,0,0,0,0,0,3,NA,FALSE,0
"7790",6,"M",4,"NHOPI","High",2,0,0,0,0,0,0,0,0,0,4,"1",FALSE,0
"7791",7,"F",4,"Hispanic","High",1,1,1,0,0,0,0,0,0,1,2,NA,TRUE,1
"7792",7,"M",4,"White","High",2,0,0,0,0,0,0,0,0,0,4,"1",FALSE,0
"7793",7,"M",4,"White","High",2,0,0,0,0,0,0,0,0,0,4,NA,FALSE,0
"7794",7,"M",4,"White","High",NA,0,NA,NA,0,0,0,0,0,NA,4,"1",NA,0
"7795",6,"F",4,"White","High",2,0,0,0,0,0,0,0,0,0,2,NA,FALSE,1
"7796",8,"F",5,"White","High",1,1,0,0,0,0,0,0,0,1,1,NA,TRUE,1
"7797",7,"F",5,"Hispanic","High",1,1,0,0,0,0,0,0,0,0,1,"1",TRUE,1
"7798",8,"M",5,"White","High",2,0,0,0,0,0,0,0,0,0,4,"1",FALSE,0
"7799",8,"F",5,"White","High",2,0,0,0,0,0,0,0,0,0,3,"1",FALSE,0
"7800",8,"F",5,"White","High",2,0,0,0,0,0,0,0,0,0,2,"1",FALSE,1
"7801",8,"M",5,"White","High",2,0,0,0,0,0,0,0,0,0,4,NA,FALSE,0
"7802",8,"F",5,"Hispanic","High",2,0,0,0,0,0,0,0,0,0,4,NA,FALSE,0
"7803",8,"M",5,"White","High",2,0,0,0,0,0,0,0,0,0,4,"1",FALSE,0
"7804",6,"F",4,"AI/AN","High",2,0,0,0,0,0,0,0,0,0,4,"1",FALSE,0
"7805",8,"M",5,"White","High",1,1,0,0,0,0,0,0,0,1,2,"1",TRUE,1
"7806",8,"M",5,"White","High",2,0,0,0,0,0,0,0,0,0,4,"1",FALSE,0
"7807",7,"M",6,"White","High",1,1,1,0,0,0,0,0,0,1,2,NA,TRUE,1
"7808",7,"M",5,"White","High",2,0,0,0,0,0,0,0,0,0,1,NA,FALSE,1
"7809",9,"M",6,"White","High",2,0,0,0,0,0,0,0,0,0,4,"1",FALSE,0
"7810",7,"F",5,"White","High",NA,0,0,0,0,0,0,0,0,1,3,NA,TRUE,0
"7811",8,"F",5,"White","High",1,1,NA,0,0,0,0,0,0,0,1,NA,TRUE,1
"7812",7,"F",5,"White","High",2,0,0,0,0,0,0,0,0,1,1,NA,TRUE,1
"7813",8,"F",5,"Hispanic","High",2,0,0,0,0,0,0,0,0,0,3,"1",FALSE,0
"7814",8,"F",5,"White","High",1,1,0,0,0,0,0,1,0,0,1,NA,TRUE,1
"7815",8,"M",5,"White","High",1,0,0,0,0,0,0,0,0,0,4,NA,FALSE,0
"7816",7,"F",5,"White","High",2,0,0,0,0,0,0,0,0,1,2,NA,TRUE,1
"7817",7,"F",5,"White","High",2,0,0,0,0,0,0,0,0,0,2,NA,FALSE,1
"7818",8,"F",5,"White","High",2,0,0,0,0,0,0,0,0,0,3,"1",FALSE,0
"7819",7,"M",5,"White","High",2,0,0,0,0,0,0,0,0,0,4,"1",FALSE,0
"7820",8,"M",5,"White","High",2,0,0,NA,0,0,0,0,0,0,4,NA,NA,0
"7821",8,"M",5,"White","High",2,0,0,0,0,0,0,0,0,0,4,NA,FALSE,0
"7822",7,"M",4,"White","High",1,1,1,1,1,0,1,0,0,0,1,NA,TRUE,1
"7823",7,"M",4,"White","High",1,1,1,1,0,0,1,0,0,1,2,NA,TRUE,1
"7824",7,"M",4,"White","High",2,0,0,0,0,0,0,0,0,1,3,NA,TRUE,0
"7825",7,"M",4,"White","High",1,0,0,0,0,0,0,0,0,0,2,NA,FALSE,1
"7826",7,"F",4,"White","High",2,1,0,0,1,0,NA,0,0,1,2,NA,TRUE,1
"7827",6,"M",4,"White","High",2,0,0,0,0,0,0,0,0,0,4,"1",FALSE,0
"7828",6,"F",4,"White","High",2,0,0,0,0,0,0,0,0,0,4,"1",FALSE,0
"7829",9,"F",6,"White","High",NA,0,NA,0,1,0,0,0,0,1,4,NA,TRUE,0
"7830",9,"M",6,"White","High",1,1,1,0,0,0,0,0,0,1,1,NA,TRUE,1
"7831",9,"M",6,"White","High",2,0,0,0,0,0,0,0,0,0,4,NA,FALSE,0
"7832",9,"M",6,"White","High",1,1,NA,0,0,0,0,0,0,1,2,NA,TRUE,1
"7833",10,"M",6,"White","High",1,0,0,1,0,0,0,1,0,1,4,"1",TRUE,0
"7834",9,"M",6,"White","High",2,0,0,0,0,0,0,0,0,0,4,"1",FALSE,0
"7835",10,"M",6,"White","High",2,0,0,0,0,0,0,0,0,0,3,NA,FALSE,0
"7836",9,"M",6,"White","High",2,1,0,0,0,0,0,0,0,1,2,NA,TRUE,1
"7837",9,"F",6,"White","High",2,0,0,0,0,0,0,0,0,0,4,"1",FALSE,0
"7838",10,"F",6,"White","High",2,0,0,0,0,0,0,0,0,0,4,NA,FALSE,0
"7839",9,"M",6,"White","High",2,0,0,0,0,0,0,0,0,0,2,NA,FALSE,1
"7840",9,"M",6,"White","High",2,0,0,0,0,0,0,0,0,1,3,"1",TRUE,0
"7841",9,"F",6,"White","High",2,0,0,0,0,0,0,0,0,0,4,"1",FALSE,0
"7842",9,"M",6,"Hispanic","High",2,0,0,0,0,0,0,0,0,0,4,"1",FALSE,0
"7843",9,"M",6,"White","High",1,0,1,0,0,0,0,0,0,1,1,NA,TRUE,1
"7844",10,"M",6,"White","High",2,0,0,1,0,0,0,0,0,0,3,NA,TRUE,0
"7845",9,"F",6,"White","High",2,0,0,0,0,0,0,0,0,0,4,"1",FALSE,0
"7846",4,"F",1,"White","Middle",2,0,0,0,0,0,0,0,0,0,4,"1",FALSE,0
"7847",4,"F",1,"White","Middle",2,0,0,0,0,0,0,0,0,0,4,NA,FALSE,0
"7848",4,"F",1,"White","Middle",2,0,0,0,NA,NA,0,NA,NA,0,4,"1",NA,0
"7849",4,"F",1,NA,"Middle",2,0,0,0,0,0,0,0,0,0,4,NA,FALSE,0
"7850",3,"F",1,"Hispanic","Middle",2,0,0,0,0,0,0,0,0,0,4,"1",FALSE,0
"7851",3,"F",1,"White","Middle",2,0,0,0,0,0,0,0,0,0,4,NA,FALSE,0
"7852",3,"F",1,"White","Middle",2,0,0,0,0,0,0,0,0,0,4,"1",FALSE,0
"7853",3,"F",1,NA,"Middle",2,0,0,0,0,0,0,0,0,0,4,"1",FALSE,0
"7854",4,"F",1,"White","Middle",2,0,0,0,NA,NA,NA,NA,NA,0,4,NA,NA,0
"7855",3,"F",1,"White","Middle",2,0,0,0,0,0,0,0,0,0,4,"1",FALSE,0
"7856",3,"F",1,NA,"Middle",2,0,0,0,0,0,0,0,0,0,2,"1",FALSE,1
"7857",4,"F",1,"White","Middle",1,0,0,0,0,0,0,0,0,0,1,"1",FALSE,1
"7858",4,"F",1,"White","Middle",2,0,0,0,0,0,0,0,0,0,4,"1",FALSE,0
"7859",4,"F",1,"AI/AN","Middle",2,0,0,0,0,0,0,0,0,0,3,NA,FALSE,0
"7860",6,"M",3,"White","Middle",2,0,0,0,0,0,0,0,0,0,4,"1",FALSE,0
"7861",5,"M",3,"White","Middle",2,0,0,0,0,0,0,0,0,0,3,NA,FALSE,0
"7862",6,"M",3,"White","Middle",2,0,0,0,0,0,0,0,0,0,4,"1",FALSE,0
"7863",5,"M",2,"AI/AN","Middle",2,0,0,0,0,0,0,0,0,0,3,NA,FALSE,0
"7864",5,"M",3,"White","Middle",2,0,0,0,0,0,0,0,0,0,4,"1",FALSE,0
"7865",5,"M",2,"White","Middle",2,0,0,0,0,0,0,0,0,1,2,NA,TRUE,1
"7866",5,"M",2,"White","Middle",1,0,0,0,0,0,0,0,0,1,3,NA,TRUE,0
"7867",5,"M",2,"White","Middle",2,0,0,0,0,0,0,0,0,0,4,"1",FALSE,0
"7868",5,"M",2,"White","Middle",2,0,0,0,0,0,0,0,0,0,4,"1",FALSE,0
"7869",4,"M",2,"White","Middle",1,0,0,0,0,0,0,0,0,0,3,NA,FALSE,0
"7870",4,"M",2,"White","Middle",2,0,0,0,0,0,0,0,0,0,4,"1",FALSE,0
"7871",6,"M",3,"Hispanic","Middle",2,0,0,0,0,0,0,0,0,0,4,NA,FALSE,0
"7872",5,"M",2,"White","Middle",2,0,0,0,0,0,0,0,0,0,4,"1",FALSE,0
"7873",6,"M",2,"White","Middle",1,0,1,0,0,0,0,0,0,0,4,NA,TRUE,0
"7874",6,"M",3,"Hispanic","Middle",2,0,0,0,0,0,0,0,0,0,3,NA,FALSE,0
"7875",6,"M",3,"Hispanic","Middle",NA,0,NA,0,0,0,0,0,0,0,3,"1",NA,0
"7876",5,"M",2,"White","Middle",2,0,0,0,0,0,0,0,0,0,2,NA,FALSE,1
"7877",6,"M",3,"White","Middle",2,NA,0,0,0,0,0,0,0,0,2,NA,NA,1
"7878",5,"M",2,"White","Middle",2,0,0,0,0,0,0,0,0,0,4,"1",FALSE,0
"7879",5,"M",3,"White","Middle",2,0,0,0,0,0,0,0,0,0,4,"1",FALSE,0
"7880",5,"M",3,"White","Middle",2,0,0,0,0,0,0,0,0,0,4,"1",FALSE,0
"7881",6,"M",3,"White","Middle",2,0,0,0,0,0,0,0,0,0,4,NA,FALSE,0
"7882",6,"M",3,"AI/AN","Middle",2,0,0,0,0,0,0,0,0,1,4,NA,TRUE,0
"7883",5,"M",2,"Black","Middle",2,0,0,0,0,0,0,0,0,0,2,"1",FALSE,1
"7884",5,"M",2,"White","Middle",2,0,0,0,0,0,0,0,0,0,3,NA,FALSE,0
"7885",5,"M",2,"White","Middle",2,0,0,0,0,0,0,0,0,0,4,"1",FALSE,0
"7886",4,"M",2,"White","Middle",NA,0,NA,NA,0,0,0,0,0,NA,2,NA,NA,1
"7887",6,"M",3,"White","Middle",2,0,0,0,0,0,0,0,0,0,3,"1",FALSE,0
"7888",6,"M",3,"White","Middle",2,0,0,0,0,0,0,0,0,0,4,NA,FALSE,0
"7889",6,"M",3,"White","Middle",2,0,0,0,0,0,0,0,0,0,2,"1",FALSE,1
"7890",6,"M",3,"Hispanic","Middle",2,0,0,0,0,0,0,0,0,0,4,"1",FALSE,0
"7891",5,"M",2,NA,"Middle",2,0,0,0,0,0,0,0,0,0,4,"1",FALSE,0
"7892",4,"M",2,"White","Middle",2,0,0,0,0,0,0,0,0,0,4,"1",FALSE,0
"7893",5,"M",2,"White","Middle",2,0,0,0,0,0,0,0,0,0,3,NA,FALSE,0
"7894",5,"M",2,"White","Middle",1,0,0,0,0,0,0,0,0,0,2,NA,FALSE,1
"7895",4,"M",1,"White","Middle",2,0,0,0,0,0,0,0,0,0,4,NA,FALSE,0
"7896",6,"F",2,"White","Middle",2,0,0,0,0,0,0,0,0,0,4,"1",FALSE,0
"7897",5,"F",2,"White","Middle",2,0,0,0,0,0,0,0,0,0,4,"1",FALSE,0
"7898",5,"M",2,"White","Middle",2,0,0,NA,0,0,0,0,0,0,2,"1",NA,1
"7899",6,"M",3,"White","Middle",2,0,0,0,0,0,0,0,0,0,3,NA,FALSE,0
"7900",5,"M",2,NA,"Middle",2,0,0,0,0,0,0,0,0,0,4,"1",FALSE,0
"7901",5,"M",2,"White","Middle",2,0,0,0,0,0,0,0,0,0,3,NA,FALSE,0
"7902",5,"M",2,"White","Middle",2,0,0,0,0,0,0,0,0,0,4,"1",FALSE,0
"7903",5,"M",3,"White","Middle",2,0,0,0,0,0,0,0,0,0,4,NA,FALSE,0
"7904",6,"M",3,"White","Middle",2,0,0,0,0,0,0,0,0,1,4,NA,TRUE,0
"7905",6,"M",3,"White","Middle",2,0,0,NA,0,0,0,0,0,1,2,NA,TRUE,1
"7906",5,"F",2,"White","Middle",2,0,0,0,0,0,0,0,0,0,4,NA,FALSE,0
"7907",5,"F",2,"White","Middle",2,0,0,0,0,0,0,0,0,1,3,NA,TRUE,0
"7908",5,"F",2,"Hispanic","Middle",2,1,0,0,0,0,0,0,0,0,2,"1",TRUE,1
"7909",6,"F",2,"AI/AN","Middle",2,0,0,0,0,0,0,0,0,0,4,"1",FALSE,0
"7910",5,"F",2,NA,"Middle",2,0,0,0,0,0,0,0,0,0,4,"1",FALSE,0
"7911",5,"F",2,"White","Middle",2,0,0,0,0,0,0,0,0,0,4,NA,FALSE,0
"7912",6,"F",3,"White","Middle",2,0,0,0,0,0,0,0,0,0,4,"1",FALSE,0
"7913",5,"F",2,"White","Middle",2,0,0,0,0,0,0,0,0,0,4,"1",FALSE,0
"7914",6,"F",3,"White","Middle",2,0,0,0,0,0,0,0,0,0,4,NA,FALSE,0
"7915",5,"M",3,"White","Middle",2,0,0,0,0,0,0,0,0,0,3,"1",FALSE,0
"7916",4,"F",2,"White","Middle",2,0,0,0,0,0,0,0,0,0,4,"1",FALSE,0
"7917",4,"F",2,"White","Middle",2,0,0,0,0,0,0,0,0,0,4,NA,FALSE,0
"7918",6,"F",3,"White","Middle",2,0,0,0,0,0,0,0,0,0,2,"1",FALSE,1
"7919",4,"F",2,"White","Middle",2,NA,0,0,0,0,0,0,0,0,4,NA,NA,0
"7920",5,"F",2,"White","Middle",2,0,0,0,0,0,0,0,0,1,4,NA,TRUE,0
"7921",4,"F",2,"White","Middle",2,0,0,0,0,0,0,0,0,0,3,"1",FALSE,0
"7922",7,"F",3,"White","Middle",2,0,0,0,0,0,0,0,0,0,4,NA,FALSE,0
"7923",6,"F",3,"White","Middle",2,0,0,0,0,0,0,0,0,0,3,"1",FALSE,0
"7924",6,"F",3,NA,"Middle",1,1,1,1,0,0,NA,0,0,1,2,NA,TRUE,1
"7925",4,"M",1,"White","Middle",2,0,0,0,0,0,0,0,0,0,1,"1",FALSE,1
"7926",3,"M",1,"White","Middle",2,0,0,0,0,0,0,0,0,0,2,NA,FALSE,1
"7927",4,"M",1,"White","Middle",2,0,0,0,0,0,0,0,0,0,4,NA,FALSE,0
"7928",5,"F",2,"White","Middle",2,0,0,0,0,0,0,0,0,1,3,NA,TRUE,0
"7929",5,"F",2,"White","Middle",2,0,0,0,0,0,0,0,0,0,2,NA,FALSE,1
"7930",5,"F",2,NA,"Middle",2,0,0,0,NA,NA,0,NA,NA,0,3,"1",NA,0
"7931",5,"F",2,"White","Middle",2,0,0,0,0,0,0,0,0,0,4,NA,FALSE,0
"7932",6,"M",3,"AI/AN","Middle",1,0,0,0,0,0,0,0,0,0,1,NA,FALSE,1
"7933",6,"F",3,"White","Middle",2,0,0,0,0,0,0,0,0,0,4,NA,FALSE,0
"7934",6,"M",3,NA,"Middle",2,0,0,0,0,0,0,0,0,0,4,NA,FALSE,0
"7935",6,"F",3,"White","Middle",2,0,0,0,0,0,0,0,0,1,1,NA,TRUE,1
"7936",6,"F",3,"White","Middle",2,0,0,0,0,0,0,0,0,0,4,"1",FALSE,0
"7937",5,"F",3,"Hispanic","Middle",2,0,0,0,0,0,0,0,0,0,4,NA,FALSE,0
"7938",7,"F",3,NA,"Middle",2,0,0,0,0,0,0,0,0,0,4,NA,FALSE,0
"7939",5,"F",3,"White","Middle",1,0,0,0,0,0,0,0,0,0,4,NA,FALSE,0
"7940",6,"F",3,"White","Middle",2,0,0,0,0,0,0,0,0,0,4,NA,FALSE,0
"7941",6,"F",3,"White","Middle",2,0,0,0,0,0,0,0,0,0,4,NA,FALSE,0
"7942",5,"F",2,NA,"Middle",2,0,0,0,0,0,0,0,0,0,4,"1",FALSE,0
"7943",3,"M",1,"Hispanic","Middle",2,0,0,0,0,0,0,0,0,0,3,"1",FALSE,0
"7944",3,"F",1,"White","Middle",2,0,0,NA,0,0,0,0,0,0,4,"1",NA,0
"7945",5,"M",1,"White","Middle",2,0,0,0,NA,NA,0,NA,NA,0,3,"1",NA,0
"7946",4,"M",1,"White","Middle",2,0,0,0,0,0,0,0,0,0,4,"1",FALSE,0
"7947",3,"M",1,NA,"Middle",2,0,0,0,0,0,NA,0,0,0,3,NA,NA,0
"7948",5,"M",1,NA,"Middle",2,0,0,0,0,0,0,0,0,0,NA,NA,FALSE,NA
"7949",4,"M",1,"White","Middle",2,0,0,0,0,0,0,0,0,0,3,"1",FALSE,0
"7950",4,"M",1,"Hispanic","Middle",2,0,0,0,0,0,0,0,0,1,3,NA,TRUE,0
"7951",4,"M",1,"White","Middle",2,0,0,0,0,0,0,0,0,0,4,NA,FALSE,0
"7952",4,"M",1,NA,"Middle",2,0,0,0,0,0,0,0,0,0,4,NA,FALSE,0
"7953",4,"M",1,"AI/AN","Middle",2,0,0,0,0,0,0,0,0,0,3,"1",FALSE,0
"7954",NA,NA,NA,NA,NA,2,NA,0,0,0,0,0,0,0,0,NA,"1",NA,NA
"7955",4,"M",1,"White","Middle",2,0,0,0,0,0,0,0,0,0,4,NA,FALSE,0
"7956",3,"M",1,"White","Middle",2,0,0,0,0,0,0,0,0,0,3,NA,FALSE,0
"7957",3,"M",1,"White","Middle",2,0,0,0,0,0,0,0,0,0,4,NA,FALSE,0
"7958",3,"M",1,"White","Middle",2,0,0,0,0,0,0,0,0,0,4,"1",FALSE,0
"7959",4,"M",1,"NHOPI","Middle",2,0,0,0,0,0,0,0,0,0,4,"1",FALSE,0
"7960",4,"M",1,"White","Middle",2,0,0,0,0,0,0,0,0,0,4,NA,FALSE,0
"7961",4,"M",1,"White","Middle",2,0,0,0,0,0,0,0,0,0,3,NA,FALSE,0
"7962",4,"M",1,"White","Middle",2,0,0,0,0,0,0,0,0,0,4,"1",FALSE,0
"7963",3,"F",1,"White","Middle",2,0,0,0,0,0,0,0,0,0,4,"1",FALSE,0
"7964",4,"F",1,"White","Middle",2,0,0,0,0,0,0,0,0,0,4,NA,FALSE,0
"7965",4,"F",1,"White","Middle",NA,0,NA,NA,0,0,0,0,0,NA,4,"1",NA,0
"7966",3,"F",1,NA,"Middle",2,0,0,0,0,0,0,0,0,0,4,"1",FALSE,0
"7967",4,"F",1,"White","Middle",2,0,0,0,0,0,0,0,0,0,4,"1",FALSE,0
"7968",8,"M",5,"Hispanic","High",2,0,0,0,0,0,0,0,0,0,4,NA,FALSE,0
"7969",8,"F",5,"White","High",2,0,0,0,0,0,0,0,0,NA,4,"1",NA,0
"7970",7,"F",5,"Black","High",2,0,0,0,0,0,0,0,0,0,4,NA,FALSE,0
"7971",8,"F",5,"Black","High",2,0,0,0,0,0,0,0,0,0,2,NA,FALSE,1
"7972",7,"F",5,"Black","High",2,0,0,0,0,0,0,0,0,0,4,NA,FALSE,0
"7973",9,"M",7,"White","High",1,NA,0,0,0,0,0,0,0,0,4,NA,NA,0
"7974",10,"M",7,"Hispanic","High",2,0,0,0,0,0,0,0,0,0,4,"1",FALSE,0
"7975",10,"F",7,"White","High",2,0,0,0,0,0,0,0,0,0,3,NA,FALSE,0
"7976",11,"F",7,"Black","High",2,0,0,0,0,0,0,0,0,0,4,"1",FALSE,0
"7977",10,"M",7,"Hispanic","High",NA,1,NA,NA,0,0,1,1,0,1,4,NA,TRUE,0
"7978",10,"M",7,"Black","High",2,0,0,0,0,0,0,0,0,0,3,"1",FALSE,0
"7979",11,"M",7,"Hispanic","High",1,0,1,0,0,0,0,0,0,0,4,NA,TRUE,0
"7980",10,"F",7,"Black","High",1,0,1,0,0,0,0,0,0,0,4,"1",TRUE,0
"7981",10,"F",7,"White","High",2,0,0,0,0,0,0,0,0,0,4,"1",FALSE,0
"7982",10,"M",7,"Asian","High",1,1,1,1,0,0,0,1,0,1,1,NA,TRUE,1
"7983",10,"M",7,"White","High",1,0,NA,0,0,0,0,0,0,1,2,NA,TRUE,1
"7984",10,"F",7,"White","High",2,0,0,0,0,0,0,0,0,1,4,NA,TRUE,0
"7985",9,"F",7,"White","High",2,0,0,0,0,0,0,0,0,0,4,NA,FALSE,0
"7986",10,"F",7,"White","High",NA,0,NA,NA,0,0,0,0,0,NA,4,NA,NA,0
"7987",10,"M",7,"White","High",2,0,0,0,0,0,0,0,0,0,4,NA,FALSE,0
"7988",9,"M",7,NA,"High",2,0,0,0,0,0,0,0,0,0,4,"1",FALSE,0
"7989",10,"M",7,"White","High",2,0,0,0,0,0,0,0,0,0,4,"1",FALSE,0
"7990",9,"F",7,"White","High",2,0,0,0,0,0,0,0,0,0,4,NA,FALSE,0
"7991",10,"M",7,"White","High",2,0,0,0,0,0,0,0,0,0,4,"1",FALSE,0
"7992",9,"F",7,"White","High",1,0,0,0,0,0,0,0,0,0,1,NA,FALSE,1
"7993",8,"F",5,"White","High",2,0,0,0,0,0,0,0,0,1,4,"1",TRUE,0
"7994",7,"F",4,NA,"High",2,0,0,0,0,0,0,0,0,0,4,NA,FALSE,0
"7995",8,"F",4,"AI/AN","High",1,0,0,1,0,0,0,0,0,0,4,NA,TRUE,0
"7996",7,"F",4,"Black","High",2,0,0,0,0,0,0,0,0,0,4,"1",FALSE,0
"7997",8,"F",4,"Black","High",1,0,1,0,0,0,0,0,0,1,4,NA,TRUE,0
"7998",6,"F",4,"Black","High",1,0,1,0,0,0,0,0,0,0,1,NA,TRUE,1
"7999",7,"F",4,"White","High",1,1,1,0,0,0,0,0,0,0,1,NA,TRUE,1
"8000",7,"F",4,"Black","High",2,0,0,0,0,0,0,0,0,0,4,"1",FALSE,0
"8001",7,"M",4,"White","High",1,0,1,0,0,0,0,0,0,0,4,NA,TRUE,0
"8002",6,"F",4,"Black","High",2,0,0,0,0,0,0,0,0,0,4,NA,FALSE,0
"8003",7,"F",4,"Black","High",2,0,0,0,0,0,0,0,0,0,4,NA,FALSE,0
"8004",7,"M",4,"White","High",2,0,0,0,0,0,0,0,0,0,4,NA,FALSE,0
"8005",7,"M",4,"Black","High",2,0,0,0,0,0,0,0,0,0,4,"1",FALSE,0
"8006",6,"M",4,"Black","High",2,0,0,0,0,0,0,0,0,0,4,NA,FALSE,0
"8007",7,"F",4,"White","High",2,0,0,0,0,0,0,0,0,1,4,NA,TRUE,0
"8008",7,"F",4,"White","High",2,0,0,0,0,0,0,0,0,0,4,"1",FALSE,0
"8009",7,"M",4,"White","High",2,0,0,0,0,0,0,0,0,0,4,NA,FALSE,0
"8010",7,"M",4,"White","High",2,0,0,0,0,0,0,0,0,0,4,"1",FALSE,0
"8011",7,"M",4,"Hispanic","High",1,1,1,1,0,0,1,0,0,1,2,NA,TRUE,1
"8012",7,"M",4,"White","High",2,0,0,0,0,0,0,0,0,0,2,NA,FALSE,1
"8013",7,"F",4,"Black","High",2,0,0,0,0,0,0,0,0,0,4,NA,FALSE,0
"8014",7,"M",4,"White","High",2,1,0,0,0,0,0,0,0,1,2,NA,TRUE,1
"8015",6,"M",4,"Black","High",2,0,0,0,0,0,0,0,0,0,2,"1",FALSE,1
"8016",7,"M",4,"Black","High",2,0,0,0,0,0,0,0,0,0,4,"1",FALSE,0
"8017",6,"M",4,"Black","High",2,0,0,0,0,0,0,0,0,0,4,"1",FALSE,0
"8018",8,"F",4,"Black","High",1,0,1,0,0,0,0,0,0,0,4,"1",TRUE,0
"8019",6,"F",4,"White","High",1,0,1,0,0,0,0,0,0,0,2,NA,TRUE,1
"8020",1,"M",1,"Hispanic","Middle",NA,0,NA,0,0,0,1,0,0,1,1,NA,TRUE,1
"8021",10,"M",7,"Hispanic","High",2,1,0,1,0,0,0,1,0,1,1,NA,TRUE,1
"8022",11,"F",7,"White","High",2,0,0,0,0,0,0,0,0,0,1,NA,FALSE,1
"8023",7,"F",5,"Black","High",2,0,0,0,0,0,0,0,0,0,4,"1",FALSE,0
"8024",8,"M",6,"Black","High",2,0,0,0,0,0,0,0,0,0,4,"1",FALSE,0
"8025",9,"F",6,"Black","High",2,0,0,0,0,0,0,0,0,0,4,"1",FALSE,0
"8026",8,"M",5,"Hispanic","High",2,0,0,0,0,0,0,0,0,0,4,"1",FALSE,0
"8027",8,"F",5,"White","High",2,0,0,0,0,0,0,0,0,0,4,"1",FALSE,0
"8028",9,"F",6,"White","High",2,0,0,0,0,0,0,0,0,0,4,NA,FALSE,0
"8029",8,"M",6,"White","High",2,0,0,0,0,0,0,0,0,0,4,"1",FALSE,0
"8030",9,"F",6,"White","High",2,0,0,0,0,0,0,0,0,1,2,"1",TRUE,1
"8031",9,"M",6,"White","High",2,0,0,0,0,0,0,0,0,0,3,NA,FALSE,0
"8032",8,"F",6,"White","High",2,0,0,0,0,0,0,0,0,0,1,"1",FALSE,1
"8033",10,"M",6,"White","High",2,0,0,0,0,0,0,0,0,0,4,NA,FALSE,0
"8034",9,"F",6,"Black","High",2,0,0,0,0,0,0,0,0,1,2,NA,TRUE,1
"8035",7,"F",5,NA,"High",2,0,0,0,0,0,0,0,0,0,4,NA,FALSE,0
"8036",8,"M",5,"White","High",2,0,0,0,0,0,0,0,0,0,4,"1",FALSE,0
"8037",8,"F",5,"White","High",2,0,0,0,0,0,0,0,0,0,4,NA,FALSE,0
"8038",7,"M",5,"Black","High",2,0,0,0,0,0,0,0,0,0,4,"1",FALSE,0
"8039",7,"M",4,"Black","High",1,0,0,0,0,0,0,0,0,0,1,NA,FALSE,1
"8040",8,"F",5,"White","High",2,1,0,0,0,0,0,0,0,1,2,NA,TRUE,1
"8041",8,"M",5,"White","High",2,0,0,0,0,0,0,0,0,0,4,NA,FALSE,0
"8042",8,"F",5,"Black","High",2,0,0,0,0,0,0,0,0,0,4,NA,FALSE,0
"8043",8,"M",5,"Black","High",2,0,0,0,0,0,0,0,0,0,2,"1",FALSE,1
"8044",8,"F",5,"White","High",2,0,0,0,0,0,0,0,0,0,4,NA,FALSE,0
"8045",8,"F",5,"Black","High",2,0,0,0,0,0,0,0,0,0,4,"1",FALSE,0
"8046",7,"F",5,"Black","High",2,0,0,0,0,0,0,0,0,0,2,NA,FALSE,1
"8047",7,"M",5,"AI/AN","High",2,0,0,0,0,0,0,0,0,0,4,NA,FALSE,0
"8048",9,"M",5,"White","High",2,0,0,0,0,0,0,0,0,0,4,NA,FALSE,0
"8049",8,"M",5,"White","High",2,0,0,0,0,0,0,0,0,1,4,"1",TRUE,0
"8050",8,"F",5,"White","High",2,0,0,0,0,0,0,0,0,0,2,"1",FALSE,1
"8051",7,"M",5,"White","High",1,0,0,0,NA,NA,0,NA,NA,0,1,NA,NA,1
"8052",10,"M",7,"Hispanic","High",NA,NA,NA,0,0,0,NA,1,0,NA,2,NA,TRUE,1
"8053",4,"F",1,"White","Middle",2,0,0,0,0,0,0,0,0,0,4,"1",FALSE,0
"8054",4,"M",1,"Hispanic","Middle",2,0,0,0,0,0,0,0,0,0,4,NA,FALSE,0
"8055",5,"F",1,"White","Middle",2,0,0,0,0,0,0,0,0,0,3,NA,FALSE,0
"8056",3,"M",1,"Black","Middle",2,0,0,0,0,0,0,0,0,0,4,NA,FALSE,0
"8057",3,"M",1,"Black","Middle",2,0,0,0,0,0,0,0,0,0,3,NA,FALSE,0
"8058",4,"F",1,"White","Middle",2,0,0,0,0,0,0,0,0,0,4,"1",FALSE,0
"8059",4,"F",1,"White","Middle",1,1,1,0,0,0,0,0,0,0,2,NA,TRUE,1
"8060",4,"F",1,"Black","Middle",2,0,0,0,0,0,0,0,0,0,4,"1",FALSE,0
"8061",4,"M",1,"White","Middle",2,0,0,0,0,0,0,0,0,0,4,"1",FALSE,0
"8062",3,"M",1,"White","Middle",2,0,0,0,NA,NA,0,NA,NA,0,4,"1",NA,0
"8063",3,"M",1,"White","Middle",2,0,0,0,0,0,0,0,0,0,4,NA,FALSE,0
"8064",3,"M",1,"Hispanic","Middle",2,0,0,0,0,0,0,0,0,0,4,"1",FALSE,0
"8065",3,"M",1,"Black","Middle",NA,0,0,0,0,0,0,0,0,0,4,"1",FALSE,0
"8066",4,"M",1,"White","Middle",2,0,0,0,0,0,0,0,0,0,3,"1",FALSE,0
"8067",4,NA,1,"White","Middle",2,0,0,0,0,0,0,0,0,0,4,NA,FALSE,0
"8068",4,"F",1,"White","Middle",2,0,0,0,0,0,0,0,0,0,4,"1",FALSE,0
"8069",3,"F",1,"White","Middle",2,0,0,0,0,0,NA,0,0,0,4,NA,NA,0
"8070",4,"F",1,"White","Middle",2,0,0,0,0,0,0,0,0,0,4,"1",FALSE,0
"8071",4,"F",1,"White","Middle",2,0,0,0,0,0,0,0,0,0,4,"1",FALSE,0
"8072",4,"F",1,NA,"Middle",2,0,0,0,0,0,0,0,0,0,3,NA,FALSE,0
"8073",4,"F",1,"White","Middle",2,0,0,0,0,0,0,0,0,0,4,NA,FALSE,0
"8074",4,"F",2,"Hispanic","Middle",2,0,0,0,0,0,0,0,0,0,4,"1",FALSE,0
"8075",4,"F",2,"White","Middle",2,0,0,0,0,0,0,0,0,0,4,"1",FALSE,0
"8076",5,"M",2,"White","Middle",2,0,0,0,0,0,0,0,0,0,4,"1",FALSE,0
"8077",4,"M",2,NA,"Middle",2,0,0,0,0,0,0,0,0,0,4,"1",FALSE,0
"8078",5,"M",2,"White","Middle",2,0,0,0,0,0,0,0,0,0,2,"1",FALSE,1
"8079",5,"F",2,"White","Middle",2,0,0,0,0,0,0,0,0,0,3,"1",FALSE,0
"8080",4,"M",2,"White","Middle",2,0,0,0,0,0,0,0,0,1,3,"1",TRUE,0
"8081",5,"F",2,"NHOPI","Middle",2,0,0,0,0,0,0,0,0,0,4,"1",FALSE,0
"8082",5,"M",2,"White","Middle",2,0,0,0,0,0,0,0,0,0,4,"1",FALSE,0
"8083",4,"F",2,"Hispanic","Middle",1,1,1,0,1,0,1,0,0,1,1,NA,TRUE,1
"8084",5,"M",2,"White","Middle",2,0,0,0,0,0,0,0,0,0,4,"1",FALSE,0
"8085",5,"F",2,"White","Middle",2,0,0,0,0,0,0,0,0,0,2,NA,FALSE,1
"8086",5,"M",2,NA,"Middle",2,0,0,0,0,0,0,0,0,0,4,"1",FALSE,0
"8087",6,"F",3,"Black","Middle",1,0,1,0,0,0,0,0,0,0,4,NA,TRUE,0
"8088",6,"F",3,"White","Middle",2,0,0,0,0,0,0,0,0,0,4,NA,FALSE,0
"8089",6,"M",3,"White","Middle",2,0,0,0,0,0,0,0,0,0,4,NA,FALSE,0
"8090",5,"M",3,NA,"Middle",2,0,0,0,0,0,0,0,0,0,4,NA,FALSE,0
"8091",5,"F",3,"White","Middle",2,0,0,0,0,0,0,0,0,0,4,"1",FALSE,0
"8092",7,"F",3,NA,"Middle",2,0,0,0,0,0,0,0,0,0,4,"1",FALSE,0
"8093",5,"F",3,"White","Middle",2,0,0,0,0,0,0,0,0,0,4,"1",FALSE,0
"8094",7,"F",3,NA,"Middle",1,1,1,0,0,1,1,0,1,0,NA,NA,TRUE,NA
"8095",6,"M",3,"Black","Middle",2,0,0,0,0,0,0,0,0,0,4,"1",FALSE,0
"8096",6,"M",3,"White","Middle",2,0,0,0,0,0,0,0,0,0,4,"1",FALSE,0
"8097",6,"M",3,"Black","Middle",2,0,0,0,0,0,0,0,0,0,2,NA,FALSE,1
"8098",6,"F",3,"Hispanic","Middle",2,0,0,0,0,0,0,0,0,0,4,"1",FALSE,0
"8099",6,"F",3,"White","Middle",2,0,0,0,0,0,0,0,0,0,4,NA,FALSE,0
"8100",6,"M",3,"White","Middle",2,0,0,0,0,0,0,0,0,0,4,NA,FALSE,0
"8101",6,"M",3,"Black","Middle",2,0,0,0,0,0,0,0,0,0,4,"1",FALSE,0
"8102",6,"F",3,"White","Middle",2,0,0,0,0,0,0,0,0,0,4,NA,FALSE,0
"8103",5,"M",3,"White","Middle",2,0,0,0,0,0,0,0,0,0,4,NA,FALSE,0
"8104",6,"F",3,"Hispanic","Middle",2,0,0,0,0,0,0,0,0,0,2,NA,FALSE,1
"8105",4,"F",1,"White","Middle",2,0,0,0,NA,NA,0,NA,NA,0,2,"1",NA,1
"8106",9,"M",6,"White","High",1,1,1,1,0,1,1,0,0,1,1,NA,TRUE,1
"8107",9,"F",5,"Black","High",2,0,0,0,0,0,0,0,0,0,2,"1",FALSE,1
"8108",9,"M",6,"White","High",1,0,0,0,0,0,0,0,0,0,4,"1",FALSE,0
"8109",9,"M",6,"White","High",2,0,0,1,0,0,0,0,0,1,3,NA,TRUE,0
"8110",9,"M",6,"White","High",2,0,0,1,0,0,0,0,0,1,3,"1",TRUE,0
"8111",9,"M",6,"White","High",1,0,0,0,0,0,0,0,0,0,4,"1",FALSE,0
"8112",8,"M",6,"Black","High",1,0,0,0,0,0,0,0,0,1,2,"1",TRUE,1
"8113",8,"M",6,"White","High",2,0,0,0,0,0,0,0,0,1,4,"1",TRUE,0
"8114",9,"F",6,"White","High",1,0,0,0,0,0,0,0,0,0,2,"1",FALSE,1
"8115",9,"F",6,"White","High",2,0,0,0,0,0,0,0,0,1,4,NA,TRUE,0
"8116",8,"M",6,"White","High",2,0,0,0,0,0,0,0,0,0,4,"1",FALSE,0
"8117",9,"M",6,"White","High",1,0,0,0,0,0,0,0,0,0,2,NA,FALSE,1
"8118",8,"F",7,"White","High",2,0,0,0,0,0,0,0,0,0,2,NA,FALSE,1
"8119",9,"M",7,"Black","High",2,0,0,0,0,0,0,0,0,0,4,"1",FALSE,0
"8120",10,"M",7,"Black","High",1,0,0,0,0,0,0,0,0,0,2,NA,FALSE,1
"8121",10,"F",7,"White","High",1,0,0,0,0,0,0,0,0,0,4,"1",FALSE,0
"8122",10,"M",7,"White","High",2,0,0,0,0,0,0,0,0,1,4,"1",TRUE,0
"8123",10,"M",7,"White","High",2,0,0,0,0,0,0,0,0,0,4,NA,FALSE,0
"8124",10,"M",7,"White","High",2,0,0,0,0,0,0,0,0,1,4,"1",TRUE,0
"8125",10,"M",7,"White","High",2,0,0,0,0,0,0,0,0,0,4,NA,FALSE,0
"8126",10,"F",7,"White","High",2,0,0,0,0,0,0,0,0,0,2,NA,FALSE,1
"8127",7,"M",4,"White","High",2,0,0,0,0,0,0,0,0,1,2,"1",TRUE,1
"8128",7,"M",4,"Black","High",2,0,0,0,0,0,0,0,0,0,4,NA,FALSE,0
"8129",7,"M",4,"White","High",1,0,0,0,0,0,0,0,0,0,2,"1",FALSE,1
"8130",6,"F",4,"White","High",2,0,0,0,0,0,0,0,0,0,3,"1",FALSE,0
"8131",6,"F",4,"White","High",2,0,0,0,0,0,0,0,0,0,2,"1",FALSE,1
"8132",8,"F",4,"White","High",2,0,0,0,0,0,0,0,0,0,2,NA,FALSE,1
"8133",6,"M",4,"White","High",2,0,0,0,0,0,0,0,0,0,4,"1",FALSE,0
"8134",7,"F",4,"White","High",2,0,0,0,0,0,0,0,0,0,2,NA,FALSE,1
"8135",7,"M",4,"Black","High",2,0,0,0,0,0,0,0,0,0,4,"1",FALSE,0
"8136",8,"F",5,"White","High",2,0,0,0,0,0,0,0,0,0,4,NA,FALSE,0
"8137",7,"M",4,"White","High",2,0,0,0,0,0,0,0,0,0,4,NA,FALSE,0
"8138",6,"M",4,"White","High",NA,0,0,0,0,0,NA,0,0,0,3,"1",NA,0
"8139",7,"F",4,"Black","High",2,0,0,0,0,0,0,0,0,0,4,"1",FALSE,0
"8140",6,"M",4,"White","High",2,0,0,0,0,0,0,0,0,0,4,NA,FALSE,0
"8141",6,"F",4,"White","High",2,0,0,0,0,0,0,0,0,0,4,"1",FALSE,0
"8142",7,"M",4,"Black","High",2,0,0,0,0,0,0,0,0,0,4,"1",FALSE,0
"8143",6,"M",4,"White","High",NA,1,0,0,0,0,0,0,0,0,2,NA,TRUE,1
"8144",6,"M",4,"White","High",2,0,0,0,0,0,0,0,0,0,4,"1",FALSE,0
"8145",7,"F",4,"Black","High",2,0,0,0,0,0,0,0,0,0,2,NA,FALSE,1
"8146",7,"M",4,"Black","High",2,0,0,0,0,0,0,0,0,0,4,NA,FALSE,0
"8147",7,"F",4,"Black","High",1,0,1,0,0,0,0,0,0,0,4,NA,TRUE,0
"8148",6,"F",4,"Black","High",2,0,0,0,0,0,0,0,0,0,3,"1",FALSE,0
"8149",7,"F",4,"Black","High",2,0,0,0,0,0,0,0,0,0,4,"1",FALSE,0
"8150",7,"F",4,NA,"High",2,0,0,0,0,0,0,0,0,0,3,"1",FALSE,0
"8151",7,"M",4,"White","High",2,0,0,0,0,0,0,0,0,0,2,"1",FALSE,1
"8152",6,"F",4,"Hispanic","High",2,0,0,0,0,0,0,0,0,0,4,NA,FALSE,0
"8153",8,"F",5,"White","High",2,0,0,0,0,0,0,0,0,0,3,NA,FALSE,0
"8154",7,"M",5,"White","High",2,0,0,0,0,0,0,0,0,0,4,NA,FALSE,0
"8155",8,"M",5,"White","High",2,0,0,0,0,0,0,0,0,0,4,NA,FALSE,0
"8156",7,"M",5,"Hispanic","High",NA,0,0,0,0,0,0,0,0,0,4,NA,FALSE,0
"8157",9,"F",6,"White","High",1,1,1,0,0,0,0,0,0,0,1,NA,TRUE,1
"8158",9,"F",6,"White","High",2,0,0,0,0,0,0,0,0,0,2,"1",FALSE,1
"8159",7,"F",5,"Hispanic","High",2,0,0,0,0,0,0,0,0,0,2,NA,FALSE,1
"8160",9,"M",6,"White","High",2,0,0,0,NA,NA,0,NA,NA,0,4,NA,NA,0
"8161",8,"F",5,"White","High",2,0,0,0,0,0,0,0,0,0,4,"1",FALSE,0
"8162",9,"F",5,"Black","High",2,0,0,0,0,0,0,0,0,0,4,"1",FALSE,0
"8163",7,"F",5,"White","High",1,0,0,0,0,0,0,0,0,0,4,NA,FALSE,0
"8164",8,"M",5,"Black","High",2,0,0,NA,NA,NA,NA,NA,NA,0,4,"1",NA,0
"8165",8,"M",5,NA,"High",2,0,0,0,0,0,NA,0,0,1,4,NA,TRUE,0
"8166",8,"M",5,"White","High",2,0,0,0,0,0,0,0,0,0,2,"1",FALSE,1
"8167",8,"F",5,"White","High",1,NA,0,0,0,0,0,0,0,0,1,NA,NA,1
"8168",7,"F",5,"White","High",2,0,0,0,0,0,0,0,0,0,4,NA,FALSE,0
"8169",8,"F",6,"White","High",2,0,0,0,0,0,0,0,0,0,4,"1",FALSE,0
"8170",9,"F",6,"White","High",1,1,0,0,0,0,0,0,0,1,2,"1",TRUE,1
"8171",9,"F",6,"White","High",2,0,0,0,0,0,0,0,0,0,3,"1",FALSE,0
"8172",9,"F",6,"White","High",2,0,0,0,0,0,0,0,0,1,3,NA,TRUE,0
"8173",9,"F",6,"White","High",2,0,0,0,0,0,0,0,0,0,4,"1",FALSE,0
"8174",9,"M",6,"White","High",2,0,0,0,0,0,0,0,0,0,4,"1",FALSE,0
"8175",9,"F",6,"White","High",2,0,0,0,0,0,0,0,0,1,4,NA,TRUE,0
"8176",9,"F",6,"White","High",2,0,0,0,0,0,0,0,0,0,4,"1",FALSE,0
"8177",9,"M",6,"White","High",2,0,0,0,0,0,0,0,0,0,4,"1",FALSE,0
"8178",8,"F",6,"White","High",2,0,0,0,0,0,0,0,0,0,2,NA,FALSE,1
"8179",9,"M",6,"White","High",2,0,0,0,0,0,0,0,0,0,2,"1",FALSE,1
"8180",9,"F",6,"White","High",2,0,0,0,0,0,0,0,0,0,4,"1",FALSE,0
"8181",9,"F",6,"White","High",2,0,0,0,0,0,0,0,0,0,4,"1",FALSE,0
"8182",9,"M",6,"White","High",2,0,0,0,0,0,0,0,0,0,2,"1",FALSE,1
"8183",9,"M",6,"White","High",1,0,0,0,0,0,0,0,0,1,2,NA,TRUE,1
"8184",10,"M",7,"White","High",1,1,0,1,0,0,0,1,0,1,1,NA,TRUE,1
"8185",10,"M",7,"White","High",2,0,0,0,0,0,0,0,0,0,4,"1",FALSE,0
"8186",10,"M",7,"White","High",1,0,0,1,0,0,0,1,0,1,3,"1",TRUE,0
"8187",10,"M",6,"White","High",1,0,0,0,0,0,0,0,0,0,2,NA,FALSE,1
"8188",10,"M",7,"Hispanic","High",1,1,1,1,0,0,0,0,0,1,1,"1",TRUE,1
"8189",10,"M",7,"White","High",2,0,0,0,0,0,0,0,0,0,2,NA,FALSE,1
"8190",10,"F",7,"White","High",1,1,1,0,0,0,0,0,0,1,1,NA,TRUE,1
"8191",10,"F",7,"White","High",1,0,0,0,0,0,0,0,0,0,1,"1",FALSE,1
"8192",10,"F",7,"White","High",2,0,0,0,0,0,0,0,0,0,4,"1",FALSE,0
"8193",10,"F",7,"White","High",2,0,0,0,0,0,0,0,0,1,4,"1",TRUE,0
"8194",10,"M",7,"White","High",2,0,0,0,0,0,0,0,0,0,4,NA,FALSE,0
"8195",8,"F",5,"White","High",2,0,0,0,0,0,0,0,0,1,4,NA,TRUE,0
"8196",7,"M",5,"White","High",1,0,0,0,0,0,0,0,0,1,3,"1",TRUE,0
"8197",8,"M",5,"White","High",2,0,0,0,0,0,0,0,0,0,4,NA,FALSE,0
"8198",7,"F",5,"White","High",2,0,0,0,0,0,0,0,0,0,3,"1",FALSE,0
"8199",8,"F",5,"White","High",2,0,0,0,0,0,0,0,0,0,3,NA,FALSE,0
"8200",8,"F",5,"White","High",2,0,0,0,0,0,0,0,0,0,4,"1",FALSE,0
"8201",7,"F",5,"White","High",2,0,0,0,0,0,0,0,0,1,3,NA,TRUE,0
"8202",7,"F",5,"White","High",2,0,0,0,0,0,0,0,0,0,4,"1",FALSE,0
"8203",7,"F",5,"White","High",1,1,0,0,0,0,0,0,0,1,1,NA,TRUE,1
"8204",8,"F",5,"White","High",2,0,0,0,0,0,0,0,0,0,4,"1",FALSE,0
"8205",8,"F",5,"White","High",1,0,0,0,0,0,0,0,0,1,4,NA,TRUE,0
"8206",8,"F",5,"White","High",1,0,0,NA,0,0,0,0,0,0,1,NA,NA,1
"8207",8,"F",5,"White","High",2,0,0,0,0,0,0,0,0,0,4,NA,FALSE,0
"8208",8,"F",5,"White","High",2,0,0,0,0,0,0,0,0,0,4,NA,FALSE,0
"8209",8,"M",5,"White","High",1,0,0,0,0,0,0,0,0,1,3,NA,TRUE,0
"8210",7,"M",5,"White","High",1,0,0,1,0,0,0,0,0,1,2,"1",TRUE,1
"8211",7,"F",5,"White","High",2,0,0,0,0,0,0,0,0,0,4,NA,FALSE,0
"8212",10,"F",7,"White","High",2,0,0,0,0,0,0,0,0,1,4,"1",TRUE,0
"8213",9,"M",7,"White","High",1,NA,NA,1,0,0,1,0,0,1,1,"1",TRUE,1
"8214",10,"M",7,"White","High",2,0,0,0,0,0,0,0,0,0,4,"1",FALSE,0
"8215",10,"M",7,"White","High",1,0,0,0,0,0,0,0,0,1,4,NA,TRUE,0
"8216",10,"M",7,"White","High",2,1,0,0,0,0,0,0,0,0,4,"1",TRUE,0
"8217",6,"F",3,"White","Middle",2,0,0,0,0,0,0,0,0,0,4,NA,FALSE,0
"8218",6,"M",3,"Hispanic","Middle",2,0,0,0,0,0,0,0,0,0,3,NA,FALSE,0
"8219",6,"M",3,"Black","Middle",2,0,0,0,0,0,0,0,0,0,4,"1",FALSE,0
"8220",6,"M",3,"Asian","Middle",2,0,0,0,0,0,0,0,0,0,4,"1",FALSE,0
"8221",5,"M",3,"Black","Middle",2,0,0,0,0,0,0,0,0,0,4,"1",FALSE,0
"8222",6,"M",3,"White","Middle",2,0,0,0,0,0,0,0,0,0,3,"1",FALSE,0
"8223",6,"F",3,"White","Middle",2,0,0,0,0,0,0,0,0,0,2,"1",FALSE,1
"8224",5,"F",3,"White","Middle",2,0,0,0,0,0,0,0,0,0,4,"1",FALSE,0
"8225",5,"M",3,"White","Middle",2,0,0,0,0,0,0,0,0,0,4,"1",FALSE,0
"8226",6,"F",3,"Hispanic","Middle",2,0,0,0,NA,NA,0,NA,NA,NA,4,NA,NA,0
"8227",5,"M",3,"White","Middle",2,0,0,0,0,0,0,0,0,0,4,"1",FALSE,0
"8228",5,"F",3,"White","Middle",2,0,0,0,0,0,0,0,0,0,1,NA,FALSE,1
"8229",6,"F",3,"Black","Middle",1,0,1,0,NA,NA,0,NA,NA,0,2,NA,TRUE,1
"8230",7,"F",3,"White","Middle",2,0,0,0,0,0,0,0,0,0,3,NA,FALSE,0
"8231",4,"M",2,"Black","Middle",2,0,0,0,0,0,0,0,0,0,3,NA,FALSE,0
"8232",6,"M",3,"White","Middle",2,0,0,0,0,0,0,0,0,0,4,"1",FALSE,0
"8233",6,"F",3,"Hispanic","Middle",2,0,0,0,0,0,0,0,0,0,4,"1",FALSE,0
"8234",6,"F",3,"White","Middle",2,0,0,0,0,0,0,0,0,0,4,"1",FALSE,0
"8235",6,"F",3,"Hispanic","Middle",2,0,0,0,0,0,0,0,0,0,3,NA,FALSE,0
"8236",6,"F",3,"White","Middle",2,0,0,0,0,0,0,0,0,0,3,NA,FALSE,0
"8237",5,"F",3,"White","Middle",2,0,0,0,0,0,0,0,0,0,4,NA,FALSE,0
"8238",6,"M",3,"White","Middle",2,0,0,0,0,0,0,0,0,0,4,NA,FALSE,0
"8239",6,"M",3,"Black","Middle",NA,0,0,0,0,0,0,0,0,0,3,"1",FALSE,0
"8240",6,"M",3,"White","Middle",2,0,0,0,0,0,0,0,0,0,4,"1",FALSE,0
"8241",6,"M",3,"White","Middle",2,0,0,0,0,0,0,0,0,0,4,"1",FALSE,0
"8242",5,"F",3,"White","Middle",2,0,0,0,0,0,0,0,0,0,4,"1",FALSE,0
"8243",6,"F",3,"White","Middle",2,0,0,0,0,0,0,0,0,0,4,NA,FALSE,0
"8244",6,"M",3,"White","Middle",2,0,0,0,0,0,0,0,0,0,3,"1",FALSE,0
"8245",5,"M",2,"Hispanic","Middle",2,0,0,0,0,0,0,0,0,0,3,NA,FALSE,0
"8246",5,"M",2,"White","Middle",2,0,0,0,0,0,0,0,0,0,2,"1",FALSE,1
"8247",4,"M",2,"White","Middle",2,0,0,0,0,0,0,0,0,0,2,NA,FALSE,1
"8248",4,"F",2,"White","Middle",2,0,0,0,0,0,0,0,0,0,4,NA,FALSE,0
"8249",4,"F",2,"White","Middle",2,0,0,0,0,0,0,0,0,0,4,"1",FALSE,0
"8250",4,"F",2,"White","Middle",2,0,0,0,0,0,0,0,0,0,4,NA,FALSE,0
"8251",5,"M",2,"White","Middle",2,0,0,0,0,0,0,0,0,0,2,"1",FALSE,1
"8252",5,"M",2,"AI/AN","Middle",2,0,0,0,0,0,0,0,0,0,4,NA,FALSE,0
"8253",4,"M",2,"White","Middle",2,0,0,0,0,0,0,0,0,0,4,"1",FALSE,0
"8254",5,"M",2,"White","Middle",2,0,0,0,0,0,0,0,0,0,4,NA,FALSE,0
"8255",4,"M",2,"Hispanic","Middle",2,0,0,0,0,0,0,0,0,0,4,"1",FALSE,0
"8256",4,"M",2,"White","Middle",2,0,0,0,0,0,0,0,0,0,4,NA,FALSE,0
"8257",5,"F",2,"White","Middle",2,0,0,0,0,0,0,0,0,0,4,NA,FALSE,0
"8258",5,"F",2,"White","Middle",2,0,0,0,0,0,0,0,0,0,4,"1",FALSE,0
"8259",4,"F",2,"Hispanic","Middle",2,0,0,0,0,0,0,0,0,0,3,"1",FALSE,0
"8260",5,"M",2,"White","Middle",2,0,0,0,0,0,0,0,0,0,4,"1",FALSE,0
"8261",5,"M",2,"Black","Middle",2,0,0,0,0,0,0,0,0,0,4,"1",FALSE,0
"8262",5,"M",2,"Hispanic","Middle",2,0,0,0,0,0,0,0,0,0,3,"1",FALSE,0
"8263",5,"M",2,"Hispanic","Middle",2,1,0,0,0,0,0,0,0,1,1,NA,TRUE,1
"8264",5,"F",2,"White","Middle",2,0,0,0,0,0,0,0,0,0,4,"1",FALSE,0
"8265",5,"F",2,"Hispanic","Middle",2,0,0,0,0,0,0,0,0,0,4,"1",FALSE,0
"8266",5,"F",2,"Hispanic","Middle",2,0,0,0,0,0,0,0,0,0,4,"1",FALSE,0
"8267",5,"F",2,"White","Middle",2,0,0,0,0,0,0,0,0,0,4,"1",FALSE,0
"8268",4,"M",2,NA,"Middle",2,NA,NA,NA,0,0,0,0,0,NA,4,"1",NA,0
"8269",4,"F",1,"Black","Middle",2,0,0,0,0,0,0,0,0,0,4,"1",FALSE,0
"8270",4,"F",1,"White","Middle",2,0,0,0,0,0,0,0,0,0,4,"1",FALSE,0
"8271",4,"M",1,"White","Middle",2,0,0,0,0,0,0,0,0,0,4,"1",FALSE,0
"8272",3,"M",1,"Hispanic","Middle",2,0,0,0,0,0,0,0,0,0,2,NA,FALSE,1
"8273",3,"F",1,"Hispanic","Middle",2,0,0,0,0,0,0,0,0,0,4,NA,FALSE,0
"8274",3,"M",1,"White","Middle",2,0,0,0,0,0,0,0,0,0,4,"1",FALSE,0
"8275",3,"F",1,NA,"Middle",2,0,0,0,0,0,0,0,0,0,4,"1",FALSE,0
"8276",4,"F",1,"White","Middle",2,0,0,0,0,0,0,0,0,0,4,NA,FALSE,0
"8277",4,"M",1,"White","Middle",2,0,0,0,0,0,0,0,0,0,3,"1",FALSE,0
"8278",3,"F",1,"White","Middle",2,0,0,0,0,0,0,0,0,0,3,"1",FALSE,0
"8279",4,"M",1,"White","Middle",2,0,0,0,0,0,0,0,0,0,4,"1",FALSE,0
"8280",4,"F",1,"White","Middle",2,0,0,0,0,0,0,0,0,0,4,NA,FALSE,0
"8281",3,"F",1,"White","Middle",2,0,0,0,0,0,0,0,0,0,3,NA,FALSE,0
"8282",4,"F",1,"White","Middle",2,0,0,0,0,0,0,0,0,0,3,"1",FALSE,0
"8283",4,"M",1,"Hispanic","Middle",2,0,0,0,0,0,0,0,0,0,2,NA,FALSE,1
"8284",3,"F",1,"White","Middle",2,0,0,0,0,0,0,0,0,0,4,"1",FALSE,0
"8285",4,"M",1,"White","Middle",2,0,0,0,0,0,0,0,0,0,4,NA,FALSE,0
"8286",4,"F",1,"AI/AN","Middle",2,0,0,0,0,0,0,0,0,0,4,"1",FALSE,0
"8287",4,"M",1,"Hispanic","Middle",2,0,0,0,0,0,0,0,0,0,4,NA,FALSE,0
"8288",4,"M",1,"Hispanic","Middle",2,0,0,0,0,0,0,0,0,0,3,NA,FALSE,0
"8289",4,"F",1,"White","Middle",2,0,0,0,0,0,0,0,0,0,4,"1",FALSE,0
"8290",3,"M",1,"Hispanic","Middle",2,0,0,0,0,0,0,0,0,0,4,"1",FALSE,0
"8291",3,"M",1,"White","Middle",2,0,0,0,0,0,0,0,0,0,4,"1",FALSE,0
"8292",3,"F",1,"Black","Middle",2,0,0,0,0,0,0,0,0,0,4,NA,FALSE,0
"8293",4,"F",1,"White","Middle",2,0,0,0,0,0,0,0,0,0,4,NA,FALSE,0
"8294",7,"F",4,"White","High",2,0,0,0,0,0,0,0,0,1,2,NA,TRUE,1
"8295",6,"F",4,"White","High",2,0,0,0,0,0,0,0,0,0,3,NA,FALSE,0
"8296",6,"M",4,"Hispanic","High",2,0,0,0,0,0,0,0,0,0,4,"1",FALSE,0
"8297",7,"M",4,"White","High",2,0,0,0,0,0,0,0,0,0,4,"1",FALSE,0
"8298",8,"M",4,"White","High",2,0,0,0,0,0,0,0,0,0,4,NA,FALSE,0
"8299",7,"M",4,"White","High",2,0,0,0,0,0,0,0,0,0,2,NA,FALSE,1
"8300",7,"M",4,"White","High",2,0,0,0,0,0,0,0,0,1,4,"1",TRUE,0
"8301",7,"F",4,NA,"High",2,0,0,0,0,0,0,0,0,0,4,"1",FALSE,0
"8302",6,"M",4,"White","High",2,0,0,0,0,0,0,0,0,0,4,"1",FALSE,0
"8303",6,"F",4,"Hispanic","High",2,0,0,0,0,0,0,0,0,1,4,"1",TRUE,0
"8304",6,"F",4,"White","High",1,0,0,0,0,0,0,0,0,0,4,NA,FALSE,0
"8305",7,"F",4,"White","High",2,0,0,0,0,0,0,0,0,0,2,"1",FALSE,1
"8306",7,"F",4,"White","High",2,0,0,0,0,0,0,0,0,0,2,"1",FALSE,1
"8307",7,"F",4,"Asian","High",2,0,0,0,0,0,0,0,0,0,4,"1",FALSE,0
"8308",6,"F",4,"White","High",2,0,0,0,0,0,0,0,0,0,4,"1",FALSE,0
"8309",7,"F",4,"White","High",2,0,0,0,0,0,0,0,0,0,3,"1",FALSE,0
"8310",6,"F",4,"White","High",2,0,0,0,0,0,0,0,0,0,4,"1",FALSE,0
"8311",6,"F",4,NA,"High",2,0,0,0,0,0,0,0,0,0,4,"1",FALSE,0
"8312",7,"M",4,"White","High",2,0,0,0,0,0,0,0,0,0,4,"1",FALSE,0
"8313",7,"M",4,"Hispanic","High",2,0,0,0,0,0,0,0,0,0,4,"1",FALSE,0
"8314",7,"M",4,"Hispanic","High",2,0,0,0,0,0,0,0,0,0,2,"1",FALSE,1
"8315",7,"M",4,"White","High",2,0,0,0,0,0,0,0,0,0,4,NA,FALSE,0
"8316",7,"F",4,"Hispanic","High",2,0,0,0,0,0,0,0,0,0,2,"1",FALSE,1
"8317",7,"F",4,"Asian","High",2,0,0,0,0,0,1,0,0,0,4,"1",TRUE,0
"8318",7,"M",4,"White","High",2,0,0,1,0,0,0,1,1,1,4,"1",TRUE,0
"8319",7,"F",4,"White","High",2,1,0,0,0,0,0,0,0,1,1,NA,TRUE,1
"8320",7,"F",4,"Hispanic","High",2,0,0,0,0,0,0,0,0,1,2,"1",TRUE,1
"8321",7,"F",4,"White","High",2,0,0,0,0,0,0,0,0,0,1,NA,FALSE,1
"8322",6,"M",4,"Hispanic","High",2,0,0,0,0,0,0,0,0,0,4,"1",FALSE,0
"8323",7,"M",4,"Hispanic","High",1,1,0,0,0,1,0,0,0,0,3,"1",TRUE,0
"8324",6,"M",4,"White","High",2,0,0,0,0,0,0,0,0,0,4,"1",FALSE,0
"8325",7,"M",4,"Hispanic","High",2,0,0,0,0,0,0,0,0,0,4,"1",FALSE,0
"8326",7,"M",4,"Hispanic","High",2,0,0,0,0,0,0,0,0,0,4,"1",FALSE,0
"8327",6,"M",4,NA,"High",2,0,0,0,NA,NA,0,NA,NA,0,4,NA,NA,0
"8328",9,"F",7,"White","High",2,0,0,0,0,0,0,0,0,0,3,"1",FALSE,0
"8329",10,"M",7,"White","High",2,0,0,0,0,0,0,0,0,0,4,"1",FALSE,0
"8330",9,"F",6,"Hispanic","High",2,0,0,0,0,0,0,0,0,0,4,"1",FALSE,0
"8331",10,"F",7,"White","High",2,0,0,0,0,0,0,0,0,0,4,NA,FALSE,0
"8332",8,"F",6,"White","High",2,0,0,0,0,0,0,0,0,0,3,"1",FALSE,0
"8333",10,"M",7,"Asian","High",2,0,0,0,0,0,0,0,0,0,4,"1",FALSE,0
"8334",8,"F",6,"White","High",2,0,0,0,0,0,0,0,0,0,3,"1",FALSE,0
"8335",8,"F",6,"Hispanic","High",2,0,0,0,0,0,0,0,0,0,2,"1",FALSE,1
"8336",9,"M",6,"Hispanic","High",2,0,0,0,0,0,0,0,0,0,1,NA,FALSE,1
"8337",10,"M",7,"White","High",1,0,1,0,0,0,0,0,0,1,2,"1",TRUE,1
"8338",10,"F",7,"White","High",2,0,0,0,0,0,0,0,0,0,4,"1",FALSE,0
"8339",10,"F",7,"White","High",1,0,0,0,0,0,0,0,0,0,4,"1",FALSE,0
"8340",9,"F",7,"White","High",2,0,0,0,0,0,0,0,0,0,4,"1",FALSE,0
"8341",9,"F",6,"White","High",2,0,0,0,0,0,0,0,0,1,4,"1",TRUE,0
"8342",9,"F",6,"Hispanic","High",2,0,0,0,0,0,0,0,0,0,3,"1",FALSE,0
"8343",10,"F",7,"White","High",2,0,0,0,0,0,0,0,0,0,4,"1",FALSE,0
"8344",9,"M",7,"White","High",1,0,0,0,0,0,0,0,0,0,2,"1",FALSE,1
"8345",9,"F",7,"White","High",2,0,0,0,0,0,0,0,0,0,4,"1",FALSE,0
"8346",9,"F",7,"Hispanic","High",2,0,0,0,0,0,0,0,0,0,4,"1",FALSE,0
"8347",9,"F",7,"White","High",2,0,0,0,0,0,0,0,0,0,4,NA,FALSE,0
"8348",9,"F",6,"White","High",2,0,0,0,0,0,0,0,0,0,3,"1",FALSE,0
"8349",9,"F",6,"Black","High",2,0,0,0,0,0,0,0,0,0,4,"1",FALSE,0
"8350",9,"F",6,"White","High",2,0,0,0,0,0,0,0,0,1,4,"1",TRUE,0
"8351",8,"F",6,"White","High",1,0,1,0,0,0,0,0,0,0,2,NA,TRUE,1
"8352",9,"F",7,"White","High",2,0,0,0,0,0,0,0,0,0,4,NA,FALSE,0
"8353",10,"F",7,"White","High",2,0,0,0,0,0,0,0,0,0,2,"1",FALSE,1
"8354",8,"F",6,"Black","High",2,0,0,0,0,0,0,0,0,0,4,"1",FALSE,0
"8355",10,"M",7,"Hispanic","High",1,0,0,0,0,0,0,0,0,0,3,"1",FALSE,0
"8356",10,"M",7,"White","High",1,1,1,0,0,0,1,0,0,1,1,"1",TRUE,1
"8357",10,"F",7,"White","High",2,0,0,0,0,0,0,0,0,1,4,"1",TRUE,0
"8358",9,"F",6,"Hispanic","High",2,0,0,0,0,0,0,0,0,0,4,"1",FALSE,0
"8359",10,"M",7,"White","High",2,0,0,0,0,0,0,0,0,0,4,"1",FALSE,0
"8360",9,"F",6,"White","High",2,0,0,0,0,0,0,0,0,0,4,"1",FALSE,0
"8361",10,"M",7,"White","High",2,0,0,0,0,0,0,0,0,0,4,NA,FALSE,0
"8362",10,"F",7,"White","High",2,0,0,0,0,0,0,0,0,0,2,"1",FALSE,1
"8363",9,"F",7,"White","High",2,0,0,0,0,0,0,0,0,0,4,"1",FALSE,0
"8364",8,"F",5,"White","High",2,0,0,0,0,0,0,0,0,0,3,"1",FALSE,0
"8365",8,"F",5,"White","High",2,0,0,0,0,0,0,0,0,0,4,"1",FALSE,0
"8366",8,"F",5,"Hispanic","High",2,0,0,0,0,0,0,0,0,0,4,NA,FALSE,0
"8367",8,"F",5,"Hispanic","High",2,0,0,0,0,0,0,0,0,0,4,NA,FALSE,0
"8368",8,"M",5,"White","High",2,0,0,0,0,0,0,0,0,0,4,"1",FALSE,0
"8369",8,"M",5,"White","High",2,0,0,0,0,0,0,0,0,0,4,NA,FALSE,0
"8370",8,"M",5,"White","High",2,0,0,0,0,0,0,0,0,0,4,"1",FALSE,0
"8371",7,"F",5,"White","High",2,0,0,0,0,0,0,0,0,0,4,"1",FALSE,0
"8372",8,"M",5,"White","High",2,0,0,0,0,0,0,0,0,0,4,NA,FALSE,0
"8373",9,"M",7,NA,"High",2,0,0,0,0,0,0,0,0,0,2,"1",FALSE,1
"8374",8,"M",5,"White","High",2,0,0,0,0,0,0,0,0,0,1,NA,FALSE,1
"8375",NA,NA,NA,"Hispanic",NA,1,1,1,1,0,0,1,1,0,1,2,NA,TRUE,1
"8376",8,"M",5,"White","High",1,0,0,0,NA,NA,NA,NA,NA,1,1,NA,TRUE,1
"8377",8,"M",5,"White","High",2,0,0,NA,NA,NA,NA,NA,NA,1,4,NA,TRUE,0
"8378",9,"F",6,"White","High",2,1,0,0,0,0,0,0,0,1,1,NA,TRUE,1
"8379",8,"M",5,"White","High",1,1,1,0,0,0,0,0,0,1,2,NA,TRUE,1
"8380",8,"M",5,"White","High",2,0,0,0,0,0,0,0,0,0,4,NA,FALSE,0
"8381",8,"M",5,"White","High",2,0,0,0,0,0,0,0,0,0,4,"1",FALSE,0
"8382",8,"F",5,"White","High",2,0,0,0,0,0,0,0,0,0,4,"1",FALSE,0
"8383",8,"F",5,"White","High",2,0,0,0,0,0,0,0,0,0,4,NA,FALSE,0
"8384",8,"F",5,"White","High",2,0,0,0,0,0,0,0,0,0,4,"1",FALSE,0
"8385",9,"M",6,"White","High",2,0,0,0,0,0,0,0,0,1,4,"1",TRUE,0
"8386",9,"M",6,"White","High",2,0,0,NA,0,0,0,0,0,1,1,NA,TRUE,1
"8387",9,"F",7,"White","High",2,0,0,0,0,0,0,0,0,0,4,"1",FALSE,0
"8388",10,"F",7,"White","High",2,0,0,0,0,0,0,0,0,0,4,"1",FALSE,0
"8389",9,"F",6,"White","High",2,0,0,0,0,0,0,0,0,0,4,NA,FALSE,0
"8390",9,"F",7,"White","High",1,0,0,0,0,0,0,0,0,0,4,NA,FALSE,0
"8391",10,"F",7,"White","High",2,0,0,0,0,0,0,0,0,1,2,NA,TRUE,1
"8392",7,"M",4,"Asian","High",2,0,0,0,0,0,0,0,0,0,4,"1",FALSE,0
"8393",7,"F",4,"White","High",2,0,0,0,0,0,0,0,0,0,3,"1",FALSE,0
"8394",7,"F",4,"White","High",2,0,0,0,0,0,0,0,0,1,4,NA,TRUE,0
"8395",7,"M",4,"Hispanic","High",2,0,0,0,0,0,0,0,0,0,4,"1",FALSE,0
"8396",7,"F",4,"Hispanic","High",2,0,0,0,0,0,0,0,0,0,3,NA,FALSE,0
"8397",6,"F",4,"Hispanic","High",2,0,0,0,0,0,0,0,0,0,2,NA,FALSE,1
"8398",6,"F",4,"Hispanic","High",2,0,0,0,0,0,0,0,0,0,4,"1",FALSE,0
"8399",8,"F",6,"White","High",2,0,0,0,0,0,0,0,0,0,4,NA,FALSE,0
"8400",9,"F",6,"Asian","High",2,0,0,0,0,0,0,0,0,0,3,NA,FALSE,0
"8401",9,"F",6,"Asian","High",2,0,0,0,0,0,0,0,0,0,4,NA,FALSE,0
"8402",9,"M",6,"White","High",2,0,0,0,0,0,0,0,0,0,4,"1",FALSE,0
"8403",9,"F",6,"White","High",2,0,0,0,0,0,0,0,0,0,3,"1",FALSE,0
"8404",7,"F",4,"Hispanic","High",2,0,0,0,0,0,0,0,0,0,4,"1",FALSE,0
"8405",1,"M",4,"Black","High",1,0,1,0,0,0,1,0,0,1,4,NA,TRUE,0
"8406",7,"M",4,"Black","High",2,0,0,0,0,0,0,0,0,0,3,"1",FALSE,0
"8407",10,"F",7,"White","High",2,0,0,0,0,0,0,0,0,0,4,"1",FALSE,0
"8408",10,"F",7,"White","High",1,0,1,0,0,0,0,0,0,1,3,NA,TRUE,0
"8409",10,"F",7,"White","High",1,0,0,0,0,0,0,0,0,0,3,"1",FALSE,0
"8410",7,"F",4,"Hispanic","High",2,0,0,0,0,0,0,0,0,0,1,NA,FALSE,1
"8411",6,"F",4,"White","High",2,0,0,0,0,0,0,0,0,0,3,"1",FALSE,0
"8412",7,"M",4,"White","High",2,0,NA,NA,NA,NA,NA,NA,NA,NA,4,NA,NA,0
"8413",NA,NA,NA,NA,NA,NA,0,NA,NA,NA,NA,NA,NA,NA,NA,4,NA,NA,0
"8414",7,"M",4,"Hispanic","High",2,0,0,0,0,0,0,0,0,0,4,"1",FALSE,0
"8415",6,"F",4,"Black","High",2,0,0,0,0,0,0,0,0,0,2,NA,FALSE,1
"8416",7,"M",4,"White","High",2,0,0,0,0,0,0,0,0,0,4,NA,FALSE,0
"8417",7,"M",4,"White","High",2,0,0,0,0,0,0,0,0,0,4,NA,FALSE,0
"8418",7,"M",4,"White","High",2,0,0,0,0,0,0,0,0,1,4,NA,TRUE,0
"8419",10,"M",7,"White","High",1,0,0,0,0,0,0,0,0,1,4,"1",TRUE,0
"8420",10,"M",7,"White","High",2,0,0,0,0,0,0,0,0,0,1,"1",FALSE,1
"8421",9,"F",6,"Hispanic","High",1,0,0,0,0,0,0,0,0,1,1,"1",TRUE,1
"8422",9,"M",7,"White","High",2,0,0,0,0,0,0,0,0,0,4,"1",FALSE,0
"8423",9,"F",6,"White","High",2,0,0,0,0,0,0,0,0,0,4,"1",FALSE,0
"8424",7,"F",4,"White","High",2,0,0,0,0,0,0,0,0,0,2,"1",FALSE,1
"8425",7,"M",4,"Hispanic","High",2,0,0,0,0,0,0,0,0,0,4,"1",FALSE,0
"8426",7,"F",4,"Hispanic","High",2,0,0,0,0,0,0,0,0,0,3,"1",FALSE,0
"8427",7,"F",4,"White","High",2,0,0,0,0,0,0,0,0,0,2,"1",FALSE,1
"8428",7,"F",4,"Hispanic","High",2,0,0,0,0,0,0,0,0,0,2,"1",FALSE,1
"8429",6,"F",4,"White","High",2,0,0,0,0,0,0,0,0,0,4,NA,FALSE,0
"8430",7,"F",4,"Hispanic","High",2,0,0,0,0,0,0,0,0,0,4,"1",FALSE,0
"8431",7,"F",4,"Black","High",2,0,0,0,0,0,0,0,0,0,4,"1",FALSE,0
"8432",6,"F",4,"White","High",2,0,0,0,0,0,0,0,0,0,4,"1",FALSE,0
"8433",7,"F",4,"Black","High",1,0,0,0,0,0,0,0,0,0,4,NA,FALSE,0
"8434",6,"M",4,"Asian","High",2,0,0,0,0,0,0,0,0,0,2,"1",FALSE,1
"8435",6,"M",4,"White","High",2,NA,0,0,0,0,0,0,0,0,1,"1",NA,1
"8436",7,"F",4,"Hispanic","High",2,0,0,0,0,0,0,0,0,0,4,"1",FALSE,0
"8437",6,"F",4,"Hispanic","High",2,0,0,0,0,0,0,0,0,0,3,"1",FALSE,0
"8438",8,"F",5,NA,"High",2,0,0,0,0,0,0,0,0,0,4,"1",FALSE,0
"8439",8,"F",4,"Hispanic","High",2,0,0,0,0,0,0,0,0,0,4,"1",FALSE,0
"8440",7,"M",4,"Hispanic","High",2,0,0,0,0,0,0,0,0,0,2,NA,FALSE,1
"8441",6,"F",4,"White","High",2,0,0,0,0,0,0,0,0,0,4,NA,FALSE,0
"8442",6,"F",4,"White","High",2,0,0,0,0,0,0,0,0,0,3,"1",FALSE,0
"8443",7,"F",4,"White","High",2,0,0,0,0,0,0,0,0,0,4,"1",FALSE,0
"8444",7,"M",4,"White","High",2,0,0,0,0,0,0,0,0,0,4,NA,FALSE,0
"8445",6,"F",4,"Asian","High",2,0,0,0,0,0,0,0,0,0,2,"1",FALSE,1
"8446",7,"M",4,"White","High",2,0,0,0,0,0,0,0,0,0,4,"1",FALSE,0
"8447",7,"M",4,"White","High",2,0,0,0,0,0,0,0,0,0,4,NA,FALSE,0
"8448",7,"M",4,"Black","High",2,0,0,0,0,0,0,0,0,0,3,NA,FALSE,0
"8449",10,"F",7,"White","High",2,0,0,0,0,0,0,0,0,0,4,"1",FALSE,0
"8450",9,"F",7,"White","High",1,0,1,0,0,0,0,0,0,1,2,"1",TRUE,1
"8451",10,"F",7,"White","High",2,0,0,0,0,0,0,0,0,0,2,"1",FALSE,1
"8452",10,"M",7,"White","High",2,0,0,0,0,0,0,0,0,0,4,"1",FALSE,0
"8453",9,"M",6,"White","High",2,0,0,0,0,0,0,0,0,0,3,"1",FALSE,0
"8454",6,"F",4,"Hispanic","High",2,0,0,0,0,0,0,0,0,0,2,"1",FALSE,1
"8455",7,"M",4,"White","High",NA,0,0,0,0,0,0,0,0,0,4,NA,FALSE,0
"8456",7,"F",4,"White","High",2,0,0,0,0,0,0,0,0,0,4,NA,FALSE,0
"8457",7,"M",4,"Hispanic","High",2,0,0,0,0,0,0,0,0,0,4,"1",FALSE,0
"8458",6,"F",4,"Hispanic","High",2,0,0,0,0,0,1,0,0,0,4,"1",TRUE,0
"8459",7,"M",4,"Black","High",2,0,0,0,0,0,0,0,0,0,4,"1",FALSE,0
"8460",6,"F",4,"AI/AN","High",2,0,0,0,0,0,0,0,0,0,3,"1",FALSE,0
"8461",7,"F",4,"Hispanic","High",2,0,0,0,0,0,0,0,0,0,1,"1",FALSE,1
"8462",6,"M",4,"White","High",2,0,0,0,0,0,0,0,0,0,4,"1",FALSE,0
"8463",7,"F",4,"White","High",2,0,0,0,0,0,0,0,0,0,4,NA,FALSE,0
"8464",6,"F",4,"Black","High",2,0,0,0,0,0,0,0,0,0,4,NA,FALSE,0
"8465",7,"M",4,"White","High",1,0,NA,0,0,0,0,0,0,0,2,NA,NA,1
"8466",7,"M",4,"Hispanic","High",2,0,0,0,0,0,0,0,0,0,4,"1",FALSE,0
"8467",7,"F",4,"Hispanic","High",2,0,0,0,0,0,0,0,0,1,3,NA,TRUE,0
"8468",7,"F",4,"White","High",2,0,0,0,0,0,0,0,0,0,4,"1",FALSE,0
"8469",7,"F",4,"White","High",2,0,0,0,0,0,0,0,0,0,4,"1",FALSE,0
"8470",7,"M",4,"Hispanic","High",2,0,0,0,0,0,0,0,0,0,4,"1",FALSE,0
"8471",7,"F",4,"Hispanic","High",2,1,0,0,0,0,0,0,0,0,1,"1",TRUE,1
"8472",6,"F",4,"White","High",2,1,0,0,0,0,0,0,0,1,2,NA,TRUE,1
"8473",7,"F",4,"White","High",2,0,0,0,0,0,0,0,0,0,4,"1",FALSE,0
"8474",7,"F",4,"White","High",2,0,0,0,0,0,0,0,0,0,4,"1",FALSE,0
"8475",7,"F",4,"White","High",NA,0,0,0,0,0,0,0,0,0,4,"1",FALSE,0
"8476",7,"F",4,"Hispanic","High",2,0,0,0,0,0,0,0,0,0,4,NA,FALSE,0
"8477",6,"F",4,"White","High",2,0,0,0,0,0,0,0,0,0,3,"1",FALSE,0
"8478",7,"M",4,"Hispanic","High",2,0,0,0,0,0,0,0,0,0,4,"1",FALSE,0
"8479",7,"M",4,"White","High",2,0,0,0,0,0,0,0,0,0,4,"1",FALSE,0
"8480",6,"F",4,"Hispanic","High",2,0,0,0,0,0,0,0,0,0,4,"1",FALSE,0
"8481",7,"F",4,NA,"High",2,0,0,0,0,0,0,0,0,0,3,"1",FALSE,0
"8482",7,"F",4,"Hispanic","High",1,1,0,0,0,0,0,1,0,1,1,NA,TRUE,1
"8483",7,"M",4,"White","High",1,0,0,0,0,0,0,0,0,1,4,NA,TRUE,0
"8484",7,"M",4,"Hispanic","High",2,0,0,0,0,0,0,0,0,0,4,NA,FALSE,0
"8485",7,"F",4,"White","High",2,0,0,0,0,0,0,0,0,0,1,NA,FALSE,1
"8486",6,"M",4,"Hispanic","High",2,0,0,0,0,0,0,0,0,0,4,NA,FALSE,0
"8487",7,"M",4,"White","High",2,0,0,0,0,0,0,0,0,0,4,NA,FALSE,0
"8488",9,"F",6,"White","High",2,0,0,0,0,0,0,0,0,0,4,NA,FALSE,0
"8489",9,"F",6,"White","High",2,0,0,0,0,0,0,0,0,0,4,"1",FALSE,0
"8490",1,NA,NA,NA,NA,1,1,NA,NA,NA,NA,NA,NA,NA,NA,NA,NA,TRUE,NA
"8491",8,"M",5,"Hispanic","High",2,0,0,0,0,0,0,0,0,0,3,"1",FALSE,0
"8492",8,"M",5,"White","High",2,0,0,0,0,0,0,0,0,0,2,"1",FALSE,1
"8493",8,"M",5,"White","High",2,0,0,0,0,0,0,0,0,0,2,"1",FALSE,1
"8494",8,"F",5,"White","High",1,0,0,0,0,0,1,0,0,1,2,"1",TRUE,1
"8495",8,"F",5,"White","High",1,0,1,0,0,0,0,0,0,1,2,"1",TRUE,1
"8496",8,"M",5,"White","High",2,0,0,1,0,0,0,0,0,0,2,"1",TRUE,1
"8497",7,"M",5,"White","High",2,0,0,0,0,0,0,0,0,0,3,"1",FALSE,0
"8498",8,"M",5,"White","High",2,0,0,0,0,0,0,0,0,0,4,"1",FALSE,0
"8499",8,"F",5,"White","High",2,0,0,0,0,0,0,0,0,0,4,"1",FALSE,0
"8500",7,"F",5,"White","High",2,0,0,0,0,0,0,0,0,0,4,"1",FALSE,0
"8501",8,"F",5,"White","High",2,0,0,0,0,0,0,0,0,0,2,NA,FALSE,1
"8502",8,"F",5,"White","High",2,1,0,0,0,0,0,0,0,0,1,NA,TRUE,1
"8503",8,"F",5,"Black","High",2,0,0,0,0,0,0,0,0,0,3,NA,FALSE,0
"8504",7,"M",5,"Hispanic","High",1,1,0,0,NA,NA,0,NA,NA,1,1,"1",TRUE,1
"8505",8,"M",5,"White","High",2,0,0,0,0,0,0,0,0,0,3,NA,FALSE,0
"8506",9,"F",6,"White","High",1,0,0,0,0,0,0,0,0,0,4,NA,FALSE,0
"8507",9,"M",6,"White","High",2,0,0,0,0,0,0,0,0,0,4,"1",FALSE,0
"8508",9,"M",6,"Hispanic","High",2,0,0,0,NA,NA,0,NA,NA,0,4,"1",NA,0
"8509",9,"F",6,"White","High",2,0,0,0,0,0,0,0,0,0,4,"1",FALSE,0
"8510",10,"M",6,"White","High",2,0,0,0,0,0,0,0,0,0,3,"1",FALSE,0
"8511",9,"F",6,"White","High",1,1,0,0,0,0,1,0,0,0,1,NA,TRUE,1
"8512",7,"M",4,"White","High",2,0,0,0,0,0,0,0,0,0,3,"1",FALSE,0
"8513",6,"F",4,"White","High",2,0,0,0,0,0,0,0,0,0,2,"1",FALSE,1
"8514",8,"M",5,"White","High",2,0,0,0,0,0,0,0,0,0,4,NA,FALSE,0
"8515",8,"M",5,NA,"High",2,0,0,0,0,0,0,0,0,0,4,NA,FALSE,0
"8516",8,"M",5,"White","High",2,0,0,0,0,0,0,0,0,0,4,"1",FALSE,0
"8517",9,"M",5,"White","High",2,0,0,0,0,0,0,0,0,0,3,NA,FALSE,0
"8518",8,"M",5,"White","High",1,1,0,0,0,0,0,0,0,1,1,"1",TRUE,1
"8519",9,"F",6,"Hispanic","High",1,1,1,0,0,0,0,0,1,0,1,"1",TRUE,1
"8520",9,"F",6,"White","High",2,0,0,0,0,0,0,0,0,0,2,NA,FALSE,1
"8521",9,"F",6,"White","High",2,0,0,0,0,0,0,0,0,0,4,"1",FALSE,0
"8522",8,"M",6,"White","High",1,1,1,1,1,0,1,0,0,1,1,NA,TRUE,1
"8523",9,"F",6,"White","High",2,1,0,0,0,0,0,0,0,1,1,NA,TRUE,1
"8524",9,"M",6,"Hispanic","High",1,1,1,0,0,0,0,0,0,1,1,NA,TRUE,1
"8525",10,"F",6,"Hispanic","High",2,0,0,0,0,0,0,0,0,0,4,"1",FALSE,0
"8526",9,"F",6,"White","High",2,0,0,0,0,0,0,0,0,0,4,NA,FALSE,0
"8527",9,"F",6,"White","High",2,0,0,0,0,0,0,0,0,0,4,NA,FALSE,0
"8528",9,"F",6,"White","High",2,0,0,0,0,0,0,0,0,0,2,"1",FALSE,1
"8529",9,"F",6,"White","High",2,0,0,0,0,0,0,0,0,0,4,NA,FALSE,0
"8530",9,"M",6,"White","High",1,NA,0,1,0,0,0,1,1,1,1,"1",TRUE,1
"8531",9,"F",6,"White","High",2,0,0,0,0,0,0,0,0,0,4,NA,FALSE,0
"8532",9,"M",6,NA,"High",NA,0,0,0,0,0,0,0,0,0,4,"1",FALSE,0
"8533",10,"M",7,"Hispanic","High",2,0,0,0,0,0,0,0,0,0,4,"1",FALSE,0
"8534",10,"F",7,"White","High",2,0,0,0,0,0,0,0,0,1,4,NA,TRUE,0
"8535",10,"F",7,"Hispanic","High",2,0,0,0,0,0,0,0,0,0,4,"1",FALSE,0
"8536",11,"M",7,"White","High",2,0,0,0,0,0,0,0,0,0,4,NA,FALSE,0
"8537",10,"M",7,"White","High",1,0,0,0,0,0,0,0,0,0,2,"1",FALSE,1
"8538",10,"M",7,"Hispanic","High",2,0,0,0,0,0,0,0,0,0,4,"1",FALSE,0
"8539",10,"F",7,"White","High",2,0,0,0,0,0,0,0,0,0,4,NA,FALSE,0
"8540",9,"F",7,"White","High",1,0,0,0,0,0,0,0,0,0,4,"1",FALSE,0
"8541",8,"F",6,"White","High",2,0,0,0,0,0,0,0,0,0,4,"1",FALSE,0
"8542",8,"F",6,"White","High",2,0,0,0,0,0,0,0,0,1,1,NA,TRUE,1
"8543",9,"F",7,"White","High",1,0,0,0,0,0,0,0,0,0,2,"1",FALSE,1
"8544",11,"M",7,"Hispanic","High",2,0,0,0,0,0,0,0,0,1,2,NA,TRUE,1
"8545",10,"M",7,"White","High",1,1,1,1,0,0,0,1,0,0,1,NA,TRUE,1
"8546",10,"M",7,"White","High",2,0,0,0,0,0,0,0,0,0,4,NA,FALSE,0
"8547",10,"M",7,"White","High",1,1,0,1,0,0,0,1,0,1,2,NA,TRUE,1
"8548",10,"M",7,"White","High",2,0,0,0,0,0,0,0,0,0,4,"1",FALSE,0
"8549",10,"F",7,"White","High",2,1,0,0,0,0,0,0,0,NA,3,NA,TRUE,0
"8550",9,"M",7,"White","High",2,0,0,0,0,0,0,0,0,0,3,"1",FALSE,0
"8551",8,"M",6,"White","High",1,0,0,0,0,0,0,0,0,1,3,NA,TRUE,0
"8552",8,"M",6,"Hispanic","High",2,0,0,0,0,0,0,0,0,0,2,"1",FALSE,1
"8553",6,"F",3,"Black","Middle",1,0,1,0,0,0,1,0,0,0,3,"1",TRUE,0
"8554",6,"F",3,"White","Middle",2,0,0,0,0,0,0,0,0,0,2,NA,FALSE,1
"8555",6,"F",3,"White","Middle",2,0,0,0,0,0,0,0,0,0,1,NA,FALSE,1
"8556",6,"M",3,"White","Middle",2,0,0,0,0,0,0,0,0,0,2,NA,FALSE,1
"8557",6,"M",3,"White","Middle",2,0,0,0,0,0,0,0,0,0,4,"1",FALSE,0
"8558",6,"F",3,"Black","Middle",2,0,0,0,0,0,0,0,0,0,2,NA,FALSE,1
"8559",6,"F",3,"White","Middle",2,0,0,0,0,0,0,0,0,0,2,"1",FALSE,1
"8560",6,"M",3,"White","Middle",2,0,0,0,0,0,0,0,0,0,2,"1",FALSE,1
"8561",5,"M",2,"White","Middle",2,0,0,0,NA,NA,0,NA,NA,0,3,NA,NA,0
"8562",4,"M",2,"White","Middle",2,0,0,0,0,0,0,0,0,0,4,"1",FALSE,0
"8563",5,"F",2,"Black","Middle",2,0,0,0,0,0,0,0,0,0,2,NA,FALSE,1
"8564",5,NA,2,"White","Middle",2,0,0,0,0,0,0,0,0,0,3,NA,FALSE,0
"8565",5,"M",2,"White","Middle",2,0,0,0,0,0,0,0,0,0,4,NA,FALSE,0
"8566",5,"F",2,"Hispanic","Middle",2,0,0,0,0,0,0,0,0,0,4,"1",FALSE,0
"8567",4,"F",2,"White","Middle",2,0,0,0,0,0,0,0,0,0,4,NA,FALSE,0
"8568",5,"F",2,"White","Middle",2,0,0,0,0,0,0,0,0,0,3,"1",FALSE,0
"8569",4,"F",2,"White","Middle",2,0,0,0,0,0,0,0,0,0,4,"1",FALSE,0
"8570",NA,"F",2,"White","Middle",2,0,0,0,0,0,0,0,0,0,2,"1",FALSE,1
"8571",3,"F",1,"AI/AN","Middle",2,0,0,0,0,0,0,0,0,0,4,NA,FALSE,0
"8572",4,"M",1,NA,"Middle",2,0,0,0,0,0,0,0,0,0,4,"1",FALSE,0
"8573",4,"F",1,"Black","Middle",2,0,0,0,0,0,0,0,0,0,4,NA,FALSE,0
"8574",4,"F",1,NA,"Middle",2,0,0,0,0,0,0,0,0,0,4,"1",FALSE,0
"8575",3,"M",1,NA,"Middle",2,0,0,0,0,0,0,0,0,0,4,NA,FALSE,0
"8576",3,"M",1,"Black","Middle",2,0,0,0,0,0,0,0,0,0,4,"1",FALSE,0
"8577",6,"F",3,"White","Middle",2,0,0,0,0,0,0,0,0,0,2,"1",FALSE,1
"8578",7,"F",3,"Hispanic","Middle",2,0,0,0,0,0,0,0,0,0,4,"1",FALSE,0
"8579",4,"M",2,"Black","Middle",2,0,0,NA,0,0,0,0,0,0,3,NA,NA,0
"8580",4,"M",2,"Black","Middle",2,0,0,0,0,0,0,0,0,0,3,"1",FALSE,0
"8581",5,"F",2,"White","Middle",2,0,0,0,0,0,0,0,0,0,4,NA,FALSE,0
"8582",5,"M",2,"White","Middle",2,0,0,0,0,0,0,0,0,0,4,NA,FALSE,0
"8583",5,"M",2,"Black","Middle",2,NA,0,0,0,0,0,0,0,1,2,NA,TRUE,1
"8584",5,"F",2,"Hispanic","Middle",2,0,0,0,0,0,0,0,0,0,4,NA,FALSE,0
"8585",5,"M",2,"Hispanic","Middle",2,0,0,0,0,0,0,0,0,1,1,"1",TRUE,1
"8586",4,"M",2,"White","Middle",2,0,0,0,0,0,0,0,0,0,4,NA,FALSE,0
"8587",6,"M",3,"Hispanic","Middle",2,0,0,0,0,0,0,0,0,0,4,"1",FALSE,0
"8588",6,"M",3,"White","Middle",2,0,0,0,0,0,0,0,0,0,1,NA,FALSE,1
"8589",6,"F",3,"White","Middle",2,0,0,0,0,0,0,0,0,0,4,NA,FALSE,0
"8590",6,"F",3,"Hispanic","Middle",2,0,0,0,0,0,0,0,0,0,3,NA,FALSE,0
"8591",6,"M",3,"Hispanic","Middle",2,0,0,0,0,0,0,0,0,0,4,"1",FALSE,0
"8592",5,"M",2,"NHOPI","Middle",1,NA,0,0,0,0,0,0,0,1,1,NA,TRUE,1
"8593",5,"F",3,"Black","Middle",2,0,0,0,0,0,0,0,0,0,1,NA,FALSE,1
"8594",5,NA,3,"White","Middle",1,0,0,0,0,0,0,0,0,0,4,"1",FALSE,0
"8595",7,"F",3,"Black","Middle",1,0,0,0,0,0,0,0,0,0,1,NA,FALSE,1
"8596",6,"F",3,"Black","Middle",2,0,0,0,0,0,0,0,0,0,2,NA,FALSE,1
"8597",6,"F",3,"White","Middle",2,0,0,0,0,0,0,0,0,0,1,"1",FALSE,1
"8598",4,"F",2,"White","Middle",2,0,0,0,0,0,0,0,0,0,4,NA,FALSE,0
"8599",5,"F",2,"White","Middle",2,0,0,0,0,0,0,0,0,0,2,NA,FALSE,1
"8600",5,"F",2,"Black","Middle",2,0,0,0,0,0,0,0,0,0,4,NA,FALSE,0
"8601",6,"F",3,"Black","Middle",2,0,0,0,0,0,0,0,0,0,2,"1",FALSE,1
"8602",7,"M",3,"Hispanic","Middle",2,0,0,0,0,0,0,0,0,0,4,NA,FALSE,0
"8603",5,"M",2,"Black","Middle",2,0,0,0,0,0,0,0,0,0,4,"1",FALSE,0
"8604",5,"M",3,"NHOPI","Middle",2,0,0,0,0,0,0,0,0,0,3,"1",FALSE,0
"8605",5,"M",3,"Black","Middle",2,0,0,0,0,0,0,0,0,0,3,"1",FALSE,0
"8606",6,"M",3,"White","Middle",2,NA,0,0,0,0,0,0,0,0,2,NA,NA,1
"8607",4,"F",2,"White","Middle",2,0,0,0,0,0,0,0,0,0,4,NA,FALSE,0
"8608",6,"M",3,"White","Middle",2,0,0,0,0,0,0,0,0,0,4,"1",FALSE,0
"8609",6,"F",3,"Black","Middle",2,0,0,0,0,0,0,0,0,0,3,"1",FALSE,0
"8610",5,"F",3,"Black","Middle",2,0,0,0,0,0,0,0,0,0,4,"1",FALSE,0
"8611",5,"F",3,"Hispanic","Middle",1,1,1,0,0,0,0,0,0,1,2,NA,TRUE,1
"8612",6,"F",3,"White","Middle",2,0,0,0,0,0,0,0,0,0,4,NA,FALSE,0
"8613",6,"F",3,"Black","Middle",2,0,0,0,0,0,0,0,0,0,3,"1",FALSE,0
"8614",5,"F",3,"Black","Middle",2,0,0,0,0,0,0,0,0,0,4,"1",FALSE,0
"8615",6,"F",3,"White","Middle",2,0,0,0,0,0,0,0,0,0,4,NA,FALSE,0
"8616",5,"F",3,"White","Middle",2,0,0,0,0,0,0,0,0,0,4,"1",FALSE,0
"8617",6,"F",3,"Black","Middle",1,0,0,0,0,0,0,0,0,0,2,"1",FALSE,1
"8618",4,"F",2,"Black","Middle",2,0,0,0,0,0,0,0,0,0,4,"1",FALSE,0
"8619",5,"F",2,"Black","Middle",NA,0,0,0,0,0,0,0,0,0,1,"1",FALSE,1
"8620",5,"F",2,"White","Middle",2,0,0,0,0,0,0,0,0,0,3,"1",FALSE,0
"8621",5,"F",2,"Black","Middle",2,0,0,0,0,0,0,0,0,0,1,NA,FALSE,1
"8622",6,"M",2,"White","Middle",1,0,0,0,0,0,0,0,0,1,2,NA,TRUE,1
"8623",4,"M",2,"Hispanic","Middle",2,0,0,0,0,0,0,0,0,0,2,NA,FALSE,1
"8624",6,"M",2,"Black","Middle",2,0,0,0,0,0,0,0,0,0,1,NA,FALSE,1
"8625",5,"F",2,"White","Middle",2,0,0,0,0,0,0,0,0,0,4,NA,FALSE,0
"8626",4,"F",2,"White","Middle",2,0,0,0,0,0,0,0,0,0,4,"1",FALSE,0
"8627",5,"F",2,"White","Middle",2,0,0,0,0,0,0,0,0,0,4,NA,FALSE,0
"8628",5,"F",2,NA,"Middle",2,0,0,NA,0,0,0,0,0,0,4,NA,NA,0
"8629",5,"M",2,"Black","Middle",2,0,0,0,0,0,0,0,0,0,4,"1",FALSE,0
"8630",6,"M",2,"White","Middle",2,0,0,0,0,0,0,0,0,0,2,NA,FALSE,1
"8631",5,"F",2,"AI/AN","Middle",2,0,0,0,0,0,0,0,0,0,4,NA,FALSE,0
"8632",5,"M",2,"Hispanic","Middle",1,NA,0,0,1,0,0,0,0,0,3,NA,TRUE,0
"8633",5,"M",2,"White","Middle",2,0,0,0,0,0,0,0,0,0,4,"1",FALSE,0
"8634",5,"M",2,"Hispanic","Middle",2,0,0,0,0,0,0,0,0,0,4,NA,FALSE,0
"8635",5,"M",2,"White","Middle",2,0,0,0,0,0,0,0,0,0,4,NA,FALSE,0
"8636",5,"M",3,"White","Middle",2,0,0,0,0,0,0,0,0,0,1,NA,FALSE,1
"8637",4,"M",2,"White","Middle",2,0,0,0,0,0,0,0,0,0,4,NA,FALSE,0
"8638",4,"F",2,"Hispanic","Middle",2,0,0,0,0,0,0,0,0,0,4,NA,FALSE,0
"8639",9,"M",7,"White","High",1,0,1,0,0,0,0,0,0,1,1,"1",TRUE,1
"8640",8,"M",5,"White","High",2,0,0,0,0,0,0,0,0,0,3,"1",FALSE,0
"8641",11,"F",8,"Hispanic",NA,1,1,NA,1,1,0,0,0,0,0,1,NA,TRUE,1
"8642",7,"F",4,NA,"High",2,0,0,0,0,0,0,0,0,0,4,"1",FALSE,0
"8643",7,"F",4,"White","High",2,0,0,0,0,0,0,0,0,1,2,NA,TRUE,1
"8644",8,"F",4,"Black","High",1,1,0,0,0,0,0,0,1,0,2,NA,TRUE,1
"8645",7,"F",4,"White","High",2,0,0,0,0,0,0,0,0,0,4,"1",FALSE,0
"8646",7,"F",4,"White","High",2,0,0,0,0,0,0,0,0,0,4,NA,FALSE,0
"8647",7,"F",4,"White","High",2,0,0,0,0,0,0,0,0,0,4,"1",FALSE,0
"8648",7,"M",4,"White","High",1,1,0,1,0,0,0,0,0,1,1,NA,TRUE,1
"8649",9,"M",6,"White","High",2,0,0,0,0,0,0,0,0,0,4,"1",FALSE,0
"8650",9,NA,6,NA,"High",1,1,1,1,0,0,1,0,1,1,4,NA,TRUE,0
"8651",10,"M",6,NA,"High",NA,NA,NA,NA,NA,NA,NA,NA,NA,NA,NA,NA,NA,NA
"8652",9,"M",6,NA,"High",2,0,0,0,0,0,0,0,0,0,4,"1",FALSE,0
"8653",10,"M",7,"White","High",1,1,1,1,0,0,0,0,0,0,3,"1",TRUE,0
"8654",9,"M",6,NA,"High",NA,0,0,1,0,0,0,0,0,1,3,NA,TRUE,0
"8655",8,"F",6,"White","High",2,0,0,0,0,0,0,0,0,1,4,NA,TRUE,0
"8656",1,"M",1,"AI/AN","Middle",1,0,0,0,0,0,0,0,0,0,1,NA,FALSE,1
"8657",10,"M",6,"White","High",2,0,0,0,0,0,0,0,0,0,4,"1",FALSE,0
"8658",9,"F",6,"White","High",1,1,0,0,0,0,0,0,0,1,1,NA,TRUE,1
"8659",8,"F",6,"White","High",1,1,0,0,0,0,0,0,0,1,1,NA,TRUE,1
"8660",9,"F",6,"White","High",1,1,1,1,1,0,0,1,0,1,2,"1",TRUE,1
"8661",9,"M",6,"White","High",2,0,0,0,0,0,0,0,0,0,1,NA,FALSE,1
"8662",8,"M",6,"White","High",2,0,0,0,0,0,0,0,0,0,4,NA,FALSE,0
"8663",9,"F",6,"White","High",2,0,0,0,0,0,0,0,0,1,1,"1",TRUE,1
"8664",9,"F",6,"White","High",2,0,0,0,0,0,0,0,0,0,4,NA,FALSE,0
"8665",10,"F",7,"White","High",2,0,0,0,0,0,0,0,0,0,4,"1",FALSE,0
"8666",9,"F",7,"White","High",2,0,0,0,0,0,0,0,0,0,2,"1",FALSE,1
"8667",9,"F",7,"White","High",1,0,0,0,0,0,0,0,0,0,1,NA,FALSE,1
"8668",10,"F",7,"White","High",1,1,0,0,0,0,0,1,0,0,1,"1",TRUE,1
"8669",10,"F",7,"White","High",1,0,0,0,0,0,0,0,0,1,2,"1",TRUE,1
"8670",10,"F",7,"White","High",1,1,0,0,0,0,0,0,0,1,3,"1",TRUE,0
"8671",10,"M",7,"White","High",1,0,1,0,0,0,0,0,0,1,4,"1",TRUE,0
"8672",9,"F",7,"White","High",2,0,0,0,0,0,0,0,0,0,4,NA,FALSE,0
"8673",9,"F",7,"White","High",2,0,0,0,0,0,0,0,0,0,4,NA,FALSE,0
"8674",10,"F",7,"White","High",2,0,0,0,0,0,0,0,0,0,4,"1",FALSE,0
"8675",10,"F",7,"White","High",2,0,0,0,0,0,0,0,0,0,2,NA,FALSE,1
"8676",9,"M",7,"White","High",2,0,0,0,0,0,0,0,0,0,4,"1",FALSE,0
"8677",9,"F",7,"White","High",2,0,0,0,0,0,0,0,0,0,3,NA,FALSE,0
"8678",9,"F",7,"White","High",1,0,0,0,0,0,0,0,0,0,1,NA,FALSE,1
"8679",10,"M",7,"White","High",2,0,0,1,0,0,0,0,0,0,3,NA,TRUE,0
"8680",11,"M",7,"White","High",1,1,1,1,0,0,0,0,0,0,4,"1",TRUE,0
"8681",11,"M",7,"White","High",1,1,1,1,1,0,0,0,0,1,1,"1",TRUE,1
"8682",9,"F",7,"White","High",1,1,0,0,0,0,0,0,0,1,1,NA,TRUE,1
"8683",10,"F",7,"White","High",1,0,0,0,0,0,0,0,0,0,1,"1",FALSE,1
"8684",9,"F",7,"White","High",2,0,0,0,0,0,0,0,0,0,4,NA,FALSE,0
"8685",9,"F",7,"White","High",2,0,0,0,0,0,0,0,0,0,4,NA,FALSE,0
"8686",10,"F",7,"White","High",2,0,0,0,0,0,0,0,0,0,2,"1",FALSE,1
"8687",9,"F",7,"White","High",2,0,0,0,0,0,0,0,0,0,4,NA,FALSE,0
"8688",9,"F",5,"White","High",1,0,0,0,0,0,0,0,0,0,2,"1",FALSE,1
"8689",8,"M",5,"White","High",1,1,1,1,1,0,1,0,0,0,1,NA,TRUE,1
"8690",8,"M",5,"White","High",1,1,1,1,0,0,0,1,0,1,1,NA,TRUE,1
"8691",9,"M",6,"White","High",1,0,1,1,0,0,1,0,0,0,1,"1",TRUE,1
"8692",9,"M",5,"Hispanic","High",2,NA,0,0,0,0,0,0,0,NA,4,"1",NA,0
"8693",8,"M",5,"White","High",1,0,0,0,0,0,0,0,0,0,4,NA,FALSE,0
"8694",8,"M",5,"White","High",2,0,0,0,0,0,0,0,0,0,3,NA,FALSE,0
"8695",8,"M",5,"White","High",2,0,0,0,0,0,0,0,0,0,4,"1",FALSE,0
"8696",7,"F",5,"White","High",1,NA,0,1,0,0,0,0,0,1,1,NA,TRUE,1
"8697",8,"M",5,"White","High",2,0,0,0,0,0,0,0,0,0,4,"1",FALSE,0
"8698",8,"M",5,"White","High",2,0,0,0,0,0,0,0,0,0,4,"1",FALSE,0
"8699",8,"M",5,"White","High",2,0,0,0,0,0,0,0,0,1,4,"1",TRUE,0
"8700",7,"F",5,"White","High",2,1,0,0,0,0,0,0,0,1,1,NA,TRUE,1
"8701",7,"F",5,"White","High",2,0,0,0,0,0,0,0,0,0,4,"1",FALSE,0
"8702",9,"F",4,"White","High",2,1,0,0,0,0,0,0,0,1,3,NA,TRUE,0
"8703",8,"M",5,"White","High",1,1,1,0,0,0,0,0,0,1,1,NA,TRUE,1
"8704",8,"F",5,"White","High",2,0,0,0,0,0,0,0,0,0,4,"1",FALSE,0
"8705",8,"F",5,"White","High",2,0,0,NA,0,0,0,0,0,0,4,"1",NA,0
"8706",8,"M",5,"White","High",1,0,0,0,0,0,0,0,0,0,2,NA,FALSE,1
"8707",8,"M",5,"White","High",2,0,0,0,0,0,0,0,0,0,2,"1",FALSE,1
"8708",8,"F",5,"White","High",2,0,0,0,0,0,0,0,0,0,4,"1",FALSE,0
"8709",8,"F",5,"White","High",2,0,0,0,0,0,0,0,0,0,1,"1",FALSE,1
"8710",7,"M",4,"White","High",2,1,NA,1,0,0,0,1,0,1,1,NA,TRUE,1
"8711",8,"M",4,"White","High",2,0,0,0,0,0,0,0,0,0,4,"1",FALSE,0
"8712",7,"F",4,"White","High",2,0,0,0,0,0,0,0,0,1,1,NA,TRUE,1
"8713",6,"F",4,"White","High",2,0,0,0,0,0,0,0,0,0,4,"1",FALSE,0
"8714",7,"F",4,"White","High",2,0,0,0,0,0,0,0,0,0,4,"1",FALSE,0
"8715",7,"F",4,"White","High",2,0,0,0,0,0,0,0,0,0,4,"1",FALSE,0
"8716",7,"F",4,"White","High",2,0,0,0,0,0,0,0,0,0,3,NA,FALSE,0
"8717",8,"F",4,"Hispanic","High",2,NA,0,0,0,0,0,0,0,1,1,NA,TRUE,1
"8718",7,"F",4,"White","High",2,0,0,0,0,0,0,0,0,0,4,"1",FALSE,0
"8719",7,"F",4,"White","High",2,0,0,0,0,0,0,0,0,0,4,"1",FALSE,0
"8720",7,"M",4,"White","High",2,0,0,0,0,0,0,0,0,0,4,NA,FALSE,0
"8721",6,"M",4,"White","High",2,0,0,0,0,0,0,0,0,0,4,"1",FALSE,0
"8722",10,"M",6,"White","High",1,1,1,1,0,0,0,1,0,0,4,"1",TRUE,0
"8723",7,"M",4,"White","High",2,0,0,0,0,0,0,0,0,1,4,NA,TRUE,0
"8724",7,"M",4,"White","High",2,0,0,0,0,0,0,0,0,0,4,"1",FALSE,0
"8725",9,"M",5,"Hispanic","High",NA,1,NA,NA,NA,NA,NA,NA,NA,NA,1,NA,TRUE,1
"8726",6,"F",4,"White","High",2,0,0,0,0,0,0,0,0,0,2,NA,FALSE,1
"8727",7,"M",4,"White","High",2,0,0,0,0,0,0,0,0,0,4,"1",FALSE,0
"8728",7,"M",4,"White","High",2,0,0,0,0,0,0,0,0,0,4,NA,FALSE,0
"8729",7,"F",4,"White","High",2,0,0,0,0,0,0,0,0,0,2,NA,FALSE,1
"8730",5,"F",1,NA,"Middle",NA,1,NA,0,NA,NA,NA,NA,NA,1,2,NA,TRUE,1
"8731",3,"F",1,"Hispanic","Middle",2,0,0,0,0,0,0,0,0,0,2,NA,FALSE,1
"8732",3,"F",1,NA,"Middle",2,0,NA,NA,NA,NA,NA,NA,NA,0,3,NA,NA,0
"8733",4,"M",1,"White","Middle",2,0,0,0,0,0,0,0,0,0,4,NA,FALSE,0
"8734",4,"M",1,"White","Middle",2,0,0,0,0,0,0,0,0,0,4,"1",FALSE,0
"8735",3,"M",1,"White","Middle",2,0,0,0,0,0,0,0,0,0,4,"1",FALSE,0
"8736",3,"M",1,"Black","Middle",2,0,0,0,0,0,0,0,0,0,4,"1",FALSE,0
"8737",5,"M",1,"Asian","Middle",2,0,0,0,0,0,0,0,0,0,4,"1",FALSE,0
"8738",5,"M",1,NA,"Middle",2,0,0,0,0,0,0,0,0,0,4,NA,FALSE,0
"8739",4,"M",1,"White","Middle",2,0,0,0,0,0,0,0,0,0,3,NA,FALSE,0
"8740",5,"F",1,"White","Middle",2,0,0,0,0,0,0,0,0,0,4,"1",FALSE,0
"8741",5,"F",1,"White","Middle",2,0,0,0,0,0,0,0,0,0,4,NA,FALSE,0
"8742",5,"F",1,"White","Middle",2,0,0,0,0,0,0,0,0,0,4,NA,FALSE,0
"8743",4,"F",1,"White","Middle",2,0,0,0,0,0,0,0,0,0,4,"1",FALSE,0
"8744",4,"F",1,"White","Middle",2,0,0,0,0,0,0,0,0,0,4,"1",FALSE,0
"8745",4,"F",1,"White","Middle",2,0,0,0,0,0,0,0,0,0,4,NA,FALSE,0
"8746",4,"M",1,"Hispanic","Middle",2,0,0,0,0,0,0,0,0,0,4,"1",FALSE,0
"8747",4,"F",1,"White","Middle",2,0,0,0,0,0,0,0,0,0,3,NA,FALSE,0
"8748",4,"M",1,"White","Middle",2,0,0,0,0,0,0,0,0,0,4,NA,FALSE,0
"8749",4,"F",1,"Asian","Middle",2,0,0,0,0,0,0,0,0,0,4,"1",FALSE,0
"8750",3,"F",1,"White","Middle",2,0,0,0,0,0,0,0,0,0,4,NA,FALSE,0
"8751",5,"M",1,"Black","Middle",2,0,0,0,0,0,0,0,0,0,4,NA,FALSE,0
"8752",3,"M",1,"White","Middle",2,0,0,0,0,0,0,0,0,0,4,NA,FALSE,0
"8753",5,"M",1,"Hispanic","Middle",2,0,0,0,0,0,0,0,0,0,4,NA,FALSE,0
"8754",7,"M",3,"White","Middle",2,0,0,0,0,0,0,0,0,0,1,NA,FALSE,1
"8755",5,"M",3,"White","Middle",2,0,0,0,0,0,0,0,0,0,4,NA,FALSE,0
"8756",6,"M",3,"White","Middle",2,0,0,0,0,0,0,0,0,0,3,NA,FALSE,0
"8757",6,"F",3,"AI/AN","Middle",2,0,0,0,0,0,0,0,0,0,3,NA,FALSE,0
"8758",6,"M",3,"White","Middle",2,0,0,0,0,0,0,0,0,0,4,NA,FALSE,0
"8759",6,"M",3,"White","Middle",2,0,0,0,0,0,0,0,0,0,3,NA,FALSE,0
"8760",6,"M",3,"White","Middle",2,0,0,0,0,0,0,0,0,0,4,NA,FALSE,0
"8761",5,"F",3,"White","Middle",2,0,0,0,0,0,0,0,0,0,4,"1",FALSE,0
"8762",6,"M",3,"White","Middle",2,0,0,0,0,0,0,0,0,0,4,"1",FALSE,0
"8763",6,"M",3,"Hispanic","Middle",2,0,0,0,0,0,0,0,0,0,4,"1",FALSE,0
"8764",5,"F",3,"White","Middle",2,0,0,0,0,0,0,0,0,1,4,"1",TRUE,0
"8765",7,"F",3,"White","Middle",1,1,1,0,0,0,1,0,0,0,1,NA,TRUE,1
"8766",6,"F",3,"White","Middle",2,0,0,0,0,0,0,0,0,0,4,"1",FALSE,0
"8767",6,"F",3,"White","Middle",2,0,0,0,NA,NA,NA,NA,NA,0,4,"1",NA,0
"8768",6,"F",3,"White","Middle",2,0,0,0,0,0,0,0,0,0,4,NA,FALSE,0
"8769",6,"F",3,"White","Middle",2,0,0,0,0,0,0,0,0,0,4,NA,FALSE,0
"8770",6,"F",3,"Asian","Middle",2,0,0,0,0,0,0,0,0,0,3,"1",FALSE,0
"8771",6,"F",3,"White","Middle",2,0,0,1,0,0,0,0,0,0,4,NA,TRUE,0
"8772",6,"F",3,"White","Middle",2,0,0,0,0,0,0,0,0,0,4,"1",FALSE,0
"8773",4,"M",2,"Hispanic","Middle",1,NA,0,1,0,0,0,0,0,NA,3,"1",TRUE,0
"8774",5,"M",2,"White","Middle",2,0,0,0,0,0,0,0,0,0,4,NA,FALSE,0
"8775",4,"M",2,"AI/AN","Middle",2,0,0,0,0,0,0,0,0,0,4,NA,FALSE,0
"8776",5,"M",2,NA,"Middle",2,0,0,0,0,0,0,0,0,0,NA,"1",FALSE,NA
"8777",4,"M",2,"White","Middle",2,0,0,0,0,0,0,0,0,0,4,"1",FALSE,0
"8778",5,"M",2,"AI/AN","Middle",2,0,0,0,0,0,0,0,0,0,4,NA,FALSE,0
"8779",5,"F",2,"Hispanic","Middle",2,0,0,0,0,0,0,0,0,0,4,NA,FALSE,0
"8780",5,"M",2,"White","Middle",2,0,0,0,0,0,0,0,0,0,4,"1",FALSE,0
"8781",5,"F",2,"White","Middle",2,0,0,0,0,0,0,0,0,0,4,"1",FALSE,0
"8782",5,"F",2,"White","Middle",2,0,0,0,0,0,0,0,0,0,4,"1",FALSE,0
"8783",5,"F",2,"White","Middle",2,0,0,0,0,0,0,0,0,0,4,NA,FALSE,0
"8784",5,"F",2,"White","Middle",2,0,0,0,0,0,0,0,0,0,4,NA,FALSE,0
"8785",5,"F",2,"White","Middle",2,0,0,0,0,0,0,0,0,0,4,NA,FALSE,0
"8786",4,"F",2,"White","Middle",2,0,0,0,0,0,0,0,0,0,4,"1",FALSE,0
"8787",5,"F",2,"White","Middle",2,0,0,0,0,0,0,0,0,0,4,"1",FALSE,0
"8788",5,"M",2,"White","Middle",2,0,0,0,0,0,0,0,0,0,4,"1",FALSE,0
"8789",4,"F",2,"White","Middle",2,0,0,0,0,0,0,0,0,0,4,NA,FALSE,0
"8790",5,"M",2,"White","Middle",2,0,0,0,0,0,0,0,0,0,4,"1",FALSE,0
"8791",5,"M",2,"White","Middle",2,0,0,0,0,0,0,0,0,0,4,"1",FALSE,0
"8792",5,"M",2,"White","Middle",2,0,0,0,0,0,0,0,0,0,4,"1",FALSE,0
"8793",5,"F",2,"White","Middle",2,0,0,0,0,0,0,0,0,0,4,NA,FALSE,0
"8794",5,"M",2,"White","Middle",2,0,0,0,0,0,0,0,0,0,3,"1",FALSE,0
"8795",4,"F",2,"White","Middle",2,0,0,0,0,0,0,0,0,0,4,"1",FALSE,0
"8796",5,"M",2,"White","Middle",2,0,0,0,0,0,0,0,0,0,4,NA,FALSE,0
"8797",4,"F",2,"White","Middle",2,0,0,0,0,0,0,0,0,0,4,"1",FALSE,0
"8798",4,"M",2,"White","Middle",2,0,0,0,0,0,0,0,0,0,4,"1",FALSE,0
"8799",5,"M",2,"White","Middle",2,0,0,0,0,0,0,0,0,0,4,"1",FALSE,0
"8800",5,"F",2,"White","Middle",2,0,0,0,0,0,0,0,0,0,4,"1",FALSE,0
"8801",4,"F",2,NA,"Middle",2,0,0,NA,0,0,0,0,0,0,NA,"1",NA,NA
"8802",4,"M",2,"AI/AN","Middle",2,NA,0,0,0,0,0,0,0,0,4,NA,NA,0
"8803",5,"M",2,"White","Middle",2,0,0,0,0,0,0,0,0,0,4,"1",FALSE,0
"8804",5,"M",2,"White","Middle",2,0,0,0,0,0,0,0,0,0,4,"1",FALSE,0
"8805",5,"M",2,"White","Middle",2,0,0,0,0,0,0,0,0,0,4,"1",FALSE,0
"8806",5,"F",2,"White","Middle",2,0,0,0,0,0,0,0,0,0,4,NA,FALSE,0
"8807",5,"F",2,"White","Middle",2,0,0,0,0,0,0,0,0,0,4,NA,FALSE,0
"8808",4,"F",2,"AI/AN","Middle",2,0,0,NA,0,0,0,0,0,0,4,NA,NA,0
"8809",5,"M",2,"White","Middle",2,0,0,0,0,0,0,0,0,0,3,"1",FALSE,0
"8810",5,"M",2,"Hispanic","Middle",2,0,0,1,0,0,0,0,0,0,3,NA,TRUE,0
"8811",4,"M",1,"White","Middle",2,0,0,0,0,0,0,0,0,0,4,"1",FALSE,0
"8812",4,"M",1,"White","Middle",2,0,0,0,0,0,0,0,0,0,4,"1",FALSE,0
"8813",3,"F",1,"White","Middle",2,0,0,0,0,0,0,0,0,0,4,NA,FALSE,0
"8814",3,"F",1,"Hispanic","Middle",2,0,0,0,0,0,0,0,0,0,4,"1",FALSE,0
"8815",5,"M",1,"White","Middle",2,0,0,0,0,0,0,0,0,0,4,"1",FALSE,0
"8816",4,"M",1,NA,"Middle",2,0,0,0,0,0,0,0,0,0,4,"1",FALSE,0
"8817",3,"F",1,NA,"Middle",2,0,0,0,0,0,0,0,0,0,4,NA,FALSE,0
"8818",4,"F",1,NA,"Middle",2,0,0,0,0,0,0,0,0,0,4,"1",FALSE,0
"8819",4,"M",1,"White","Middle",2,0,0,0,0,0,0,0,0,0,4,NA,FALSE,0
"8820",3,"F",1,"White","Middle",2,0,0,0,0,0,0,0,0,0,4,NA,FALSE,0
"8821",4,"M",1,NA,"Middle",NA,0,NA,NA,0,0,0,0,0,NA,4,NA,NA,0
"8822",3,"F",1,"White","Middle",2,0,0,0,0,0,0,0,0,0,4,NA,FALSE,0
"8823",4,"F",1,"White","Middle",2,0,0,0,0,0,0,0,0,0,3,"1",FALSE,0
"8824",4,"M",1,"White","Middle",2,0,0,0,0,0,0,0,0,0,4,NA,FALSE,0
"8825",3,"M",1,NA,"Middle",2,0,0,0,0,0,0,0,0,0,4,"1",FALSE,0
"8826",3,"F",1,"White","Middle",2,0,0,0,0,0,0,0,0,0,4,"1",FALSE,0
"8827",5,"M",1,"White","Middle",2,0,0,0,0,0,0,0,0,0,4,NA,FALSE,0
"8828",4,"F",1,"AI/AN","Middle",2,0,0,0,0,0,0,0,0,0,4,NA,FALSE,0
"8829",3,"F",1,"White","Middle",2,0,0,0,0,0,0,0,0,0,4,NA,FALSE,0
"8830",5,"M",3,"White","Middle",2,0,0,0,0,0,0,0,0,0,3,"1",FALSE,0
"8831",5,"M",3,"White","Middle",2,0,0,0,0,0,0,0,0,0,4,NA,FALSE,0
"8832",5,"M",3,"White","Middle",2,0,0,0,0,0,0,0,0,1,2,NA,TRUE,1
"8833",6,"F",3,"White","Middle",2,0,0,0,0,0,0,0,0,0,4,NA,FALSE,0
"8834",6,"M",3,"White","Middle",2,0,0,0,0,0,0,0,0,0,4,NA,FALSE,0
"8835",6,"F",3,"White","Middle",2,0,0,0,0,0,0,0,0,0,4,"1",FALSE,0
"8836",6,"F",3,"White","Middle",2,0,0,0,0,0,0,0,0,0,4,"1",FALSE,0
"8837",5,"M",3,"White","Middle",2,0,0,0,0,0,0,0,0,1,1,"1",TRUE,1
"8838",5,"M",3,"White","Middle",2,0,0,0,0,0,0,0,0,0,4,"1",FALSE,0
"8839",5,"F",3,"White","Middle",NA,0,NA,NA,0,0,0,0,0,NA,3,NA,NA,0
"8840",6,"F",3,"White","Middle",2,0,0,0,0,0,0,0,0,0,2,"1",FALSE,1
"8841",6,"M",3,"White","Middle",2,0,0,0,0,0,0,0,0,0,4,NA,FALSE,0
"8842",6,"M",3,"White","Middle",2,0,0,0,0,0,0,0,0,0,3,NA,FALSE,0
"8843",5,"M",3,"White","Middle",2,0,0,0,0,0,0,0,0,0,3,"1",FALSE,0
"8844",6,"M",3,"White","Middle",2,0,0,0,0,0,0,0,0,0,4,"1",FALSE,0
"8845",6,"M",3,"White","Middle",2,0,0,0,0,0,0,0,0,0,3,"1",FALSE,0
"8846",5,"F",3,"White","Middle",2,0,0,0,0,0,0,0,0,0,4,"1",FALSE,0
"8847",6,"M",3,"White","Middle",2,0,0,0,0,0,0,0,0,0,4,"1",FALSE,0
"8848",7,"F",4,"White","High",1,0,1,0,0,0,0,0,0,1,1,"1",TRUE,1
"8849",7,"F",5,"White","High",1,1,1,0,0,0,0,0,0,1,1,NA,TRUE,1
"8850",8,"F",5,"Black","High",2,1,0,0,0,0,1,0,0,1,1,NA,TRUE,1
"8851",7,"F",5,"Hispanic","High",1,1,0,1,0,0,0,0,1,1,1,NA,TRUE,1
"8852",7,"F",5,"White","High",1,1,0,0,0,0,1,0,1,1,1,NA,TRUE,1
"8853",8,"F",5,"Hispanic","High",2,0,0,0,0,0,0,0,0,0,4,NA,FALSE,0
"8854",9,"M",5,"Hispanic","High",1,0,0,1,0,0,0,0,0,0,1,NA,TRUE,1
"8855",7,"M",5,"White","High",2,0,0,0,0,0,0,0,0,0,4,"1",FALSE,0
"8856",8,"F",5,"White","High",2,0,0,0,0,0,0,0,0,1,4,NA,TRUE,0
"8857",7,"F",5,"White","High",2,0,0,0,0,0,0,0,0,0,1,NA,FALSE,1
"8858",7,"M",5,"Hispanic","High",2,0,0,0,0,0,1,0,0,0,2,NA,TRUE,1
"8859",8,"F",5,"White","High",2,0,0,0,0,0,0,0,0,0,4,NA,FALSE,0
"8860",8,"M",5,"White","High",1,1,1,1,1,0,0,1,0,1,1,NA,TRUE,1
"8861",8,NA,NA,NA,NA,1,1,0,0,0,0,0,1,0,1,1,NA,TRUE,1
"8862",8,"M",5,"White","High",1,0,0,1,0,0,0,0,0,0,3,NA,TRUE,0
"8863",10,"M",7,"White","High",2,0,0,0,0,0,0,0,0,0,1,NA,FALSE,1
"8864",8,"M",5,"Asian","High",2,0,0,0,0,0,0,0,0,0,1,"1",FALSE,1
"8865",9,"F",7,"White","High",2,0,0,0,0,0,0,0,0,0,2,NA,FALSE,1
"8866",8,"F",5,"White","High",1,0,0,0,0,0,0,0,0,0,4,"1",FALSE,0
"8867",NA,NA,7,NA,"High",NA,0,NA,NA,NA,NA,NA,NA,NA,NA,NA,NA,NA,NA
"8868",10,"M",7,"White","High",2,0,0,0,0,0,0,0,0,0,1,"1",FALSE,1
"8869",7,"M",5,"Hispanic","High",2,0,0,0,0,0,0,0,0,0,4,NA,FALSE,0
"8870",7,"M",5,"White","High",2,0,0,0,0,0,0,0,0,0,4,"1",FALSE,0
"8871",8,"M",5,"White","High",1,1,1,1,0,0,0,0,0,0,2,NA,TRUE,1
"8872",8,"M",5,"White","High",2,0,0,0,0,0,0,0,0,0,4,NA,FALSE,0
"8873",8,"M",5,"White","High",2,0,0,0,0,0,0,0,0,0,4,"1",FALSE,0
"8874",7,"M",5,"White","High",2,0,0,0,0,0,0,0,0,0,4,NA,FALSE,0
"8875",7,"M",5,"White","High",2,0,0,0,0,0,0,0,0,0,4,"1",FALSE,0
"8876",7,"M",5,"White","High",1,0,0,0,0,0,0,0,0,1,2,NA,TRUE,1
"8877",8,"F",5,"White","High",1,0,0,0,0,0,0,0,0,0,2,NA,FALSE,1
"8878",8,"F",5,"White","High",1,1,1,0,0,0,1,0,0,1,2,NA,TRUE,1
"8879",8,"F",6,"White","High",2,0,0,0,0,0,0,0,0,0,4,NA,FALSE,0
"8880",8,"F",5,"Hispanic","High",2,0,0,0,0,0,0,0,0,0,4,"1",FALSE,0
"8881",9,"F",6,"White","High",2,0,0,0,0,0,0,0,0,0,4,NA,FALSE,0
"8882",6,"F",4,"White","High",1,1,0,0,0,0,0,0,0,1,1,NA,TRUE,1
"8883",7,"M",5,"White","High",1,0,0,0,0,0,0,0,0,1,2,NA,TRUE,1
"8884",6,"M",4,"White","High",2,0,0,0,0,0,0,0,0,0,4,"1",FALSE,0
"8885",9,"M",5,"Black","High",1,0,0,0,0,0,0,0,0,0,2,NA,FALSE,1
"8886",7,"F",4,"White","High",1,1,1,0,0,0,0,1,0,1,1,NA,TRUE,1
"8887",7,"F",4,"White","High",1,0,0,0,0,0,0,0,0,0,3,NA,FALSE,0
"8888",7,"F",4,"White","High",1,1,0,0,0,0,0,1,0,1,1,NA,TRUE,1
"8889",7,"F",4,"White","High",2,0,0,0,0,0,0,0,0,0,4,"1",FALSE,0
"8890",7,"F",4,"White","High",1,1,NA,0,0,0,0,0,0,0,1,NA,TRUE,1
"8891",7,"F",4,"White","High",2,0,0,0,0,0,0,0,0,0,2,NA,FALSE,1
"8892",6,"F",4,"White","High",2,0,0,0,0,0,0,0,0,1,2,NA,TRUE,1
"8893",6,NA,4,"Hispanic","High",2,0,0,0,0,0,0,0,0,0,2,"1",FALSE,1
"8894",6,"F",4,"White","High",2,0,0,0,0,0,0,0,0,0,4,"1",FALSE,0
"8895",6,"F",4,"White","High",2,0,0,0,0,0,0,0,0,1,1,NA,TRUE,1
"8896",7,"M",4,"White","High",1,0,0,0,0,0,0,0,0,0,4,NA,FALSE,0
"8897",7,"M",5,"White","High",2,0,0,0,0,0,0,0,0,0,4,NA,FALSE,0
"8898",6,"M",4,"White","High",2,0,0,0,0,0,0,0,0,0,3,NA,FALSE,0
"8899",6,"M",4,"White","High",1,1,1,1,0,0,0,0,0,1,1,"1",TRUE,1
"8900",6,"M",4,"White","High",1,NA,0,1,0,0,0,1,0,1,1,NA,TRUE,1
"8901",6,"F",4,"White","High",1,1,1,0,0,0,0,0,0,1,1,NA,TRUE,1
"8902",6,"F",4,"NHOPI","High",2,0,0,0,0,0,0,0,0,0,2,"1",FALSE,1
"8903",7,"F",4,"Hispanic","High",2,0,0,0,0,0,0,0,0,0,4,"1",FALSE,0
"8904",7,"M",4,"Hispanic","High",1,NA,NA,1,0,0,1,0,1,1,3,NA,TRUE,0
"8905",9,"M",6,"White","High",2,0,0,0,0,0,0,0,0,0,4,"1",FALSE,0
"8906",9,"M",6,"White","High",1,0,1,1,0,0,0,0,0,1,2,NA,TRUE,1
"8907",9,"F",6,"White","High",1,1,0,0,0,0,0,0,0,1,1,NA,TRUE,1
"8908",9,"F",6,"White","High",2,0,0,0,0,0,0,0,0,0,1,"1",FALSE,1
"8909",10,"M",6,"White","High",2,0,0,0,0,0,0,0,0,0,4,"1",FALSE,0
"8910",8,"F",5,"White","High",1,1,1,1,0,0,0,0,0,1,2,NA,TRUE,1
"8911",8,"F",5,"White","High",2,0,0,0,0,0,0,0,0,1,1,NA,TRUE,1
"8912",8,"M",5,"Black","High",1,NA,0,0,0,0,0,0,0,0,4,NA,NA,0
"8913",8,"M",5,"White","High",1,NA,NA,0,0,0,1,0,0,0,2,NA,TRUE,1
"8914",7,"M",5,"White","High",2,0,0,0,0,0,0,0,0,0,3,"1",FALSE,0
"8915",9,"M",6,"White","High",2,0,0,0,0,0,0,0,0,0,2,NA,FALSE,1
"8916",9,"M",6,"White","High",1,1,0,1,0,0,0,1,0,1,1,NA,TRUE,1
"8917",9,"F",6,"White","High",2,0,0,0,0,0,0,0,0,0,4,"1",FALSE,0
"8918",8,"F",6,"White","High",1,0,1,0,0,0,0,0,0,0,3,"1",TRUE,0
"8919",4,"F",6,"White","High",2,0,0,0,0,0,0,0,0,0,4,"1",FALSE,0
"8920",9,"M",6,"White","High",1,0,0,0,0,0,0,0,0,1,2,NA,TRUE,1
"8921",8,"M",6,"White","High",1,NA,0,1,NA,NA,0,NA,NA,0,1,NA,TRUE,1
"8922",9,"M",6,"White","High",2,0,0,NA,0,0,0,0,0,0,2,NA,NA,1
"8923",8,"F",6,"White","High",2,0,0,0,0,0,0,0,0,0,4,"1",FALSE,0
"8924",8,"F",6,"White","High",1,NA,NA,0,0,0,NA,0,0,1,2,NA,TRUE,1
"8925",9,"F",6,"White","High",2,0,0,0,0,0,0,0,0,0,4,"1",FALSE,0
"8926",7,"F",5,NA,"High",2,0,0,0,0,0,0,0,0,0,4,NA,FALSE,0
"8927",7,"F",5,"White","High",2,0,0,0,0,0,0,0,0,0,4,NA,FALSE,0
"8928",7,"M",5,"White","High",2,0,0,0,0,0,0,0,0,0,4,"1",FALSE,0
"8929",8,"F",5,"White","High",2,0,0,0,0,0,0,0,0,0,4,NA,FALSE,0
"8930",8,"M",5,"White","High",1,1,0,0,0,0,0,0,1,1,1,NA,TRUE,1
"8931",7,"F",4,"White","High",2,0,0,0,0,0,0,0,0,0,3,NA,FALSE,0
"8932",8,"F",5,"White","High",2,0,0,0,0,0,0,0,0,0,4,NA,FALSE,0
"8933",8,"M",5,"White","High",2,0,0,0,0,0,0,0,0,0,4,"1",FALSE,0
"8934",9,"M",7,"White","High",2,1,0,0,0,0,0,0,0,0,4,NA,TRUE,0
"8935",8,"M",5,"White","High",1,0,0,0,0,0,0,0,0,1,4,NA,TRUE,0
"8936",6,"M",4,"White","High",2,0,0,0,0,0,0,0,0,0,4,"1",FALSE,0
"8937",7,"F",4,"White","High",2,0,0,0,0,0,0,0,0,0,1,"1",FALSE,1
"8938",6,"M",4,"White","High",1,1,1,1,1,0,1,1,1,1,1,NA,TRUE,1
"8939",6,"M",4,"White","High",1,1,1,0,0,0,0,0,0,1,2,NA,TRUE,1
"8940",8,"M",4,"White","High",1,1,0,0,0,0,1,0,0,1,1,NA,TRUE,1
"8941",7,"M",4,"White","High",2,0,0,NA,0,0,0,0,0,0,4,NA,NA,0
"8942",10,"M",7,"White","High",1,1,1,0,0,0,1,0,0,1,1,NA,TRUE,1
"8943",10,"M",7,"White","High",1,0,1,0,0,0,0,0,0,1,4,NA,TRUE,0
"8944",10,"M",7,"White","High",1,1,1,0,1,0,0,0,0,1,2,NA,TRUE,1
"8945",9,"M",7,"Hispanic","High",1,1,1,1,0,0,1,1,0,1,2,NA,TRUE,1
"8946",9,"F",7,"White","High",1,1,1,0,0,0,0,0,0,1,1,NA,TRUE,1
"8947",9,"F",7,"Black","High",1,1,0,0,0,0,0,0,0,0,1,NA,TRUE,1
"8948",10,"M",7,"White","High",2,0,0,0,0,0,0,0,0,0,2,NA,FALSE,1
"8949",10,"M",7,"White","High",2,0,0,0,0,0,0,0,0,0,4,"1",FALSE,0
"8950",9,"M",7,"White","High",2,0,0,0,0,0,0,0,0,0,3,"1",FALSE,0
"8951",10,"M",7,"White","High",2,0,0,0,0,0,0,0,0,0,3,"1",FALSE,0
"8952",9,"M",7,"White","High",1,0,0,0,0,0,0,0,0,0,1,NA,FALSE,1
"8953",10,"F",7,"White","High",2,0,0,0,0,0,0,0,0,0,4,"1",FALSE,0
"8954",10,"F",7,"White","High",1,1,1,0,0,0,0,0,0,1,1,NA,TRUE,1
"8955",9,"F",7,"Hispanic","High",2,0,0,0,0,0,0,0,0,0,2,"1",FALSE,1
"8956",10,"F",7,"White","High",1,0,0,0,0,0,0,0,0,0,4,"1",FALSE,0
"8957",10,"M",7,"White","High",1,1,1,0,0,0,NA,0,0,0,1,NA,TRUE,1
"8958",10,"F",7,"White","High",1,1,1,0,0,0,0,0,0,1,2,NA,TRUE,1
"8959",8,"F",6,"White","High",2,0,0,0,0,0,0,0,0,1,4,"1",TRUE,0
"8960",8,"F",6,"White","High",2,0,0,0,0,0,0,0,0,0,3,"1",FALSE,0
"8961",8,"M",6,"White","High",2,0,0,0,0,0,0,0,0,0,4,"1",FALSE,0
"8962",8,"F",6,"White","High",1,1,0,0,0,0,0,0,0,1,1,NA,TRUE,1
"8963",8,"F",6,"White","High",2,0,0,0,0,0,0,0,0,0,4,"1",FALSE,0
"8964",8,"F",6,"White","High",2,0,0,0,0,0,0,0,0,0,4,"1",FALSE,0
"8965",9,"F",6,"White","High",2,0,0,0,0,0,0,0,0,0,4,"1",FALSE,0
"8966",8,"M",6,"White","High",1,1,1,0,0,0,0,0,0,1,1,NA,TRUE,1
"8967",10,"M",7,"White","High",1,0,0,1,0,0,0,1,0,1,3,NA,TRUE,0
"8968",10,"M",7,"White","High",2,0,0,0,0,0,0,0,0,1,4,NA,TRUE,0
"8969",9,"F",7,"White","High",2,0,0,0,0,0,0,0,0,0,3,NA,FALSE,0
"8970",9,"F",7,"Hispanic","High",1,1,1,0,0,0,0,0,0,NA,1,NA,TRUE,1
"8971",10,"F",7,"White","High",1,0,0,0,0,0,0,0,0,0,4,"1",FALSE,0
"8972",9,"F",7,"Black","High",2,0,0,0,0,0,0,0,0,0,4,NA,FALSE,0
"8973",10,"F",7,"White","High",1,1,1,0,0,0,0,0,0,1,1,NA,TRUE,1
"8974",10,"M",7,"White","High",1,1,0,0,0,0,0,0,0,1,1,NA,TRUE,1
"8975",9,"M",7,"White","High",2,0,0,0,0,0,0,0,0,0,4,NA,FALSE,0
"8976",10,"M",7,"White","High",2,0,0,0,0,0,0,0,0,0,4,"1",FALSE,0
"8977",10,"M",7,"White","High",2,0,0,0,0,0,0,0,0,1,4,NA,TRUE,0
"8978",9,"F",7,"White","High",1,0,1,NA,0,0,0,0,0,0,2,NA,TRUE,1
"8979",11,"M",7,"White","High",1,0,NA,0,0,0,0,0,0,0,3,"1",NA,0
"8980",10,"M",7,"White","High",2,0,0,0,0,0,0,0,0,1,4,NA,TRUE,0
"8981",10,"M",7,"White","High",2,0,0,0,0,0,0,0,0,0,4,"1",FALSE,0
"8982",9,"M",7,"White","High",2,0,0,0,0,0,0,0,0,0,4,"1",FALSE,0
"8983",6,"F",4,"White","High",2,0,0,0,0,0,0,0,0,0,3,"1",FALSE,0
"8984",7,"F",4,"White","High",2,0,0,0,0,0,0,0,0,0,1,NA,FALSE,1
"8985",7,"F",4,"White","High",2,0,0,0,0,0,0,0,0,0,2,NA,FALSE,1
"8986",6,"M",4,"White","High",2,0,0,0,0,0,0,0,0,0,4,"1",FALSE,0
"8987",7,"F",4,"White","High",2,0,0,0,0,0,0,0,0,0,2,NA,FALSE,1
"8988",6,"M",4,"White","High",2,0,0,0,0,0,0,0,0,0,4,"1",FALSE,0
"8989",6,"F",4,"White","High",2,0,0,0,0,0,0,0,0,0,3,"1",FALSE,0
"8990",6,"M",4,"White","High",2,0,0,0,0,0,0,0,0,0,4,"1",FALSE,0
"8991",7,"M",4,"White","High",2,0,0,0,0,0,0,0,0,0,3,"1",FALSE,0
"8992",7,"F",4,"White","High",1,0,0,0,0,0,0,0,0,1,2,NA,TRUE,1
"8993",7,"F",4,"Hispanic","High",2,0,0,0,0,0,0,0,0,0,4,NA,FALSE,0
"8994",7,"M",4,"White","High",2,0,0,0,0,0,0,0,0,0,2,"1",FALSE,1
"8995",7,"F",4,"White","High",2,0,0,0,0,0,0,0,0,0,4,"1",FALSE,0
"8996",6,"F",4,"Black","High",2,NA,0,0,0,0,0,0,0,0,2,"1",NA,1
"8997",6,"F",4,"White","High",2,0,0,0,0,0,0,0,0,0,2,NA,FALSE,1
"8998",6,"F",4,"White","High",2,0,0,0,0,0,0,0,0,0,4,"1",FALSE,0
"8999",6,"M",4,"White","High",2,0,0,0,0,0,0,0,0,0,4,"1",FALSE,0
"9000",9,"F",7,"White","High",2,0,0,0,0,0,0,0,0,0,4,NA,FALSE,0
"9001",8,"F",6,NA,"High",2,0,0,0,0,0,0,0,0,0,4,"1",FALSE,0
"9002",9,"M",6,"White","High",2,0,0,0,0,0,0,0,0,0,4,"1",FALSE,0
"9003",9,"M",6,"White","High",2,0,0,0,0,0,0,0,0,0,4,"1",FALSE,0
"9004",8,"M",6,"White","High",2,0,0,0,0,0,0,0,0,0,4,"1",FALSE,0
"9005",9,"M",6,"White","High",2,0,0,0,0,0,0,0,0,0,4,NA,FALSE,0
"9006",8,"F",6,"Hispanic","High",2,1,0,0,0,0,0,0,0,1,1,NA,TRUE,1
"9007",9,"M",6,NA,"High",1,1,1,0,NA,NA,0,NA,NA,0,1,NA,TRUE,1
"9008",8,"M",6,"Hispanic","High",2,0,0,0,0,0,0,0,0,0,4,"1",FALSE,0
"9009",10,"M",6,NA,"High",1,0,1,0,0,0,0,0,0,1,4,NA,TRUE,0
"9010",9,"F",6,"White","High",1,1,0,0,0,0,0,0,0,1,1,NA,TRUE,1
"9011",9,"F",6,"White","High",2,0,0,0,0,0,0,0,0,1,1,NA,TRUE,1
"9012",9,"M",6,"White","High",2,0,0,0,0,0,0,0,0,0,4,NA,FALSE,0
"9013",9,"F",6,"Hispanic","High",2,1,0,0,0,0,0,1,0,0,2,"1",TRUE,1
"9014",8,"F",6,"White","High",2,0,0,0,0,0,0,0,0,1,4,NA,TRUE,0
"9015",9,"M",6,"White","High",2,0,0,0,0,0,0,0,0,1,1,"1",TRUE,1
"9016",8,"M",6,"White","High",2,0,0,0,0,0,0,0,0,0,4,"1",FALSE,0
"9017",8,"M",6,"White","High",NA,0,0,1,0,0,0,0,0,1,3,NA,TRUE,0
"9018",8,"F",5,"White","High",2,0,0,0,0,0,0,0,0,0,1,NA,FALSE,1
"9019",4,"F",2,"Hispanic","Middle",2,0,0,0,0,0,0,0,0,1,3,NA,TRUE,0
"9020",4,"M",1,"White","Middle",2,0,0,0,0,0,0,0,0,0,4,NA,FALSE,0
"9021",3,"M",1,"White","Middle",2,0,0,0,0,0,0,0,0,0,4,NA,FALSE,0
"9022",5,"F",2,"White","Middle",2,0,0,0,0,0,0,0,0,0,3,NA,FALSE,0
"9023",4,"F",2,"White","Middle",2,0,0,0,0,0,0,0,0,0,4,NA,FALSE,0
"9024",5,"M",2,"White","Middle",2,0,0,0,0,0,0,0,0,0,4,NA,FALSE,0
"9025",5,"M",2,"White","Middle",1,0,0,1,0,0,0,0,0,0,1,NA,TRUE,1
"9026",4,"M",2,"White","Middle",2,0,0,0,0,0,0,0,0,0,4,NA,FALSE,0
"9027",1,"M",2,"Hispanic","Middle",1,1,1,1,0,0,NA,0,0,1,1,NA,TRUE,1
"9028",5,"M",2,"White","Middle",2,0,0,0,0,0,0,0,0,0,4,NA,FALSE,0
"9029",4,"F",2,NA,"Middle",2,0,0,0,0,0,0,0,0,0,4,NA,FALSE,0
"9030",5,"F",2,"White","Middle",2,0,0,0,0,0,0,0,0,0,4,NA,FALSE,0
"9031",5,"M",2,"White","Middle",2,0,NA,NA,0,0,NA,0,0,NA,4,"1",NA,0
"9032",1,"F",7,"Hispanic","High",1,1,1,1,0,1,1,0,0,1,1,NA,TRUE,1
"9033",5,"F",2,"White","Middle",2,0,0,0,0,0,0,0,0,0,4,"1",FALSE,0
"9034",4,"M",2,"Hispanic","Middle",2,0,0,0,0,0,0,0,0,0,4,NA,FALSE,0
"9035",NA,NA,NA,NA,NA,2,0,0,NA,0,0,0,0,0,0,4,NA,NA,0
"9036",4,"M",2,"White","Middle",2,0,0,0,0,0,0,0,0,0,4,"1",FALSE,0
"9037",4,"M",2,"White","Middle",2,0,0,0,0,0,0,0,0,0,4,"1",FALSE,0
"9038",5,"M",2,"White","Middle",2,0,0,0,0,0,0,0,0,0,4,"1",FALSE,0
"9039",4,"F",2,"AI/AN","Middle",2,0,0,0,0,0,0,0,0,0,3,NA,FALSE,0
"9040",5,"M",2,"White","Middle",2,0,0,0,0,0,0,0,0,0,4,"1",FALSE,0
"9041",4,"M",2,"White","Middle",2,0,0,0,0,0,0,0,0,0,4,NA,FALSE,0
"9042",11,"M",5,"Black","High",NA,0,NA,0,0,0,0,0,0,1,2,NA,TRUE,1
"9043",5,"M",2,"White","Middle",NA,0,NA,NA,NA,NA,0,NA,NA,NA,4,NA,NA,0
"9044",5,"M",2,"Hispanic","Middle",2,0,0,0,0,0,0,0,0,0,4,"1",FALSE,0
"9045",5,"M",3,"White","Middle",2,0,0,0,0,0,0,0,0,0,1,NA,FALSE,1
"9046",4,"M",1,"White","Middle",2,0,0,0,0,0,0,0,0,0,1,"1",FALSE,1
"9047",5,"M",2,"White","Middle",2,0,0,0,0,0,0,0,0,0,2,NA,FALSE,1
"9048",4,"M",2,"White","Middle",2,0,0,0,0,0,0,0,0,0,2,NA,FALSE,1
"9049",5,"M",2,"White","Middle",2,0,0,0,0,0,0,0,0,0,4,"1",FALSE,0
"9050",4,"M",1,"White","Middle",2,0,0,0,0,0,0,0,0,0,4,NA,FALSE,0
"9051",3,"M",1,"White","Middle",2,0,0,0,0,0,0,0,0,0,4,"1",FALSE,0
"9052",5,"M",2,"White","Middle",2,0,0,0,0,0,0,0,0,0,4,"1",FALSE,0
"9053",4,"M",2,"White","Middle",2,0,0,0,0,0,0,0,0,0,4,"1",FALSE,0
"9054",4,"M",1,"White","Middle",2,0,0,0,0,0,0,0,0,0,2,"1",FALSE,1
"9055",5,"F",2,"White","Middle",2,0,0,0,0,0,0,0,0,0,4,NA,FALSE,0
"9056",5,"F",2,"White","Middle",2,0,0,0,0,0,0,0,0,0,4,"1",FALSE,0
"9057",3,"F",1,"AI/AN","Middle",2,0,0,0,0,0,0,0,0,0,4,"1",FALSE,0
"9058",3,"F",1,"White","Middle",2,0,0,0,0,0,0,0,0,0,4,"1",FALSE,0
"9059",4,"F",2,"White","Middle",2,0,0,0,0,0,0,0,0,0,4,NA,FALSE,0
"9060",4,"F",1,"White","Middle",2,0,0,0,0,0,0,0,0,0,4,"1",FALSE,0
"9061",4,"M",1,"White","Middle",2,0,0,0,0,0,0,0,0,0,3,"1",FALSE,0
"9062",3,"F",1,NA,"Middle",2,0,0,0,0,0,0,0,0,0,4,"1",FALSE,0
"9063",4,"M",1,"White","Middle",2,0,0,0,0,0,0,0,0,0,2,NA,FALSE,1
"9064",4,"M",1,"White","Middle",2,0,0,0,0,0,0,0,0,0,4,"1",FALSE,0
"9065",4,"F",1,"White","Middle",2,0,0,0,0,0,0,0,0,0,4,NA,FALSE,0
"9066",5,"M",1,NA,"Middle",1,1,1,0,NA,NA,NA,NA,NA,1,2,NA,TRUE,1
"9067",5,"M",1,"White","Middle",2,0,0,0,0,0,0,0,0,0,4,NA,FALSE,0
"9068",4,"F",1,NA,"Middle",2,0,0,0,0,0,0,0,0,0,4,NA,FALSE,0
"9069",4,"F",1,"White","Middle",2,0,0,0,0,0,0,0,0,0,4,NA,FALSE,0
"9070",5,"M",2,"White","Middle",2,0,0,0,0,0,0,0,0,0,4,NA,FALSE,0
"9071",6,"F",2,"White","Middle",2,0,0,0,0,0,0,0,0,0,4,NA,FALSE,0
"9072",5,"F",2,"White","Middle",2,0,0,0,0,0,0,0,0,0,4,"1",FALSE,0
"9073",4,"M",2,"White","Middle",2,0,0,0,0,0,0,0,0,0,3,"1",FALSE,0
"9074",5,"M",2,"White","Middle",2,0,0,0,0,0,0,0,0,0,4,"1",FALSE,0
"9075",3,"F",1,"White","Middle",2,0,0,0,0,0,0,0,0,0,1,NA,FALSE,1
"9076",4,"F",1,NA,"Middle",2,0,0,0,0,0,0,0,0,0,4,NA,FALSE,0
"9077",3,"M",1,"White","Middle",2,0,0,0,0,0,0,0,0,0,4,NA,FALSE,0
"9078",3,"M",1,"AI/AN","Middle",2,0,0,0,0,0,0,0,0,0,4,NA,FALSE,0
"9079",3,"M",1,"White","Middle",2,0,0,0,0,0,0,0,0,0,4,"1",FALSE,0
"9080",3,"F",1,"Black","Middle",2,0,0,0,0,0,0,0,0,0,2,"1",FALSE,1
"9081",3,"M",1,"White","Middle",2,0,0,0,0,0,0,0,0,0,4,NA,FALSE,0
"9082",3,"M",1,"White","Middle",2,0,0,0,0,0,0,0,0,0,4,NA,FALSE,0
"9083",3,"M",1,"White","Middle",2,0,0,0,0,0,0,0,0,0,3,"1",FALSE,0
"9084",3,"M",1,"White","Middle",2,0,0,0,0,0,0,0,0,0,3,NA,FALSE,0
"9085",4,"M",1,"White","Middle",2,0,0,0,0,0,0,0,0,0,3,"1",FALSE,0
"9086",4,"M",1,"White","Middle",2,0,0,0,0,0,0,0,0,0,4,"1",FALSE,0
"9087",4,"M",1,"White","Middle",1,NA,0,0,0,0,0,0,0,0,2,NA,NA,1
"9088",4,"F",1,"White","Middle",2,0,0,0,0,0,0,0,0,0,2,NA,FALSE,1
"9089",3,"M",1,"White","Middle",2,0,0,0,0,0,0,0,0,0,4,NA,FALSE,0
"9090",4,"F",1,"White","Middle",2,0,0,0,0,0,0,0,0,0,1,NA,FALSE,1
"9091",3,"F",1,"Black","Middle",2,0,0,0,0,0,0,0,0,0,2,"1",FALSE,1
"9092",3,"F",1,"White","Middle",2,0,0,0,0,0,0,0,0,0,4,"1",FALSE,0
"9093",4,"F",1,"White","Middle",2,0,0,0,0,0,0,0,0,0,1,NA,FALSE,1
"9094",4,"F",1,"White","Middle",2,0,0,0,0,0,0,0,0,0,3,NA,FALSE,0
"9095",5,"M",1,"White","Middle",2,0,0,0,0,0,0,0,0,0,1,NA,FALSE,1
"9096",4,"M",1,"Hispanic","Middle",2,0,0,0,0,0,0,0,0,0,2,NA,FALSE,1
"9097",5,"M",2,"White","Middle",2,0,0,0,0,0,NA,0,0,0,4,NA,NA,0
"9098",5,"M",2,"White","Middle",2,0,0,0,0,0,0,0,0,0,4,NA,FALSE,0
"9099",4,"M",2,"Hispanic","Middle",2,0,0,0,0,0,0,0,0,0,3,NA,FALSE,0
"9100",5,"M",2,"White","Middle",2,0,0,0,0,0,0,0,0,0,2,NA,FALSE,1
"9101",4,"M",2,"White","Middle",1,0,0,0,0,0,0,0,0,1,1,NA,TRUE,1
"9102",4,"M",2,NA,"Middle",2,0,0,0,0,0,0,0,0,0,3,"1",FALSE,0
"9103",5,"F",2,"White","Middle",2,0,0,0,0,0,0,0,0,0,4,"1",FALSE,0
"9104",5,"F",2,"White","Middle",2,0,0,0,0,0,0,0,0,1,1,NA,TRUE,1
"9105",5,"M",2,"White","Middle",1,0,1,0,0,0,0,0,0,1,1,NA,TRUE,1
"9106",4,"M",2,"White","Middle",2,0,0,0,0,0,NA,0,0,0,4,"1",NA,0
"9107",5,"M",2,"Hispanic","Middle",2,0,0,0,0,0,0,0,0,0,4,"1",FALSE,0
"9108",4,"M",2,"Hispanic","Middle",1,0,0,0,0,0,0,0,0,0,2,"1",FALSE,1
"9109",4,"M",2,"White","Middle",2,0,0,0,0,0,0,0,0,0,4,"1",FALSE,0
"9110",5,"M",2,"White","Middle",2,0,0,0,0,0,0,0,0,0,4,"1",FALSE,0
"9111",4,"M",2,"White","Middle",2,0,0,0,0,0,0,0,0,1,1,NA,TRUE,1
"9112",5,"M",2,"White","Middle",2,0,0,0,0,0,0,0,0,0,4,NA,FALSE,0
"9113",4,"F",2,"White","Middle",2,0,0,0,0,0,0,0,0,0,4,NA,FALSE,0
"9114",6,NA,2,NA,"Middle",2,0,0,0,0,0,0,0,0,0,4,NA,FALSE,0
"9115",5,"F",2,"White","Middle",2,0,0,0,0,0,0,0,0,0,4,"1",FALSE,0
"9116",5,"F",2,"White","Middle",2,0,0,0,0,0,0,0,0,0,4,NA,FALSE,0
"9117",4,"F",2,"White","Middle",2,0,0,0,0,0,0,0,0,0,4,"1",FALSE,0
"9118",5,"M",2,"White","Middle",2,0,0,0,0,0,0,0,0,0,4,NA,FALSE,0
"9119",4,"M",2,"White","Middle",2,0,0,0,0,0,0,0,0,0,4,"1",FALSE,0
"9120",5,"M",2,"White","Middle",2,0,0,0,0,0,0,0,0,0,4,"1",FALSE,0
"9121",4,"M",2,"Hispanic","Middle",2,0,0,0,0,0,0,0,0,0,4,"1",FALSE,0
"9122",10,"M",7,"White","High",2,0,0,0,0,0,0,0,0,1,4,NA,TRUE,0
"9123",7,"F",4,"Black","High",2,0,0,0,0,0,0,0,0,0,4,"1",FALSE,0
"9124",6,"F",4,"Black","High",2,0,0,0,0,0,0,0,0,0,2,NA,FALSE,1
"9125",7,"F",4,"Hispanic","High",2,0,0,0,0,0,0,0,0,0,3,"1",FALSE,0
"9126",7,"M",4,"Black","High",2,0,0,0,0,0,0,0,0,0,3,"1",FALSE,0
"9127",7,"M",4,"Asian","High",2,0,0,0,0,0,0,0,0,0,1,NA,FALSE,1
"9128",6,"F",4,"White","High",2,0,0,0,0,0,0,0,0,0,4,"1",FALSE,0
"9129",7,"M",4,"White","High",2,0,0,0,0,0,0,0,0,0,4,NA,FALSE,0
"9130",7,"M",4,"White","High",2,0,0,0,0,0,0,0,0,0,3,NA,FALSE,0
"9131",7,"F",4,"White","High",2,0,0,0,0,0,0,0,0,0,4,NA,FALSE,0
"9132",7,"F",4,"Black","High",2,0,0,0,0,0,0,0,0,0,3,NA,FALSE,0
"9133",5,"F",6,"Hispanic","High",1,1,NA,1,NA,NA,NA,NA,NA,1,2,"1",TRUE,1
"9134",7,"M",5,"Hispanic","High",1,0,0,0,1,0,0,0,0,0,1,NA,TRUE,1
"9135",6,NA,4,"Black","High",NA,NA,NA,NA,NA,NA,NA,NA,NA,NA,2,NA,NA,1
"9136",7,"F",4,"Hispanic","High",2,NA,0,0,0,0,0,0,0,0,4,NA,NA,0
"9137",6,"F",4,"Black","High",2,0,0,0,0,0,0,0,0,0,4,"1",FALSE,0
"9138",6,"M",4,"White","High",2,0,0,0,0,0,0,0,0,0,4,"1",FALSE,0
"9139",6,"M",4,"White","High",1,0,1,1,NA,NA,1,NA,NA,1,2,"1",TRUE,1
"9140",8,"M",4,"White","High",2,0,0,0,0,0,0,0,0,0,2,"1",FALSE,1
"9141",6,"M",4,"White","High",2,0,0,0,NA,NA,0,NA,NA,0,2,NA,NA,1
"9142",6,"M",4,"White","High",2,0,0,0,0,0,0,0,0,0,3,"1",FALSE,0
"9143",6,"M",4,NA,"High",1,0,0,0,0,0,0,0,0,1,2,NA,TRUE,1
"9144",7,"M",4,"White","High",2,0,0,0,0,0,0,0,0,0,1,NA,FALSE,1
"9145",7,"M",4,"Black","High",2,0,0,0,0,0,0,0,0,0,4,"1",FALSE,0
"9146",7,"F",4,"White","High",2,0,0,0,0,0,0,0,0,0,2,"1",FALSE,1
"9147",7,"F",4,"White","High",2,0,0,0,0,0,0,0,0,0,4,"1",FALSE,0
"9148",6,"F",4,"White","High",2,0,0,0,0,0,0,0,0,0,3,NA,FALSE,0
"9149",7,"F",4,"Black","High",2,0,0,0,0,0,0,0,0,0,3,NA,FALSE,0
"9150",6,"F",4,"White","High",2,0,0,0,0,0,0,0,0,0,4,"1",FALSE,0
"9151",6,"M",4,"White","High",2,0,0,0,0,0,0,0,0,0,3,NA,FALSE,0
"9152",7,"F",4,"White","High",2,0,0,0,0,1,0,0,0,1,2,NA,TRUE,1
"9153",6,"F",4,"Asian","High",2,0,0,0,0,0,0,0,0,0,2,NA,FALSE,1
"9154",6,"F",4,"White","High",2,1,0,0,0,0,0,0,0,1,1,NA,TRUE,1
"9155",7,"F",4,"White","High",2,0,0,0,0,0,0,0,0,0,3,"1",FALSE,0
"9156",7,"M",4,"Hispanic","High",1,0,0,0,0,0,0,0,0,0,4,"1",FALSE,0
"9157",8,"M",5,"NHOPI","High",NA,0,NA,NA,0,0,NA,0,0,NA,3,NA,NA,0
"9158",7,"M",5,"NHOPI","High",2,0,0,0,0,0,0,0,0,0,3,NA,FALSE,0
"9159",7,"M",5,NA,"High",1,0,NA,1,0,0,0,1,0,1,4,"1",TRUE,0
"9160",9,"M",5,"Black","High",1,0,1,NA,1,0,NA,0,0,NA,2,NA,TRUE,1
"9161",7,"M",5,NA,"High",NA,0,NA,NA,NA,NA,NA,NA,NA,NA,NA,NA,NA,NA
"9162",8,"F",6,"White","High",1,0,0,0,0,0,0,0,0,0,1,NA,FALSE,1
"9163",7,"M",5,"White","High",2,0,0,0,0,0,0,0,0,0,4,"1",FALSE,0
"9164",8,"M",5,"Black","High",2,0,0,0,0,0,0,0,0,0,4,NA,FALSE,0
"9165",8,"M",5,"Black","High",NA,NA,NA,0,0,0,0,1,0,NA,2,NA,TRUE,1
"9166",7,"F",5,"White","High",2,0,0,0,0,0,0,0,0,1,1,NA,TRUE,1
"9167",8,"F",5,"White","High",1,0,0,0,0,0,0,0,0,0,3,NA,FALSE,0
"9168",7,"F",5,"Black","High",2,0,0,0,0,0,0,0,0,0,4,"1",FALSE,0
"9169",7,"F",5,"White","High",2,0,0,0,0,0,0,0,0,0,4,NA,FALSE,0
"9170",7,"F",4,"Hispanic","High",2,0,0,0,0,0,0,0,0,0,4,"1",FALSE,0
"9171",7,"F",4,"White","High",2,0,0,0,0,0,0,0,0,0,3,"1",FALSE,0
"9172",8,"F",5,"Black","High",2,0,0,0,NA,NA,NA,NA,NA,0,3,NA,NA,0
"9173",8,"F",5,"Hispanic","High",2,0,0,0,0,0,0,0,0,0,2,"1",FALSE,1
"9174",7,"F",5,"Black","High",2,0,0,0,NA,NA,NA,NA,NA,1,4,NA,TRUE,0
"9175",8,"F",5,"Black","High",2,0,0,0,0,0,0,0,0,0,4,NA,FALSE,0
"9176",7,"F",5,"Black","High",2,0,0,0,0,0,0,0,0,0,4,NA,FALSE,0
"9177",7,"F",5,"White","High",2,0,0,0,0,0,0,0,0,1,4,NA,TRUE,0
"9178",7,"F",5,"White","High",1,0,0,0,0,0,0,0,0,1,1,NA,TRUE,1
"9179",8,"F",5,"White","High",1,NA,0,0,0,0,0,0,0,0,1,"1",NA,1
"9180",8,"M",5,"White","High",2,0,0,0,0,0,0,0,0,0,2,NA,FALSE,1
"9181",8,"M",5,"White","High",2,0,0,0,0,0,0,0,0,0,4,"1",FALSE,0
"9182",8,"M",5,"Black","High",2,0,0,0,0,0,0,0,0,0,4,"1",FALSE,0
"9183",8,"M",5,"White","High",2,0,0,0,0,0,0,0,0,0,4,NA,FALSE,0
"9184",8,"M",5,"Black","High",2,0,0,0,0,0,0,0,0,0,4,NA,FALSE,0
"9185",8,"F",5,"Black","High",2,0,0,0,0,0,0,0,0,0,3,NA,FALSE,0
"9186",8,"M",5,"Hispanic","High",2,0,0,0,0,0,0,0,0,0,3,NA,FALSE,0
"9187",7,"F",5,"White","High",2,0,0,0,0,0,0,0,0,0,1,"1",FALSE,1
"9188",8,"M",5,"White","High",2,0,0,0,0,0,0,0,0,0,4,"1",FALSE,0
"9189",8,"M",5,"Black","High",2,0,0,0,NA,NA,NA,NA,NA,0,4,"1",NA,0
"9190",7,"F",5,"Black","High",2,0,0,0,0,0,1,0,0,0,4,"1",TRUE,0
"9191",10,"F",6,"Black","High",2,0,0,0,0,0,0,0,0,0,4,NA,FALSE,0
"9192",9,"F",6,"White","High",2,0,0,0,0,0,0,0,0,0,4,"1",FALSE,0
"9193",8,"F",6,"White","High",2,0,0,0,0,0,0,0,0,0,4,NA,FALSE,0
"9194",7,"F",5,"Black","High",2,0,0,0,0,0,0,0,0,0,4,NA,FALSE,0
"9195",9,"F",6,"White","High",1,1,0,0,0,0,0,1,1,0,1,NA,TRUE,1
"9196",10,"M",6,"Hispanic","High",2,0,0,0,0,0,0,0,0,0,4,NA,FALSE,0
"9197",9,"F",6,"Black","High",NA,0,NA,NA,NA,NA,NA,NA,NA,NA,1,NA,NA,1
"9198",8,"M",6,"Black","High",2,0,0,0,0,0,0,0,0,0,2,NA,FALSE,1
"9199",8,"M",6,"White","High",2,NA,0,0,0,0,0,0,0,0,4,NA,NA,0
"9200",9,"M",6,"Black","High",2,0,0,0,NA,NA,0,NA,NA,0,4,NA,NA,0
"9201",9,"F",6,"Black","High",2,NA,0,0,0,0,0,0,0,0,2,"1",NA,1
"9202",9,"M",6,"Black","High",2,0,0,0,0,0,0,0,0,0,2,NA,FALSE,1
"9203",9,"F",6,"Asian","High",2,0,0,0,0,0,0,0,0,0,4,NA,FALSE,0
"9204",9,"M",6,"White","High",1,1,1,1,0,1,0,0,0,1,2,"1",TRUE,1
"9205",9,"F",6,"Black","High",2,0,0,0,0,0,0,0,0,0,4,NA,FALSE,0
"9206",8,"M",6,"Hispanic","High",2,0,0,0,0,0,0,0,0,0,1,"1",FALSE,1
"9207",8,"F",6,"Black","High",2,0,0,0,0,0,0,0,0,0,4,NA,FALSE,0
"9208",9,"F",6,"Black","High",2,0,0,0,0,0,0,0,0,0,2,"1",FALSE,1
"9209",8,"F",6,"Hispanic","High",2,0,0,0,0,0,0,0,0,0,2,"1",FALSE,1
"9210",8,"F",6,"Black","High",2,0,0,0,0,0,0,0,0,0,4,NA,FALSE,0
"9211",9,"F",6,"Hispanic","High",2,0,0,0,0,0,0,0,0,0,4,"1",FALSE,0
"9212",8,"M",6,"Black","High",1,1,1,NA,0,0,0,0,0,1,1,NA,TRUE,1
"9213",7,"F",4,"White","High",2,0,0,0,0,0,0,0,0,0,4,"1",FALSE,0
"9214",1,NA,1,"Asian","Middle",NA,NA,NA,NA,NA,NA,1,NA,NA,NA,4,NA,TRUE,0
"9215",9,"F",7,"Hispanic","High",2,0,0,0,0,0,0,0,0,0,4,"1",FALSE,0
"9216",10,"M",7,"Black","High",2,0,0,0,0,0,0,0,0,0,2,"1",FALSE,1
"9217",10,"M",7,"Hispanic","High",1,0,0,0,0,0,0,0,0,1,2,NA,TRUE,1
"9218",10,"M",7,"Black","High",2,0,0,0,0,0,0,0,0,0,4,"1",FALSE,0
"9219",9,"F",7,"White","High",2,0,0,0,0,0,0,0,0,0,4,"1",FALSE,0
"9220",10,"M",7,"Black","High",2,0,0,0,0,0,0,0,0,0,3,"1",FALSE,0
"9221",9,"F",7,"Black","High",2,0,0,0,0,0,0,0,0,NA,4,"1",NA,0
"9222",9,"M",7,"Black","High",1,0,1,0,0,0,0,0,0,0,2,"1",TRUE,1
"9223",9,"M",7,"Black","High",2,0,0,0,0,0,0,0,0,0,4,"1",FALSE,0
"9224",10,"M",7,"Hispanic","High",2,0,0,0,0,0,0,0,0,0,2,"1",FALSE,1
"9225",10,"F",7,"Black","High",1,1,1,0,0,0,0,0,0,0,1,NA,TRUE,1
"9226",9,"F",7,"Black","High",2,0,0,0,0,0,0,0,0,0,2,NA,FALSE,1
"9227",9,"M",7,"White","High",1,0,0,0,0,0,0,0,0,1,3,"1",TRUE,0
"9228",9,"F",7,"White","High",1,1,1,0,1,0,1,0,0,0,1,NA,TRUE,1
"9229",10,"M",7,"Black","High",2,0,0,0,0,0,1,0,0,0,4,"1",TRUE,0
"9230",10,"M",7,"Black","High",2,0,0,0,0,0,0,0,0,0,4,"1",FALSE,0
"9231",9,"F",7,"Black","High",2,0,0,0,0,0,0,0,0,0,4,NA,FALSE,0
"9232",9,"F",7,"White","High",2,0,0,0,0,0,0,0,0,1,2,"1",TRUE,1
"9233",10,"F",7,"White","High",1,1,0,0,0,0,1,0,1,1,2,NA,TRUE,1
"9234",10,"F",7,"White","High",2,0,0,0,0,0,0,0,0,1,2,NA,TRUE,1
"9235",9,"M",7,"White","High",2,0,0,0,0,0,0,0,0,0,3,"1",FALSE,0
"9236",10,"M",7,"White","High",2,0,0,0,0,0,0,0,0,0,3,"1",FALSE,0
"9237",9,"M",7,"White","High",2,0,0,0,0,0,0,0,0,0,2,"1",FALSE,1
"9238",10,"M",7,"Hispanic","High",1,1,1,1,0,0,1,0,0,1,1,NA,TRUE,1
"9239",10,"F",7,"White","High",2,0,0,0,0,0,0,0,0,0,4,NA,FALSE,0
"9240",9,"F",7,"Hispanic","High",2,0,0,0,0,0,0,0,0,0,3,"1",FALSE,0
"9241",9,"M",7,"Hispanic","High",2,0,0,0,0,0,0,0,0,0,4,"1",FALSE,0
"9242",8,"F",5,"White","High",2,0,0,0,0,0,0,0,0,0,1,NA,FALSE,1
"9243",9,"M",7,"White","High",1,0,0,1,0,0,0,0,0,0,3,"1",TRUE,0
"9244",10,"M",7,"Black","High",NA,NA,NA,NA,0,0,0,0,0,0,3,NA,NA,0
"9245",4,"F",1,"Hispanic","Middle",2,0,0,0,0,0,0,0,0,0,4,"1",FALSE,0
"9246",3,"M",1,"White","Middle",2,0,0,0,0,0,0,0,0,0,4,"1",FALSE,0
"9247",4,"M",1,"White","Middle",2,0,0,0,0,0,0,0,0,0,2,NA,FALSE,1
"9248",4,"F",1,"White","Middle",2,0,0,0,0,0,0,0,0,0,4,"1",FALSE,0
"9249",3,"F",1,"White","Middle",2,0,0,0,0,0,0,0,0,0,4,NA,FALSE,0
"9250",4,"F",1,"White","Middle",2,0,0,0,0,0,0,0,0,0,4,NA,FALSE,0
"9251",4,"F",1,"White","Middle",2,0,0,0,0,0,0,0,0,0,4,NA,FALSE,0
"9252",3,"M",1,"White","Middle",2,0,0,0,0,0,0,0,0,0,4,NA,FALSE,0
"9253",4,"F",1,"White","Middle",2,0,0,0,0,0,0,0,0,0,4,NA,FALSE,0
"9254",4,"M",1,"White","Middle",2,0,0,0,0,0,0,0,0,0,3,"1",FALSE,0
"9255",4,"F",1,"Hispanic","Middle",2,0,0,0,0,0,0,0,0,0,4,NA,FALSE,0
"9256",4,"F",1,"White","Middle",2,0,0,0,0,0,0,0,0,0,4,"1",FALSE,0
"9257",4,"M",1,"White","Middle",2,0,0,0,0,0,0,0,0,0,4,"1",FALSE,0
"9258",4,"F",1,"White","Middle",2,NA,0,0,0,0,0,0,0,0,4,"1",NA,0
"9259",4,"F",1,"White","Middle",2,0,0,0,0,0,0,0,0,0,4,"1",FALSE,0
"9260",4,"M",1,"White","Middle",2,0,0,0,0,0,0,0,0,0,1,NA,FALSE,1
"9261",3,"F",1,"White","Middle",2,0,0,0,0,0,0,0,0,0,4,"1",FALSE,0
"9262",4,"F",1,"White","Middle",2,0,0,0,0,0,0,0,0,0,4,"1",FALSE,0
"9263",5,"M",1,NA,"Middle",2,NA,0,0,0,0,0,0,0,0,4,"1",NA,0
"9264",4,"M",1,"White","Middle",2,0,0,0,0,0,0,0,0,0,4,NA,FALSE,0
"9265",4,"M",1,"White","Middle",2,0,0,0,0,0,0,0,0,0,4,"1",FALSE,0
"9266",4,"F",1,"White","Middle",2,0,0,NA,0,0,NA,0,0,0,4,"1",NA,0
"9267",4,"F",1,"Hispanic","Middle",2,0,0,0,0,0,0,0,0,0,3,NA,FALSE,0
"9268",4,"F",1,"White","Middle",2,0,0,0,0,0,0,0,0,0,4,NA,FALSE,0
"9269",4,"F",2,"White","Middle",2,0,0,0,0,0,0,0,0,0,4,"1",FALSE,0
"9270",4,"M",1,"White","Middle",2,NA,NA,1,0,0,NA,0,0,1,4,NA,TRUE,0
"9271",3,"M",1,"White","Middle",2,NA,0,0,0,0,0,0,0,0,3,"1",NA,0
"9272",5,"F",2,"White","Middle",2,0,0,0,0,0,0,0,0,0,3,"1",FALSE,0
"9273",4,"F",1,"White","Middle",2,0,0,0,0,0,0,0,0,0,4,"1",FALSE,0
"9274",4,"F",1,"White","Middle",2,0,NA,NA,0,0,0,0,0,0,4,NA,NA,0
"9275",4,"M",1,"Hispanic","Middle",2,0,NA,NA,NA,NA,NA,NA,NA,NA,4,"1",NA,0
"9276",5,"F",3,"White","Middle",2,0,0,0,0,0,0,0,0,0,4,"1",FALSE,0
"9277",6,"F",3,"Hispanic","Middle",2,0,0,0,0,0,0,0,0,0,2,"1",FALSE,1
"9278",6,"F",3,"White","Middle",2,0,0,0,0,0,0,0,0,1,1,NA,TRUE,1
"9279",5,"F",3,"Hispanic","Middle",2,0,0,NA,0,0,NA,0,0,0,4,"1",NA,0
"9280",6,"F",3,"White","Middle",2,0,0,0,0,0,0,0,0,0,2,"1",FALSE,1
"9281",6,"M",3,"White","Middle",2,0,0,0,0,0,0,0,0,0,3,"1",FALSE,0
"9282",6,"M",3,"Black","Middle",2,0,0,0,0,0,0,0,0,0,4,NA,FALSE,0
"9283",6,"F",3,"White","Middle",2,0,0,0,0,0,0,0,0,0,3,"1",FALSE,0
"9284",5,"M",3,"White","Middle",2,0,0,0,0,0,0,0,0,0,4,NA,FALSE,0
"9285",5,"M",3,"Black","Middle",2,0,0,0,0,0,0,0,0,0,4,"1",FALSE,0
"9286",5,"M",3,"Black","Middle",2,0,0,0,0,0,0,0,0,0,4,"1",FALSE,0
"9287",5,"M",3,"Hispanic","Middle",2,0,0,0,0,0,0,0,0,0,2,"1",FALSE,1
"9288",6,"M",3,"White","Middle",2,0,0,0,0,0,0,0,0,0,3,NA,FALSE,0
"9289",5,"M",3,"White","Middle",1,0,0,0,0,0,0,0,0,1,4,NA,TRUE,0
"9290",6,"F",3,"White","Middle",2,0,0,0,0,0,0,0,0,0,4,NA,FALSE,0
"9291",6,"F",3,"White","Middle",2,0,0,0,0,0,0,0,0,0,4,"1",FALSE,0
"9292",6,"F",3,"Black","Middle",2,0,0,0,0,0,0,0,0,0,4,"1",FALSE,0
"9293",5,"F",3,"White","Middle",1,0,0,0,NA,NA,0,NA,NA,0,2,"1",NA,1
"9294",6,"M",3,NA,"Middle",2,0,0,0,0,0,0,0,0,1,2,NA,TRUE,1
"9295",6,"M",3,"White","Middle",2,0,0,0,0,0,0,0,0,0,4,"1",FALSE,0
"9296",6,"M",3,"White","Middle",2,0,0,0,0,0,0,0,0,0,4,NA,FALSE,0
"9297",5,"M",3,"Black","Middle",2,0,0,0,0,0,0,0,0,0,4,"1",FALSE,0
"9298",5,"F",3,"White","Middle",2,0,0,0,0,0,0,0,0,1,4,"1",TRUE,0
"9299",6,"F",3,"Black","Middle",2,0,0,0,0,0,0,0,0,0,4,NA,FALSE,0
"9300",5,"F",3,"White","Middle",2,NA,0,0,0,0,0,0,0,0,2,NA,NA,1
"9301",6,"M",3,NA,"Middle",2,0,0,0,0,0,0,0,0,1,4,NA,TRUE,0
"9302",6,"F",3,"White","Middle",2,0,0,0,0,0,0,0,0,0,4,"1",FALSE,0
"9303",6,"M",3,"White","Middle",2,0,NA,NA,NA,NA,NA,NA,NA,NA,3,NA,NA,0
"9304",6,"F",3,"White","Middle",2,0,0,0,0,0,0,0,0,0,4,"1",FALSE,0
"9305",5,"M",3,"Black","Middle",2,0,0,0,0,0,0,0,0,0,4,"1",FALSE,0
"9306",6,"M",3,"White","Middle",2,0,0,0,0,0,0,0,0,0,4,"1",FALSE,0
"9307",6,"F",3,"White","Middle",2,0,0,0,0,0,0,0,0,0,4,NA,FALSE,0
"9308",5,"F",3,"White","Middle",2,0,0,0,0,0,0,0,0,0,4,"1",FALSE,0
"9309",6,"F",3,"White","Middle",2,0,0,0,0,0,0,0,0,0,3,"1",FALSE,0
"9310",5,"F",3,"Black","Middle",2,0,0,0,0,0,0,0,0,0,4,NA,FALSE,0
"9311",5,"M",3,"White","Middle",2,0,0,0,0,0,0,0,0,0,4,"1",FALSE,0
"9312",6,"F",3,"Black","Middle",2,0,0,0,0,0,0,0,0,0,3,"1",FALSE,0
"9313",5,"F",3,"White","Middle",2,0,0,0,0,0,0,0,0,0,2,"1",FALSE,1
"9314",5,"F",3,"White","Middle",2,0,0,0,0,0,0,0,0,0,3,NA,FALSE,0
"9315",7,"F",3,"White","Middle",2,0,0,0,0,0,0,0,0,0,4,NA,FALSE,0
"9316",6,"F",3,"AI/AN","Middle",2,0,0,0,0,0,0,0,0,0,4,"1",FALSE,0
"9317",6,"F",3,"White","Middle",2,0,0,0,0,0,0,0,0,0,1,"1",FALSE,1
"9318",6,"M",3,"White","Middle",2,0,0,0,0,0,0,0,0,1,3,NA,TRUE,0
"9319",6,"M",3,"Black","Middle",2,0,0,0,0,0,0,0,0,0,4,"1",FALSE,0
"9320",6,"M",3,"White","Middle",2,0,0,0,0,0,0,0,0,0,1,NA,FALSE,1
"9321",6,"M",3,"White","Middle",2,0,0,0,0,0,0,0,0,0,4,"1",FALSE,0
"9322",6,"F",2,"Black","Middle",2,0,0,0,0,0,0,0,0,0,4,"1",FALSE,0
"9323",5,"M",2,"Black","Middle",2,0,0,0,0,0,0,0,0,0,3,"1",FALSE,0
"9324",4,"M",2,"Black","Middle",2,0,0,0,0,0,0,0,0,0,4,"1",FALSE,0
"9325",5,"M",2,"White","Middle",1,1,0,1,0,1,0,1,0,1,1,NA,TRUE,1
"9326",5,"F",2,"White","Middle",2,0,0,0,0,0,0,0,0,0,2,"1",FALSE,1
"9327",5,"F",2,"White","Middle",2,0,0,0,0,0,0,0,0,0,4,"1",FALSE,0
"9328",4,"F",2,"White","Middle",2,0,0,0,0,0,0,0,0,1,2,"1",TRUE,1
"9329",NA,"F",8,NA,NA,2,0,0,0,0,0,0,0,0,0,4,"1",FALSE,0
"9330",5,"M",2,"Asian","Middle",2,0,0,0,0,0,0,0,0,0,4,NA,FALSE,0
"9331",5,"F",2,"Hispanic","Middle",2,0,0,0,0,0,0,0,0,0,3,"1",FALSE,0
"9332",4,"M",2,"White","Middle",2,0,0,0,0,0,0,0,0,0,1,NA,FALSE,1
"9333",4,"M",2,"Hispanic","Middle",2,0,0,0,0,0,0,0,0,0,4,NA,FALSE,0
"9334",5,"M",2,"White","Middle",2,0,0,0,0,0,0,0,0,0,4,"1",FALSE,0
"9335",5,"F",2,"White","Middle",2,0,0,0,0,0,0,0,0,0,4,NA,FALSE,0
"9336",4,"F",2,"White","Middle",2,0,0,0,0,0,0,0,0,0,2,NA,FALSE,1
"9337",5,"M",2,"White","Middle",2,0,0,0,0,0,0,0,0,0,4,"1",FALSE,0
"9338",5,"F",2,"White","Middle",2,0,0,0,0,0,0,0,0,0,2,NA,FALSE,1
"9339",4,"M",2,"Black","Middle",2,0,0,0,0,0,0,0,0,0,3,"1",FALSE,0
"9340",5,"F",2,"White","Middle",2,0,0,0,0,0,0,0,0,0,4,"1",FALSE,0
"9341",5,"F",2,"Black","Middle",2,0,0,0,0,0,0,0,0,0,2,"1",FALSE,1
"9342",5,"M",2,"White","Middle",2,0,0,0,0,0,0,0,0,0,4,NA,FALSE,0
"9343",6,"M",2,"White","Middle",1,1,0,1,0,0,1,0,0,1,2,NA,TRUE,1
"9344",4,"M",2,"White","Middle",2,0,0,0,0,0,0,0,0,0,3,"1",FALSE,0
"9345",5,"M",2,"White","Middle",2,0,0,0,0,0,0,0,0,0,2,NA,FALSE,1
"9346",4,"F",1,"White","Middle",2,0,0,0,0,0,0,0,0,0,3,NA,FALSE,0
"9347",4,"M",1,"White","Middle",2,0,0,0,0,0,0,0,0,0,4,NA,FALSE,0
"9348",4,"F",1,"White","Middle",2,0,0,0,0,0,0,0,0,0,1,NA,FALSE,1
"9349",3,"M",1,"Black","Middle",2,0,0,0,0,0,0,0,0,0,1,"1",FALSE,1
"9350",4,"F",1,"White","Middle",2,0,0,0,0,0,0,0,0,0,3,NA,FALSE,0
"9351",4,"F",1,"White","Middle",2,0,0,0,0,0,0,0,0,0,4,"1",FALSE,0
"9352",3,"F",1,"White","Middle",2,0,0,0,0,0,0,0,0,0,4,NA,FALSE,0
"9353",3,"F",1,"White","Middle",NA,0,NA,NA,0,0,0,0,0,NA,2,"1",NA,1
"9354",3,"F",1,"White","Middle",2,0,0,0,0,0,0,0,0,0,4,"1",FALSE,0
"9355",3,"F",1,"White","Middle",2,0,0,0,0,0,0,0,0,0,4,NA,FALSE,0
"9356",4,"M",1,"Black","Middle",2,0,0,0,0,0,0,0,0,0,4,NA,FALSE,0
"9357",5,"M",1,"White","Middle",1,0,1,0,0,0,0,0,0,0,3,NA,TRUE,0
"9358",4,"M",1,"Black","Middle",2,0,0,0,NA,NA,NA,NA,NA,0,4,"1",NA,0
"9359",3,"F",1,"White","Middle",2,0,0,0,0,0,0,0,0,0,4,"1",FALSE,0
"9360",NA,"M",1,"White","Middle",2,0,0,0,0,0,0,0,0,0,1,NA,FALSE,1
"9361",4,"M",1,"White","Middle",2,0,0,0,0,0,0,0,0,0,4,NA,FALSE,0
"9362",4,"M",1,"Hispanic","Middle",2,0,0,0,0,0,0,0,0,0,4,"1",FALSE,0
"9363",4,"M",1,"White","Middle",2,0,0,0,0,0,0,0,0,0,4,"1",FALSE,0
"9364",4,"M",1,"Black","Middle",2,0,0,0,0,0,0,0,0,0,4,"1",FALSE,0
"9365",3,"M",1,"White","Middle",2,0,0,0,0,0,0,0,0,0,1,NA,FALSE,1
"9366",6,"M",2,"White","Middle",1,1,1,1,0,0,0,1,0,1,1,NA,TRUE,1
"9367",5,"F",2,NA,"Middle",2,0,0,0,0,0,0,0,0,0,4,"1",FALSE,0
"9368",4,"F",2,"White","Middle",2,0,0,0,0,0,0,0,0,0,3,"1",FALSE,0
"9369",4,"M",2,"White","Middle",2,0,0,0,0,0,0,0,0,0,3,"1",FALSE,0
"9370",5,"M",2,"White","Middle",1,0,0,1,0,0,0,1,0,1,2,NA,TRUE,1
"9371",5,"M",2,"White","Middle",2,0,0,0,0,0,0,0,0,0,4,NA,FALSE,0
"9372",5,"M",2,"Hispanic","Middle",2,0,0,0,0,0,0,0,0,0,4,"1",FALSE,0
"9373",4,"F",2,"Black","Middle",2,0,0,0,0,0,0,0,0,0,4,"1",FALSE,0
"9374",5,"M",2,"White","Middle",2,0,0,0,0,0,0,0,0,0,2,"1",FALSE,1
"9375",5,"F",2,"White","Middle",2,0,0,0,0,0,0,0,0,0,2,"1",FALSE,1
"9376",6,"F",2,"White","Middle",2,0,0,0,0,0,0,0,0,0,1,NA,FALSE,1
"9377",5,"M",2,"Black","Middle",2,0,0,0,0,0,0,0,0,1,4,"1",TRUE,0
"9378",6,"M",2,NA,"Middle",2,1,0,1,0,0,0,0,0,1,2,NA,TRUE,1
"9379",5,"M",2,"White","Middle",2,0,0,0,0,0,NA,0,0,0,4,NA,NA,0
"9380",5,"M",2,"White","Middle",2,NA,0,1,0,0,0,0,0,1,3,"1",TRUE,0
"9381",4,"F",2,"Black","Middle",2,0,0,0,0,0,0,0,0,0,4,"1",FALSE,0
"9382",5,"F",2,"Hispanic","Middle",2,0,0,0,0,0,0,0,0,0,4,"1",FALSE,0
"9383",5,"F",2,"White","Middle",2,0,0,0,0,0,0,0,0,0,4,"1",FALSE,0
"9384",5,"F",2,"White","Middle",2,0,0,0,0,0,0,0,0,0,4,"1",FALSE,0
"9385",5,"F",2,"White","Middle",2,0,0,0,0,0,0,0,0,0,4,NA,FALSE,0
"9386",4,"M",1,"White","Middle",2,0,0,0,0,0,0,0,0,0,4,NA,FALSE,0
"9387",3,"M",1,"White","Middle",2,0,0,0,0,0,0,0,0,0,2,NA,FALSE,1
"9388",4,"M",1,"White","Middle",1,1,0,0,0,0,0,0,0,0,1,NA,TRUE,1
"9389",4,"M",1,"White","Middle",2,0,0,0,0,0,0,0,0,0,4,"1",FALSE,0
"9390",4,"M",1,"White","Middle",2,0,0,0,0,0,0,0,0,0,4,NA,FALSE,0
"9391",3,"M",1,"White","Middle",2,0,0,0,0,0,0,0,0,0,4,NA,FALSE,0
"9392",4,"M",1,"Hispanic","Middle",2,0,0,NA,0,0,0,0,0,0,2,"1",NA,1
"9393",4,"M",1,"White","Middle",2,0,0,NA,0,0,0,0,0,0,3,"1",NA,0
"9394",3,"M",1,NA,"Middle",2,0,0,0,0,0,0,0,0,0,4,NA,FALSE,0
"9395",4,"M",1,"White","Middle",2,0,0,0,0,0,0,0,0,0,4,"1",FALSE,0
"9396",3,"M",1,"White","Middle",2,0,0,0,0,0,0,0,0,0,4,"1",FALSE,0
"9397",4,"M",1,"White","Middle",2,0,0,0,0,0,0,0,0,0,2,NA,FALSE,1
"9398",4,"M",1,"White","Middle",2,0,0,0,0,0,0,0,0,0,4,NA,FALSE,0
"9399",4,"M",1,"White","Middle",2,0,0,0,0,0,0,0,0,0,4,"1",FALSE,0
"9400",4,"M",1,"White","Middle",2,0,0,0,0,0,0,0,0,0,4,"1",FALSE,0
"9401",4,"M",1,"White","Middle",2,0,0,0,0,0,0,0,0,0,4,NA,FALSE,0
"9402",4,"M",1,"Hispanic","Middle",1,0,0,0,0,0,0,0,0,0,4,NA,FALSE,0
"9403",5,"M",1,"AI/AN","Middle",1,1,1,1,1,0,1,0,0,0,1,"1",TRUE,1
"9404",4,"M",1,"White","Middle",2,0,0,0,0,0,0,0,0,0,4,"1",FALSE,0
"9405",4,"M",1,"White","Middle",2,0,0,0,0,0,0,0,0,0,4,NA,FALSE,0
"9406",4,"M",1,"Asian","Middle",2,0,0,0,0,0,0,0,0,0,3,"1",FALSE,0
"9407",4,"M",1,"White","Middle",2,0,0,0,0,0,0,0,0,0,4,"1",FALSE,0
"9408",3,"M",1,"White","Middle",2,0,0,0,0,0,0,0,0,0,1,NA,FALSE,1
"9409",4,"M",1,"White","Middle",2,0,0,0,0,0,0,0,0,0,3,NA,FALSE,0
"9410",4,"M",1,"Asian","Middle",2,0,0,0,0,0,0,0,0,0,2,"1",FALSE,1
"9411",4,"M",1,"White","Middle",2,0,0,0,0,0,0,0,0,0,4,"1",FALSE,0
"9412",4,"M",1,"White","Middle",2,0,0,0,0,0,0,0,0,0,3,NA,FALSE,0
"9413",4,"M",1,"White","Middle",2,0,0,0,0,0,0,0,0,0,4,"1",FALSE,0
"9414",5,"F",1,"Black","Middle",2,0,0,0,0,0,0,0,0,0,4,NA,FALSE,0
"9415",3,"F",1,NA,"Middle",2,0,0,0,0,0,0,0,0,0,2,NA,FALSE,1
"9416",5,"F",1,"White","Middle",2,0,0,0,0,0,0,0,0,1,2,NA,TRUE,1
"9417",3,"F",1,"White","Middle",2,0,0,0,0,0,0,0,0,0,2,"1",FALSE,1
"9418",4,"F",1,"White","Middle",2,0,0,0,0,0,0,0,0,0,4,"1",FALSE,0
"9419",5,"F",1,"White","Middle",2,0,0,0,0,0,0,0,0,0,4,NA,FALSE,0
"9420",4,"F",1,"Hispanic","Middle",2,0,0,0,0,0,0,0,0,0,4,"1",FALSE,0
"9421",3,"F",1,"White","Middle",2,0,0,0,0,0,0,0,0,0,4,"1",FALSE,0
"9422",3,"F",1,"Hispanic","Middle",2,0,0,0,0,0,0,0,0,0,4,"1",FALSE,0
"9423",5,"F",2,"White","Middle",2,0,0,0,0,0,0,0,0,0,4,NA,FALSE,0
"9424",5,"F",2,"White","Middle",2,0,0,0,0,0,0,0,0,0,4,"1",FALSE,0
"9425",5,"F",2,"White","Middle",2,0,0,0,0,0,0,0,0,0,4,"1",FALSE,0
"9426",5,"F",2,"White","Middle",2,0,0,0,0,0,0,0,0,0,3,NA,FALSE,0
"9427",4,"F",2,"White","Middle",2,0,0,0,0,0,0,0,0,0,4,"1",FALSE,0
"9428",5,"F",2,"White","Middle",2,0,0,0,NA,NA,0,NA,NA,0,4,"1",NA,0
"9429",5,"F",2,"White","Middle",2,0,0,0,0,0,0,0,0,0,2,"1",FALSE,1
"9430",5,"F",2,"White","Middle",2,0,0,0,0,0,0,0,0,0,4,"1",FALSE,0
"9431",5,"F",2,"White","Middle",2,0,0,0,0,0,0,0,0,0,4,NA,FALSE,0
"9432",5,"F",2,"Hispanic","Middle",2,0,0,0,0,0,0,0,0,0,4,NA,FALSE,0
"9433",4,"F",2,"Hispanic","Middle",2,0,0,0,0,0,0,0,0,0,4,"1",FALSE,0
"9434",4,"F",2,"White","Middle",2,0,0,0,0,0,0,0,0,0,1,"1",FALSE,1
"9435",4,"F",2,"White","Middle",1,0,0,0,0,0,0,0,0,0,2,"1",FALSE,1
"9436",5,"F",2,"Hispanic","Middle",2,0,0,0,0,0,0,0,0,0,4,NA,FALSE,0
"9437",5,"F",2,"White","Middle",2,0,0,0,0,0,0,0,0,0,3,NA,FALSE,0
"9438",4,"F",2,"White","Middle",2,0,0,0,0,0,0,0,0,0,4,"1",FALSE,0
"9439",5,"F",2,"White","Middle",2,0,0,0,0,0,0,0,0,0,3,NA,FALSE,0
"9440",5,"F",2,"White","Middle",2,0,0,0,0,0,0,0,0,0,4,"1",FALSE,0
"9441",4,"F",2,"White","Middle",2,0,0,0,0,0,0,0,0,0,4,NA,FALSE,0
"9442",6,"F",2,"White","Middle",2,0,0,0,0,0,0,0,0,0,4,"1",FALSE,0
"9443",5,"F",2,"White","Middle",2,0,0,0,0,0,0,0,0,0,4,"1",FALSE,0
"9444",5,"F",2,"White","Middle",2,0,0,0,0,0,0,0,0,0,4,"1",FALSE,0
"9445",5,"F",2,"White","Middle",2,0,0,0,0,0,0,0,0,0,4,NA,FALSE,0
"9446",5,"F",2,NA,"Middle",2,0,0,0,0,0,0,0,0,0,4,"1",FALSE,0
"9447",5,"F",2,NA,"Middle",2,1,0,0,1,0,1,0,0,0,2,NA,TRUE,1
"9448",5,"F",2,"White","Middle",2,0,0,0,0,0,0,0,0,0,4,"1",FALSE,0
"9449",5,"F",2,"White","Middle",1,1,1,1,0,0,0,1,0,0,2,"1",TRUE,1
"9450",5,"F",2,"White","Middle",2,0,0,0,0,0,0,0,0,0,4,"1",FALSE,0
"9451",4,"F",2,"White","Middle",2,0,0,0,0,0,0,0,0,0,4,"1",FALSE,0
"9452",5,"F",2,"White","Middle",2,0,0,0,0,0,0,0,0,0,3,NA,FALSE,0
"9453",6,"F",2,"Hispanic","Middle",2,0,0,0,0,0,0,0,0,0,4,"1",FALSE,0
"9454",5,"F",2,NA,"Middle",2,NA,0,0,0,0,0,0,0,0,NA,NA,NA,NA
"9455",5,"F",2,"White","Middle",2,0,0,0,0,0,0,0,0,0,4,NA,FALSE,0
"9456",5,"F",2,"White","Middle",2,0,0,0,0,0,0,0,0,0,4,"1",FALSE,0
"9457",4,"F",2,NA,"Middle",2,0,0,0,0,0,0,0,0,0,4,NA,FALSE,0
"9458",5,"F",2,"Hispanic","Middle",2,0,0,0,0,0,0,0,0,0,2,NA,FALSE,1
"9459",4,"F",2,"White","Middle",2,0,0,0,0,0,0,0,0,0,3,"1",FALSE,0
"9460",5,"F",2,"White","Middle",2,0,0,0,0,0,0,0,0,0,2,"1",FALSE,1
"9461",4,"F",2,"Hispanic","Middle",2,0,0,0,0,0,0,0,0,0,4,"1",FALSE,0
"9462",4,"F",2,"Black","Middle",2,0,0,0,0,0,0,0,0,0,4,NA,FALSE,0
"9463",5,"F",2,"White","Middle",2,0,0,0,0,0,0,0,0,0,3,"1",FALSE,0
"9464",5,"F",2,"White","Middle",2,0,0,0,0,0,0,0,0,0,3,NA,FALSE,0
"9465",4,"F",2,"White","Middle",2,0,0,0,0,0,0,0,0,0,4,"1",FALSE,0
"9466",4,"F",2,"AI/AN","Middle",2,0,0,0,0,0,0,0,0,0,3,NA,FALSE,0
"9467",4,"F",2,"White","Middle",2,0,0,0,0,0,0,0,0,0,4,NA,FALSE,0
"9468",4,"F",2,"Hispanic","Middle",2,0,0,0,0,0,0,0,0,0,3,NA,FALSE,0
"9469",5,"F",2,"White","Middle",2,0,0,0,0,0,0,0,0,0,4,NA,FALSE,0
"9470",5,"F",2,"White","Middle",2,0,0,0,0,0,0,0,0,0,2,NA,FALSE,1
"9471",5,"F",2,"White","Middle",2,0,0,0,0,0,0,0,0,0,4,"1",FALSE,0
"9472",5,"F",2,"White","Middle",2,0,0,0,0,0,0,0,0,0,4,"1",FALSE,0
"9473",5,"F",2,"White","Middle",2,0,0,0,0,0,0,0,0,0,2,NA,FALSE,1
"9474",6,"F",3,"White","Middle",2,0,0,0,0,0,0,0,0,0,1,"1",FALSE,1
"9475",6,"F",3,"White","Middle",2,0,0,0,0,0,0,0,0,0,3,"1",FALSE,0
"9476",6,"F",3,"White","Middle",2,0,0,0,0,0,0,0,0,0,2,NA,FALSE,1
"9477",5,"F",3,"White","Middle",2,0,0,0,0,0,0,0,0,0,3,"1",FALSE,0
"9478",6,"F",3,"White","Middle",2,0,0,0,0,0,0,0,0,0,2,NA,FALSE,1
"9479",6,"F",3,"White","Middle",2,0,0,0,0,0,0,0,0,0,4,"1",FALSE,0
"9480",6,"F",3,"White","Middle",2,0,0,0,0,0,0,0,0,0,3,"1",FALSE,0
"9481",6,"F",3,"White","Middle",2,0,0,0,0,0,0,0,0,1,2,NA,TRUE,1
"9482",6,"F",3,"White","Middle",2,0,0,0,0,0,0,0,0,0,4,"1",FALSE,0
"9483",6,"F",3,"Black","Middle",2,0,0,0,0,0,0,0,0,0,3,NA,FALSE,0
"9484",5,"F",3,"White","Middle",NA,0,0,0,0,0,0,0,0,0,1,NA,FALSE,1
"9485",6,"M",3,NA,"Middle",NA,0,NA,NA,NA,NA,NA,NA,NA,NA,4,NA,NA,0
"9486",5,"M",3,"Hispanic","Middle",NA,NA,NA,NA,NA,NA,NA,NA,NA,NA,NA,NA,NA,NA
"9487",6,"M",3,"Hispanic","Middle",2,0,0,0,NA,NA,0,NA,NA,1,2,"1",TRUE,1
"9488",6,"M",3,"White","Middle",2,0,NA,NA,NA,NA,NA,NA,NA,NA,4,NA,NA,0
"9489",6,"M",3,"White","Middle",2,0,0,0,0,0,0,0,0,0,2,NA,FALSE,1
"9490",6,"M",3,"White","Middle",2,0,0,NA,NA,NA,NA,NA,NA,NA,1,NA,NA,1
"9491",6,"M",3,"White","Middle",2,0,0,0,0,0,0,0,0,0,4,NA,FALSE,0
"9492",6,"M",3,NA,"Middle",NA,NA,NA,NA,NA,NA,NA,NA,NA,NA,4,NA,NA,0
"9493",5,"M",3,"White","Middle",1,0,0,0,NA,NA,NA,NA,NA,0,1,NA,NA,1
"9494",6,"M",3,"White","Middle",2,0,0,0,0,0,0,0,0,0,3,NA,FALSE,0
"9495",6,"M",3,NA,"Middle",2,NA,0,NA,NA,NA,NA,NA,NA,NA,2,NA,NA,1
"9496",6,"M",3,"White","Middle",NA,0,NA,NA,NA,NA,NA,NA,NA,NA,4,NA,NA,0
"9497",6,"M",3,"White","Middle",NA,NA,NA,NA,NA,NA,NA,NA,NA,NA,4,NA,NA,0
"9498",6,"M",3,"White","Middle",2,0,0,0,0,0,0,0,0,1,4,NA,TRUE,0
"9499",5,"M",3,"White","Middle",1,0,0,0,0,0,0,0,0,1,4,NA,TRUE,0
"9500",6,"M",3,"White","Middle",2,0,0,0,0,0,0,0,0,0,4,NA,FALSE,0
"9501",7,"M",3,"Hispanic","Middle",1,0,0,0,0,0,0,0,0,0,1,NA,FALSE,1
"9502",5,"M",3,"Asian","Middle",2,0,0,0,0,0,0,0,0,0,4,NA,FALSE,0
"9503",6,"M",3,"White","Middle",2,0,0,0,0,0,0,0,0,0,4,NA,FALSE,0
"9504",8,"F",4,"Black","High",2,0,0,0,0,0,0,0,0,0,2,NA,FALSE,1
"9505",6,"M",4,"Black","High",2,0,0,0,0,0,0,0,0,0,2,NA,FALSE,1
"9506",7,"F",4,"Black","High",2,0,0,0,0,0,0,0,0,0,4,NA,FALSE,0
"9507",7,"F",4,"Hispanic","High",1,0,0,0,0,0,0,0,0,0,4,"1",FALSE,0
"9508",6,"F",4,"Black","High",1,0,0,0,0,0,0,0,0,0,2,NA,FALSE,1
"9509",6,"F",4,"Black","High",2,0,0,0,0,0,0,0,0,0,4,"1",FALSE,0
"9510",7,"F",4,"Black","High",2,0,0,0,0,0,0,0,0,0,4,NA,FALSE,0
"9511",7,"F",4,"Black","High",2,0,0,0,0,0,0,0,0,0,4,NA,FALSE,0
"9512",8,"F",4,"Black","High",1,NA,NA,0,0,0,0,0,0,NA,4,"1",NA,0
"9513",8,"M",4,"Black","High",2,0,0,0,0,0,0,0,0,0,4,NA,FALSE,0
"9514",7,"M",4,"Black","High",2,0,0,0,0,0,0,0,0,0,4,NA,FALSE,0
"9515",7,"F",4,"Black","High",2,0,0,0,0,0,0,0,0,0,4,"1",FALSE,0
"9516",7,"M",4,"Black","High",1,0,1,0,0,0,0,0,0,0,4,NA,TRUE,0
"9517",7,"F",4,NA,"High",2,0,0,0,0,0,0,0,0,0,2,NA,FALSE,1
"9518",7,"M",4,"AI/AN","High",1,1,1,0,0,0,0,0,0,1,2,NA,TRUE,1
"9519",10,"M",7,"Black","High",1,0,1,0,0,0,0,0,0,0,3,NA,TRUE,0
"9520",9,"M",7,"Black","High",1,0,0,0,0,0,0,0,0,0,4,NA,FALSE,0
"9521",11,"F",7,NA,"High",1,0,0,0,0,0,0,0,0,0,4,NA,FALSE,0
"9522",11,"M",7,"Black","High",1,NA,1,1,0,0,0,0,1,1,4,NA,TRUE,0
"9523",10,"M",7,"Black","High",2,0,0,0,0,0,0,0,0,0,4,NA,FALSE,0
"9524",10,"M",6,"Black","High",1,0,0,0,0,0,0,0,0,0,4,"1",FALSE,0
"9525",9,"F",6,"Black","High",1,0,0,0,0,0,0,0,0,0,4,NA,FALSE,0
"9526",9,"F",6,"Black","High",2,0,0,0,0,0,0,0,0,0,4,"1",FALSE,0
"9527",10,"F",7,"Black","High",1,1,1,0,0,0,0,0,0,1,1,"1",TRUE,1
"9528",9,"M",7,"Black","High",2,0,0,0,0,0,0,0,0,0,4,"1",FALSE,0
"9529",9,"M",6,"Black","High",2,0,0,0,0,0,0,0,0,0,2,NA,FALSE,1
"9530",10,"M",6,NA,"High",1,0,0,0,0,0,0,0,0,0,4,"1",FALSE,0
"9531",8,"M",6,"Black","High",2,0,0,0,0,0,0,0,0,0,4,"1",FALSE,0
"9532",8,"F",6,"Black","High",2,0,0,0,0,0,0,0,0,0,4,NA,FALSE,0
"9533",9,"F",6,"Black","High",1,0,1,0,0,0,0,0,0,0,1,NA,TRUE,1
"9534",9,"F",6,"Black","High",1,0,1,0,0,0,0,0,0,0,4,"1",TRUE,0
"9535",9,"F",6,"Black","High",2,0,0,0,0,0,0,0,0,0,4,"1",FALSE,0
"9536",10,"F",6,"Black","High",1,0,0,0,0,0,0,0,0,0,3,"1",FALSE,0
"9537",8,"F",6,"Black","High",1,0,1,0,0,0,0,0,0,0,3,NA,TRUE,0
"9538",9,"F",6,"Black","High",1,0,0,0,0,0,0,0,0,0,2,NA,FALSE,1
"9539",9,"F",6,"Black","High",1,0,1,1,NA,NA,1,NA,NA,1,2,NA,TRUE,1
"9540",9,"F",6,"Black","High",1,0,0,0,0,0,0,0,0,0,4,NA,FALSE,0
"9541",9,"M",6,"Black","High",1,0,0,1,0,0,0,0,0,1,4,NA,TRUE,0
"9542",7,"M",5,"Black","High",1,1,1,0,0,0,0,0,0,1,1,NA,TRUE,1
"9543",9,"M",6,"Black","High",1,0,0,0,0,0,0,0,0,0,4,NA,FALSE,0
"9544",8,"M",6,"Black","High",2,0,0,0,0,0,0,0,0,0,4,NA,FALSE,0
"9545",9,"M",6,"Black","High",2,0,0,0,0,0,0,0,0,0,4,NA,FALSE,0
"9546",9,"F",6,"Black","High",1,0,0,0,0,0,0,0,0,0,2,"1",FALSE,1
"9547",10,"F",7,"Black","High",2,0,0,0,0,0,0,0,0,0,4,"1",FALSE,0
"9548",9,"M",6,"Black","High",2,0,0,0,0,0,0,0,1,0,1,"1",TRUE,1
"9549",7,"M",4,"Black","High",2,0,0,0,0,0,0,0,0,0,4,"1",FALSE,0
"9550",7,"F",4,"Black","High",2,0,0,0,0,0,0,0,0,0,2,NA,FALSE,1
"9551",6,"F",4,"Black","High",2,0,0,0,0,0,0,0,0,0,4,NA,FALSE,0
"9552",6,"F",4,"Black","High",1,1,1,0,0,0,0,0,0,1,2,NA,TRUE,1
"9553",6,"M",4,"Black","High",1,0,1,0,0,0,0,0,0,1,2,NA,TRUE,1
"9554",7,"M",4,"Black","High",1,0,0,0,0,0,0,0,0,0,4,NA,FALSE,0
"9555",7,"M",4,"Hispanic","High",2,0,0,0,0,0,0,0,0,0,4,"1",FALSE,0
"9556",8,"F",4,"Black","High",2,0,0,0,0,0,0,0,0,0,3,"1",FALSE,0
"9557",6,"F",4,"Black","High",1,1,1,0,0,0,1,1,0,1,3,NA,TRUE,0
"9558",7,"M",4,NA,"High",2,0,0,0,0,0,0,0,0,0,4,NA,FALSE,0
"9559",8,"F",4,"Black","High",1,0,1,0,0,0,0,0,0,0,2,"1",TRUE,1
"9560",7,"F",4,"Hispanic","High",2,0,0,0,0,0,0,0,0,0,4,NA,FALSE,0
"9561",8,"M",4,"Black","High",2,0,0,0,0,0,0,0,0,0,4,"1",FALSE,0
"9562",7,"M",4,"AI/AN","High",2,0,0,0,0,0,0,0,0,0,4,"1",FALSE,0
"9563",6,"F",4,"Black","High",1,0,1,0,0,0,0,0,0,0,4,NA,TRUE,0
"9564",8,NA,4,"Black","High",1,0,1,0,0,0,0,0,0,0,4,"1",TRUE,0
"9565",8,"M",4,"Black","High",1,0,0,0,0,0,0,0,0,0,2,NA,FALSE,1
"9566",8,"F",4,"Black","High",1,0,1,0,0,0,0,0,0,0,2,NA,TRUE,1
"9567",7,"F",4,"Black","High",2,0,0,0,0,0,0,0,0,0,4,NA,FALSE,0
"9568",7,"M",4,"Black","High",2,0,0,0,0,0,NA,0,0,0,4,"1",NA,0
"9569",8,"M",4,NA,"High",1,0,0,0,0,0,0,0,0,0,1,"1",FALSE,1
"9570",10,"F",7,"Black","High",2,0,0,0,0,0,0,0,0,0,4,"1",FALSE,0
"9571",10,"F",7,"Black","High",1,NA,1,0,0,0,1,0,1,NA,4,NA,TRUE,0
"9572",9,"F",6,"Black","High",2,0,0,0,0,0,0,0,0,0,4,NA,FALSE,0
"9573",10,"F",7,"Hispanic","High",2,0,0,0,0,0,0,0,0,0,1,"1",FALSE,1
"9574",11,"M",7,"Black","High",1,1,1,0,0,0,0,0,0,0,1,"1",TRUE,1
"9575",9,"F",7,"Black","High",1,0,0,0,0,0,0,0,0,0,2,NA,FALSE,1
"9576",8,"F",6,"Black","High",2,0,0,0,0,0,0,0,0,0,2,NA,FALSE,1
"9577",10,"M",7,"Black","High",1,1,1,0,0,0,0,0,0,0,1,"1",TRUE,1
"9578",11,"M",7,"Black","High",1,0,0,0,0,0,0,0,0,0,4,"1",FALSE,0
"9579",9,"M",7,"Black","High",1,0,0,0,0,0,0,0,0,0,4,NA,FALSE,0
"9580",10,"F",7,"Black","High",2,0,0,0,0,0,0,0,0,0,2,NA,FALSE,1
"9581",11,"F",7,"Black","High",1,0,0,0,0,0,0,0,0,0,2,NA,FALSE,1
"9582",10,"M",7,"Black","High",1,0,0,0,0,0,0,0,0,1,4,NA,TRUE,0
"9583",9,"M",7,"White","High",1,0,1,0,0,0,0,0,0,0,3,NA,TRUE,0
"9584",9,"M",7,"Black","High",1,0,0,0,0,0,0,0,0,0,4,"1",FALSE,0
"9585",10,"F",7,"Black","High",2,0,0,0,0,0,0,0,0,0,4,"1",FALSE,0
"9586",9,"F",7,"Black","High",2,0,0,0,0,0,0,0,0,0,4,"1",FALSE,0
"9587",10,"F",7,"Black","High",2,0,0,0,0,0,0,0,0,0,4,"1",FALSE,0
"9588",7,"F",5,"Black","High",2,0,0,0,0,0,0,0,0,0,1,NA,FALSE,1
"9589",8,"F",6,"White","High",1,0,1,0,0,0,0,0,0,0,4,NA,TRUE,0
"9590",9,"F",6,"Black","High",2,0,0,0,0,0,0,0,0,0,4,"1",FALSE,0
"9591",9,"M",6,"White","High",2,0,0,0,0,0,0,0,0,0,3,NA,FALSE,0
"9592",8,"F",6,"Black","High",2,0,0,0,0,0,0,0,0,0,2,NA,FALSE,1
"9593",9,"F",6,"Black","High",2,0,0,0,0,0,0,0,0,0,4,"1",FALSE,0
"9594",10,"F",6,"Hispanic","High",NA,NA,NA,NA,0,0,NA,0,0,NA,3,NA,NA,0
"9595",10,"F",6,"Black","High",1,1,1,0,0,0,0,0,0,0,4,NA,TRUE,0
"9596",10,"F",6,"Black","High",2,0,0,0,0,0,0,0,0,0,4,"1",FALSE,0
"9597",10,"F",6,"Black","High",2,0,0,0,0,0,0,0,0,0,4,NA,FALSE,0
"9598",10,"M",6,"Black","High",1,0,1,0,0,0,0,0,0,0,3,"1",TRUE,0
"9599",10,"M",6,"Black","High",1,1,1,0,0,0,0,0,0,0,1,NA,TRUE,1
"9600",10,"M",6,"White","High",1,0,1,0,1,0,1,0,0,0,4,NA,TRUE,0
"9601",9,"F",6,"Black","High",1,0,0,0,0,0,0,0,0,0,2,NA,FALSE,1
"9602",9,"F",6,"Black","High",1,0,0,0,0,0,0,0,0,0,4,NA,FALSE,0
"9603",10,"F",6,"AI/AN","High",1,0,0,0,0,0,0,0,0,0,4,"1",FALSE,0
"9604",8,"F",6,"Black","High",2,0,0,0,0,0,0,0,0,0,4,NA,FALSE,0
"9605",9,"F",6,"Black","High",1,0,1,0,0,0,0,0,0,0,3,"1",TRUE,0
"9606",9,"M",6,"Black","High",1,1,1,0,0,0,0,0,0,0,2,"1",TRUE,1
"9607",8,"M",6,"Black","High",2,0,0,0,0,0,0,0,0,0,2,NA,FALSE,1
"9608",8,"M",5,"Black","High",2,0,0,0,0,0,0,0,0,0,4,"1",FALSE,0
"9609",8,"F",5,"Black","High",1,0,0,0,0,0,0,0,0,0,2,NA,FALSE,1
"9610",7,"M",5,"Black","High",2,0,0,0,0,0,0,0,0,0,4,"1",FALSE,0
"9611",7,"F",4,"Black","High",2,0,0,0,0,0,0,0,0,0,2,"1",FALSE,1
"9612",9,"F",5,"Black","High",NA,0,0,0,0,0,0,0,0,0,4,NA,FALSE,0
"9613",9,"M",5,"Hispanic","High",NA,NA,0,0,0,0,0,1,0,0,4,NA,TRUE,0
"9614",8,"M",5,"Black","High",1,NA,0,0,0,0,0,0,0,0,2,NA,NA,1
"9615",7,"M",4,"Black","High",2,0,0,0,0,0,0,0,0,0,4,NA,FALSE,0
"9616",6,"F",4,"Black","High",2,0,0,0,0,0,0,0,0,0,4,NA,FALSE,0
"9617",8,"F",5,"Black","High",2,NA,0,0,0,0,0,0,0,0,2,NA,NA,1
"9618",7,"F",5,"Black","High",2,0,0,0,0,0,0,0,0,0,4,NA,FALSE,0
"9619",8,"F",5,"Black","High",1,0,0,0,0,0,0,0,0,0,4,NA,FALSE,0
"9620",9,"M",5,"Black","High",1,1,1,0,0,0,0,0,0,0,2,"1",TRUE,1
"9621",8,"M",5,"Black","High",2,0,0,0,0,0,0,0,0,0,4,"1",FALSE,0
"9622",8,"F",6,NA,"High",1,0,0,0,0,0,0,0,0,0,2,"1",FALSE,1
"9623",9,"M",5,"Black","High",NA,0,0,0,0,0,0,0,0,0,4,"1",FALSE,0
"9624",8,"F",5,"Black","High",1,0,0,0,0,0,0,0,0,0,4,NA,FALSE,0
"9625",7,"F",5,"Black","High",1,0,1,0,0,0,0,0,0,0,4,NA,TRUE,0
"9626",8,"M",5,NA,"High",2,0,0,0,0,0,0,0,0,0,NA,"1",FALSE,NA
"9627",9,"M",5,"Black","High",2,0,0,0,0,0,0,0,0,0,4,"1",FALSE,0
"9628",8,"M",5,"Black","High",2,0,0,0,0,0,0,0,0,0,4,NA,FALSE,0
"9629",7,"M",4,"Black","High",2,0,0,0,0,0,0,0,0,0,4,"1",FALSE,0
"9630",8,"M",5,"Black","High",2,0,0,0,0,0,0,0,0,0,4,"1",FALSE,0
"9631",8,"M",5,"Black","High",2,0,0,0,0,0,0,0,0,0,4,"1",FALSE,0
"9632",9,"M",6,"Black","High",2,0,0,0,0,0,0,0,0,0,4,NA,FALSE,0
"9633",8,"F",5,"Black","High",2,0,0,0,NA,NA,0,NA,NA,0,3,"1",NA,0
"9634",8,"F",5,"Black","High",1,NA,1,0,0,0,0,0,0,1,3,NA,TRUE,0
"9635",8,NA,5,"Black","High",1,0,0,0,0,0,0,0,0,0,4,"1",FALSE,0
"9636",7,"F",5,"Black","High",2,0,0,0,0,0,NA,0,0,0,4,"1",NA,0
"9637",8,"F",5,"Black","High",2,0,0,0,0,0,0,0,0,0,4,NA,FALSE,0
"9638",9,"F",7,"Black","High",2,0,0,0,0,0,0,0,0,0,4,NA,FALSE,0
"9639",11,NA,7,"White","High",NA,0,0,0,0,0,0,0,0,1,3,NA,TRUE,0
"9640",9,"F",6,"White","High",2,0,0,0,0,0,0,0,0,0,4,"1",FALSE,0
"9641",9,NA,6,"White","High",1,1,NA,0,0,0,0,1,0,0,2,NA,TRUE,1
"9642",9,"F",6,"White","High",1,1,0,0,0,0,0,0,0,0,1,NA,TRUE,1
"9643",9,"F",6,"White","High",2,0,0,0,0,0,0,0,0,0,2,NA,FALSE,1
"9644",9,NA,1,"Hispanic","Middle",NA,0,0,0,NA,NA,0,NA,NA,0,3,"1",NA,0
"9645",6,"F",4,"White","High",2,0,0,0,0,0,0,0,0,0,4,NA,FALSE,0
"9646",6,"F",4,"Black","High",2,0,0,0,0,0,0,0,0,0,3,NA,FALSE,0
"9647",6,"F",4,"White","High",2,0,0,0,0,0,0,0,0,0,4,"1",FALSE,0
"9648",10,"F",4,"White","High",2,0,0,0,0,0,0,0,0,0,4,"1",FALSE,0
"9649",8,"M",4,"White","High",2,0,0,0,0,0,0,0,0,0,3,NA,FALSE,0
"9650",11,NA,7,"White","High",2,0,0,0,0,0,0,0,0,0,3,NA,FALSE,0
"9651",9,"F",7,"White","High",2,0,0,0,0,0,0,0,0,0,2,"1",FALSE,1
"9652",11,"F",7,"White","High",2,0,0,0,0,0,0,0,0,0,4,"1",FALSE,0
"9653",10,"M",7,"White","High",1,1,NA,1,1,0,0,0,0,0,2,NA,TRUE,1
"9654",7,"M",4,"White","High",2,0,0,0,0,0,0,0,0,0,2,NA,FALSE,1
"9655",7,"M",4,"White","High",2,0,0,NA,0,0,NA,0,0,0,2,NA,NA,1
"9656",7,"M",4,"White","High",2,0,0,0,0,0,0,0,0,0,1,NA,FALSE,1
"9657",6,"F",4,"White","High",2,0,0,0,0,0,0,0,0,0,4,NA,FALSE,0
"9658",7,"F",4,"White","High",2,0,0,1,0,0,0,0,0,0,4,NA,TRUE,0
"9659",6,"F",4,"White","High",2,0,0,1,0,0,0,0,0,0,2,NA,TRUE,1
"9660",9,"M",5,"White","High",2,0,0,0,0,0,0,0,0,0,4,NA,FALSE,0
"9661",7,"F",5,"White","High",1,0,NA,0,0,0,0,0,0,0,2,"1",NA,1
"9662",9,"F",5,"White","High",2,0,0,0,0,0,0,0,0,0,3,NA,FALSE,0
"9663",8,"F",5,NA,"High",2,1,0,0,0,0,0,1,0,1,1,NA,TRUE,1
"9664",7,"F",5,"White","High",2,0,0,0,0,0,0,0,0,0,3,NA,FALSE,0
"9665",8,"F",5,"White","High",2,0,0,0,0,0,0,0,0,0,4,"1",FALSE,0
"9666",8,"F",5,"White","High",2,1,0,0,0,0,0,1,0,0,1,"1",TRUE,1
"9667",8,"M",5,"White","High",2,0,0,1,0,0,0,0,0,0,2,NA,TRUE,1
"9668",8,"M",5,"AI/AN","High",2,0,0,1,0,0,0,0,0,0,4,NA,TRUE,0
"9669",8,"M",5,"White","High",2,0,0,0,0,0,0,0,0,0,4,"1",FALSE,0
"9670",10,"M",5,"Hispanic","High",2,0,0,0,0,0,0,0,0,0,2,"1",FALSE,1
"9671",8,"F",5,"White","High",1,0,0,0,0,0,0,0,0,1,2,NA,TRUE,1
"9672",7,"F",5,"White","High",1,0,0,0,0,0,0,0,0,0,2,NA,FALSE,1
"9673",8,"M",6,"White","High",1,1,1,1,0,0,0,0,0,0,1,"1",TRUE,1
"9674",9,"M",6,"White","High",2,0,0,0,0,0,0,0,0,0,3,"1",FALSE,0
"9675",9,"M",6,"Hispanic","High",2,0,0,0,0,0,0,0,0,0,3,"1",FALSE,0
"9676",9,"M",6,"White","High",1,0,0,0,0,0,0,0,0,0,3,NA,FALSE,0
"9677",8,"F",5,"White","High",2,0,0,0,0,0,0,0,0,0,2,"1",FALSE,1
"9678",8,"M",6,"White","High",1,1,1,1,0,0,1,0,0,1,2,NA,TRUE,1
"9679",10,"M",6,"White","High",1,1,0,1,1,1,1,1,1,0,1,NA,TRUE,1
"9680",9,"M",6,"White","High",2,0,0,0,0,0,0,0,0,0,3,NA,FALSE,0
"9681",9,"M",6,"Black","High",1,1,1,1,0,0,1,1,0,1,1,NA,TRUE,1
"9682",10,"F",6,NA,"High",2,0,0,0,0,0,0,0,0,0,4,"1",FALSE,0
"9683",9,"F",6,"White","High",2,0,0,0,0,0,0,0,0,0,4,"1",FALSE,0
"9684",9,"F",6,"White","High",2,0,0,0,0,0,0,0,0,0,4,NA,FALSE,0
"9685",9,"M",6,"White","High",2,0,0,0,0,0,0,0,0,0,4,"1",FALSE,0
"9686",9,"F",6,"White","High",2,0,0,0,0,0,0,0,0,0,2,"1",FALSE,1
"9687",8,"F",6,"White","High",2,0,0,0,0,0,0,0,0,0,2,NA,FALSE,1
"9688",9,"M",6,"White","High",1,1,0,1,0,0,0,1,0,0,2,NA,TRUE,1
"9689",8,"M",6,NA,"High",2,1,0,0,0,0,0,0,0,0,2,"1",TRUE,1
"9690",8,"F",6,"White","High",2,0,0,0,0,0,0,0,0,0,4,NA,FALSE,0
"9691",9,"M",6,"White","High",2,0,0,0,0,0,0,0,0,0,4,NA,FALSE,0
"9692",9,"M",6,"White","High",2,0,0,0,0,0,0,0,0,0,4,NA,FALSE,0
"9693",9,"F",6,"White","High",2,1,0,0,0,0,0,0,0,0,2,NA,TRUE,1
"9694",11,"M",7,"White","High",2,0,0,0,0,0,0,0,0,0,4,"1",FALSE,0
"9695",11,"F",7,"White","High",2,0,0,0,0,0,0,0,0,0,4,"1",FALSE,0
"9696",9,"M",7,"White","High",1,1,1,0,0,0,0,1,0,0,1,NA,TRUE,1
"9697",10,"F",7,"White","High",2,0,0,0,0,0,0,0,0,0,3,"1",FALSE,0
"9698",11,"M",7,"Hispanic","High",NA,0,0,0,0,0,0,0,0,0,4,NA,FALSE,0
"9699",11,"M",7,"Hispanic","High",NA,0,0,0,0,0,0,0,0,0,2,"1",FALSE,1
"9700",11,"F",7,"Hispanic","High",2,0,0,0,0,0,0,0,0,0,4,"1",FALSE,0
"9701",8,"F",5,"White","High",2,0,0,0,0,0,0,0,0,0,2,NA,FALSE,1
"9702",7,"F",5,"White","High",2,NA,0,0,0,0,0,0,0,0,1,"1",NA,1
"9703",9,"F",7,"Black","High",2,0,0,0,0,0,0,0,0,0,4,"1",FALSE,0
"9704",7,"M",4,"White","High",2,0,0,0,0,0,0,0,0,0,4,"1",FALSE,0
"9705",6,"F",4,"White","High",2,0,0,0,0,0,0,0,0,0,2,"1",FALSE,1
"9706",7,"F",4,"Hispanic","High",2,0,0,0,0,0,0,0,0,0,4,"1",FALSE,0
"9707",6,"F",4,"White","High",2,0,0,0,0,0,0,0,0,0,2,NA,FALSE,1
"9708",7,"M",4,"Hispanic","High",2,0,0,0,0,0,NA,0,0,0,4,"1",NA,0
"9709",7,"F",4,"Black","High",2,0,0,0,0,0,0,0,0,0,4,"1",FALSE,0
"9710",7,"M",4,"White","High",1,0,0,0,0,0,0,0,0,0,2,NA,FALSE,1
"9711",7,"F",4,"White","High",2,0,0,0,0,0,0,0,0,0,2,"1",FALSE,1
"9712",6,"F",4,"Black","High",2,0,0,0,0,0,0,0,0,1,1,NA,TRUE,1
"9713",6,"F",4,"White","High",2,0,0,0,0,0,0,0,0,0,4,"1",FALSE,0
"9714",7,"M",4,"White","High",2,0,0,0,0,0,0,0,0,0,4,"1",FALSE,0
"9715",6,"M",4,"Black","High",2,0,0,0,0,0,0,0,0,0,4,"1",FALSE,0
"9716",7,"F",4,"White","High",2,0,0,0,0,0,0,0,0,1,2,NA,TRUE,1
"9717",7,"F",4,"White","High",2,0,0,0,0,0,0,0,0,0,2,NA,FALSE,1
"9718",6,"M",4,"White","High",2,0,0,0,0,0,0,0,0,0,2,"1",FALSE,1
"9719",6,"M",4,NA,"High",2,0,0,0,0,0,0,0,0,0,2,"1",FALSE,1
"9720",6,"F",4,"Asian","High",2,0,0,0,0,0,0,0,0,0,4,"1",FALSE,0
"9721",7,"M",4,"Asian","High",2,0,0,0,0,0,0,0,0,0,1,NA,FALSE,1
"9722",7,"M",4,"Hispanic","High",2,0,0,0,0,0,0,0,0,1,3,"1",TRUE,0
"9723",7,"M",4,"Asian","High",2,0,0,0,0,0,0,0,0,0,3,NA,FALSE,0
"9724",6,"M",4,"Black","High",2,0,0,0,NA,NA,NA,NA,NA,0,4,NA,NA,0
"9725",7,"M",4,"Asian","High",2,0,0,0,0,0,0,0,1,1,1,NA,TRUE,1
"9726",6,"F",4,"Black","High",2,0,0,0,0,0,0,0,0,0,4,"1",FALSE,0
"9727",6,"M",4,"White","High",2,0,0,0,0,0,0,0,0,0,4,"1",FALSE,0
"9728",7,"M",4,"Hispanic","High",2,0,0,0,0,0,0,0,0,0,4,NA,FALSE,0
"9729",6,"F",4,"White","High",2,0,0,0,0,0,0,0,0,0,4,"1",FALSE,0
"9730",6,"F",4,"White","High",2,0,0,0,0,0,0,0,0,0,4,"1",FALSE,0
"9731",6,"M",4,"Hispanic","High",2,0,0,0,0,0,0,0,0,0,4,"1",FALSE,0
"9732",7,"M",4,"NHOPI","High",1,1,1,0,1,0,1,0,0,NA,1,NA,TRUE,1
"9733",6,"F",4,"Hispanic","High",2,0,0,0,0,0,0,0,0,0,2,"1",FALSE,1
"9734",11,"M",4,"Black","High",1,1,1,0,0,0,NA,0,0,1,1,NA,TRUE,1
"9735",7,"F",4,"Hispanic","High",2,0,0,0,0,0,0,0,0,0,4,"1",FALSE,0
"9736",6,"F",4,"Asian","High",2,0,0,0,0,0,0,0,0,0,1,NA,FALSE,1
"9737",7,"M",4,"White","High",2,0,0,0,0,0,0,0,0,0,4,NA,FALSE,0
"9738",7,"F",4,"White","High",2,0,0,0,0,0,0,0,0,0,1,"1",FALSE,1
"9739",6,"M",4,"Asian","High",2,0,0,0,0,0,0,0,0,0,2,NA,FALSE,1
"9740",7,"F",4,"Black","High",2,0,0,0,0,0,0,0,0,0,4,"1",FALSE,0
"9741",7,"M",4,"White","High",2,0,0,0,0,0,0,0,0,0,4,"1",FALSE,0
"9742",6,"F",4,"Hispanic","High",2,0,0,0,0,0,0,0,0,0,4,"1",FALSE,0
"9743",6,"M",4,"Black","High",2,0,0,0,0,0,0,0,0,1,2,"1",TRUE,1
"9744",7,"M",4,"Hispanic","High",2,0,0,0,0,0,0,0,0,0,2,"1",FALSE,1
"9745",7,"F",4,"Black","High",2,0,0,0,0,0,0,0,0,0,4,"1",FALSE,0
"9746",6,"F",4,"Black","High",2,0,0,0,0,0,0,0,0,0,4,NA,FALSE,0
"9747",7,"M",4,"Asian","High",2,0,0,0,0,0,0,0,0,0,4,"1",FALSE,0
"9748",7,"M",4,"Asian","High",2,0,0,0,0,0,0,0,0,0,4,NA,FALSE,0
"9749",7,"F",5,"White","High",2,0,0,0,0,0,0,0,0,0,4,NA,FALSE,0
"9750",8,"F",5,"Asian","High",1,1,1,0,0,0,1,1,0,0,1,NA,TRUE,1
"9751",8,"F",5,"Black","High",2,0,0,0,0,0,0,0,0,0,1,"1",FALSE,1
"9752",8,"F",5,"White","High",2,0,0,0,0,0,0,0,0,1,1,"1",TRUE,1
"9753",7,"M",5,"White","High",2,0,0,0,0,0,0,0,0,0,2,"1",FALSE,1
"9754",7,"F",5,"White","High",2,0,0,0,0,0,0,0,0,1,2,"1",TRUE,1
"9755",7,"F",5,"Black","High",2,0,0,0,0,0,1,0,0,0,1,"1",TRUE,1
"9756",8,"F",5,"Hispanic","High",2,0,0,0,0,0,0,0,0,0,1,NA,FALSE,1
"9757",7,"F",5,"White","High",2,1,0,0,0,0,0,0,0,1,2,NA,TRUE,1
"9758",8,"M",6,"Asian","High",2,0,0,0,0,0,0,0,0,0,4,"1",FALSE,0
"9759",8,"F",5,"Black","High",2,0,0,0,0,0,0,0,0,0,1,NA,FALSE,1
"9760",7,"F",5,NA,"High",2,0,0,0,0,0,0,0,0,0,3,"1",FALSE,0
"9761",8,"F",5,"Asian","High",2,0,0,0,0,0,0,0,0,0,3,"1",FALSE,0
"9762",8,"M",5,"White","High",2,0,0,0,0,0,0,0,0,1,3,"1",TRUE,0
"9763",8,"F",5,"Black","High",2,0,0,0,0,0,0,0,0,0,3,NA,FALSE,0
"9764",7,"F",5,"White","High",2,0,0,0,0,0,0,0,0,0,4,"1",FALSE,0
"9765",8,"F",5,"White","High",2,0,0,0,0,0,0,0,0,0,4,"1",FALSE,0
"9766",7,"M",5,NA,"High",1,1,1,0,0,0,0,0,0,0,2,NA,TRUE,1
"9767",8,"F",5,"Hispanic","High",2,0,0,0,0,0,0,0,0,1,2,NA,TRUE,1
"9768",8,"F",5,"Black","High",2,1,0,0,0,0,0,0,0,1,1,NA,TRUE,1
"9769",8,"F",5,"Black","High",2,0,0,0,0,0,0,0,0,0,2,"1",FALSE,1
"9770",7,"F",5,"Asian","High",2,0,0,0,0,0,0,0,0,0,3,NA,FALSE,0
"9771",7,"F",5,"Black","High",1,0,0,0,0,0,0,0,0,0,2,NA,FALSE,1
"9772",8,"F",5,"White","High",2,1,0,0,0,0,0,0,0,1,1,"1",TRUE,1
"9773",7,"F",5,NA,"High",2,0,0,0,0,0,0,0,0,0,3,"1",FALSE,0
"9774",8,"F",5,"Black","High",1,0,0,0,0,0,0,0,0,0,3,"1",FALSE,0
"9775",8,"F",5,"White","High",2,0,0,0,0,0,0,0,0,1,1,"1",TRUE,1
"9776",8,"M",5,"White","High",2,0,0,0,0,0,0,0,0,0,4,"1",FALSE,0
"9777",7,"F",5,"Black","High",2,0,0,0,0,0,0,0,0,0,1,"1",FALSE,1
"9778",7,"M",5,"White","High",2,0,0,0,0,0,0,0,0,0,3,NA,FALSE,0
"9779",8,"F",5,"White","High",2,0,0,0,0,0,0,0,0,1,1,NA,TRUE,1
"9780",8,"F",5,"Black","High",2,0,0,0,0,0,0,0,0,0,4,"1",FALSE,0
"9781",8,"F",5,"White","High",1,0,0,0,0,0,0,0,0,0,3,NA,FALSE,0
"9782",7,"M",5,"Asian","High",2,0,0,0,0,0,0,0,0,0,4,"1",FALSE,0
"9783",8,"F",5,"Black","High",2,0,0,0,0,0,0,0,0,0,2,"1",FALSE,1
"9784",10,"F",7,"Asian","High",2,0,0,0,0,0,0,0,0,0,4,"1",FALSE,0
"9785",9,"F",6,"White","High",2,0,0,0,0,0,0,0,0,0,2,NA,FALSE,1
"9786",8,"F",5,"Asian","High",2,0,0,0,0,0,0,0,0,0,3,"1",FALSE,0
"9787",7,"F",5,"Black","High",2,0,0,0,0,0,0,0,0,0,4,"1",FALSE,0
"9788",7,"F",5,"Black","High",2,0,0,0,0,0,0,0,0,0,3,NA,FALSE,0
"9789",7,"M",5,"Asian","High",2,0,0,0,0,0,1,0,0,1,2,NA,TRUE,1
"9790",8,"M",5,"Asian","High",2,0,0,0,0,0,0,0,0,0,2,NA,FALSE,1
"9791",8,"M",5,"Black","High",2,0,0,0,0,0,0,0,0,0,4,"1",FALSE,0
"9792",7,"M",5,"White","High",2,0,0,0,0,0,0,0,0,0,2,"1",FALSE,1
"9793",8,"M",5,"Hispanic","High",2,0,0,0,0,0,0,0,0,0,3,"1",FALSE,0
"9794",7,"M",5,"Asian","High",2,0,0,0,0,0,0,0,0,0,1,"1",FALSE,1
"9795",8,"M",6,"Black","High",1,0,0,0,0,0,0,0,0,1,1,NA,TRUE,1
"9796",8,"F",6,"Hispanic","High",2,0,0,0,0,0,0,0,0,1,2,NA,TRUE,1
"9797",8,"M",5,"Black","High",2,0,0,0,0,0,0,0,0,0,2,"1",FALSE,1
"9798",8,"F",5,"Asian","High",2,0,0,0,0,0,0,0,0,0,4,NA,FALSE,0
"9799",8,"F",5,"White","High",2,0,0,0,0,0,0,0,0,0,4,"1",FALSE,0
"9800",7,"F",5,"White","High",2,0,0,0,0,0,0,0,0,0,3,"1",FALSE,0
"9801",7,"M",5,"Asian","High",2,0,0,0,0,0,0,0,0,0,4,"1",FALSE,0
"9802",7,"M",5,"Asian","High",2,0,0,0,0,0,0,0,0,0,2,NA,FALSE,1
"9803",8,"F",5,"Black","High",2,0,0,0,0,0,0,0,0,0,3,NA,FALSE,0
"9804",7,"F",5,"Black","High",2,0,0,0,0,0,0,0,0,0,2,"1",FALSE,1
"9805",9,"F",6,"Black","High",1,0,1,0,0,0,0,0,0,0,2,NA,TRUE,1
"9806",8,"M",5,"Black","High",2,0,0,0,0,0,0,0,0,0,1,"1",FALSE,1
"9807",8,"F",6,"Black","High",2,0,0,0,0,0,0,0,0,1,4,NA,TRUE,0
"9808",8,"F",5,"Black","High",2,0,0,0,0,0,0,0,0,0,2,"1",FALSE,1
"9809",8,"F",5,"Black","High",2,0,0,0,0,0,0,0,0,0,2,"1",FALSE,1
"9810",10,"F",7,"Black","High",1,0,0,0,0,0,0,0,0,0,4,NA,FALSE,0
"9811",8,"F",6,"White","High",2,0,0,0,0,0,0,0,0,0,4,"1",FALSE,0
"9812",9,"M",7,"Black","High",2,0,0,0,0,0,0,0,0,0,3,"1",FALSE,0
"9813",10,"F",7,"Black","High",2,0,0,0,0,0,0,0,0,0,4,NA,FALSE,0
"9814",8,"F",6,"Black","High",1,0,1,0,0,0,0,0,0,0,1,NA,TRUE,1
"9815",8,"F",5,"Asian","High",2,0,0,0,0,0,0,0,0,0,2,"1",FALSE,1
"9816",8,"F",6,"White","High",2,0,0,0,0,0,0,0,0,0,4,NA,FALSE,0
"9817",10,"M",6,"White","High",1,1,1,1,0,0,0,0,0,1,2,NA,TRUE,1
"9818",8,"F",6,"Black","High",2,0,0,0,0,0,0,0,0,0,4,"1",FALSE,0
"9819",8,"F",6,"Black","High",2,0,0,0,0,0,0,0,0,0,4,"1",FALSE,0
"9820",9,"F",6,"White","High",2,0,0,0,0,0,0,0,0,1,1,"1",TRUE,1
"9821",8,"M",6,"Asian","High",2,0,0,0,0,0,0,0,0,0,3,NA,FALSE,0
"9822",9,"F",6,"Black","High",2,0,0,0,0,0,0,0,0,0,4,"1",FALSE,0
"9823",9,"M",6,"Asian","High",2,0,0,0,0,0,0,0,0,0,1,"1",FALSE,1
"9824",9,"M",6,"Hispanic","High",2,0,0,0,0,0,0,0,0,0,4,NA,FALSE,0
"9825",8,"M",6,"Black","High",2,0,0,0,0,0,0,0,0,0,4,"1",FALSE,0
"9826",9,"M",6,"Black","High",2,0,0,NA,0,0,0,0,0,0,1,"1",NA,1
"9827",9,"F",6,"Black","High",2,0,0,0,0,0,0,0,0,0,4,"1",FALSE,0
"9828",8,"F",6,"Black","High",2,0,0,0,0,0,0,0,0,0,4,"1",FALSE,0
"9829",9,"F",6,"Black","High",2,0,0,0,0,0,0,0,0,0,4,"1",FALSE,0
"9830",8,"F",6,"Black","High",2,0,0,0,0,0,0,0,0,0,4,"1",FALSE,0
"9831",9,"F",6,"Black","High",2,0,0,0,0,0,0,0,0,0,4,NA,FALSE,0
"9832",8,"F",6,"Black","High",2,0,0,0,0,0,0,0,0,0,4,"1",FALSE,0
"9833",8,"M",6,"Black","High",1,0,0,0,0,0,0,0,0,0,1,NA,FALSE,1
"9834",8,"F",6,"Black","High",2,0,0,0,0,0,0,0,0,0,4,"1",FALSE,0
"9835",9,"F",7,"Black","High",2,0,0,0,0,0,0,0,0,0,4,NA,FALSE,0
"9836",9,"F",6,"Black","High",2,0,0,0,0,0,0,0,0,0,4,NA,FALSE,0
"9837",8,"F",6,"Black","High",2,0,0,0,0,0,0,0,0,0,4,NA,FALSE,0
"9838",9,"F",6,"White","High",2,0,0,0,0,0,0,0,0,0,4,"1",FALSE,0
"9839",8,"F",6,"White","High",2,1,0,1,0,0,0,0,0,1,1,"1",TRUE,1
"9840",8,"F",6,"Asian","High",2,0,0,0,0,0,0,0,0,0,4,"1",FALSE,0
"9841",9,"F",6,"White","High",2,0,0,0,0,0,0,0,0,0,2,"1",FALSE,1
"9842",9,"F",6,"Asian","High",2,0,0,0,0,0,0,0,0,0,4,"1",FALSE,0
"9843",8,"F",6,"Black","High",2,0,0,0,0,0,0,0,0,0,3,"1",FALSE,0
"9844",9,"F",6,"Black","High",2,0,0,0,0,0,0,0,0,0,2,"1",FALSE,1
"9845",8,"M",6,"Hispanic","High",2,0,0,0,0,0,0,0,0,0,4,"1",FALSE,0
"9846",9,"F",6,"Black","High",2,0,0,0,0,0,0,0,0,0,4,"1",FALSE,0
"9847",8,"F",6,"Hispanic","High",2,0,0,0,0,0,0,0,0,0,4,"1",FALSE,0
"9848",8,"F",6,"White","High",1,0,0,0,0,0,0,0,0,1,2,NA,TRUE,1
"9849",8,"F",6,"Hispanic","High",1,1,NA,0,0,0,0,0,0,1,2,NA,TRUE,1
"9850",8,"F",6,"White","High",2,0,0,0,0,0,0,0,0,0,3,"1",FALSE,0
"9851",9,"F",6,"White","High",2,0,0,0,0,0,0,0,0,1,3,NA,TRUE,0
"9852",9,"M",6,"Asian","High",1,0,1,0,0,0,0,0,0,1,2,NA,TRUE,1
"9853",8,"M",6,"White","High",2,0,0,0,0,0,0,0,0,0,2,NA,FALSE,1
"9854",8,NA,6,NA,"High",NA,NA,NA,NA,0,0,1,0,0,0,1,"1",TRUE,1
"9855",9,"M",6,"Asian","High",1,0,0,0,0,0,0,0,0,0,4,NA,FALSE,0
"9856",9,"F",6,"Asian","High",2,0,0,0,0,0,0,0,0,0,4,"1",FALSE,0
"9857",9,"F",6,"White","High",2,0,0,0,0,0,0,0,0,0,1,"1",FALSE,1
"9858",8,"F",6,"Hispanic","High",2,0,0,0,0,0,0,0,0,0,2,NA,FALSE,1
"9859",8,"F",6,"White","High",2,0,0,0,0,0,0,0,0,0,4,"1",FALSE,0
"9860",9,"F",7,"Black","High",2,0,0,0,0,0,0,0,0,0,4,NA,FALSE,0
"9861",10,"M",7,"White","High",2,0,0,0,0,0,0,0,0,0,1,NA,FALSE,1
"9862",10,"M",7,"Hispanic","High",2,0,0,0,0,0,0,0,0,0,4,"1",FALSE,0
"9863",10,"F",7,"Black","High",2,0,0,0,0,0,0,0,0,0,3,"1",FALSE,0
"9864",9,"F",7,"Black","High",2,0,0,0,0,0,0,0,0,0,4,"1",FALSE,0
"9865",9,"F",7,"Black","High",2,0,0,0,0,0,0,0,0,0,4,"1",FALSE,0
"9866",10,"F",7,"Black","High",2,0,0,0,0,0,0,0,0,0,4,"1",FALSE,0
"9867",9,"F",6,"Black","High",2,0,0,0,0,0,0,0,0,0,4,NA,FALSE,0
"9868",10,"F",7,"Black","High",2,0,0,0,0,0,0,0,0,0,4,"1",FALSE,0
"9869",9,"F",7,"White","High",2,0,0,0,0,0,0,0,0,0,4,"1",FALSE,0
"9870",10,"M",7,"White","High",1,0,0,0,0,0,0,0,0,1,1,"1",TRUE,1
"9871",9,"F",7,"Black","High",2,0,0,0,0,0,0,0,0,0,4,"1",FALSE,0
"9872",9,"M",7,"White","High",1,0,1,0,0,0,1,1,0,1,1,"1",TRUE,1
"9873",10,"F",7,"Black","High",1,0,1,0,0,0,0,0,0,0,2,"1",TRUE,1
"9874",9,"F",7,"Hispanic","High",2,0,0,0,0,0,NA,0,0,0,1,"1",NA,1
"9875",10,"F",7,"Black","High",1,1,1,0,0,0,0,0,0,0,2,"1",TRUE,1
"9876",10,"F",7,"Black","High",1,0,0,0,0,0,0,0,0,0,1,NA,FALSE,1
"9877",9,"M",7,"White","High",2,0,0,0,0,0,0,0,0,0,2,"1",FALSE,1
"9878",11,"F",7,"White","High",2,0,0,0,0,0,0,0,0,0,2,"1",FALSE,1
"9879",10,"F",7,"Black","High",1,0,0,0,0,0,0,0,0,0,4,NA,FALSE,0
"9880",8,"F",5,"Black","High",2,0,0,0,0,0,0,0,0,0,4,"1",FALSE,0
"9881",10,"F",7,"Black","High",1,0,1,0,0,0,0,0,0,0,3,"1",TRUE,0
"9882",10,"M",7,"Black","High",2,0,0,0,0,0,0,0,0,0,2,"1",FALSE,1
"9883",10,"F",7,"Black","High",2,0,0,0,0,0,0,0,0,0,4,"1",FALSE,0
"9884",10,"F",7,"Black","High",2,0,0,0,0,0,0,0,0,0,2,NA,FALSE,1
"9885",10,"F",7,"Black","High",2,0,0,0,0,0,0,0,0,0,4,"1",FALSE,0
"9886",10,"M",7,"White","High",2,0,0,0,0,0,0,0,0,0,4,"1",FALSE,0
"9887",9,"F",7,"Black","High",2,0,0,0,0,0,0,0,0,0,1,"1",FALSE,1
"9888",10,"F",7,"Black","High",2,0,0,0,0,0,0,0,0,0,4,NA,FALSE,0
"9889",10,"F",7,"White","High",2,0,0,0,0,0,0,0,0,1,1,NA,TRUE,1
"9890",10,"M",7,"Asian","High",NA,0,0,0,0,0,0,0,0,0,1,NA,FALSE,1
"9891",9,"M",7,"White","High",1,1,1,1,0,0,0,0,0,1,1,NA,TRUE,1
"9892",9,"M",7,"White","High",1,1,0,0,0,0,0,0,0,0,1,NA,TRUE,1
"9893",10,"M",7,"White","High",2,0,0,0,0,0,0,0,0,0,4,"1",FALSE,0
"9894",9,"M",7,"White","High",2,0,0,0,0,0,0,0,0,0,4,"1",FALSE,0
"9895",10,"M",7,"Black","High",2,0,0,0,0,0,0,0,0,0,4,"1",FALSE,0
"9896",10,"F",7,"White","High",2,0,0,0,0,0,0,0,0,0,3,NA,FALSE,0
"9897",9,"M",7,"Black","High",2,0,0,0,0,0,0,0,0,0,4,NA,FALSE,0
"9898",9,"F",7,"Hispanic","High",2,0,0,0,0,0,0,0,0,0,4,NA,FALSE,0
"9899",10,"F",7,"Hispanic","High",2,0,0,0,0,0,0,0,0,0,3,"1",FALSE,0
"9900",9,"F",7,"Black","High",2,0,0,0,0,0,0,0,0,0,1,"1",FALSE,1
"9901",9,"F",7,"Asian","High",2,0,0,0,0,0,0,0,0,0,4,"1",FALSE,0
"9902",9,"F",7,"Black","High",2,0,0,0,0,0,0,0,0,0,2,"1",FALSE,1
"9903",10,"F",7,"Asian","High",1,0,1,0,0,0,0,0,0,0,4,NA,TRUE,0
"9904",9,"F",7,"Hispanic","High",2,0,0,0,0,0,0,0,0,0,4,"1",FALSE,0
"9905",10,"F",7,"Black","High",2,0,0,0,0,0,0,0,0,0,4,"1",FALSE,0
"9906",10,"F",7,"Black","High",2,0,0,0,0,0,0,0,0,0,4,NA,FALSE,0
"9907",9,"F",7,NA,"High",2,0,0,0,0,0,0,0,0,0,4,"1",FALSE,0
"9908",9,"F",7,"Black","High",1,0,1,0,0,0,0,0,0,0,4,NA,TRUE,0
"9909",10,"F",7,"Asian","High",2,0,0,0,0,0,0,0,0,0,4,NA,FALSE,0
"9910",10,"F",7,"Black","High",2,0,0,0,0,0,0,0,0,0,4,NA,FALSE,0
"9911",10,"F",7,"Black","High",1,0,0,0,0,0,0,0,0,0,1,NA,FALSE,1
"9912",10,"M",7,"Black","High",2,0,0,0,0,0,0,0,0,0,4,"1",FALSE,0
"9913",7,"M",4,"Hispanic","High",1,1,1,NA,NA,NA,1,NA,NA,1,4,NA,TRUE,0
"9914",4,"F",2,"White","Middle",2,0,0,0,0,0,0,0,0,0,4,"1",FALSE,0
"9915",5,"F",2,"White","Middle",2,0,0,0,0,0,0,0,0,0,2,NA,FALSE,1
"9916",5,"F",2,"Black","Middle",2,0,0,0,0,0,0,0,0,0,4,"1",FALSE,0
"9917",5,"F",2,"White","Middle",2,0,0,0,0,0,0,0,0,1,3,NA,TRUE,0
"9918",5,"F",2,"Black","Middle",2,0,0,0,0,0,0,0,0,0,4,"1",FALSE,0
"9919",4,"F",2,"Black","Middle",2,0,0,0,0,0,0,0,0,0,2,NA,FALSE,1
"9920",5,"F",2,"Black","Middle",2,0,0,0,0,0,0,0,0,0,4,"1",FALSE,0
"9921",4,"F",2,"Black","Middle",2,0,0,0,0,0,0,0,0,0,4,"1",FALSE,0
"9922",5,"F",2,"Black","Middle",2,0,0,0,0,0,0,0,0,0,4,"1",FALSE,0
"9923",4,"F",2,"Black","Middle",2,0,0,0,0,0,0,0,0,0,4,"1",FALSE,0
"9924",4,"F",2,NA,"Middle",2,0,0,0,0,0,0,0,0,0,4,"1",FALSE,0
"9925",4,"F",2,NA,"Middle",2,0,0,0,0,0,0,0,0,0,1,NA,FALSE,1
"9926",4,"F",2,"Hispanic","Middle",2,0,0,0,0,0,0,0,0,0,4,NA,FALSE,0
"9927",5,"F",2,"White","Middle",2,0,0,0,0,0,0,0,0,0,4,"1",FALSE,0
"9928",5,"F",2,"White","Middle",2,0,0,0,0,0,0,0,0,1,3,NA,TRUE,0
"9929",4,"F",2,"White","Middle",2,0,0,0,0,0,0,0,0,0,4,"1",FALSE,0
"9930",6,"F",2,"Black","Middle",2,0,0,0,0,0,0,0,0,0,4,"1",FALSE,0
"9931",4,"F",2,"White","Middle",2,0,0,0,0,0,0,0,0,0,4,NA,FALSE,0
"9932",4,"F",2,"Black","Middle",2,0,0,0,0,0,0,0,0,1,4,"1",TRUE,0
"9933",5,"F",2,"White","Middle",2,0,0,0,0,0,0,0,0,0,4,NA,FALSE,0
"9934",4,"F",2,"White","Middle",2,0,0,0,0,0,0,0,0,0,4,"1",FALSE,0
"9935",4,"F",2,"White","Middle",2,0,0,0,0,0,0,0,0,0,4,NA,FALSE,0
"9936",5,"F",2,"Black","Middle",2,0,0,0,0,0,0,0,0,1,4,"1",TRUE,0
"9937",5,"F",2,"Black","Middle",2,0,0,0,0,0,0,0,0,0,4,"1",FALSE,0
"9938",4,"F",2,"Black","Middle",2,0,0,0,0,0,0,0,0,0,1,"1",FALSE,1
"9939",5,"F",2,"Black","Middle",2,0,0,0,0,0,0,0,0,0,2,"1",FALSE,1
"9940",5,"F",2,"White","Middle",2,0,0,0,0,0,0,0,0,0,4,NA,FALSE,0
"9941",4,"F",2,"White","Middle",2,0,0,0,0,0,0,0,0,0,4,"1",FALSE,0
"9942",4,"F",2,"White","Middle",2,0,0,0,0,0,0,0,0,0,2,NA,FALSE,1
"9943",6,"F",2,"Black","Middle",2,0,0,0,0,0,0,0,0,0,3,"1",FALSE,0
"9944",4,"F",2,"White","Middle",2,0,0,0,0,0,0,0,0,0,4,NA,FALSE,0
"9945",5,"F",2,"Hispanic","Middle",2,0,0,0,0,0,0,0,0,0,4,"1",FALSE,0
"9946",5,"M",2,"White","Middle",2,0,0,0,0,0,0,0,0,0,2,"1",FALSE,1
"9947",5,"M",2,"Black","Middle",2,0,0,0,0,0,0,0,0,0,4,"1",FALSE,0
"9948",4,"M",2,"Black","Middle",2,0,0,0,0,0,0,0,0,0,4,"1",FALSE,0
"9949",4,"M",2,"White","Middle",2,0,0,0,0,0,0,0,0,0,4,NA,FALSE,0
"9950",4,"M",2,"Black","Middle",2,0,0,0,0,0,0,0,0,0,2,NA,FALSE,1
"9951",4,"M",2,"White","Middle",1,0,0,0,0,0,0,0,0,0,4,"1",FALSE,0
"9952",5,"M",2,"Black","Middle",2,0,0,0,0,0,0,0,0,1,1,"1",TRUE,1
"9953",6,"M",2,"Black","Middle",NA,0,0,0,0,0,0,0,0,0,3,"1",FALSE,0
"9954",5,"M",2,"Black","Middle",1,0,0,NA,0,0,0,0,0,0,2,"1",NA,1
"9955",4,"M",2,"Black","Middle",2,0,0,0,0,0,0,0,0,0,4,"1",FALSE,0
"9956",5,"M",2,"White","Middle",2,0,0,0,0,0,0,0,0,0,4,"1",FALSE,0
"9957",4,"M",2,"White","Middle",2,0,0,0,0,0,0,0,0,0,4,"1",FALSE,0
"9958",5,"M",2,"White","Middle",1,0,1,1,0,0,1,0,0,1,1,NA,TRUE,1
"9959",5,"M",2,"White","Middle",2,0,0,0,0,0,0,0,0,0,4,"1",FALSE,0
"9960",5,"M",2,"Black","Middle",2,0,0,0,0,0,0,0,0,0,4,"1",FALSE,0
"9961",6,"M",2,"Hispanic","Middle",2,0,0,0,0,0,0,0,0,0,4,"1",FALSE,0
"9962",4,"M",2,"White","Middle",2,0,0,0,0,0,0,0,0,1,2,NA,TRUE,1
"9963",5,"M",2,"White","Middle",2,0,0,0,0,0,0,0,0,0,1,"1",FALSE,1
"9964",4,"M",2,"Black","Middle",2,0,0,0,0,0,0,0,0,0,4,"1",FALSE,0
"9965",4,"M",2,"Black","Middle",2,0,0,0,0,0,0,0,0,0,4,"1",FALSE,0
"9966",4,"M",2,"White","Middle",2,0,0,0,0,0,0,0,0,0,4,"1",FALSE,0
"9967",4,"M",2,"White","Middle",2,0,0,0,0,0,0,0,0,0,4,NA,FALSE,0
"9968",4,"M",2,"Black","Middle",2,0,0,0,0,0,0,0,0,1,4,"1",TRUE,0
"9969",5,"M",2,"Black","Middle",2,0,0,0,0,0,0,0,0,0,4,NA,FALSE,0
"9970",5,"M",2,"White","Middle",2,0,0,0,0,0,0,0,0,0,3,NA,FALSE,0
"9971",5,"M",2,"Black","Middle",2,0,0,0,0,0,0,0,0,0,4,"1",FALSE,0
"9972",5,"M",2,"Black","Middle",2,0,0,0,0,0,0,0,0,0,4,NA,FALSE,0
"9973",5,"M",2,NA,"Middle",2,0,0,0,0,0,0,0,0,0,4,"1",FALSE,0
"9974",6,"F",3,"Hispanic","Middle",2,0,0,0,0,0,0,0,0,0,4,"1",FALSE,0
"9975",5,"F",3,"Black","Middle",2,0,0,0,0,0,0,0,0,0,1,"1",FALSE,1
"9976",6,"F",3,"White","Middle",2,0,0,0,1,0,0,0,0,1,2,NA,TRUE,1
"9977",5,"F",3,"White","Middle",2,0,0,0,0,0,0,0,0,0,3,"1",FALSE,0
"9978",5,"F",3,"Black","Middle",2,0,0,0,0,0,0,0,0,0,2,"1",FALSE,1
"9979",5,"F",3,"White","Middle",1,1,0,0,NA,NA,0,NA,NA,1,2,NA,TRUE,1
"9980",5,"F",3,"White","Middle",2,0,0,0,0,0,0,0,0,0,4,"1",FALSE,0
"9981",6,"F",3,"White","Middle",2,0,0,0,0,0,0,0,0,0,4,NA,FALSE,0
"9982",6,"F",3,"White","Middle",2,0,0,0,0,0,NA,0,0,0,3,"1",NA,0
"9983",5,"F",3,"White","Middle",2,0,0,0,0,0,0,0,0,0,3,"1",FALSE,0
"9984",5,"F",3,"White","Middle",2,0,0,0,0,0,0,0,0,0,3,NA,FALSE,0
"9985",6,"F",3,"Black","Middle",2,0,0,0,0,0,0,0,0,0,3,"1",FALSE,0
"9986",6,"F",3,NA,"Middle",1,0,1,0,0,0,0,0,0,0,2,NA,TRUE,1
"9987",5,"F",3,"Black","Middle",2,0,0,0,0,0,0,0,0,0,4,NA,FALSE,0
"9988",5,"F",3,"Black","Middle",2,0,0,0,0,0,0,0,0,0,2,"1",FALSE,1
"9989",5,"F",3,"White","Middle",2,0,0,0,0,0,0,0,0,0,4,"1",FALSE,0
"9990",5,"F",3,"White","Middle",2,0,0,0,0,0,0,0,0,0,4,NA,FALSE,0
"9991",5,"F",3,"Black","Middle",2,0,0,0,0,0,0,0,0,0,1,"1",FALSE,1
"9992",6,"M",3,"White","Middle",2,0,NA,0,0,0,0,0,0,NA,4,"1",NA,0
"9993",6,"M",3,"Black","Middle",2,0,0,0,0,0,0,0,0,0,4,"1",FALSE,0
"9994",6,"M",3,"Black","Middle",2,0,0,0,0,0,0,0,0,0,4,"1",FALSE,0
"9995",6,"M",3,"White","Middle",2,0,0,0,0,0,0,0,0,0,4,"1",FALSE,0
"9996",5,"M",3,"Black","Middle",2,0,0,0,0,0,0,0,0,0,4,NA,FALSE,0
"9997",5,"M",3,"White","Middle",2,0,0,0,0,0,0,0,0,0,2,NA,FALSE,1
"9998",5,"M",3,"Hispanic","Middle",2,0,0,0,0,0,0,0,0,0,4,"1",FALSE,0
"9999",6,"M",3,"Black","Middle",2,0,0,0,0,0,0,0,0,0,4,"1",FALSE,0
"10000",6,"M",3,"Hispanic","Middle",2,0,0,0,0,0,0,0,0,0,4,"1",FALSE,0
"10001",6,"M",3,"Black","Middle",1,0,1,0,0,0,0,0,0,0,1,NA,TRUE,1
"10002",6,"M",3,"Hispanic","Middle",1,1,1,0,0,0,1,0,0,1,1,NA,TRUE,1
"10003",5,"M",3,"Black","Middle",2,0,0,0,0,0,0,0,0,0,2,"1",FALSE,1
"10004",7,"F",4,"White","High",2,0,0,0,0,0,0,0,0,0,4,NA,FALSE,0
"10005",7,"F",4,"White","High",1,1,NA,NA,NA,NA,0,NA,NA,0,1,NA,TRUE,1
"10006",6,"F",4,"White","High",2,0,0,0,0,0,0,0,0,0,2,"1",FALSE,1
"10007",8,"F",8,"Black",NA,1,0,NA,0,0,0,0,0,0,0,3,NA,NA,0
"10008",7,"M",4,"Hispanic","High",NA,0,NA,1,1,0,1,0,0,1,1,NA,TRUE,1
"10009",8,"M",5,NA,"High",1,1,1,1,0,1,NA,0,0,NA,1,NA,TRUE,1
"10010",7,"M",4,"Hispanic","High",NA,1,NA,NA,NA,NA,NA,NA,NA,NA,1,NA,TRUE,1
"10011",8,"M",4,"Black","High",1,0,1,0,0,0,0,0,0,0,4,"1",TRUE,0
"10012",7,"M",4,"Black","High",2,0,0,0,NA,NA,NA,NA,NA,0,4,NA,NA,0
"10013",6,"M",4,"Hispanic","High",2,0,0,0,0,0,0,0,0,0,4,"1",FALSE,0
"10014",8,"M",4,"White","High",2,0,0,0,0,0,0,0,0,0,4,NA,FALSE,0
"10015",7,"F",4,"Black","High",2,0,0,0,NA,NA,0,NA,NA,0,4,NA,NA,0
"10016",7,"M",4,"White","High",2,0,0,0,NA,NA,NA,NA,NA,0,1,NA,NA,1
"10017",9,"M",5,"White","High",1,0,0,0,0,0,0,0,0,0,1,NA,FALSE,1
"10018",7,"F",4,"White","High",1,0,0,0,0,0,0,0,0,0,1,NA,FALSE,1
"10019",7,"M",4,"White","High",2,0,0,0,0,0,0,0,0,0,4,"1",FALSE,0
"10020",8,"M",4,"White","High",1,1,1,0,NA,NA,0,NA,NA,0,1,NA,TRUE,1
"10021",7,"F",4,"White","High",NA,1,NA,0,NA,NA,0,NA,NA,0,1,NA,TRUE,1
"10022",7,"M",4,"Black","High",1,0,0,0,NA,NA,0,NA,NA,0,2,NA,NA,1
"10023",7,"M",4,"Black","High",2,0,0,0,0,0,0,0,0,0,4,"1",FALSE,0
"10024",8,"F",5,"Black","High",2,0,0,0,0,0,0,0,0,0,4,"1",FALSE,0
"10025",8,"M",8,"Hispanic",NA,1,NA,1,NA,NA,NA,NA,NA,NA,NA,2,NA,TRUE,1
"10026",9,"F",5,"Hispanic","High",1,1,1,0,0,0,0,0,1,1,1,NA,TRUE,1
"10027",7,"M",4,"White","High",1,1,1,0,NA,NA,0,NA,NA,0,1,NA,TRUE,1
"10028",8,"F",4,"Hispanic","High",2,0,0,0,0,0,0,0,0,0,4,"1",FALSE,0
"10029",7,"F",5,"White","High",2,0,0,0,0,0,0,0,0,0,4,"1",FALSE,0
"10030",7,"M",5,"White","High",2,0,0,0,0,0,0,0,0,0,4,"1",FALSE,0
"10031",8,"M",5,"White","High",2,0,0,0,0,0,0,0,0,1,1,NA,TRUE,1
"10032",8,"F",5,"White","High",2,0,0,0,0,0,0,0,0,0,4,NA,FALSE,0
"10033",9,"F",5,"White","High",1,0,0,0,0,0,0,0,0,0,2,"1",FALSE,1
"10034",7,"F",5,"White","High",2,1,0,0,0,0,0,0,0,1,1,NA,TRUE,1
"10035",7,"F",5,"White","High",2,0,0,0,0,0,0,0,0,0,4,"1",FALSE,0
"10036",8,"F",5,"White","High",2,0,0,0,0,0,0,0,0,0,4,NA,FALSE,0
"10037",7,"M",5,"White","High",2,0,0,0,0,0,0,0,0,0,3,"1",FALSE,0
"10038",8,"M",5,"White","High",1,0,0,0,0,0,0,0,0,0,4,NA,FALSE,0
"10039",8,"F",5,"Black","High",1,0,0,0,0,0,0,0,0,0,2,"1",FALSE,1
"10040",7,"F",5,"White","High",2,0,0,0,0,0,0,0,0,0,4,NA,FALSE,0
"10041",8,"M",5,"White","High",2,0,0,0,0,0,0,0,0,0,4,"1",FALSE,0
"10042",7,"F",5,"Hispanic","High",2,0,0,0,0,0,0,0,0,0,2,"1",FALSE,1
"10043",8,"M",5,"Hispanic","High",2,0,0,0,0,0,0,0,0,0,1,NA,FALSE,1
"10044",7,"F",5,"Black","High",2,0,0,0,0,0,0,0,0,0,4,"1",FALSE,0
"10045",8,"F",5,"White","High",2,0,0,0,0,0,0,0,0,0,3,NA,FALSE,0
"10046",8,"F",5,"White","High",2,1,0,0,0,0,0,0,0,0,1,NA,TRUE,1
"10047",7,"M",5,"White","High",2,0,0,0,0,0,0,0,0,0,4,"1",FALSE,0
"10048",8,"F",5,"White","High",2,0,0,0,0,0,0,0,0,0,3,"1",FALSE,0
"10049",7,"F",5,"White","High",2,0,0,0,0,0,0,0,0,0,1,"1",FALSE,1
"10050",7,"F",5,"Black","High",1,NA,0,0,0,0,0,0,0,0,4,"1",NA,0
"10051",8,"M",5,"White","High",2,0,0,0,0,0,0,0,0,0,4,"1",FALSE,0
"10052",8,"M",5,"White","High",2,0,0,0,0,0,0,0,0,0,4,"1",FALSE,0
"10053",8,"M",5,"Hispanic","High",2,0,0,0,0,0,0,0,0,0,3,"1",FALSE,0
"10054",8,"M",5,"White","High",2,0,0,0,0,0,0,0,0,0,3,"1",FALSE,0
"10055",8,"F",5,"Hispanic","High",2,0,0,0,0,0,0,0,0,0,4,NA,FALSE,0
"10056",8,"F",5,"White","High",2,0,0,0,0,0,0,0,0,0,3,"1",FALSE,0
"10057",8,"F",5,"White","High",2,0,0,NA,0,0,0,0,0,0,3,"1",NA,0
"10058",8,"M",5,"Black","High",1,0,1,0,0,0,0,0,0,0,4,"1",TRUE,0
"10059",8,"M",5,"White","High",2,0,0,0,0,0,0,0,0,0,4,"1",FALSE,0
"10060",7,"M",5,"White","High",2,0,0,0,0,0,0,0,0,0,2,NA,FALSE,1
"10061",8,"M",5,"White","High",2,0,0,0,0,0,0,0,0,1,4,"1",TRUE,0
"10062",7,"F",5,"White","High",2,0,0,0,0,0,0,0,0,0,3,NA,FALSE,0
"10063",7,"M",5,"White","High",2,0,0,0,0,0,0,0,0,0,4,NA,FALSE,0
"10064",8,"F",5,"Hispanic","High",2,0,0,0,0,0,0,0,0,0,3,NA,FALSE,0
"10065",7,"F",5,"White","High",2,0,0,0,0,0,0,0,0,0,4,NA,FALSE,0
"10066",8,"F",5,"White","High",2,0,0,0,0,0,0,0,0,0,4,"1",FALSE,0
"10067",8,"F",5,"White","High",2,0,0,0,0,0,0,0,0,0,2,"1",FALSE,1
"10068",8,"F",5,"White","High",2,0,0,0,0,0,0,0,0,0,4,NA,FALSE,0
"10069",7,"F",5,"White","High",2,0,0,0,0,0,0,0,0,0,2,"1",FALSE,1
"10070",7,"M",5,"White","High",2,0,0,0,0,0,0,0,0,0,3,"1",FALSE,0
"10071",7,"F",5,"Hispanic","High",2,0,0,0,0,0,0,0,0,0,3,NA,FALSE,0
"10072",8,"F",5,"Black","High",1,0,0,0,0,0,0,0,0,0,4,NA,FALSE,0
"10073",7,"M",5,"White","High",1,NA,0,0,0,0,0,0,0,0,2,NA,NA,1
"10074",7,"M",5,"Black","High",2,0,0,0,0,0,0,0,0,0,4,"1",FALSE,0
"10075",8,"F",5,"Black","High",2,0,0,0,0,0,0,0,0,0,4,"1",FALSE,0
"10076",9,"F",6,"White","High",1,0,0,0,0,0,0,0,0,0,2,NA,FALSE,1
"10077",8,"M",6,"White","High",1,1,1,1,0,0,0,0,1,1,1,"1",TRUE,1
"10078",8,"M",6,"White","High",2,0,0,0,0,0,0,0,0,0,4,"1",FALSE,0
"10079",8,"F",5,"Asian","High",2,0,0,0,0,0,0,0,0,0,2,NA,FALSE,1
"10080",9,"M",6,"Black","High",2,0,0,0,0,0,0,0,0,0,3,NA,FALSE,0
"10081",9,"F",6,"White","High",1,0,1,0,0,0,0,0,0,0,1,"1",TRUE,1
"10082",1,"F",7,"Hispanic","High",1,1,1,1,0,0,1,1,0,1,1,NA,TRUE,1
"10083",8,"M",6,"White","High",2,0,0,0,0,0,0,0,0,0,4,"1",FALSE,0
"10084",9,"F",6,"White","High",2,0,0,0,NA,NA,0,NA,NA,0,4,"1",NA,0
"10085",8,"F",6,"White","High",2,0,0,0,0,0,0,0,0,0,4,NA,FALSE,0
"10086",8,"F",6,"White","High",2,0,0,0,0,0,0,0,0,0,2,NA,FALSE,1
"10087",8,"F",6,"Hispanic","High",1,0,0,0,0,0,0,0,0,0,4,"1",FALSE,0
"10088",8,"F",6,"Black","High",2,1,0,0,0,0,0,0,0,0,3,"1",TRUE,0
"10089",9,"F",6,"Black","High",2,0,0,0,0,0,0,0,0,0,4,"1",FALSE,0
"10090",8,"F",6,"Black","High",NA,0,0,0,0,0,0,0,0,0,4,NA,FALSE,0
"10091",7,"F",5,"White","High",2,0,0,0,0,0,0,0,0,0,3,"1",FALSE,0
"10092",9,"F",6,"White","High",2,0,0,0,0,0,0,0,0,0,2,NA,FALSE,1
"10093",9,"F",7,"Hispanic","High",2,0,0,0,0,0,0,0,0,0,3,NA,FALSE,0
"10094",9,"F",6,"Black","High",2,0,0,0,0,0,0,0,0,0,4,NA,FALSE,0
"10095",8,"M",6,"White","High",2,0,0,0,0,0,0,0,0,0,4,"1",FALSE,0
"10096",8,"M",6,"White","High",2,0,0,0,0,0,0,0,0,0,4,"1",FALSE,0
"10097",8,"M",6,"Asian","High",2,0,0,0,0,0,0,0,0,0,4,NA,FALSE,0
"10098",9,NA,6,"Black","High",NA,NA,NA,NA,0,0,NA,1,0,NA,3,NA,TRUE,0
"10099",9,"F",6,"Asian","High",1,0,1,0,0,0,0,0,0,0,4,NA,TRUE,0
"10100",9,"F",7,"White","High",1,0,0,0,0,0,0,0,0,1,4,NA,TRUE,0
"10101",9,"F",7,"White","High",1,0,0,0,0,0,0,0,0,0,4,NA,FALSE,0
"10102",10,"F",7,"White","High",2,0,0,0,NA,NA,NA,NA,NA,0,4,NA,NA,0
"10103",9,"F",7,"White","High",NA,0,NA,NA,NA,NA,NA,NA,NA,NA,4,NA,NA,0
"10104",10,"F",7,"Black","High",1,0,1,0,NA,NA,NA,NA,NA,NA,4,NA,TRUE,0
"10105",9,"F",7,"Hispanic","High",NA,0,NA,NA,NA,NA,NA,NA,NA,NA,4,NA,NA,0
"10106",10,"M",7,"Black","High",2,0,0,0,0,0,0,0,0,0,4,NA,FALSE,0
"10107",9,"F",7,"Black","High",2,0,0,0,0,0,0,0,0,0,4,"1",FALSE,0
"10108",9,"F",7,"White","High",2,0,0,0,0,0,0,0,0,0,4,NA,FALSE,0
"10109",9,"M",7,"White","High",2,0,0,0,0,0,0,0,0,0,3,"1",FALSE,0
"10110",9,"F",7,"Black","High",2,0,0,0,0,0,0,0,0,0,4,"1",FALSE,0
"10111",10,"F",7,"White","High",2,0,0,0,0,0,0,0,0,0,4,"1",FALSE,0
"10112",9,"F",7,"Hispanic","High",2,NA,0,0,0,0,0,0,0,0,4,"1",NA,0
"10113",10,"F",7,"White","High",2,0,0,0,0,0,0,0,0,0,4,NA,FALSE,0
"10114",10,"F",7,"Hispanic","High",2,0,0,0,0,0,0,0,0,0,4,"1",FALSE,0
"10115",9,"F",7,"White","High",2,0,0,0,0,0,0,0,0,0,4,NA,FALSE,0
"10116",10,"M",7,"White","High",2,0,0,0,0,0,0,0,0,0,3,"1",FALSE,0
"10117",9,"M",7,"Asian","High",2,0,0,0,0,0,0,0,0,0,4,"1",FALSE,0
"10118",10,"F",7,"White","High",2,0,0,0,0,0,0,0,0,0,2,"1",FALSE,1
"10119",11,"M",7,"Black","High",2,0,0,0,0,0,0,0,0,0,4,"1",FALSE,0
"10120",9,"M",7,"Hispanic","High",2,0,0,0,0,0,0,0,0,0,3,"1",FALSE,0
"10121",10,"M",7,"Black","High",2,NA,0,0,0,0,0,0,0,0,4,"1",NA,0
"10122",10,"F",7,"White","High",2,0,0,0,0,0,0,0,0,1,4,"1",TRUE,0
"10123",10,"M",7,"White","High",2,0,0,0,0,0,0,0,0,0,4,"1",FALSE,0
"10124",9,"F",7,"Black","High",2,0,0,0,0,0,0,0,0,0,4,NA,FALSE,0
"10125",9,"M",7,"White","High",2,0,0,0,0,0,0,0,0,0,2,NA,FALSE,1
"10126",10,"M",7,"Black","High",2,1,0,0,0,0,0,0,0,1,4,NA,TRUE,0
"10127",9,"F",7,"White","High",2,0,0,0,0,0,0,0,0,0,2,NA,FALSE,1
"10128",9,"M",7,"White","High",1,0,0,0,0,0,0,0,0,0,4,"1",FALSE,0
"10129",10,"F",7,"White","High",2,0,0,0,0,0,0,0,0,0,1,"1",FALSE,1
"10130",9,"M",7,"White","High",2,0,0,0,0,0,0,0,0,0,4,NA,FALSE,0
"10131",10,"M",7,"Black","High",2,0,0,0,0,0,0,0,0,0,4,"1",FALSE,0
"10132",10,"F",7,"Black","High",2,0,0,0,0,0,0,0,0,0,4,"1",FALSE,0
"10133",10,"F",6,"Black","High",1,0,0,0,0,0,0,0,0,1,1,"1",TRUE,1
"10134",9,"F",7,"Black","High",2,0,0,0,0,0,0,0,0,0,4,"1",FALSE,0
"10135",9,"F",7,"White","High",1,1,0,0,0,0,0,1,0,1,1,NA,TRUE,1
"10136",10,"M",7,"Black","High",2,0,0,0,0,0,0,0,0,0,2,"1",FALSE,1
"10137",10,"F",7,"White","High",1,1,1,0,0,0,0,0,0,0,2,NA,TRUE,1
"10138",9,"M",7,"Black","High",2,0,0,0,0,0,0,0,0,0,4,NA,FALSE,0
"10139",10,"F",7,"Hispanic","High",2,0,0,0,0,0,0,0,0,0,3,"1",FALSE,0
"10140",11,"F",7,"Hispanic","High",2,0,0,0,0,0,0,0,0,0,4,"1",FALSE,0
"10141",11,"M",7,"Black","High",2,0,0,0,0,0,0,0,0,0,4,"1",FALSE,0
"10142",10,"F",7,"White","High",1,0,0,0,0,0,0,0,0,1,2,NA,TRUE,1
"10143",9,"M",7,"White","High",2,0,0,0,0,0,0,0,0,0,4,NA,FALSE,0
"10144",7,"F",4,"White","High",2,0,0,0,0,0,0,0,0,0,4,NA,FALSE,0
"10145",6,"M",4,"Black","High",2,0,0,0,0,0,0,0,0,0,4,"1",FALSE,0
"10146",6,"F",4,"Black","High",2,0,0,0,0,0,0,0,0,0,4,"1",FALSE,0
"10147",6,"F",4,"Black","High",2,0,0,0,0,0,0,0,0,0,4,"1",FALSE,0
"10148",6,"F",4,"Black","High",2,0,0,0,0,0,0,0,0,0,4,"1",FALSE,0
"10149",6,"M",4,"White","High",1,0,0,0,0,0,0,0,0,1,1,NA,TRUE,1
"10150",7,"M",4,"White","High",2,0,0,0,0,0,0,0,0,0,4,"1",FALSE,0
"10151",7,"F",4,"Black","High",2,0,0,0,0,0,0,0,0,0,2,"1",FALSE,1
"10152",7,"F",4,"Black","High",2,0,0,0,0,0,0,0,0,0,4,"1",FALSE,0
"10153",6,"F",4,"Black","High",2,0,0,0,0,0,0,0,0,0,4,"1",FALSE,0
"10154",7,"F",4,"Hispanic","High",2,0,0,0,0,0,0,0,0,0,4,"1",FALSE,0
"10155",7,"M",4,"White","High",2,0,0,0,0,0,0,0,0,0,4,"1",FALSE,0
"10156",7,"F",4,"White","High",2,0,0,0,0,0,0,0,0,0,4,NA,FALSE,0
"10157",6,"F",4,"White","High",2,0,0,0,0,0,0,0,0,0,4,NA,FALSE,0
"10158",7,"F",4,"White","High",2,0,0,0,0,0,0,0,0,0,4,"1",FALSE,0
"10159",7,"F",4,"White","High",2,0,0,0,0,0,0,0,0,0,4,"1",FALSE,0
"10160",8,"M",4,"White","High",2,0,0,0,0,0,0,0,0,0,4,NA,FALSE,0
"10161",6,"F",4,"Black","High",1,0,0,NA,0,0,0,0,0,0,1,NA,NA,1
"10162",6,"F",4,"Black","High",2,0,0,0,0,0,0,0,0,1,2,NA,TRUE,1
"10163",5,"M",1,"White","Middle",2,0,0,NA,0,0,0,0,0,0,4,NA,NA,0
"10164",3,"F",1,"Black","Middle",2,0,0,0,0,0,0,0,0,0,4,"1",FALSE,0
"10165",3,"F",1,"Black","Middle",2,0,0,0,0,0,0,0,0,0,4,"1",FALSE,0
"10166",5,"F",1,"Hispanic","Middle",2,0,0,0,0,0,0,0,0,0,4,NA,FALSE,0
"10167",5,"M",1,"Black","Middle",2,0,0,0,0,0,0,0,0,0,4,NA,FALSE,0
"10168",4,"F",1,"Asian","Middle",2,0,0,0,0,0,0,0,0,0,4,NA,FALSE,0
"10169",4,"M",1,"Black","Middle",1,0,0,0,0,0,1,0,0,0,2,NA,TRUE,1
"10170",3,"F",1,"White","Middle",2,0,0,0,0,0,0,0,0,0,2,"1",FALSE,1
"10171",3,"F",1,"Black","Middle",2,0,0,0,0,0,0,0,0,0,4,"1",FALSE,0
"10172",5,NA,1,NA,"Middle",2,0,0,0,NA,NA,NA,NA,NA,0,4,"1",NA,0
"10173",3,"F",1,"White","Middle",2,0,0,0,0,0,0,0,0,0,4,NA,FALSE,0
"10174",3,"M",1,"Hispanic","Middle",2,0,0,0,0,0,0,0,0,0,4,NA,FALSE,0
"10175",4,"M",1,NA,"Middle",2,0,0,0,0,0,0,0,0,0,3,"1",FALSE,0
"10176",4,"F",1,"Asian","Middle",2,0,0,0,0,0,0,0,0,0,3,NA,FALSE,0
"10177",5,"F",2,"White","Middle",2,0,0,0,0,0,0,0,0,1,4,NA,TRUE,0
"10178",5,"M",2,"White","Middle",2,0,0,0,0,0,0,0,0,0,2,NA,FALSE,1
"10179",5,"M",2,"Black","Middle",1,1,1,1,0,0,1,0,0,1,4,NA,TRUE,0
"10180",5,"F",2,"Black","Middle",2,0,0,0,0,0,0,0,0,0,4,NA,FALSE,0
"10181",5,"F",2,"White","Middle",2,0,0,0,0,0,0,0,0,0,4,NA,FALSE,0
"10182",4,"F",2,"Black","Middle",2,0,0,0,0,0,0,0,0,0,4,"1",FALSE,0
"10183",5,"M",2,"Black","Middle",2,0,0,0,0,0,0,0,0,0,3,NA,FALSE,0
"10184",6,"M",2,"Hispanic","Middle",2,0,0,0,0,0,0,0,0,0,4,NA,FALSE,0
"10185",4,"M",2,"Hispanic","Middle",2,0,0,0,0,0,0,0,0,0,4,"1",FALSE,0
"10186",5,"F",2,"Black","Middle",2,0,0,0,0,0,0,0,0,0,4,"1",FALSE,0
"10187",5,"F",2,"White","Middle",2,0,0,0,0,0,0,0,0,0,4,"1",FALSE,0
"10188",4,"M",2,"Black","Middle",2,0,0,0,0,0,0,0,0,0,4,"1",FALSE,0
"10189",5,"F",2,"Black","Middle",2,0,0,0,0,0,0,0,0,0,4,"1",FALSE,0
"10190",5,"F",2,"White","Middle",2,0,0,0,0,0,0,0,0,0,3,NA,FALSE,0
"10191",5,"F",2,"Black","Middle",2,0,0,0,0,0,0,0,0,0,3,"1",FALSE,0
"10192",6,"F",2,"White","Middle",2,0,0,NA,0,0,0,0,0,0,2,NA,NA,1
"10193",6,"F",2,NA,"Middle",1,0,0,NA,0,0,0,0,0,0,4,NA,NA,0
"10194",5,"F",2,"Black","Middle",1,0,0,0,0,0,0,0,0,0,3,"1",FALSE,0
"10195",5,"F",2,"White","Middle",2,0,0,0,0,0,0,0,0,0,4,"1",FALSE,0
"10196",5,"F",2,"White","Middle",2,0,0,0,0,0,0,0,0,0,3,"1",FALSE,0
"10197",4,"M",2,"Black","Middle",2,0,0,0,0,0,NA,0,0,0,2,NA,NA,1
"10198",6,"M",3,"Black","Middle",2,0,0,0,0,0,0,0,0,0,2,NA,FALSE,1
"10199",5,"F",3,"White","Middle",2,0,0,0,0,0,0,0,0,0,4,"1",FALSE,0
"10200",6,"F",3,"Black","Middle",2,0,0,0,0,0,0,0,0,0,4,NA,FALSE,0
"10201",5,"M",3,"White","Middle",2,0,0,0,0,0,0,0,0,0,4,NA,FALSE,0
"10202",5,"F",3,"White","Middle",1,1,1,0,0,1,0,0,0,1,1,"1",TRUE,1
"10203",7,"M",3,"White","Middle",1,0,0,0,0,0,0,0,0,0,3,NA,FALSE,0
"10204",7,"M",3,"Black","Middle",1,0,1,0,0,0,0,0,0,0,4,"1",TRUE,0
"10205",5,"M",3,"Black","Middle",2,0,0,0,0,0,0,0,0,0,2,NA,FALSE,1
"10206",5,"M",3,"White","Middle",2,0,0,0,0,0,0,0,0,0,4,"1",FALSE,0
"10207",6,"M",3,"White","Middle",2,0,0,0,0,0,0,0,0,0,4,NA,FALSE,0
"10208",6,"M",3,"Black","Middle",2,0,0,0,0,0,0,0,0,0,4,"1",FALSE,0
"10209",6,"F",3,"Black","Middle",2,0,0,0,0,0,0,0,0,0,4,"1",FALSE,0
"10210",5,"M",3,"White","Middle",1,1,0,0,0,0,0,0,0,0,2,NA,TRUE,1
"10211",6,"M",3,"Black","Middle",2,0,0,0,0,0,0,0,0,0,4,NA,FALSE,0
"10212",6,"M",3,"Black","Middle",2,0,0,0,NA,NA,0,NA,NA,0,4,"1",NA,0
"10213",5,"M",3,"Hispanic","Middle",1,0,0,0,0,0,0,0,0,0,4,NA,FALSE,0
"10214",6,"M",3,"Black","Middle",2,0,0,0,0,0,0,0,0,0,2,NA,FALSE,1
"10215",5,"F",3,"White","Middle",2,0,0,0,0,0,0,0,0,0,4,"1",FALSE,0
"10216",6,"M",3,"White","Middle",2,0,0,0,0,0,0,0,0,0,1,"1",FALSE,1
"10217",7,"M",3,"White","Middle",1,0,0,0,0,0,0,0,0,0,2,NA,FALSE,1
"10218",5,"F",3,"White","Middle",2,0,0,0,0,0,0,0,0,0,2,"1",FALSE,1
"10219",6,"M",3,"Black","Middle",2,0,0,0,0,0,0,0,0,0,2,NA,FALSE,1
"10220",4,"M",2,"White","Middle",2,NA,0,0,1,0,0,0,0,0,3,NA,TRUE,0
"10221",4,"M",2,"White","Middle",2,NA,0,0,1,0,0,0,0,0,NA,NA,TRUE,NA
"10222",6,"M",2,"Black","Middle",2,0,0,0,NA,NA,0,NA,NA,0,4,"1",NA,0
"10223",4,"M",2,"White","Middle",1,0,0,1,0,0,0,0,0,0,1,NA,TRUE,1
"10224",4,"M",2,"White","Middle",2,0,0,0,0,0,0,0,0,0,3,NA,FALSE,0
"10225",5,"F",2,"Black","Middle",NA,0,0,0,0,0,0,0,0,0,3,"1",FALSE,0
"10226",4,"F",2,"Black","Middle",1,0,0,0,0,0,0,0,0,0,1,"1",FALSE,1
"10227",5,"F",2,"Black","Middle",2,0,0,0,0,0,0,0,0,0,4,"1",FALSE,0
"10228",5,"M",2,"White","Middle",2,0,0,0,0,0,0,0,0,1,4,NA,TRUE,0
"10229",4,"M",2,"White","Middle",2,0,0,0,0,0,0,0,0,0,4,"1",FALSE,0
"10230",5,"M",2,"Black","Middle",2,0,0,0,0,0,0,0,0,0,2,NA,FALSE,1
"10231",5,"M",2,"White","Middle",2,0,0,0,0,0,0,0,0,0,4,NA,FALSE,0
"10232",5,"M",2,"White","Middle",2,0,0,0,0,0,0,0,0,0,3,NA,FALSE,0
"10233",4,"F",2,"White","Middle",1,1,1,0,0,0,0,0,0,1,1,NA,TRUE,1
"10234",6,"M",2,"White","Middle",2,0,0,0,0,0,0,0,0,0,4,NA,FALSE,0
"10235",6,"F",2,"Black","Middle",2,0,0,0,0,0,0,0,0,0,NA,"1",FALSE,NA
"10236",5,NA,2,NA,"Middle",2,0,0,0,0,0,0,0,0,0,4,"1",FALSE,0
"10237",5,"F",2,NA,"Middle",2,0,0,0,0,0,NA,0,0,0,NA,NA,NA,NA
"10238",5,"F",2,"Black","Middle",2,0,0,0,0,0,0,0,0,0,4,NA,FALSE,0
"10239",5,"F",2,"White","Middle",2,0,0,0,0,0,0,0,0,0,4,"1",FALSE,0
"10240",5,"F",2,"White","Middle",1,0,0,0,0,0,0,0,0,0,3,NA,FALSE,0
"10241",5,"F",2,"Hispanic","Middle",2,0,0,0,0,0,0,0,0,0,2,NA,FALSE,1
"10242",5,"M",2,"Black","Middle",NA,0,NA,NA,NA,NA,NA,NA,NA,NA,4,NA,NA,0
"10243",4,"M",2,"White","Middle",1,0,0,0,NA,NA,1,NA,NA,0,4,NA,TRUE,0
"10244",4,"F",1,"White","Middle",2,0,0,0,0,0,0,0,0,0,4,NA,FALSE,0
"10245",4,"F",1,"White","Middle",2,0,0,0,0,0,0,0,0,0,4,NA,FALSE,0
"10246",4,"M",1,"White","Middle",2,0,0,0,0,0,0,0,0,0,4,"1",FALSE,0
"10247",4,"F",1,"Black","Middle",2,0,0,0,0,0,0,0,0,0,1,"1",FALSE,1
"10248",5,"F",1,NA,"Middle",2,0,0,0,0,0,0,0,0,NA,3,"1",NA,0
"10249",4,"M",1,"Hispanic","Middle",2,0,0,0,0,0,0,0,0,0,4,"1",FALSE,0
"10250",3,"M",1,"Black","Middle",NA,0,NA,0,0,0,0,0,0,0,3,"1",NA,0
"10251",3,"M",1,"White","Middle",1,0,0,0,0,0,0,0,0,0,4,NA,FALSE,0
"10252",3,"M",1,"Black","Middle",2,0,0,0,0,0,0,0,0,0,4,"1",FALSE,0
"10253",4,"F",1,"Black","Middle",2,0,0,0,0,0,0,0,0,0,4,"1",FALSE,0
"10254",4,"F",1,"White","Middle",2,0,0,0,0,0,0,0,0,0,1,NA,FALSE,1
"10255",4,"F",1,"Black","Middle",2,0,0,0,0,0,0,0,0,0,4,"1",FALSE,0
"10256",3,"M",1,"White","Middle",2,0,0,0,0,0,0,0,0,0,4,NA,FALSE,0
"10257",3,"F",1,"White","Middle",2,0,0,0,0,0,0,0,0,0,3,"1",FALSE,0
"10258",4,"F",1,"White","Middle",2,0,0,0,0,0,0,0,0,0,4,NA,FALSE,0
"10259",3,"M",1,"White","Middle",2,0,0,0,0,0,0,0,0,0,2,NA,FALSE,1
"10260",4,"M",1,"White","Middle",2,0,0,0,NA,NA,NA,NA,NA,0,4,NA,NA,0
"10261",3,"F",1,NA,"Middle",2,0,0,0,0,0,0,0,0,0,4,NA,FALSE,0
"10262",3,"M",1,"Black","Middle",2,0,0,0,NA,NA,NA,NA,NA,0,NA,NA,NA,NA
"10263",3,"M",1,"White","Middle",2,0,0,NA,0,0,0,0,0,0,4,"1",NA,0
"10264",4,"M",1,"White","Middle",2,0,0,0,0,0,0,0,0,0,4,NA,FALSE,0
"10265",4,"M",1,"White","Middle",2,1,0,0,0,0,NA,0,0,0,1,NA,TRUE,1
"10266",4,"F",1,"White","Middle",2,0,0,0,0,0,0,0,0,0,4,NA,FALSE,0
"10267",4,"F",1,"Black","Middle",2,0,0,0,0,0,0,0,0,0,4,NA,FALSE,0
"10268",5,"F",1,NA,"Middle",2,0,0,0,0,0,0,0,0,0,2,"1",FALSE,1
"10269",5,"F",2,"White","Middle",2,NA,0,0,0,0,0,0,0,0,2,NA,NA,1
"10270",11,"F",6,"Hispanic","High",1,1,1,1,0,0,1,0,0,1,1,NA,TRUE,1
"10271",11,"F",6,"Hispanic","High",1,1,1,1,0,1,1,0,0,1,1,"1",TRUE,1
"10272",5,"F",2,"Hispanic","Middle",1,NA,0,0,NA,NA,0,NA,NA,0,1,"1",NA,1
"10273",5,"F",2,NA,"Middle",1,NA,0,0,0,0,0,0,0,0,1,"1",NA,1
"10274",6,"F",2,NA,"Middle",2,0,0,0,0,0,0,0,0,0,1,NA,FALSE,1
"10275",5,"F",2,"Black","Middle",2,0,0,0,0,0,0,0,0,0,4,NA,FALSE,0
"10276",6,"M",2,"White","Middle",2,0,0,1,0,0,0,0,0,0,2,NA,TRUE,1
"10277",5,"F",2,"White","Middle",2,0,0,0,0,0,0,0,0,0,4,"1",FALSE,0
"10278",5,"M",2,NA,"Middle",2,0,0,0,0,0,0,0,0,0,4,"1",FALSE,0
"10279",4,"F",2,"White","Middle",2,0,0,0,0,0,0,0,0,0,4,NA,FALSE,0
"10280",4,"F",2,"White","Middle",2,0,0,0,0,0,0,0,0,0,4,"1",FALSE,0
"10281",NA,NA,NA,NA,NA,2,0,0,0,0,0,0,0,0,0,NA,NA,FALSE,NA
"10282",5,"M",2,"White","Middle",2,0,0,0,0,0,0,0,0,0,4,NA,FALSE,0
"10283",4,"M",2,"Black","Middle",2,0,0,0,0,0,0,0,0,0,4,NA,FALSE,0
"10284",6,"M",2,"White","Middle",2,0,0,0,0,0,0,0,0,0,4,NA,FALSE,0
"10285",4,"F",2,"White","Middle",2,0,0,0,0,0,0,0,0,0,4,"1",FALSE,0
"10286",5,"F",2,"Black","Middle",2,0,0,0,0,0,0,0,0,0,2,NA,FALSE,1
"10287",4,"F",2,"White","Middle",2,0,0,0,0,0,0,0,0,0,4,"1",FALSE,0
"10288",5,"F",2,"White","Middle",2,0,0,0,0,0,0,0,0,0,4,NA,FALSE,0
"10289",4,"M",2,NA,"Middle",2,0,0,0,NA,NA,NA,NA,NA,0,3,"1",NA,0
"10290",5,"M",2,"Hispanic","Middle",2,0,0,0,0,0,0,0,0,0,4,"1",FALSE,0
"10291",5,"F",2,"White","Middle",2,0,0,0,0,0,0,0,0,0,4,NA,FALSE,0
"10292",4,"F",2,"White","Middle",2,0,0,0,0,0,0,0,0,0,2,NA,FALSE,1
"10293",5,"M",2,"Black","Middle",2,0,0,0,0,0,0,0,0,0,4,"1",FALSE,0
"10294",4,"F",2,"Black","Middle",2,0,0,0,0,0,0,0,0,0,4,NA,FALSE,0
"10295",5,"F",3,"Black","Middle",2,0,0,0,0,0,0,0,0,0,4,NA,FALSE,0
"10296",7,"M",3,"White","Middle",2,0,0,0,0,0,0,0,0,0,4,"1",FALSE,0
"10297",6,"M",3,NA,"Middle",2,0,0,1,0,0,0,0,0,1,4,NA,TRUE,0
"10298",5,"F",3,"White","Middle",2,0,0,0,0,0,0,0,0,0,2,NA,FALSE,1
"10299",5,"M",3,"Black","Middle",2,0,0,0,0,0,0,0,0,0,1,NA,FALSE,1
"10300",7,"F",3,"Black","Middle",2,0,0,0,0,0,0,0,0,0,4,"1",FALSE,0
"10301",6,"F",3,"Black","Middle",2,0,0,0,0,0,0,0,0,0,3,NA,FALSE,0
"10302",6,"M",3,NA,"Middle",NA,0,NA,NA,NA,NA,NA,NA,NA,NA,4,NA,NA,0
"10303",6,"F",3,"White","Middle",1,NA,0,0,0,0,0,0,0,0,3,NA,NA,0
"10304",5,"M",3,"Black","Middle",2,0,0,0,0,0,0,0,0,0,4,NA,FALSE,0
"10305",4,NA,2,NA,"Middle",NA,0,NA,NA,NA,NA,NA,NA,NA,NA,3,NA,NA,0
"10306",7,"F",3,"White","Middle",2,0,0,0,0,0,0,0,0,0,2,NA,FALSE,1
"10307",6,"F",3,"Hispanic","Middle",2,0,0,NA,0,0,0,0,0,0,4,NA,NA,0
"10308",6,"M",3,"White","Middle",2,0,0,0,0,0,0,0,0,0,4,NA,FALSE,0
"10309",5,"M",3,"White","Middle",2,0,0,1,0,0,0,0,0,0,3,NA,TRUE,0
"10310",5,"M",3,"Black","Middle",1,0,0,0,0,0,0,0,0,0,4,NA,FALSE,0
"10311",7,"M",3,"Black","Middle",2,0,0,0,0,0,0,0,0,0,4,"1",FALSE,0
"10312",7,"M",3,NA,"Middle",1,1,0,1,0,0,0,0,0,0,2,NA,TRUE,1
"10313",5,"F",3,"White","Middle",2,NA,NA,NA,NA,NA,NA,NA,NA,NA,4,NA,NA,0
"10314",6,"M",3,"Black","Middle",2,0,0,0,0,0,0,0,0,0,4,"1",FALSE,0
"10315",6,"M",3,"White","Middle",1,NA,0,0,0,0,0,0,0,0,2,"1",NA,1
"10316",5,"M",3,"White","Middle",2,0,NA,0,0,0,0,0,0,0,4,"1",NA,0
"10317",6,"F",3,"Black","Middle",2,0,0,0,0,0,0,0,0,0,4,"1",FALSE,0
"10318",7,"F",3,"White","Middle",1,NA,0,0,0,0,0,0,0,1,2,"1",TRUE,1
"10319",6,"M",3,"White","Middle",2,0,0,0,0,0,0,0,0,0,4,NA,FALSE,0
"10320",6,"F",3,"Black","Middle",2,0,0,0,0,0,0,0,0,0,4,"1",FALSE,0
"10321",6,"F",3,"Black","Middle",2,0,0,0,0,0,0,0,0,0,4,"1",FALSE,0
"10322",6,"F",3,"Black","Middle",2,0,0,0,0,0,0,0,0,0,3,"1",FALSE,0
"10323",6,"F",3,NA,"Middle",2,0,0,0,0,0,0,0,0,0,2,"1",FALSE,1
"10324",6,"F",3,"Hispanic","Middle",2,0,0,0,0,0,0,0,0,0,4,NA,FALSE,0
"10325",5,"F",3,"Hispanic","Middle",2,0,0,0,0,0,0,0,0,0,4,"1",FALSE,0
"10326",6,"M",3,"White","Middle",2,0,0,0,0,0,0,0,0,0,4,NA,FALSE,0
"10327",6,"M",3,"Hispanic","Middle",2,0,0,0,0,0,0,0,0,0,4,"1",FALSE,0
"10328",6,"M",3,NA,"Middle",2,0,0,0,0,0,0,0,0,0,4,"1",FALSE,0
"10329",5,"M",3,"White","Middle",2,0,0,0,0,0,0,0,0,0,4,NA,FALSE,0
"10330",6,"M",3,"Hispanic","Middle",2,0,0,0,0,0,0,0,0,NA,4,NA,NA,0
"10331",6,"F",3,"White","Middle",2,0,0,0,0,0,0,0,0,0,4,"1",FALSE,0
"10332",6,"F",3,"White","Middle",2,0,0,0,0,0,0,0,0,0,3,"1",FALSE,0
"10333",6,"F",3,"White","Middle",2,0,0,0,0,0,0,0,0,0,4,"1",FALSE,0
"10334",7,"M",3,"Black","Middle",2,0,0,0,0,0,0,0,0,0,2,"1",FALSE,1
"10335",5,"F",3,"Black","Middle",2,0,0,0,0,0,0,0,0,0,3,NA,FALSE,0
"10336",6,"F",3,"White","Middle",2,0,0,0,0,0,0,0,0,0,4,"1",FALSE,0
"10337",6,"M",3,"Black","Middle",2,0,0,0,0,0,0,0,0,0,4,"1",FALSE,0
"10338",5,"F",3,"White","Middle",1,0,0,0,0,0,0,0,0,0,2,NA,FALSE,1
"10339",6,"M",3,"Hispanic","Middle",2,0,0,0,0,0,0,0,0,0,1,"1",FALSE,1
"10340",5,"F",3,"White","Middle",2,0,0,0,0,0,0,0,0,0,3,NA,FALSE,0
"10341",5,"F",3,"White","Middle",2,0,0,0,0,0,0,0,0,0,4,NA,FALSE,0
"10342",4,"F",1,"Black","Middle",2,0,0,0,NA,NA,0,NA,NA,0,3,NA,NA,0
"10343",4,"F",1,"Black","Middle",2,0,0,0,0,0,0,0,0,0,3,"1",FALSE,0
"10344",3,"F",1,"Black","Middle",2,0,0,NA,0,0,0,0,0,0,4,NA,NA,0
"10345",3,"F",1,"Hispanic","Middle",2,0,0,0,0,0,0,0,0,0,4,"1",FALSE,0
"10346",5,"M",1,"Black","Middle",2,0,0,0,0,0,0,0,0,0,4,"1",FALSE,0
"10347",4,"F",1,"White","Middle",2,0,0,0,0,0,0,0,0,0,4,NA,FALSE,0
"10348",3,"F",1,"White","Middle",2,0,0,0,0,0,0,0,0,0,4,NA,FALSE,0
"10349",4,"F",1,"White","Middle",2,0,0,0,0,0,0,0,0,0,4,"1",FALSE,0
"10350",4,"F",1,NA,"Middle",2,0,0,0,0,0,0,0,0,0,4,NA,FALSE,0
"10351",4,"M",1,NA,"Middle",2,0,0,0,0,0,0,0,0,0,4,NA,FALSE,0
"10352",3,"M",1,"Black","Middle",2,0,0,0,0,0,0,0,0,0,4,"1",FALSE,0
"10353",4,"M",1,"Hispanic","Middle",2,NA,0,0,0,0,0,0,0,0,3,"1",NA,0
"10354",3,"F",1,"Black","Middle",2,0,0,0,0,0,0,0,0,0,4,NA,FALSE,0
"10355",4,"M",1,"White","Middle",2,0,0,0,0,0,0,0,0,0,2,"1",FALSE,1
"10356",4,"M",1,"White","Middle",2,0,0,0,0,0,0,0,0,0,4,"1",FALSE,0
"10357",4,"M",1,NA,"Middle",2,0,0,NA,0,0,0,0,0,0,4,NA,NA,0
"10358",4,"M",1,"Hispanic","Middle",2,NA,0,0,0,0,0,0,0,0,3,NA,NA,0
"10359",4,"M",1,"White","Middle",2,0,0,0,0,0,0,0,0,0,4,"1",FALSE,0
"10360",4,"F",1,"Hispanic","Middle",2,0,0,0,0,0,0,0,0,0,2,"1",FALSE,1
"10361",5,"F",1,"Black","Middle",2,0,0,0,0,0,0,0,0,0,4,NA,FALSE,0
"10362",4,"F",1,NA,"Middle",2,0,0,0,0,0,0,0,0,0,4,"1",FALSE,0
"10363",4,"F",1,"White","Middle",2,0,0,0,0,0,0,0,0,0,4,NA,FALSE,0
"10364",4,"F",1,"White","Middle",2,0,0,0,0,0,0,0,0,0,4,"1",FALSE,0
"10365",5,"M",1,"AI/AN","Middle",2,0,0,0,0,0,0,0,0,0,4,NA,FALSE,0
"10366",5,"F",1,"Black","Middle",2,0,0,0,0,0,0,0,0,0,4,"1",FALSE,0
"10367",4,"M",1,"White","Middle",2,0,0,0,0,0,0,0,0,0,4,"1",FALSE,0
"10368",8,"F",6,"Hispanic","High",2,0,0,0,0,0,0,0,0,0,4,"1",FALSE,0
"10369",8,"M",5,"White","High",2,0,0,0,0,0,NA,0,0,0,4,NA,NA,0
"10370",9,"M",7,"White","High",1,1,0,1,0,0,0,0,0,1,1,NA,TRUE,1
"10371",8,"F",5,"White","High",2,0,0,0,0,0,0,0,0,1,2,"1",TRUE,1
"10372",9,"M",5,"White","High",2,0,0,0,0,0,0,0,0,0,4,"1",FALSE,0
"10373",8,"F",5,"White","High",2,0,0,0,0,0,0,0,0,0,4,"1",FALSE,0
"10374",7,"M",5,"White","High",2,0,0,0,0,0,0,0,0,0,3,"1",FALSE,0
"10375",8,"M",5,"White","High",2,0,0,0,0,0,0,0,0,0,3,"1",FALSE,0
"10376",8,"F",5,"White","High",1,0,0,0,0,0,0,0,0,1,4,"1",TRUE,0
"10377",8,"F",5,"White","High",2,0,0,0,0,0,0,0,0,1,4,NA,TRUE,0
"10378",8,"M",5,"White","High",2,0,0,0,0,0,0,0,0,0,3,NA,FALSE,0
"10379",7,"M",5,"White","High",2,0,0,0,0,0,0,0,0,0,4,"1",FALSE,0
"10380",8,"F",5,"White","High",2,1,0,0,0,0,0,0,0,1,1,"1",TRUE,1
"10381",7,"F",5,"White","High",2,0,0,0,0,0,0,0,0,0,4,"1",FALSE,0
"10382",7,"M",5,"White","High",2,0,0,0,0,0,0,0,0,0,3,"1",FALSE,0
"10383",7,"F",5,"White","High",1,1,1,0,0,0,1,0,0,1,1,NA,TRUE,1
"10384",7,"M",5,"White","High",2,0,0,0,0,0,0,0,0,0,4,NA,FALSE,0
"10385",7,"M",5,"White","High",2,0,0,0,0,0,0,0,0,0,2,"1",FALSE,1
"10386",8,"F",5,"Hispanic","High",1,0,0,0,0,0,0,0,0,0,3,"1",FALSE,0
"10387",8,"M",5,"White","High",2,0,0,0,0,0,0,0,0,0,4,"1",FALSE,0
"10388",8,"M",5,"White","High",2,0,0,0,0,0,0,0,0,0,4,"1",FALSE,0
"10389",8,"M",5,"White","High",2,0,0,0,0,0,0,0,0,0,4,"1",FALSE,0
"10390",7,"M",5,"Black","High",2,0,0,0,0,0,0,0,0,1,2,"1",TRUE,1
"10391",8,"F",5,"White","High",1,0,0,0,0,0,0,0,0,1,2,"1",TRUE,1
"10392",8,"F",5,"White","High",1,0,0,0,0,0,0,0,0,1,4,NA,TRUE,0
"10393",7,"M",5,"White","High",2,0,0,0,0,0,0,0,0,0,4,"1",FALSE,0
"10394",8,"F",6,"AI/AN","High",2,0,0,0,0,0,0,0,0,0,4,"1",FALSE,0
"10395",8,"M",6,"White","High",2,0,0,0,0,0,0,0,0,0,4,"1",FALSE,0
"10396",9,"F",6,"White","High",2,0,0,0,0,0,0,0,0,0,4,"1",FALSE,0
"10397",8,"F",6,"White","High",2,0,0,0,0,0,0,0,0,1,4,"1",TRUE,0
"10398",9,"F",6,"White","High",1,1,1,0,0,0,1,0,0,1,1,NA,TRUE,1
"10399",8,"M",6,"White","High",2,0,0,0,0,0,0,0,0,0,4,"1",FALSE,0
"10400",9,"F",6,"Asian","High",2,0,0,0,0,0,0,0,0,1,1,"1",TRUE,1
"10401",8,"M",6,"Hispanic","High",2,0,0,0,0,0,0,0,0,1,3,NA,TRUE,0
"10402",9,"F",6,"Hispanic","High",1,0,0,0,0,0,0,0,0,1,1,"1",TRUE,1
"10403",9,"M",6,"White","High",2,0,0,0,0,0,0,0,0,0,4,"1",FALSE,0
"10404",8,"F",6,"White","High",2,0,0,0,0,0,0,0,0,0,2,NA,FALSE,1
"10405",9,"F",6,"White","High",2,0,0,0,0,0,0,0,0,0,4,NA,FALSE,0
"10406",9,"M",6,"White","High",1,1,1,0,NA,NA,0,NA,NA,1,1,NA,TRUE,1
"10407",9,"F",6,"White","High",2,0,0,0,0,0,0,0,0,0,4,"1",FALSE,0
"10408",8,"M",6,"White","High",2,0,0,0,0,0,0,0,0,1,4,NA,TRUE,0
"10409",8,"F",6,"White","High",2,0,0,0,0,0,0,0,0,1,1,"1",TRUE,1
"10410",8,"F",6,"White","High",2,0,0,0,0,0,0,0,0,0,4,"1",FALSE,0
"10411",9,"M",6,"White","High",2,0,0,0,0,0,0,0,0,1,3,NA,TRUE,0
"10412",8,"F",6,"White","High",2,0,0,0,0,0,0,0,0,1,2,NA,TRUE,1
"10413",9,"M",6,"Hispanic","High",2,0,0,0,0,0,0,0,0,1,2,"1",TRUE,1
"10414",8,"M",6,"White","High",2,0,0,0,0,0,0,0,0,0,4,NA,FALSE,0
"10415",9,"M",6,"Asian","High",2,0,0,0,0,0,0,0,0,0,4,"1",FALSE,0
"10416",9,"M",6,"White","High",2,0,0,0,0,0,0,0,0,0,2,NA,FALSE,1
"10417",10,"M",7,"White","High",1,0,1,0,0,0,0,0,0,1,3,"1",TRUE,0
"10418",9,"M",7,"White","High",1,0,0,0,0,0,0,0,0,1,4,"1",TRUE,0
"10419",10,"M",7,"Hispanic","High",2,0,0,0,0,0,0,0,0,0,3,"1",FALSE,0
"10420",9,"M",7,"Hispanic","High",2,0,0,0,0,0,0,0,0,0,4,"1",FALSE,0
"10421",10,"F",7,"White","High",1,0,0,0,0,0,0,0,0,0,4,"1",FALSE,0
"10422",10,"F",7,"White","High",2,0,0,0,0,0,0,0,0,1,2,NA,TRUE,1
"10423",10,"M",7,"White","High",2,1,0,0,0,0,0,0,0,0,1,"1",TRUE,1
"10424",9,"M",7,"White","High",1,0,0,0,0,0,0,0,0,0,4,"1",FALSE,0
"10425",9,"F",7,"White","High",2,0,0,0,0,0,0,0,0,0,4,"1",FALSE,0
"10426",9,"F",7,"White","High",2,0,0,0,0,0,0,0,0,0,4,"1",FALSE,0
"10427",10,"M",7,"White","High",2,0,0,0,0,0,0,0,0,1,1,NA,TRUE,1
"10428",9,"M",7,"White","High",1,0,0,1,0,0,0,0,0,1,4,"1",TRUE,0
"10429",9,"M",7,"White","High",1,1,1,0,0,0,0,0,0,1,4,"1",TRUE,0
"10430",10,"M",7,"Hispanic","High",1,1,0,0,0,0,0,1,0,1,4,NA,TRUE,0
"10431",10,"M",7,"Hispanic","High",1,0,0,0,0,0,0,0,0,1,1,"1",TRUE,1
"10432",10,"M",7,"White","High",1,1,1,0,0,0,0,0,0,1,2,"1",TRUE,1
"10433",10,"M",7,"White","High",2,0,0,0,0,0,0,0,0,0,4,"1",FALSE,0
"10434",9,"M",7,"White","High",2,0,0,0,0,0,0,0,0,1,4,"1",TRUE,0
"10435",10,"M",7,"White","High",2,0,0,0,0,0,0,0,0,0,4,"1",FALSE,0
"10436",9,"F",7,"White","High",1,0,1,0,0,0,0,0,0,1,1,NA,TRUE,1
"10437",10,"F",7,"White","High",2,0,0,0,0,0,0,0,0,0,4,"1",FALSE,0
"10438",10,"F",7,"NHOPI","High",1,1,1,0,0,0,1,0,0,1,2,NA,TRUE,1
"10439",9,"M",7,"Hispanic","High",2,0,0,0,0,0,0,0,0,0,4,NA,FALSE,0
"10440",10,"M",7,"White","High",1,0,1,0,0,0,0,0,0,1,4,NA,TRUE,0
"10441",9,"M",7,"White","High",2,0,0,0,0,0,0,0,0,0,4,"1",FALSE,0
"10442",10,"F",7,"White","High",1,1,0,0,NA,NA,0,NA,NA,1,1,NA,TRUE,1
"10443",10,"F",7,"White","High",1,0,0,0,0,0,0,0,0,1,2,NA,TRUE,1
"10444",8,"M",5,"White","High",2,0,0,0,0,0,0,0,0,0,3,"1",FALSE,0
"10445",8,"F",5,"Black","High",1,0,0,0,0,0,0,0,0,1,2,NA,TRUE,1
"10446",8,"M",5,"White","High",2,0,0,0,0,0,0,0,0,0,2,"1",FALSE,1
"10447",7,"F",5,"White","High",2,0,0,0,0,0,0,0,0,0,4,"1",FALSE,0
"10448",7,"M",5,"White","High",2,0,0,0,0,0,0,0,0,0,4,"1",FALSE,0
"10449",7,"M",5,"Asian","High",2,0,0,0,0,0,0,0,0,0,4,"1",FALSE,0
"10450",7,"M",5,"White","High",1,0,1,0,0,0,0,0,0,1,3,NA,TRUE,0
"10451",7,"M",5,"White","High",2,0,0,0,0,0,0,0,0,0,4,"1",FALSE,0
"10452",8,"M",5,"White","High",2,0,0,0,0,0,0,0,0,1,4,"1",TRUE,0
"10453",8,"M",6,"White","High",2,0,0,0,0,0,0,0,0,0,4,"1",FALSE,0
"10454",10,"M",7,"White","High",NA,NA,0,0,NA,NA,1,NA,NA,1,2,NA,TRUE,1
"10455",9,"M",7,"White","High",1,1,0,1,0,0,0,0,0,1,1,"1",TRUE,1
"10456",10,"M",7,NA,"High",2,0,0,0,0,0,0,0,0,0,1,"1",FALSE,1
"10457",9,"M",7,"White","High",2,0,0,0,0,0,0,0,0,0,3,"1",FALSE,0
"10458",10,"F",7,"White","High",2,0,0,NA,0,0,0,0,0,0,2,"1",NA,1
"10459",10,"F",7,"White","High",1,1,1,0,0,0,0,0,0,1,1,NA,TRUE,1
"10460",9,"F",7,"White","High",2,0,0,0,0,0,0,0,0,0,4,"1",FALSE,0
"10461",10,"M",7,"White","High",1,1,0,0,0,0,1,1,0,1,1,NA,TRUE,1
"10462",9,"M",7,"White","High",1,1,0,1,1,1,0,1,1,1,2,"1",TRUE,1
"10463",10,"M",7,"White","High",1,1,1,0,0,0,0,0,0,1,3,"1",TRUE,0
"10464",1,NA,8,"Hispanic",NA,1,1,1,1,1,1,1,1,1,1,4,NA,TRUE,0
"10465",10,"M",7,"White","High",2,0,0,0,0,0,0,0,0,0,4,"1",FALSE,0
"10466",9,"M",7,"White","High",2,0,0,0,0,0,0,0,0,1,2,"1",TRUE,1
"10467",10,"F",7,"White","High",2,0,0,0,0,0,0,0,0,0,4,"1",FALSE,0
"10468",10,"F",7,"White","High",1,0,1,0,0,0,1,0,0,1,1,NA,TRUE,1
"10469",9,"M",7,"White","High",1,1,1,0,0,0,0,0,0,1,2,NA,TRUE,1
"10470",10,"M",7,"White","High",2,0,0,0,0,0,0,0,0,0,4,"1",FALSE,0
"10471",9,"F",7,"White","High",2,0,0,0,0,0,0,0,0,0,4,"1",FALSE,0
"10472",10,"F",7,"White","High",1,1,1,0,0,0,0,0,0,1,1,NA,TRUE,1
"10473",10,"F",7,"White","High",1,0,1,0,0,0,0,0,0,1,4,"1",TRUE,0
"10474",10,"F",7,"White","High",2,NA,0,0,0,0,0,0,0,1,1,NA,TRUE,1
"10475",10,"M",7,"White","High",2,0,0,0,0,0,0,0,0,0,4,NA,FALSE,0
"10476",10,"F",7,"White","High",2,NA,0,0,0,0,1,0,0,1,2,"1",TRUE,1
"10477",6,"M",4,"White","High",2,0,0,0,0,0,0,0,0,0,4,"1",FALSE,0
"10478",7,"M",4,"White","High",2,0,0,0,0,0,0,0,0,0,4,NA,FALSE,0
"10479",7,"M",4,"Hispanic","High",1,1,1,0,0,0,0,0,0,0,1,NA,TRUE,1
"10480",8,"M",4,"White","High",1,0,1,0,0,0,0,0,0,1,4,NA,TRUE,0
"10481",6,"M",4,"White","High",2,0,0,0,0,0,0,0,0,0,4,"1",FALSE,0
"10482",7,"F",4,"Black","High",2,0,0,0,0,0,0,0,0,0,4,"1",FALSE,0
"10483",6,"F",4,"White","High",2,0,0,0,0,0,0,0,0,1,3,"1",TRUE,0
"10484",6,"F",4,"White","High",2,0,0,0,0,0,0,0,0,1,4,"1",TRUE,0
"10485",7,"F",4,"White","High",2,0,0,0,0,0,0,0,0,0,4,"1",FALSE,0
"10486",6,"M",4,"White","High",1,0,0,0,0,0,0,0,0,1,1,NA,TRUE,1
"10487",6,"M",4,"White","High",2,0,0,0,0,0,0,0,0,0,4,"1",FALSE,0
"10488",7,"M",4,"White","High",2,0,0,0,0,0,0,0,0,1,2,"1",TRUE,1
"10489",6,"M",4,"White","High",2,1,0,0,0,0,0,0,0,1,2,"1",TRUE,1
"10490",7,"M",4,"Hispanic","High",2,0,0,0,0,0,0,0,0,0,4,"1",FALSE,0
"10491",7,"M",4,"White","High",2,0,0,0,0,0,0,0,0,1,4,"1",TRUE,0
"10492",6,"M",4,"White","High",2,0,0,0,0,0,0,0,0,0,4,"1",FALSE,0
"10493",8,"M",4,"White","High",1,1,1,1,0,0,1,1,0,1,1,NA,TRUE,1
"10494",7,"M",4,"White","High",2,0,0,0,0,0,0,0,0,0,3,NA,FALSE,0
"10495",7,"M",4,"White","High",2,0,0,0,0,0,0,0,0,0,3,"1",FALSE,0
"10496",6,"F",4,"White","High",2,0,0,0,0,0,0,0,0,0,4,"1",FALSE,0
"10497",7,"F",4,"White","High",2,0,0,0,0,0,0,0,0,1,3,NA,TRUE,0
"10498",7,"F",4,"White","High",2,0,0,0,0,0,0,0,0,0,4,"1",FALSE,0
"10499",6,"F",4,"Hispanic","High",1,0,0,0,0,0,0,0,0,1,4,"1",TRUE,0
"10500",7,"M",4,"White","High",2,0,0,0,0,0,0,0,0,0,2,"1",FALSE,1
"10501",7,"M",4,"Hispanic","High",2,0,0,0,0,0,0,0,0,0,4,"1",FALSE,0
"10502",7,"M",4,"White","High",2,0,0,0,0,0,0,0,0,1,1,"1",TRUE,1
"10503",7,"M",4,"White","High",2,0,0,0,0,0,0,0,0,0,3,"1",FALSE,0
"10504",8,"F",5,"White","High",2,0,0,0,0,0,0,0,0,0,4,"1",FALSE,0
"10505",7,"M",4,"White","High",1,0,0,0,0,0,0,0,0,1,3,"1",TRUE,0
"10506",6,"F",4,"White","High",1,0,0,0,0,0,0,0,0,1,2,"1",TRUE,1
"10507",6,"M",4,"White","High",1,0,1,0,NA,NA,1,NA,NA,1,4,"1",TRUE,0
"10508",6,"M",4,"White","High",2,0,0,0,0,0,0,0,0,0,4,NA,FALSE,0
"10509",7,"F",4,"White","High",2,0,0,0,0,0,0,0,0,0,3,NA,FALSE,0
"10510",6,"F",4,"White","High",2,0,0,0,0,0,0,0,0,0,4,NA,FALSE,0
"10511",7,"M",4,"White","High",2,0,0,0,0,0,0,0,0,0,4,"1",FALSE,0
"10512",7,"F",4,"White","High",2,0,0,0,0,0,0,0,0,0,4,"1",FALSE,0
"10513",7,"M",4,"White","High",2,0,0,0,0,0,0,0,0,1,4,NA,TRUE,0
"10514",9,"F",4,"Asian","High",2,0,0,0,0,0,0,0,0,0,4,"1",FALSE,0
"10515",6,"F",4,"White","High",2,0,0,0,0,0,0,0,0,0,4,NA,FALSE,0
"10516",7,"F",4,"White","High",2,0,0,0,0,0,0,0,0,0,3,NA,FALSE,0
"10517",7,"M",4,"White","High",2,0,0,0,0,0,0,0,0,1,1,"1",TRUE,1
"10518",6,"F",4,"White","High",2,0,0,0,0,0,0,0,0,0,2,"1",FALSE,1
"10519",7,"M",4,"White","High",2,0,0,0,0,0,0,0,0,0,4,"1",FALSE,0
"10520",7,"F",4,"White","High",1,1,1,0,0,0,1,0,0,1,2,NA,TRUE,1
"10521",7,"M",4,"White","High",2,0,0,0,0,0,0,0,0,0,4,"1",FALSE,0
"10522",7,"M",4,"NHOPI","High",2,0,0,0,0,0,0,0,0,1,2,NA,TRUE,1
"10523",7,"F",4,"White","High",2,0,0,0,0,0,0,0,0,0,4,"1",FALSE,0
"10524",7,"M",4,"White","High",1,0,1,0,0,0,0,0,0,0,4,NA,TRUE,0
"10525",7,"M",4,"White","High",2,0,0,0,0,0,0,0,0,0,3,NA,FALSE,0
"10526",9,"M",6,"White","High",1,0,0,1,0,0,0,0,0,1,1,NA,TRUE,1
"10527",9,"F",6,"White","High",2,0,0,0,0,0,0,0,0,0,4,"1",FALSE,0
"10528",8,"M",6,"White","High",1,1,1,1,0,0,0,0,0,1,1,"1",TRUE,1
"10529",9,"M",6,"White","High",2,0,0,NA,0,0,0,0,0,0,2,"1",NA,1
"10530",9,"M",6,"White","High",2,0,0,0,0,0,0,0,0,0,4,NA,FALSE,0
"10531",9,"M",6,"White","High",1,NA,1,0,0,0,0,0,0,1,2,NA,TRUE,1
"10532",9,"M",6,"White","High",2,0,0,0,0,0,0,0,0,0,3,"1",FALSE,0
"10533",9,"M",6,"White","High",2,NA,0,0,0,0,0,0,0,0,2,NA,NA,1
"10534",8,"M",6,"White","High",2,0,0,0,0,0,0,0,0,0,4,NA,FALSE,0
"10535",8,"F",6,"White","High",1,0,0,0,0,0,0,0,0,1,4,NA,TRUE,0
"10536",9,"F",6,NA,"High",2,0,0,0,0,0,0,0,0,0,4,NA,FALSE,0
"10537",8,"M",6,"White","High",1,0,0,0,0,0,0,0,0,1,1,"1",TRUE,1
"10538",8,"M",6,"White","High",1,0,0,1,0,0,0,0,0,1,1,"1",TRUE,1
"10539",9,"F",6,"White","High",2,0,0,0,0,0,0,0,0,0,4,"1",FALSE,0
"10540",3,"F",1,"White","Middle",2,0,0,0,NA,NA,0,NA,NA,0,4,"1",NA,0
"10541",4,"F",1,"White","Middle",2,NA,NA,0,0,0,0,0,0,0,4,"1",NA,0
"10542",3,"M",1,"White","Middle",2,0,0,0,0,0,0,0,0,0,4,NA,FALSE,0
"10543",3,"F",1,"White","Middle",2,0,0,0,0,0,0,0,0,0,4,"1",FALSE,0
"10544",3,"F",1,NA,"Middle",2,0,0,0,0,0,0,0,0,0,4,NA,FALSE,0
"10545",3,"M",1,"White","Middle",2,0,0,0,0,0,0,0,0,0,4,"1",FALSE,0
"10546",4,"F",1,"Hispanic","Middle",2,0,0,0,0,0,0,0,0,0,4,"1",FALSE,0
"10547",3,"M",1,"White","Middle",2,0,0,0,0,0,0,0,0,0,4,"1",FALSE,0
"10548",4,"M",1,NA,"Middle",2,0,0,0,0,0,0,0,0,0,3,"1",FALSE,0
"10549",3,"M",1,"White","Middle",2,0,0,0,0,0,0,0,0,0,4,"1",FALSE,0
"10550",3,"M",1,"White","Middle",2,0,0,0,0,0,0,0,0,0,3,NA,FALSE,0
"10551",4,"M",1,NA,"Middle",2,0,0,0,0,0,0,0,0,0,4,"1",FALSE,0
"10552",4,"F",1,"White","Middle",2,0,0,0,0,0,0,0,0,0,3,"1",FALSE,0
"10553",4,"F",1,"White","Middle",2,0,0,0,0,0,0,0,0,0,2,NA,FALSE,1
"10554",3,"M",1,"White","Middle",2,0,0,0,0,0,0,0,0,0,3,"1",FALSE,0
"10555",3,"F",1,"White","Middle",2,0,0,0,0,0,0,0,0,0,4,"1",FALSE,0
"10556",4,"F",1,"Hispanic","Middle",2,0,0,0,0,0,0,0,0,0,4,"1",FALSE,0
"10557",4,"F",1,"White","Middle",2,0,0,0,0,0,0,0,0,0,3,"1",FALSE,0
"10558",4,"M",1,"White","Middle",2,0,0,NA,0,0,0,0,0,0,4,"1",NA,0
"10559",3,"F",1,"White","Middle",2,0,0,0,0,0,0,0,0,0,4,"1",FALSE,0
"10560",6,"F",3,"White","Middle",2,0,0,0,0,0,0,0,0,0,4,"1",FALSE,0
"10561",6,"M",3,"White","Middle",2,0,0,0,0,0,0,0,0,0,4,"1",FALSE,0
"10562",6,"M",3,"Black","Middle",2,0,0,0,0,0,0,0,0,0,3,"1",FALSE,0
"10563",6,"F",3,"Asian","Middle",2,0,0,0,0,0,0,0,0,0,3,NA,FALSE,0
"10564",6,"M",3,"Black","Middle",2,0,0,0,0,0,0,0,0,0,4,NA,FALSE,0
"10565",6,"F",3,"White","Middle",2,0,0,0,0,0,0,0,0,0,4,NA,FALSE,0
"10566",6,"M",3,"White","Middle",2,0,0,0,0,0,0,0,0,0,4,"1",FALSE,0
"10567",6,"F",3,"White","Middle",1,0,1,0,0,0,0,0,0,0,4,"1",TRUE,0
"10568",6,"M",3,"White","Middle",2,0,0,0,0,0,0,0,0,0,3,"1",FALSE,0
"10569",6,"M",3,"White","Middle",2,0,0,0,0,0,0,0,0,0,4,"1",FALSE,0
"10570",5,"M",3,"White","Middle",2,0,0,0,0,0,0,0,0,0,2,NA,FALSE,1
"10571",6,"F",3,"White","Middle",2,0,0,0,0,0,0,0,0,0,2,"1",FALSE,1
"10572",6,"M",3,NA,"Middle",2,0,0,0,0,0,0,0,0,0,3,NA,FALSE,0
"10573",5,"F",3,"White","Middle",2,0,0,0,0,0,0,0,0,1,1,NA,TRUE,1
"10574",5,"M",3,"White","Middle",2,0,0,0,0,0,0,0,0,0,4,"1",FALSE,0
"10575",6,NA,3,"White","Middle",2,0,0,0,0,0,0,0,0,0,2,NA,FALSE,1
"10576",6,"F",3,"AI/AN","Middle",2,0,0,0,0,0,0,0,0,0,4,"1",FALSE,0
"10577",6,"M",3,"White","Middle",2,0,0,0,0,0,0,0,0,0,2,"1",FALSE,1
"10578",5,"M",3,"White","Middle",2,0,0,0,0,0,0,0,0,0,3,"1",FALSE,0
"10579",6,"F",3,"White","Middle",NA,0,0,0,0,0,0,0,0,0,4,"1",FALSE,0
"10580",5,"M",3,"White","Middle",2,NA,0,0,0,0,0,0,0,0,4,"1",NA,0
"10581",5,NA,3,"White","Middle",2,0,0,0,0,0,0,0,0,0,2,"1",FALSE,1
"10582",5,"F",3,"White","Middle",2,0,0,0,0,0,0,0,0,0,4,NA,FALSE,0
"10583",5,"M",3,"White","Middle",2,0,0,0,0,0,0,0,0,0,3,"1",FALSE,0
"10584",5,"F",3,"White","Middle",2,0,0,0,0,0,0,0,0,0,4,NA,FALSE,0
"10585",6,"F",3,"White","Middle",2,0,0,0,0,0,0,0,0,0,3,"1",FALSE,0
"10586",4,"F",2,"White","Middle",2,0,0,0,0,0,0,0,0,0,4,NA,FALSE,0
"10587",5,"M",2,"White","Middle",2,0,0,0,0,0,0,0,0,0,4,"1",FALSE,0
"10588",5,"F",2,NA,"Middle",2,0,0,0,0,0,0,0,0,0,3,"1",FALSE,0
"10589",5,"M",2,"White","Middle",2,1,0,0,0,0,0,0,0,1,2,"1",TRUE,1
"10590",5,"M",2,"Hispanic","Middle",2,0,0,0,0,0,0,0,0,1,3,NA,TRUE,0
"10591",4,"M",2,"White","Middle",2,0,0,0,0,0,0,0,0,1,2,NA,TRUE,1
"10592",5,"F",2,NA,"Middle",2,0,0,0,0,0,0,0,0,0,4,"1",FALSE,0
"10593",5,"F",2,"White","Middle",2,0,0,0,0,0,0,0,0,1,2,NA,TRUE,1
"10594",4,"F",2,"White","Middle",2,0,0,0,0,0,0,0,0,0,4,"1",FALSE,0
"10595",5,"M",2,"White","Middle",2,0,0,0,0,0,0,0,0,0,4,"1",FALSE,0
"10596",4,"M",2,"Asian","Middle",2,0,0,0,0,0,0,0,0,0,4,NA,FALSE,0
"10597",5,"F",2,"White","Middle",2,0,0,0,0,0,0,0,0,0,4,NA,FALSE,0
"10598",5,"F",2,"White","Middle",2,0,0,0,0,0,0,0,0,0,3,"1",FALSE,0
"10599",5,"M",2,"White","Middle",2,0,0,0,0,0,0,0,0,0,4,"1",FALSE,0
"10600",4,"M",2,"White","Middle",2,0,0,0,0,0,0,0,0,0,4,"1",FALSE,0
"10601",5,"M",2,"Hispanic","Middle",2,0,0,0,0,0,0,0,0,0,4,"1",FALSE,0
"10602",5,"M",2,"White","Middle",2,0,0,0,0,0,0,0,0,0,4,NA,FALSE,0
"10603",4,"M",2,"White","Middle",2,0,0,0,0,0,0,0,0,0,4,"1",FALSE,0
"10604",5,"F",2,"White","Middle",2,0,0,0,0,0,0,0,0,0,4,NA,FALSE,0
"10605",5,"F",2,"White","Middle",2,0,0,0,0,0,0,0,0,0,4,"1",FALSE,0
"10606",4,"F",2,"Black","Middle",2,0,0,0,0,0,0,0,0,0,4,"1",FALSE,0
"10607",4,"F",2,"White","Middle",2,0,0,0,0,0,0,0,0,0,4,"1",FALSE,0
"10608",4,"M",2,"Hispanic","Middle",2,0,0,0,0,0,0,0,0,1,3,NA,TRUE,0
"10609",4,"M",1,"White","Middle",2,0,0,0,0,0,0,0,0,0,4,"1",FALSE,0
"10610",5,"F",3,"White","Middle",2,0,0,0,0,0,0,0,0,0,2,NA,FALSE,1
"10611",3,"M",1,"White","Middle",2,0,0,0,0,0,0,0,0,0,4,"1",FALSE,0
"10612",3,"M",1,"White","Middle",2,0,0,0,0,0,0,0,0,0,4,"1",FALSE,0
"10613",4,"F",1,"White","Middle",2,0,0,0,0,0,0,0,0,0,3,NA,FALSE,0
"10614",4,"F",1,"AI/AN","Middle",2,0,0,0,0,0,0,0,0,0,4,"1",FALSE,0
"10615",3,"M",1,"White","Middle",2,0,0,0,0,0,0,0,0,0,4,NA,FALSE,0
"10616",3,"M",1,"White","Middle",2,0,0,0,0,0,0,0,0,0,2,"1",FALSE,1
"10617",4,"F",1,"White","Middle",2,0,0,0,NA,NA,0,NA,NA,0,4,"1",NA,0
"10618",4,"M",1,"White","Middle",2,0,0,0,0,0,0,0,0,0,4,NA,FALSE,0
"10619",4,"M",1,"White","Middle",2,0,0,0,0,0,0,0,0,0,4,NA,FALSE,0
"10620",4,"F",1,"Hispanic","Middle",2,0,0,0,0,0,0,0,0,0,4,NA,FALSE,0
"10621",3,"M",1,"White","Middle",2,0,0,0,0,0,0,0,0,0,3,"1",FALSE,0
"10622",4,"F",1,"Hispanic","Middle",2,NA,0,0,0,0,0,0,0,0,4,"1",NA,0
"10623",4,"F",1,"White","Middle",2,0,0,0,0,0,0,0,0,0,1,"1",FALSE,1
"10624",3,"F",1,"White","Middle",2,0,0,0,0,0,0,0,0,0,4,"1",FALSE,0
"10625",4,"M",1,"White","Middle",2,0,0,0,0,0,0,0,0,0,2,"1",FALSE,1
"10626",4,"F",1,"White","Middle",2,0,0,0,0,0,0,0,0,0,2,"1",FALSE,1
"10627",4,"F",1,"White","Middle",2,0,0,0,0,0,0,0,0,0,3,NA,FALSE,0
"10628",3,"M",1,"Black","Middle",2,0,0,0,0,0,0,0,0,0,3,NA,FALSE,0
"10629",4,"M",1,"AI/AN","Middle",2,0,0,NA,0,0,0,0,0,0,4,"1",NA,0
"10630",4,"M",1,"White","Middle",2,0,0,0,0,0,0,0,0,0,4,"1",FALSE,0
"10631",4,"M",1,"AI/AN","Middle",2,0,0,0,0,0,0,0,0,0,4,NA,FALSE,0
"10632",3,"M",1,"Hispanic","Middle",2,0,0,0,0,0,0,0,0,0,4,"1",FALSE,0
"10633",5,"M",2,"White","Middle",2,0,0,0,0,0,0,0,0,0,4,NA,FALSE,0
"10634",5,"F",2,"Hispanic","Middle",2,0,0,0,0,0,0,0,0,0,4,"1",FALSE,0
"10635",4,"M",2,"White","Middle",2,0,0,0,0,0,0,0,0,0,4,"1",FALSE,0
"10636",4,"F",2,"White","Middle",2,0,0,0,0,0,0,0,0,0,4,"1",FALSE,0
"10637",5,"M",2,"White","Middle",2,0,0,0,0,0,0,0,0,0,4,"1",FALSE,0
"10638",5,"F",2,"White","Middle",2,0,0,0,0,0,0,0,0,0,4,"1",FALSE,0
"10639",4,"F",2,"White","Middle",2,0,0,0,0,0,0,0,0,0,3,NA,FALSE,0
"10640",5,"M",2,"Hispanic","Middle",2,0,0,0,0,0,0,0,0,0,4,"1",FALSE,0
"10641",5,"F",2,"White","Middle",2,0,0,0,0,0,0,0,0,0,4,"1",FALSE,0
"10642",5,"F",2,NA,"Middle",2,0,0,0,0,0,0,0,0,0,4,"1",FALSE,0
"10643",5,"M",2,"White","Middle",2,0,0,0,0,0,0,0,0,0,4,"1",FALSE,0
"10644",4,"F",2,"White","Middle",2,0,0,0,0,0,0,0,0,0,4,"1",FALSE,0
"10645",6,"M",3,"White","Middle",2,0,0,0,0,0,0,0,0,0,4,NA,FALSE,0
"10646",6,"F",3,"Hispanic","Middle",2,0,0,0,0,0,0,0,0,0,4,NA,FALSE,0
"10647",6,"M",3,"Hispanic","Middle",2,0,0,0,0,0,0,0,0,0,4,NA,FALSE,0
"10648",6,"M",3,NA,"Middle",2,0,0,NA,0,0,0,0,0,0,3,"1",NA,0
"10649",6,"M",3,"White","Middle",2,0,0,0,0,0,0,0,0,0,3,NA,FALSE,0
"10650",5,"F",3,"White","Middle",2,0,0,0,0,0,0,0,0,0,4,"1",FALSE,0
"10651",5,"F",3,"White","Middle",2,0,0,0,0,0,0,0,0,0,3,NA,FALSE,0
"10652",6,"M",3,"White","Middle",2,0,0,0,0,0,0,0,0,0,4,"1",FALSE,0
"10653",6,"F",3,"Black","Middle",2,0,0,0,0,0,0,0,0,0,4,"1",FALSE,0
"10654",6,"F",3,"White","Middle",2,0,0,0,0,0,0,0,0,0,4,"1",FALSE,0
"10655",6,"F",3,"White","Middle",2,0,0,0,0,0,0,0,0,0,4,"1",FALSE,0
"10656",6,"M",3,"White","Middle",2,0,0,0,0,0,0,0,0,0,4,"1",FALSE,0
"10657",6,"M",3,"White","Middle",2,0,0,0,0,0,0,0,0,0,2,NA,FALSE,1
"10658",6,"M",3,"White","Middle",2,0,0,0,0,0,0,0,0,0,4,"1",FALSE,0
"10659",6,"F",3,"White","Middle",2,0,0,0,0,0,0,0,0,0,4,"1",FALSE,0
"10660",6,"M",3,"Hispanic","Middle",2,0,0,0,0,0,0,0,0,0,3,NA,FALSE,0
"10661",5,"M",3,"Asian","Middle",2,0,0,0,0,0,0,0,0,0,3,"1",FALSE,0
"10662",6,"M",3,"White","Middle",2,0,0,0,0,0,0,0,0,0,4,NA,FALSE,0
"10663",5,"M",3,"White","Middle",2,0,0,0,0,0,0,0,0,0,4,"1",FALSE,0
"10664",6,"F",3,"Hispanic","Middle",2,0,0,0,0,0,0,0,0,0,4,"1",FALSE,0
"10665",6,"F",3,"White","Middle",2,0,0,0,0,0,0,0,0,0,3,"1",FALSE,0
"10666",4,"M",2,"White","Middle",2,0,0,0,0,0,0,0,0,0,4,"1",FALSE,0
"10667",6,"F",3,"White","Middle",2,0,0,0,0,0,0,0,0,0,2,"1",FALSE,1
"10668",6,"F",3,"White","Middle",2,0,0,0,0,0,0,0,0,0,3,"1",FALSE,0
"10669",4,"F",2,"White","Middle",2,0,0,0,0,0,0,0,0,0,3,"1",FALSE,0
"10670",5,"M",2,"White","Middle",2,0,0,0,0,0,0,0,0,0,4,NA,FALSE,0
"10671",5,"F",2,"White","Middle",2,0,0,0,0,0,0,0,0,NA,1,"1",NA,1
"10672",5,"M",2,"White","Middle",2,0,0,0,0,0,0,0,0,0,4,"1",FALSE,0
"10673",5,"M",2,"White","Middle",2,0,0,0,0,0,0,0,0,0,2,"1",FALSE,1
"10674",5,"F",2,"Asian","Middle",2,0,0,0,0,0,0,0,0,0,4,"1",FALSE,0
"10675",5,"F",2,"White","Middle",2,0,0,0,0,0,0,0,0,0,4,"1",FALSE,0
"10676",4,"M",2,"White","Middle",2,0,0,0,0,0,0,0,0,0,4,NA,FALSE,0
"10677",5,"F",2,"White","Middle",2,0,0,0,0,0,0,0,0,0,4,NA,FALSE,0
"10678",5,"M",2,"White","Middle",2,0,0,0,0,0,0,0,0,0,4,"1",FALSE,0
"10679",5,"F",2,"White","Middle",2,0,0,0,0,0,0,0,0,0,4,"1",FALSE,0
"10680",5,"F",2,"White","Middle",2,0,0,0,0,0,0,0,0,0,2,"1",FALSE,1
"10681",5,"F",2,"White","Middle",2,0,0,0,0,0,NA,0,0,0,4,NA,NA,0
"10682",5,"M",2,"White","Middle",2,0,0,0,0,0,0,0,0,0,3,"1",FALSE,0
"10683",5,"F",2,"White","Middle",2,0,0,0,0,0,0,0,0,0,2,NA,FALSE,1
"10684",4,"M",2,"White","Middle",2,0,0,0,0,0,0,0,0,0,4,"1",FALSE,0
"10685",6,"F",3,"White","Middle",2,0,0,0,0,0,0,0,0,0,1,"1",FALSE,1
"10686",4,"F",2,"White","Middle",2,0,0,0,0,0,0,0,0,0,3,"1",FALSE,0
"10687",7,"F",4,"Hispanic","High",2,0,0,0,0,0,0,0,0,0,3,NA,FALSE,0
"10688",NA,NA,NA,NA,NA,1,0,0,0,0,0,0,0,0,0,NA,"1",FALSE,NA
"10689",10,"F",7,"White","High",2,0,0,0,0,0,0,0,0,0,4,"1",FALSE,0
"10690",10,"F",7,"White","High",2,0,0,0,0,0,0,0,0,0,3,"1",FALSE,0
"10691",10,"F",7,"Hispanic","High",2,0,0,0,0,0,0,0,0,0,1,NA,FALSE,1
"10692",10,"F",7,"White","High",2,0,0,0,0,0,0,0,0,0,1,"1",FALSE,1
"10693",9,"F",7,"White","High",2,0,0,0,0,0,0,0,0,0,3,"1",FALSE,0
"10694",9,"F",7,"White","High",2,0,0,0,0,0,0,0,0,0,3,NA,FALSE,0
"10695",10,"F",7,"White","High",2,0,0,0,0,0,0,0,0,0,4,NA,FALSE,0
"10696",10,"F",7,"White","High",2,0,0,0,0,0,0,0,0,0,4,"1",FALSE,0
"10697",9,"F",7,"White","High",2,0,0,0,0,0,0,0,0,0,4,NA,FALSE,0
"10698",10,"F",7,"White","High",2,0,0,0,0,0,0,0,0,0,4,"1",FALSE,0
"10699",8,"M",5,"White","High",1,0,0,0,0,0,0,0,0,1,3,"1",TRUE,0
"10700",8,"M",5,"White","High",1,0,0,0,0,0,0,0,0,0,3,"1",FALSE,0
"10701",8,"M",5,"White","High",2,0,0,0,0,0,0,0,0,0,4,"1",FALSE,0
"10702",8,"M",5,"White","High",2,0,0,0,0,0,0,0,0,0,4,"1",FALSE,0
"10703",7,"M",5,NA,"High",2,0,0,0,NA,NA,NA,NA,NA,0,3,"1",NA,0
"10704",7,"M",5,"White","High",2,0,0,0,0,0,0,0,0,0,4,"1",FALSE,0
"10705",7,"F",5,"White","High",2,0,0,0,0,0,0,0,0,0,4,"1",FALSE,0
"10706",8,"F",5,"White","High",2,0,0,0,0,0,0,0,0,0,4,"1",FALSE,0
"10707",8,"M",5,"White","High",2,0,0,0,0,0,0,0,0,0,3,"1",FALSE,0
"10708",7,"M",5,"White","High",2,0,0,0,0,0,0,0,0,0,3,NA,FALSE,0
"10709",7,"M",5,"Asian","High",2,0,0,0,0,0,0,0,0,0,4,"1",FALSE,0
"10710",8,"M",5,"White","High",2,0,0,0,0,0,0,0,0,0,3,"1",FALSE,0
"10711",8,"F",5,"White","High",2,0,0,0,0,0,0,0,0,0,4,"1",FALSE,0
"10712",7,"M",5,"White","High",1,0,0,0,0,0,0,0,0,1,2,NA,TRUE,1
"10713",7,"F",5,"White","High",2,0,0,0,0,0,0,0,0,0,4,"1",FALSE,0
"10714",8,"F",5,"White","High",2,0,0,0,0,0,0,0,0,0,4,"1",FALSE,0
"10715",7,"F",5,"White","High",2,0,0,0,0,0,0,0,0,0,4,"1",FALSE,0
"10716",8,"M",5,"White","High",2,1,0,0,0,0,0,0,0,1,1,"1",TRUE,1
"10717",8,"F",5,"White","High",2,0,0,0,0,0,0,0,0,0,4,"1",FALSE,0
"10718",7,"F",5,"White","High",2,0,0,0,0,0,0,0,0,1,2,"1",TRUE,1
"10719",8,"F",5,"White","High",2,0,0,0,0,0,0,0,0,1,3,"1",TRUE,0
"10720",7,"M",5,"Black","High",2,0,0,0,0,0,0,0,0,1,3,NA,TRUE,0
"10721",8,"F",5,"Hispanic","High",1,0,0,0,0,0,1,0,0,1,2,"1",TRUE,1
"10722",8,"F",5,"White","High",2,0,0,0,0,0,0,0,0,0,4,"1",FALSE,0
"10723",9,"M",5,"Hispanic","High",2,0,0,0,0,0,0,0,0,0,4,"1",FALSE,0
"10724",7,"F",5,NA,"High",2,0,0,0,0,0,0,0,0,0,4,NA,FALSE,0
"10725",7,"F",5,"White","High",2,0,0,0,0,0,0,0,0,1,4,NA,TRUE,0
"10726",7,"F",5,"White","High",2,0,0,0,0,0,0,0,0,0,4,"1",FALSE,0
"10727",7,"F",5,"Asian","High",2,0,0,0,0,0,0,0,0,0,4,"1",FALSE,0
"10728",9,"F",6,"White","High",2,0,0,0,0,0,1,0,0,1,4,"1",TRUE,0
"10729",8,"F",6,"White","High",1,0,0,0,0,0,0,0,0,1,4,NA,TRUE,0
"10730",9,"F",6,"White","High",2,0,0,0,0,0,1,0,0,0,4,NA,TRUE,0
"10731",8,"F",6,"White","High",2,0,0,0,0,0,0,0,0,1,1,"1",TRUE,1
"10732",9,"M",6,"White","High",2,0,0,0,0,0,0,0,0,0,4,"1",FALSE,0
"10733",8,"F",6,"White","High",2,0,0,0,0,0,1,0,0,1,3,NA,TRUE,0
"10734",8,"M",6,"White","High",1,0,1,0,0,0,0,0,0,1,3,"1",TRUE,0
"10735",9,"F",6,"White","High",1,0,0,0,0,0,0,0,0,1,3,"1",TRUE,0
"10736",8,"F",6,"White","High",2,0,0,0,0,0,0,0,0,1,4,NA,TRUE,0
"10737",8,"F",5,"White","High",2,0,0,0,0,0,0,0,0,1,2,"1",TRUE,1
"10738",7,"F",5,"White","High",2,0,0,0,0,0,0,0,0,1,3,"1",TRUE,0
"10739",9,"F",6,"White","High",2,0,0,0,0,0,0,0,0,0,4,"1",FALSE,0
"10740",9,"F",6,"Asian","High",2,0,0,0,0,0,0,0,0,0,4,NA,FALSE,0
"10741",8,"M",5,"White","High",2,0,0,0,0,0,0,0,0,0,4,NA,FALSE,0
"10742",10,"M",7,"White","High",2,0,0,0,0,0,0,0,0,0,4,"1",FALSE,0
"10743",8,"M",5,"Hispanic","High",2,0,0,0,0,0,0,0,0,0,3,"1",FALSE,0
"10744",8,"F",6,"White","High",2,0,0,0,0,0,0,0,0,0,4,NA,FALSE,0
"10745",8,"M",6,"White","High",2,0,0,0,0,0,0,0,0,0,3,"1",FALSE,0
"10746",9,"M",6,"White","High",2,0,0,0,0,0,0,0,0,0,4,"1",FALSE,0
"10747",9,"M",6,"Black","High",2,0,0,0,0,0,0,0,0,1,4,"1",TRUE,0
"10748",8,"M",6,"White","High",2,0,0,0,0,0,0,0,0,1,2,"1",TRUE,1
"10749",8,"M",6,"White","High",1,0,0,0,0,1,0,0,0,1,3,NA,TRUE,0
"10750",8,"M",6,"White","High",2,0,0,0,0,0,0,0,0,0,4,"1",FALSE,0
"10751",9,"M",7,"White","High",2,0,0,0,0,0,0,0,0,0,2,"1",FALSE,1
"10752",8,"F",6,"White","High",1,0,1,0,0,0,0,0,0,1,4,"1",TRUE,0
"10753",8,"F",6,"White","High",2,0,0,0,0,0,0,0,0,0,4,"1",FALSE,0
"10754",6,"F",4,"White","High",2,0,0,0,0,0,0,0,0,0,4,"1",FALSE,0
"10755",6,"M",4,"White","High",2,0,0,0,0,0,0,0,0,0,4,"1",FALSE,0
"10756",6,"F",4,"White","High",2,0,0,0,0,0,0,0,0,0,3,"1",FALSE,0
"10757",7,"M",4,NA,"High",2,0,0,0,0,0,0,0,0,0,NA,NA,FALSE,NA
"10758",7,"M",4,"White","High",2,0,0,0,0,0,0,0,0,0,4,"1",FALSE,0
"10759",7,"F",4,"White","High",2,0,0,0,0,0,0,0,0,0,4,"1",FALSE,0
"10760",6,"M",4,"White","High",2,0,0,0,0,0,0,0,0,0,1,NA,FALSE,1
"10761",7,"F",4,"White","High",2,0,0,0,0,0,0,0,0,0,4,"1",FALSE,0
"10762",6,"M",4,"White","High",2,0,0,0,0,0,NA,0,0,0,3,"1",NA,0
"10763",7,"F",4,"White","High",2,0,0,NA,0,0,0,0,0,0,3,"1",NA,0
"10764",7,"M",4,"White","High",2,0,0,0,0,0,0,0,0,0,3,"1",FALSE,0
"10765",7,"M",4,"White","High",2,0,0,NA,0,0,0,0,0,0,4,NA,NA,0
"10766",6,"M",4,"White","High",2,0,0,0,0,0,0,0,0,0,4,"1",FALSE,0
"10767",7,"M",4,"White","High",2,0,0,0,0,0,0,0,0,0,4,NA,FALSE,0
"10768",7,"F",4,"White","High",2,0,0,0,0,0,0,0,0,0,2,"1",FALSE,1
"10769",7,"F",4,"White","High",2,0,0,0,0,0,0,0,0,0,4,"1",FALSE,0
"10770",7,"F",4,"White","High",2,0,0,0,0,0,0,0,0,0,4,NA,FALSE,0
"10771",6,"M",4,"White","High",2,0,0,0,0,0,0,0,0,1,1,NA,TRUE,1
"10772",7,"F",4,"White","High",2,0,0,0,0,0,0,0,0,1,1,"1",TRUE,1
"10773",7,"F",4,"White","High",2,0,0,0,0,0,0,0,0,1,4,NA,TRUE,0
"10774",7,"M",4,"White","High",2,0,0,0,0,0,0,0,0,0,4,"1",FALSE,0
"10775",7,"F",4,"White","High",2,0,0,0,NA,NA,NA,NA,NA,0,3,NA,NA,0
"10776",6,"M",4,"White","High",2,0,0,0,0,0,0,0,0,0,3,"1",FALSE,0
"10777",7,"F",4,"White","High",2,0,0,0,0,0,0,0,0,0,4,NA,FALSE,0
"10778",6,"F",4,"White","High",2,0,0,0,0,0,0,0,0,0,4,"1",FALSE,0
"10779",6,"M",4,"White","High",2,0,0,0,0,0,NA,0,0,1,4,NA,TRUE,0
"10780",7,"M",4,"White","High",2,0,0,0,0,0,0,0,0,0,3,"1",FALSE,0
"10781",6,"M",4,"Asian","High",2,0,0,0,0,0,0,0,0,0,3,"1",FALSE,0
"10782",6,"M",4,"White","High",2,0,0,0,0,0,0,0,0,0,4,"1",FALSE,0
"10783",7,"F",4,"White","High",2,0,0,0,0,0,0,0,0,0,2,"1",FALSE,1
"10784",6,"F",4,"White","High",2,0,0,0,0,0,0,0,0,0,4,NA,FALSE,0
"10785",6,"F",4,"White","High",2,0,0,0,0,0,0,0,0,0,3,"1",FALSE,0
"10786",6,"F",4,"White","High",2,0,0,0,0,0,1,0,0,1,4,"1",TRUE,0
"10787",5,"M",2,"Hispanic","Middle",2,0,0,0,0,0,0,0,0,0,3,"1",FALSE,0
"10788",4,"M",2,"Hispanic","Middle",2,0,0,0,0,0,0,0,0,0,2,"1",FALSE,1
"10789",5,"F",2,"Asian","Middle",2,0,0,0,0,0,0,0,0,0,4,"1",FALSE,0
"10790",4,"M",2,"Hispanic","Middle",2,0,0,0,0,0,0,0,0,0,3,"1",FALSE,0
"10791",5,"F",2,"Asian","Middle",2,0,0,0,0,0,0,0,0,0,4,"1",FALSE,0
"10792",5,"M",2,"White","Middle",2,0,0,0,0,0,0,0,0,0,4,"1",FALSE,0
"10793",5,"F",2,"Asian","Middle",2,0,0,0,0,0,0,0,0,0,4,"1",FALSE,0
"10794",5,"M",2,"White","Middle",2,0,0,0,0,0,0,0,0,0,4,"1",FALSE,0
"10795",5,"M",2,"White","Middle",2,0,0,0,0,0,0,0,0,1,4,"1",TRUE,0
"10796",4,"F",2,"White","Middle",2,0,0,0,0,0,0,0,0,0,4,"1",FALSE,0
"10797",5,"M",2,"White","Middle",2,0,0,0,0,0,0,0,0,0,4,"1",FALSE,0
"10798",5,"M",2,"White","Middle",2,0,0,0,0,0,NA,0,0,0,2,"1",NA,1
"10799",4,"F",2,"White","Middle",2,0,0,0,0,0,0,0,0,0,3,NA,FALSE,0
"10800",5,"M",2,"Asian","Middle",2,0,0,0,0,0,0,0,0,0,4,"1",FALSE,0
"10801",5,"F",2,NA,"Middle",2,0,0,0,0,0,0,0,0,0,4,"1",FALSE,0
"10802",4,"M",2,NA,"Middle",2,0,0,0,0,0,0,0,0,0,4,"1",FALSE,0
"10803",4,"M",2,"Asian","Middle",2,0,0,0,0,0,0,0,0,0,4,"1",FALSE,0
"10804",5,"M",2,"White","Middle",1,0,0,0,0,0,0,0,0,0,3,"1",FALSE,0
"10805",4,"M",2,"White","Middle",2,0,0,0,0,0,0,0,0,0,4,"1",FALSE,0
"10806",5,"M",2,"White","Middle",2,0,0,0,0,0,0,0,0,0,4,"1",FALSE,0
"10807",4,"F",2,"White","Middle",2,0,0,0,0,0,0,0,0,0,1,"1",FALSE,1
"10808",5,"F",2,"White","Middle",2,0,0,0,0,0,0,0,0,0,4,"1",FALSE,0
"10809",4,"F",1,"White","Middle",2,0,0,0,0,0,0,0,0,0,4,"1",FALSE,0
"10810",4,"F",1,"White","Middle",2,0,0,0,0,0,0,0,0,0,4,"1",FALSE,0
"10811",4,"F",1,"White","Middle",2,0,0,0,0,0,0,0,0,0,4,"1",FALSE,0
"10812",4,"F",1,"Asian","Middle",2,0,0,0,NA,NA,0,NA,NA,0,4,"1",NA,0
"10813",4,"F",1,"Asian","Middle",2,0,0,0,0,0,0,0,0,0,4,"1",FALSE,0
"10814",3,"F",1,"Black","Middle",2,0,0,0,0,0,0,0,0,0,4,"1",FALSE,0
"10815",3,"F",1,"Asian","Middle",2,0,0,0,0,0,0,0,0,0,4,"1",FALSE,0
"10816",4,"F",1,"Asian","Middle",2,0,0,0,0,0,0,0,0,0,3,"1",FALSE,0
"10817",3,"F",1,"White","Middle",2,0,0,0,0,0,0,0,0,0,3,"1",FALSE,0
"10818",4,"F",1,"White","Middle",2,0,0,0,0,0,0,0,0,0,4,"1",FALSE,0
"10819",4,"F",1,"White","Middle",2,0,0,0,0,0,0,0,0,0,4,"1",FALSE,0
"10820",4,"F",1,"White","Middle",2,0,0,0,0,0,0,0,0,0,4,"1",FALSE,0
"10821",4,"F",1,"White","Middle",2,0,0,0,NA,NA,0,NA,NA,0,4,"1",NA,0
"10822",4,"F",1,"White","Middle",2,0,0,0,0,0,0,0,0,0,4,"1",FALSE,0
"10823",4,"F",1,"White","Middle",2,0,0,0,0,0,0,0,0,0,4,"1",FALSE,0
"10824",3,"F",1,"White","Middle",2,0,0,0,0,0,0,0,0,0,4,"1",FALSE,0
"10825",4,"F",1,"White","Middle",2,0,0,NA,0,0,0,0,0,0,4,"1",NA,0
"10826",4,"F",1,"White","Middle",2,0,0,0,0,0,0,0,0,0,4,"1",FALSE,0
"10827",4,"F",1,NA,"Middle",2,0,0,0,0,0,0,0,0,0,4,"1",FALSE,0
"10828",4,"F",1,"White","Middle",2,0,0,0,0,0,0,0,0,0,3,"1",FALSE,0
"10829",3,"F",1,"Hispanic","Middle",2,0,0,0,0,0,0,0,0,0,4,"1",FALSE,0
"10830",5,"M",3,"Asian","Middle",2,NA,0,0,0,0,0,0,0,0,3,"1",NA,0
"10831",6,"F",3,"Hispanic","Middle",2,0,0,0,0,0,0,0,0,1,4,"1",TRUE,0
"10832",6,"M",3,"Asian","Middle",2,0,0,0,0,0,0,0,0,0,4,"1",FALSE,0
"10833",6,"M",3,"White","Middle",2,0,0,0,0,0,0,0,0,0,4,"1",FALSE,0
"10834",6,"F",3,"White","Middle",2,0,0,0,0,0,0,0,0,0,1,"1",FALSE,1
"10835",6,"M",3,"Asian","Middle",2,0,0,0,0,0,0,0,0,0,4,"1",FALSE,0
"10836",6,"F",3,"White","Middle",2,0,0,0,0,0,0,0,0,0,4,"1",FALSE,0
"10837",4,"F",1,"White","Middle",2,0,0,0,0,0,0,0,0,0,4,"1",FALSE,0
"10838",6,"M",3,"White","Middle",2,0,0,0,0,0,0,0,0,0,3,"1",FALSE,0
"10839",5,"M",3,"White","Middle",2,0,0,0,0,0,0,0,0,0,4,"1",FALSE,0
"10840",5,"M",3,"White","Middle",2,0,0,0,0,0,0,0,0,0,4,"1",FALSE,0
"10841",6,"M",3,"White","Middle",2,0,0,0,0,0,0,0,0,0,4,"1",FALSE,0
"10842",6,"F",3,"White","Middle",2,0,0,0,0,0,NA,0,0,0,4,NA,NA,0
"10843",6,"M",3,"White","Middle",2,0,0,NA,0,0,0,0,0,0,3,"1",NA,0
"10844",6,"M",3,"Hispanic","Middle",NA,0,0,1,0,0,0,0,0,1,1,"1",TRUE,1
"10845",6,"M",3,"White","Middle",2,0,0,0,0,0,0,0,0,0,4,NA,FALSE,0
"10846",6,"F",3,"Black","Middle",2,0,0,0,0,0,0,0,0,0,4,"1",FALSE,0
"10847",5,"M",3,"White","Middle",2,0,0,0,0,0,0,0,0,0,4,"1",FALSE,0
"10848",5,"F",3,"White","Middle",2,0,0,0,0,0,0,0,0,0,4,"1",FALSE,0
"10849",6,"M",3,"White","Middle",2,0,0,0,0,0,0,0,0,0,4,"1",FALSE,0
"10850",6,"F",3,"White","Middle",2,0,0,0,0,0,0,0,0,0,4,"1",FALSE,0
"10851",NA,NA,NA,NA,NA,2,NA,0,0,0,0,0,0,0,0,NA,"1",NA,NA
"10852",5,"M",2,"White","Middle",2,0,0,0,0,0,0,0,0,0,4,NA,FALSE,0
"10853",5,"F",2,"White","Middle",2,0,0,0,0,0,0,0,0,0,4,"1",FALSE,0
"10854",5,"F",2,"White","Middle",2,1,0,0,1,0,1,0,0,1,1,NA,TRUE,1
"10855",5,"F",2,"White","Middle",NA,0,NA,NA,0,0,0,0,0,NA,2,NA,NA,1
"10856",4,"M",2,"Hispanic","Middle",2,0,0,0,0,0,0,0,0,0,3,"1",FALSE,0
"10857",5,"M",2,"White","Middle",2,0,0,0,0,0,0,0,0,0,4,"1",FALSE,0
"10858",5,"M",2,"White","Middle",NA,0,0,0,NA,NA,0,NA,NA,0,NA,NA,NA,NA
"10859",4,"M",2,"Hispanic","Middle",2,0,0,0,0,0,0,0,0,0,4,NA,FALSE,0
"10860",5,"M",2,NA,"Middle",2,NA,NA,NA,NA,NA,NA,NA,NA,NA,3,NA,NA,0
"10861",5,"M",2,NA,"Middle",2,0,0,0,0,0,0,0,0,0,4,"1",FALSE,0
"10862",6,"M",2,"Hispanic","Middle",NA,0,0,0,0,0,0,0,0,0,2,NA,FALSE,1
"10863",4,"F",2,NA,"Middle",2,0,0,0,0,0,0,0,0,0,4,"1",FALSE,0
"10864",4,"F",2,"White","Middle",2,0,0,0,0,0,0,0,0,0,3,"1",FALSE,0
"10865",4,"M",2,NA,"Middle",2,0,0,0,0,0,0,0,0,0,4,NA,FALSE,0
"10866",5,"F",2,"Black","Middle",1,0,0,0,0,0,0,0,0,0,2,NA,FALSE,1
"10867",5,"M",2,"Hispanic","Middle",2,0,0,0,0,0,0,0,0,0,4,"1",FALSE,0
"10868",5,"F",2,"White","Middle",2,0,0,0,0,0,0,0,0,0,4,"1",FALSE,0
"10869",6,"F",3,"White","Middle",2,0,0,0,0,0,0,0,0,0,4,"1",FALSE,0
"10870",6,"M",3,"White","Middle",1,0,0,0,0,0,0,0,0,0,4,"1",FALSE,0
"10871",6,"M",3,"White","Middle",1,0,0,0,0,0,0,0,0,0,4,NA,FALSE,0
"10872",5,"F",3,"White","Middle",2,0,0,0,0,0,0,0,0,0,4,"1",FALSE,0
"10873",6,"M",3,"White","Middle",2,0,0,0,0,0,0,0,0,0,4,"1",FALSE,0
"10874",6,"F",3,NA,"Middle",2,0,0,0,0,0,0,0,0,0,4,"1",FALSE,0
"10875",6,"F",3,"White","Middle",2,0,0,0,0,0,0,0,0,1,3,NA,TRUE,0
"10876",6,"M",3,"White","Middle",2,0,0,0,0,0,0,0,1,0,2,NA,TRUE,1
"10877",6,"M",3,"White","Middle",2,0,0,0,0,0,0,0,0,0,4,"1",FALSE,0
"10878",5,"M",3,"White","Middle",2,0,0,0,0,0,0,0,0,0,4,NA,FALSE,0
"10879",6,"M",3,"White","Middle",2,0,0,0,0,0,0,0,0,0,4,NA,FALSE,0
"10880",5,"F",3,"White","Middle",2,0,0,0,0,0,0,0,0,0,1,NA,FALSE,1
"10881",6,"F",3,"White","Middle",2,0,0,0,0,0,0,0,0,0,4,"1",FALSE,0
"10882",5,"M",3,"Black","Middle",2,0,0,0,0,0,0,0,0,0,4,NA,FALSE,0
"10883",5,"F",3,"Hispanic","Middle",2,0,0,0,0,0,0,0,0,0,2,"1",FALSE,1
"10884",7,"M",3,"White","Middle",2,0,0,0,0,0,0,0,0,0,2,NA,FALSE,1
"10885",5,"F",3,"White","Middle",2,0,0,0,0,0,0,0,0,0,4,"1",FALSE,0
"10886",7,"M",3,"AI/AN","Middle",2,0,0,0,0,0,0,0,0,0,4,NA,FALSE,0
"10887",5,"F",3,"White","Middle",2,0,0,0,0,0,0,0,0,0,4,"1",FALSE,0
"10888",5,"F",3,"White","Middle",2,0,0,0,0,0,0,0,0,0,4,"1",FALSE,0
"10889",6,"M",3,"White","Middle",2,0,0,0,0,0,0,0,0,0,2,NA,FALSE,1
"10890",5,"M",3,"White","Middle",2,0,0,0,0,0,0,0,0,0,4,"1",FALSE,0
"10891",6,"F",3,"Hispanic","Middle",2,0,0,0,0,0,0,0,0,0,4,"1",FALSE,0
"10892",3,"F",1,"White","Middle",2,0,0,0,0,0,0,0,0,0,4,"1",FALSE,0
"10893",4,"M",1,"White","Middle",2,0,0,0,0,0,0,0,0,0,4,NA,FALSE,0
"10894",3,"F",1,"White","Middle",2,0,0,0,0,0,0,0,0,0,2,NA,FALSE,1
"10895",4,"M",1,"White","Middle",2,0,0,0,0,0,0,0,0,0,4,"1",FALSE,0
"10896",4,"F",1,"Black","Middle",2,0,0,0,0,0,0,0,0,0,4,"1",FALSE,0
"10897",4,"M",1,"White","Middle",2,0,0,0,0,0,0,0,0,0,3,"1",FALSE,0
"10898",4,"M",1,"White","Middle",2,0,0,0,0,0,0,0,0,0,4,NA,FALSE,0
"10899",4,"M",1,NA,"Middle",2,NA,NA,NA,NA,NA,NA,NA,NA,NA,3,NA,NA,0
"10900",3,"F",1,"Black","Middle",2,0,0,0,NA,NA,0,NA,NA,0,2,NA,NA,1
"10901",4,"M",1,"White","Middle",2,0,0,0,0,0,0,0,0,0,4,"1",FALSE,0
"10902",3,"F",1,"AI/AN","Middle",2,0,0,0,0,0,0,0,0,0,4,"1",FALSE,0
"10903",4,"M",1,"AI/AN","Middle",2,0,0,0,0,0,0,0,0,0,3,"1",FALSE,0
"10904",4,"F",1,"Black","Middle",2,0,0,0,0,0,0,0,0,0,4,"1",FALSE,0
"10905",4,"M",1,"White","Middle",2,0,0,0,0,0,0,0,0,0,3,"1",FALSE,0
"10906",5,"M",1,"Black","Middle",NA,NA,NA,NA,NA,NA,NA,NA,NA,NA,3,NA,NA,0
"10907",4,NA,1,"White","Middle",2,0,0,0,0,0,0,0,0,0,4,"1",FALSE,0
"10908",5,"M",1,"Black","Middle",2,NA,NA,NA,NA,NA,NA,NA,NA,NA,3,NA,NA,0
"10909",4,"M",1,"White","Middle",2,0,0,0,0,0,0,0,0,0,4,NA,FALSE,0
"10910",4,"F",1,"White","Middle",2,0,0,0,0,0,0,0,0,0,3,"1",FALSE,0
"10911",7,"M",3,"Black","Middle",2,0,0,0,0,0,0,0,0,0,4,"1",FALSE,0
"10912",9,"F",6,"White","High",2,0,0,0,0,0,0,0,0,0,4,NA,FALSE,0
"10913",9,"F",6,"White","High",2,0,0,0,0,0,0,0,0,1,2,"1",TRUE,1
"10914",9,"F",6,"White","High",2,0,0,0,0,0,0,0,0,1,4,NA,TRUE,0
"10915",9,"F",6,"White","High",2,0,0,0,0,0,0,0,0,0,4,NA,FALSE,0
"10916",6,"M",4,"White","High",2,0,0,0,0,0,0,0,0,0,2,"1",FALSE,1
"10917",9,"F",6,"White","High",2,0,0,0,0,0,0,0,0,0,4,"1",FALSE,0
"10918",9,"F",6,"White","High",2,0,0,0,0,0,0,0,0,0,4,"1",FALSE,0
"10919",9,"F",6,"White","High",2,0,0,0,0,0,0,0,0,0,4,"1",FALSE,0
"10920",7,"F",6,"White","High",2,0,0,0,0,0,0,0,0,1,1,"1",TRUE,1
"10921",8,"M",6,"White","High",1,0,0,0,0,0,0,0,0,1,2,NA,TRUE,1
"10922",9,"M",6,"White","High",2,0,0,0,0,0,0,0,0,0,4,"1",FALSE,0
"10923",9,"M",6,"White","High",2,0,0,0,0,0,0,0,0,0,4,"1",FALSE,0
"10924",9,"F",6,"White","High",2,0,0,0,0,0,0,0,0,0,4,"1",FALSE,0
"10925",9,"F",6,"White","High",2,0,0,0,0,0,0,0,0,1,4,"1",TRUE,0
"10926",8,"M",6,"White","High",2,0,0,0,0,0,0,0,0,0,3,"1",FALSE,0
"10927",9,"M",6,"White","High",2,0,0,0,0,0,0,0,0,0,4,"1",FALSE,0
"10928",10,"M",7,"White","High",2,0,0,0,0,0,0,0,0,0,4,"1",FALSE,0
"10929",10,"M",7,"White","High",2,0,0,0,0,0,0,0,0,0,4,NA,FALSE,0
"10930",9,"M",7,"White","High",2,0,0,0,0,0,0,0,0,0,3,"1",FALSE,0
"10931",9,"M",7,"White","High",2,0,0,0,0,0,0,0,0,0,4,"1",FALSE,0
"10932",9,"F",7,"White","High",2,0,0,0,0,0,0,0,0,0,4,"1",FALSE,0
"10933",9,"F",7,"White","High",2,0,0,0,0,0,0,0,0,0,4,"1",FALSE,0
"10934",9,"F",7,"White","High",2,0,0,0,0,0,0,0,0,0,4,"1",FALSE,0
"10935",10,"F",7,"White","High",2,0,0,0,0,0,0,0,0,1,4,NA,TRUE,0
"10936",9,"F",7,"White","High",2,0,0,0,0,0,0,0,0,0,4,"1",FALSE,0
"10937",10,"M",7,"Hispanic","High",1,0,0,0,0,0,0,0,0,0,4,"1",FALSE,0
"10938",10,"M",7,"White","High",2,0,0,0,0,0,0,0,0,0,4,NA,FALSE,0
"10939",10,"M",7,"Hispanic","High",2,0,0,0,0,0,0,0,0,1,2,"1",TRUE,1
"10940",10,"M",7,"White","High",1,0,0,0,0,0,0,0,0,1,4,"1",TRUE,0
"10941",10,"M",7,"White","High",2,0,0,0,0,0,0,0,0,0,1,"1",FALSE,1
"10942",9,"M",7,"White","High",1,0,0,0,0,0,0,0,0,0,4,NA,FALSE,0
"10943",10,"M",7,"White","High",1,0,0,0,0,0,0,0,0,1,4,"1",TRUE,0
"10944",10,"F",7,"White","High",2,0,0,0,0,0,0,0,0,0,4,NA,FALSE,0
"10945",10,"F",7,"White","High",1,0,0,0,0,0,0,0,0,1,2,NA,TRUE,1
"10946",10,"F",7,"White","High",2,0,0,0,0,0,0,0,0,0,4,"1",FALSE,0
"10947",9,"M",7,"White","High",2,1,0,0,0,0,0,0,0,0,1,"1",TRUE,1
"10948",10,"F",7,"White","High",1,1,0,0,0,0,0,0,0,1,1,"1",TRUE,1
"10949",9,"F",7,"White","High",2,0,0,0,0,0,0,0,0,1,4,"1",TRUE,0
"10950",10,"F",7,"Hispanic","High",2,0,0,0,0,0,0,0,0,0,3,"1",FALSE,0
"10951",10,"F",7,"White","High",2,0,0,0,NA,NA,1,NA,NA,1,4,NA,TRUE,0
"10952",11,"F",7,"White","High",2,0,0,0,0,0,0,0,0,0,4,"1",FALSE,0
"10953",9,"F",7,"White","High",1,1,0,0,0,0,0,0,0,1,3,"1",TRUE,0
"10954",11,"M",7,"White","High",1,0,0,0,0,0,0,0,0,0,2,"1",FALSE,1
"10955",9,"M",7,"White","High",1,1,1,0,0,0,0,0,0,1,1,NA,TRUE,1
"10956",10,"F",7,"White","High",2,0,0,0,0,0,0,0,0,1,4,NA,TRUE,0
"10957",10,"M",7,"White","High",1,0,0,0,0,0,1,0,0,0,2,"1",TRUE,1
"10958",9,"M",7,"White","High",1,1,1,0,0,0,0,0,0,1,1,NA,TRUE,1
"10959",10,"M",7,NA,"High",1,0,0,1,0,0,0,0,0,1,4,NA,TRUE,0
"10960",7,"M",5,"White","High",2,0,0,0,0,0,0,0,0,0,3,"1",FALSE,0
"10961",8,"F",6,"White","High",2,0,0,0,0,0,0,0,0,0,1,"1",FALSE,1
"10962",8,"F",6,"White","High",2,0,0,0,0,0,0,0,0,1,4,NA,TRUE,0
"10963",8,"M",5,"White","High",1,0,0,0,0,0,0,0,0,0,1,NA,FALSE,1
"10964",8,"F",6,"Hispanic","High",NA,1,1,0,1,0,0,0,0,0,1,NA,TRUE,1
"10965",8,"F",5,"White","High",2,0,0,0,0,0,0,0,0,1,3,NA,TRUE,0
"10966",8,"M",5,"White","High",2,0,0,0,0,0,0,0,0,0,3,NA,FALSE,0
"10967",8,"M",5,NA,"High",2,1,0,0,0,0,0,0,0,0,1,NA,TRUE,1
"10968",7,"F",5,"White","High",2,0,0,0,0,0,0,0,0,0,4,NA,FALSE,0
"10969",8,"F",5,"White","High",2,0,0,0,0,0,0,0,0,0,3,"1",FALSE,0
"10970",9,"M",5,"White","High",NA,0,0,0,0,0,0,0,0,1,3,NA,TRUE,0
"10971",8,"M",5,"White","High",2,0,0,0,0,0,0,0,0,0,2,"1",FALSE,1
"10972",8,"M",5,"White","High",1,0,0,0,0,0,0,0,0,1,1,NA,TRUE,1
"10973",8,"M",5,"White","High",1,1,1,0,0,0,0,0,0,1,1,"1",TRUE,1
"10974",8,"F",5,"White","High",2,0,0,0,0,0,0,0,0,0,3,NA,FALSE,0
"10975",8,"M",5,"White","High",2,0,0,0,0,0,0,0,0,0,3,"1",FALSE,0
"10976",8,"F",5,"White","High",2,0,0,0,0,0,0,0,0,0,4,NA,FALSE,0
"10977",8,"F",5,"White","High",2,0,0,0,0,0,0,0,0,0,3,"1",FALSE,0
"10978",7,"F",5,"White","High",2,0,0,0,0,0,0,0,0,0,4,"1",FALSE,0
"10979",8,"M",5,"White","High",1,0,0,0,0,0,0,0,0,0,2,"1",FALSE,1
"10980",7,"F",5,"White","High",2,0,0,0,0,0,0,0,0,0,4,"1",FALSE,0
"10981",8,"M",5,"White","High",2,0,0,0,0,0,0,0,0,0,4,NA,FALSE,0
"10982",7,"F",5,"White","High",2,0,0,0,0,0,0,0,0,1,3,"1",TRUE,0
"10983",7,"F",5,"White","High",2,0,0,0,0,0,0,0,0,0,4,"1",FALSE,0
"10984",7,"F",5,"White","High",2,0,0,0,0,0,0,0,0,0,4,"1",FALSE,0
"10985",7,"M",5,"White","High",2,0,0,0,0,0,0,0,0,0,4,"1",FALSE,0
"10986",7,"M",5,"White","High",2,0,0,0,0,0,0,0,0,0,4,"1",FALSE,0
"10987",7,"M",5,"White","High",2,0,0,0,0,0,0,0,0,0,4,"1",FALSE,0
"10988",8,"F",5,"White","High",2,0,0,0,0,0,0,0,0,0,4,"1",FALSE,0
"10989",7,"M",5,"White","High",2,0,0,0,0,0,0,0,0,0,3,NA,FALSE,0
"10990",8,"M",5,"White","High",2,0,0,0,0,0,0,0,0,1,1,"1",TRUE,1
"10991",8,"F",5,"White","High",2,0,0,0,0,0,0,0,0,0,2,"1",FALSE,1
"10992",8,"M",5,"White","High",2,0,0,0,0,0,0,0,0,0,3,NA,FALSE,0
"10993",8,"M",5,"White","High",1,0,NA,NA,NA,NA,NA,NA,NA,NA,2,"1",NA,1
"10994",8,"F",5,"White","High",2,0,0,0,0,0,0,0,0,0,3,NA,FALSE,0
"10995",7,"M",5,"White","High",2,1,0,0,0,0,0,1,0,1,1,NA,TRUE,1
"10996",8,"F",5,"AI/AN","High",2,0,0,0,0,0,0,0,0,0,4,"1",FALSE,0
"10997",8,"M",5,"White","High",2,0,0,0,0,0,0,0,0,1,4,"1",TRUE,0
"10998",8,"F",5,"White","High",2,0,0,0,0,0,0,0,0,0,4,"1",FALSE,0
"10999",8,"F",5,"White","High",2,0,0,0,0,0,0,0,0,0,3,"1",FALSE,0
"11000",7,"F",5,"White","High",2,0,0,0,0,0,0,0,0,0,4,"1",FALSE,0
"11001",7,"M",5,"White","High",1,0,1,0,0,0,0,0,0,1,4,NA,TRUE,0
"11002",8,"M",5,"White","High",1,0,1,0,0,0,0,0,0,1,1,NA,TRUE,1
"11003",8,"M",5,"White","High",2,0,0,0,0,0,0,0,0,0,4,"1",FALSE,0
"11004",7,"M",5,"White","High",2,0,0,0,0,0,0,0,0,1,3,"1",TRUE,0
"11005",7,"M",5,"White","High",2,0,0,0,0,0,0,0,0,1,4,NA,TRUE,0
"11006",8,"M",5,"White","High",2,0,0,0,NA,NA,0,NA,NA,0,4,"1",NA,0
"11007",8,"M",5,"White","High",2,0,0,0,0,0,0,0,0,0,4,NA,FALSE,0
"11008",7,"F",5,"White","High",2,0,0,0,0,0,0,0,0,0,2,NA,FALSE,1
"11009",7,"M",5,"White","High",2,0,0,0,0,0,0,0,0,0,4,"1",FALSE,0
"11010",8,"M",5,"White","High",2,0,0,0,0,0,0,0,0,0,4,NA,FALSE,0
"11011",7,"M",5,"White","High",2,0,0,0,0,0,0,0,0,0,3,NA,FALSE,0
"11012",8,"F",5,"White","High",2,0,0,0,0,0,0,0,0,1,2,"1",TRUE,1
"11013",7,"M",5,"White","High",1,0,1,0,0,0,0,0,0,0,4,"1",TRUE,0
"11014",8,"M",5,"White","High",2,0,0,0,0,0,0,0,0,0,4,"1",FALSE,0
"11015",8,"M",5,"White","High",2,0,0,0,0,0,0,0,0,0,3,"1",FALSE,0
"11016",8,"M",5,"White","High",2,0,0,0,0,0,0,0,0,0,4,"1",FALSE,0
"11017",8,"F",5,"White","High",1,0,0,0,0,0,0,0,0,1,1,NA,TRUE,1
"11018",8,"F",5,"White","High",2,0,0,0,0,0,0,0,0,1,2,"1",TRUE,1
"11019",7,"M",5,"White","High",2,0,0,0,0,0,0,0,0,1,2,NA,TRUE,1
"11020",8,"F",6,"White","High",2,0,0,0,0,0,0,0,0,0,2,"1",FALSE,1
"11021",8,"M",6,"White","High",2,0,0,0,0,0,0,0,0,0,4,"1",FALSE,0
"11022",8,"M",6,"White","High",2,0,0,0,0,0,0,0,0,1,2,"1",TRUE,1
"11023",NA,NA,NA,NA,NA,1,1,0,0,0,0,0,0,0,1,1,NA,TRUE,1
"11024",9,"F",6,"White","High",2,0,0,0,0,0,0,0,0,1,2,NA,TRUE,1
"11025",9,"M",6,"Hispanic","High",2,0,0,0,0,0,0,0,0,0,4,"1",FALSE,0
"11026",8,"F",6,"White","High",2,0,0,0,0,0,0,0,0,1,3,NA,TRUE,0
"11027",9,"F",6,"White","High",2,0,0,0,0,0,0,0,0,1,2,"1",TRUE,1
"11028",8,"F",6,"White","High",2,0,0,0,0,0,0,0,0,0,4,"1",FALSE,0
"11029",10,"F",6,"White","High",2,0,0,0,0,0,0,0,0,0,4,"1",FALSE,0
"11030",8,"F",6,"White","High",2,0,0,0,0,0,0,0,0,1,1,"1",TRUE,1
"11031",6,"M",4,"White","High",2,0,0,0,0,0,0,0,0,0,4,"1",FALSE,0
"11032",7,"M",5,"White","High",2,0,0,0,0,0,0,0,0,0,4,NA,FALSE,0
"11033",7,"M",4,"White","High",2,0,0,0,0,0,0,0,0,0,4,"1",FALSE,0
"11034",7,"M",4,"White","High",2,0,0,0,0,0,0,0,0,1,2,NA,TRUE,1
"11035",6,"M",4,"White","High",2,0,0,0,0,0,0,0,0,0,2,"1",FALSE,1
"11036",9,"M",6,"White","High",1,1,1,0,0,0,0,0,0,1,1,"1",TRUE,1
"11037",9,"M",6,"White","High",2,0,0,0,0,0,0,0,0,0,4,"1",FALSE,0
"11038",9,"M",6,"White","High",2,0,0,0,0,0,0,0,0,0,4,NA,FALSE,0
"11039",7,"F",5,"White","High",2,0,0,0,0,0,0,0,0,1,2,"1",TRUE,1
"11040",9,"F",6,NA,"High",2,0,0,0,0,0,0,0,0,0,3,"1",FALSE,0
"11041",9,"M",6,"White","High",2,0,0,0,0,0,0,0,0,1,2,NA,TRUE,1
"11042",9,"M",6,"Hispanic","High",2,0,0,0,0,0,0,0,0,0,2,"1",FALSE,1
"11043",9,"M",6,"Asian","High",1,0,0,0,0,0,0,0,0,1,4,"1",TRUE,0
"11044",9,"M",6,"White","High",1,0,0,0,0,0,0,0,0,1,3,"1",TRUE,0
"11045",8,"M",6,"White","High",2,0,0,0,0,0,0,0,0,0,3,NA,FALSE,0
"11046",8,"M",6,"White","High",2,0,0,0,0,0,0,0,0,1,4,NA,TRUE,0
"11047",8,"M",6,"White","High",2,0,0,0,0,0,0,0,0,1,4,NA,TRUE,0
"11048",9,"F",6,"White","High",1,0,0,0,0,0,0,0,0,1,3,"1",TRUE,0
"11049",8,"F",6,"White","High",2,0,0,0,0,0,0,0,0,0,2,"1",FALSE,1
"11050",8,"F",6,"White","High",2,0,0,0,0,0,0,0,0,0,1,"1",FALSE,1
"11051",8,"F",6,"Asian","High",2,0,0,0,0,0,0,0,0,0,4,"1",FALSE,0
"11052",9,"F",6,"White","High",1,1,1,1,0,0,1,0,0,1,4,"1",TRUE,0
"11053",6,"F",4,"White","High",2,0,0,0,0,0,0,0,0,0,4,"1",FALSE,0
"11054",7,"F",4,"White","High",2,0,0,0,0,0,0,0,0,1,4,NA,TRUE,0
"11055",6,"F",4,"White","High",2,0,0,0,0,0,0,0,0,0,4,NA,FALSE,0
"11056",7,"F",4,"White","High",2,0,0,0,0,0,0,0,0,1,4,NA,TRUE,0
"11057",6,"F",4,"White","High",2,0,0,0,0,0,0,0,0,1,4,"1",TRUE,0
"11058",7,"F",4,"White","High",2,0,0,0,0,0,0,0,0,0,4,"1",FALSE,0
"11059",7,"M",4,"White","High",2,0,0,0,0,0,0,0,0,0,1,"1",FALSE,1
"11060",7,"M",4,"White","High",2,0,0,0,0,0,0,0,0,0,4,NA,FALSE,0
"11061",6,"M",4,"Hispanic","High",2,0,0,0,0,0,0,0,0,0,3,"1",FALSE,0
"11062",6,"M",4,"White","High",2,0,0,0,0,0,0,0,0,1,4,"1",TRUE,0
"11063",7,"M",4,"White","High",2,0,0,0,0,0,0,0,0,0,4,"1",FALSE,0
"11064",7,"M",4,"White","High",2,0,0,0,0,0,0,0,0,0,4,NA,FALSE,0
"11065",6,"M",4,"White","High",2,0,0,0,0,0,0,0,0,1,4,NA,TRUE,0
"11066",7,"M",4,"Hispanic","High",1,0,0,0,0,0,0,0,0,NA,4,"1",NA,0
"11067",6,"F",4,"White","High",2,0,0,0,0,0,0,0,0,0,4,"1",FALSE,0
"11068",7,"F",4,"White","High",2,0,0,0,0,0,0,0,0,1,4,"1",TRUE,0
"11069",7,"F",4,"White","High",2,0,0,0,0,0,0,0,0,1,4,NA,TRUE,0
"11070",6,"F",4,"White","High",2,0,0,0,0,0,0,0,0,1,4,NA,TRUE,0
"11071",6,"F",4,"White","High",2,0,0,0,0,0,0,0,0,0,4,"1",FALSE,0
"11072",6,"F",4,"White","High",2,0,0,0,0,0,0,0,0,0,4,NA,FALSE,0
"11073",6,"F",4,"White","High",2,0,0,0,0,0,0,0,0,1,2,"1",TRUE,1
"11074",7,"M",4,"White","High",2,0,0,0,0,0,0,0,0,1,2,"1",TRUE,1
"11075",6,"M",4,"White","High",2,0,0,0,0,0,0,0,0,1,2,NA,TRUE,1
"11076",6,"M",4,"White","High",2,0,0,0,0,0,0,0,0,1,3,"1",TRUE,0
"11077",6,"M",4,"White","High",2,0,0,0,0,0,0,0,0,1,3,"1",TRUE,0
"11078",6,"F",4,"White","High",2,0,0,0,0,0,0,0,0,0,3,"1",FALSE,0
"11079",7,"F",4,"White","High",2,0,0,NA,0,0,NA,0,0,1,4,"1",TRUE,0
"11080",6,"F",4,"White","High",2,0,0,0,0,0,0,0,0,0,4,"1",FALSE,0
"11081",7,"F",4,"Asian","High",2,0,0,0,0,0,0,0,0,1,4,"1",TRUE,0
"11082",7,"F",4,"White","High",2,0,0,0,0,0,0,0,0,1,3,"1",TRUE,0
"11083",7,"F",4,"White","High",2,0,0,0,0,0,0,0,0,0,4,"1",FALSE,0
"11084",6,"F",4,"White","High",2,0,0,0,0,0,0,0,0,0,4,NA,FALSE,0
"11085",7,"M",4,"White","High",2,0,0,0,0,0,0,0,0,0,4,"1",FALSE,0
"11086",7,"F",4,"Asian","High",2,0,0,0,0,0,0,0,0,0,4,"1",FALSE,0
"11087",7,"M",4,"White","High",2,0,0,0,0,0,0,0,0,0,4,"1",FALSE,0
"11088",7,"F",4,"White","High",2,0,0,0,0,0,0,0,0,0,4,"1",FALSE,0
"11089",7,"F",4,"White","High",2,0,0,0,0,0,0,0,0,0,4,NA,FALSE,0
"11090",6,"F",4,"White","High",2,0,0,0,0,0,0,0,0,0,2,"1",FALSE,1
"11091",7,"M",4,"White","High",2,0,0,0,0,0,0,0,0,0,4,"1",FALSE,0
"11092",7,"F",4,"White","High",2,0,0,0,0,0,0,0,0,0,3,"1",FALSE,0
"11093",6,"F",4,"White","High",2,0,0,0,0,0,0,0,0,0,4,NA,FALSE,0
"11094",6,"F",4,"White","High",2,0,0,0,0,0,0,0,0,0,4,"1",FALSE,0
"11095",6,"F",4,"White","High",2,0,0,0,0,0,0,0,0,1,2,NA,TRUE,1
"11096",6,"F",4,"White","High",2,0,0,0,0,0,0,0,0,0,3,NA,FALSE,0
"11097",7,"M",4,"White","High",2,0,0,0,0,0,0,0,0,0,4,"1",FALSE,0
"11098",6,"F",4,"White","High",2,0,0,0,0,0,0,0,0,0,4,"1",FALSE,0
"11099",7,"F",4,"White","High",2,0,0,0,0,0,0,0,0,0,2,NA,FALSE,1
"11100",9,"M",6,"White","High",2,0,0,0,0,0,0,0,0,0,4,"1",FALSE,0
"11101",10,"F",7,"White","High",1,0,0,0,0,0,1,0,0,1,3,NA,TRUE,0
"11102",9,"F",6,"White","High",2,0,0,0,0,0,0,0,0,0,4,"1",FALSE,0
"11103",9,"F",6,"White","High",2,0,0,0,0,0,0,0,0,0,4,"1",FALSE,0
"11104",10,"F",6,"White","High",2,0,0,0,0,0,0,0,0,1,4,NA,TRUE,0
"11105",9,"M",6,"Hispanic","High",1,0,0,0,0,0,0,0,0,1,4,NA,TRUE,0
"11106",9,"M",6,"White","High",2,0,0,0,0,0,0,0,0,0,3,NA,FALSE,0
"11107",8,"M",6,"White","High",2,0,0,0,0,0,0,0,0,0,4,NA,FALSE,0
"11108",9,"F",6,"White","High",2,0,0,0,0,0,0,0,0,1,2,"1",TRUE,1
"11109",8,"F",6,"Hispanic","High",2,0,0,0,0,0,0,0,0,0,4,"1",FALSE,0
"11110",9,"M",6,"White","High",1,0,0,0,0,0,0,0,0,1,1,NA,TRUE,1
"11111",9,"M",6,"White","High",2,0,0,0,0,0,0,0,0,1,4,NA,TRUE,0
"11112",8,"M",6,"White","High",1,0,0,0,0,0,0,0,0,1,3,"1",TRUE,0
"11113",10,"F",7,"Hispanic","High",2,0,0,0,0,0,0,0,0,1,2,"1",TRUE,1
"11114",10,"F",7,"White","High",2,0,0,0,0,0,0,0,0,0,3,NA,FALSE,0
"11115",10,"M",7,"White","High",1,0,0,0,NA,NA,0,NA,NA,1,2,NA,TRUE,1
"11116",9,"M",7,"White","High",2,0,0,0,0,0,0,0,0,1,2,"1",TRUE,1
"11117",9,"F",7,"White","High",2,0,0,0,0,0,0,0,0,0,4,"1",FALSE,0
"11118",10,"F",7,"White","High",2,0,0,0,0,0,0,0,0,0,4,NA,FALSE,0
"11119",9,"F",7,"White","High",2,0,0,0,0,0,0,0,0,0,3,NA,FALSE,0
"11120",9,"M",7,"White","High",2,0,0,0,0,0,0,0,0,0,3,NA,FALSE,0
"11121",9,"F",7,"White","High",2,0,0,0,0,0,0,0,0,0,2,NA,FALSE,1
"11122",10,"F",7,"White","High",2,0,0,0,0,0,0,0,0,0,3,"1",FALSE,0
"11123",9,"M",7,"White","High",2,0,0,0,0,0,0,0,0,1,3,NA,TRUE,0
"11124",9,"M",7,"White","High",1,0,0,1,0,0,0,1,0,1,2,"1",TRUE,1
"11125",9,"F",7,"White","High",1,0,0,0,0,0,0,0,0,0,4,"1",FALSE,0
"11126",9,"M",7,"White","High",1,0,0,0,0,0,0,0,0,1,4,NA,TRUE,0
"11127",10,"F",7,"Hispanic","High",2,0,0,0,0,0,0,0,0,1,4,"1",TRUE,0
"11128",10,"M",7,"White","High",1,1,1,1,1,0,0,1,0,1,1,NA,TRUE,1
"11129",10,"M",7,"White","High",1,1,0,0,0,0,0,0,0,1,1,"1",TRUE,1
"11130",9,"F",7,"Asian","High",2,0,0,0,0,0,0,0,0,0,4,NA,FALSE,0
"11131",9,"F",7,NA,"High",2,0,0,0,0,0,0,0,0,1,2,"1",TRUE,1
"11132",9,"F",7,"White","High",1,0,0,0,0,0,0,0,0,0,1,NA,FALSE,1
"11133",10,"M",7,"White","High",2,0,0,0,0,0,0,0,0,0,4,"1",FALSE,0
"11134",10,"F",7,"White","High",1,0,0,0,0,0,0,0,0,1,1,NA,TRUE,1
"11135",9,"F",7,"White","High",2,0,0,0,0,0,0,0,0,0,4,"1",FALSE,0
"11136",10,"M",7,"White","High",2,0,0,0,0,0,0,0,0,0,4,"1",FALSE,0
"11137",10,"F",7,"White","High",2,0,0,0,0,0,0,0,0,0,2,"1",FALSE,1
"11138",10,"F",7,"White","High",2,0,0,0,0,0,0,0,0,1,4,NA,TRUE,0
"11139",10,"F",7,"White","High",2,0,0,0,0,0,0,0,0,0,1,"1",FALSE,1
"11140",9,"M",7,"White","High",1,0,0,0,0,0,0,0,0,0,4,"1",FALSE,0
"11141",9,"M",7,"White","High",2,0,0,0,0,0,0,0,0,0,3,"1",FALSE,0
"11142",9,"M",7,"White","High",1,1,0,0,0,0,0,0,0,1,1,NA,TRUE,1
"11143",10,"M",7,"AI/AN","High",2,0,0,0,0,0,0,0,0,0,3,NA,FALSE,0
"11144",9,"F",7,"White","High",2,0,0,0,0,0,0,0,0,0,4,"1",FALSE,0
"11145",10,"F",7,"White","High",2,0,0,0,0,0,0,0,0,0,4,NA,FALSE,0
"11146",7,"F",2,"Black","Middle",2,0,0,0,0,0,0,0,0,0,4,NA,FALSE,0
"11147",6,"F",2,"Black","Middle",2,0,0,0,0,0,0,0,0,0,3,NA,FALSE,0
"11148",6,"M",2,"Black","Middle",2,0,0,0,0,0,0,0,0,0,4,"1",FALSE,0
"11149",6,"M",2,"Black","Middle",2,0,0,0,0,0,0,0,0,0,4,"1",FALSE,0
"11150",7,"M",3,"White","Middle",2,0,0,0,0,0,0,0,0,0,4,NA,FALSE,0
"11151",7,"M",3,"White","Middle",2,0,0,0,0,0,0,0,0,0,4,NA,FALSE,0
"11152",7,"F",3,"Black","Middle",2,0,0,0,0,0,0,0,0,0,3,"1",FALSE,0
"11153",7,"M",3,"Black","Middle",1,0,0,0,0,0,0,0,0,0,2,NA,FALSE,1
"11154",8,"F",3,"Black","Middle",1,0,0,0,0,0,0,0,0,0,3,NA,FALSE,0
"11155",7,"M",3,"Black","Middle",1,0,0,0,NA,NA,0,NA,NA,0,3,NA,NA,0
"11156",8,"F",3,NA,"Middle",2,0,0,0,0,0,0,0,0,0,4,NA,FALSE,0
"11157",7,"M",4,"Black","High",NA,0,NA,NA,NA,NA,NA,NA,NA,NA,4,NA,NA,0
"11158",7,"M",3,"Black","Middle",1,0,0,0,0,0,0,0,0,NA,3,NA,NA,0
"11159",8,"M",3,NA,"Middle",NA,0,NA,0,NA,NA,NA,NA,NA,NA,NA,NA,NA,NA
"11160",7,"M",3,NA,"Middle",2,0,0,0,0,0,0,0,0,0,4,NA,FALSE,0
"11161",8,"M",3,"Hispanic","Middle",2,0,0,0,0,0,0,0,0,0,4,NA,FALSE,0
"11162",7,"M",3,"Hispanic","Middle",2,0,0,0,0,0,0,0,0,0,4,NA,FALSE,0
"11163",7,"M",3,NA,"Middle",2,0,0,NA,0,0,NA,0,0,0,4,"1",NA,0
"11164",7,"M",3,"Black","Middle",NA,0,NA,NA,0,0,0,0,0,0,4,NA,NA,0
"11165",6,"M",3,"Black","Middle",2,0,0,0,0,0,0,0,0,0,4,NA,FALSE,0
"11166",7,"M",3,"Black","Middle",2,0,0,0,0,0,0,0,0,0,4,NA,FALSE,0
"11167",7,"M",3,NA,"Middle",2,0,0,0,0,0,0,0,0,0,4,NA,FALSE,0
"11168",7,"M",3,"Hispanic","Middle",2,0,0,0,0,0,0,0,0,0,4,NA,FALSE,0
"11169",11,"M",3,"Hispanic","Middle",NA,1,NA,NA,NA,NA,NA,NA,NA,NA,1,NA,TRUE,1
"11170",7,"F",3,"Black","Middle",2,0,0,0,0,0,0,0,0,0,2,"1",FALSE,1
"11171",7,"M",3,"Black","Middle",2,0,0,0,0,0,0,0,0,0,4,"1",FALSE,0
"11172",7,"M",3,"Hispanic","Middle",2,0,0,0,0,0,0,0,0,0,3,NA,FALSE,0
"11173",5,"F",3,"Black","Middle",2,0,0,0,0,0,0,0,0,0,1,NA,FALSE,1
"11174",7,"M",3,"Black","Middle",2,0,0,0,0,0,0,0,0,0,4,NA,FALSE,0
"11175",7,"M",3,"Black","Middle",2,0,0,0,0,0,0,0,0,0,3,NA,FALSE,0
"11176",5,"M",2,NA,"Middle",1,0,NA,0,0,0,0,0,0,1,4,"1",TRUE,0
"11177",4,"F",2,"Hispanic","Middle",2,0,0,0,0,0,0,0,0,1,4,"1",TRUE,0
"11178",6,"M",2,"White","Middle",2,0,0,0,0,0,0,0,0,0,2,NA,FALSE,1
"11179",5,"M",2,"White","Middle",2,0,0,0,0,0,0,0,0,1,3,NA,TRUE,0
"11180",4,"M",2,"Black","Middle",2,0,0,0,0,0,0,0,0,0,4,"1",FALSE,0
"11181",4,"M",2,"Hispanic","Middle",2,0,0,0,0,0,0,0,0,0,3,"1",FALSE,0
"11182",4,"F",2,"Hispanic","Middle",2,0,0,0,0,0,0,0,0,0,2,NA,FALSE,1
"11183",5,"M",2,"White","Middle",2,0,0,0,0,0,0,0,0,0,4,NA,FALSE,0
"11184",4,"F",2,"Hispanic","Middle",2,0,0,0,0,0,0,0,0,0,2,NA,FALSE,1
"11185",4,"F",2,"Hispanic","Middle",2,0,0,0,0,0,0,0,0,0,4,"1",FALSE,0
"11186",4,"F",2,"White","Middle",2,0,0,0,0,0,0,0,0,0,3,NA,FALSE,0
"11187",5,"M",2,"Hispanic","Middle",2,0,0,0,0,0,0,0,0,1,4,NA,TRUE,0
"11188",4,"F",2,"Black","Middle",2,0,0,0,0,0,0,0,0,0,4,NA,FALSE,0
"11189",4,"M",2,"White","Middle",2,0,0,0,0,0,0,0,0,0,3,"1",FALSE,0
"11190",4,"F",2,"White","Middle",2,0,0,0,0,0,0,0,0,0,4,"1",FALSE,0
"11191",5,"M",2,"Black","Middle",2,0,0,0,0,0,0,0,0,0,4,"1",FALSE,0
"11192",4,"F",2,"Asian","Middle",2,0,0,0,0,0,0,0,0,0,4,"1",FALSE,0
"11193",5,"M",2,"Hispanic","Middle",2,0,0,0,0,0,0,0,0,0,2,NA,FALSE,1
"11194",4,"M",2,"White","Middle",2,0,0,0,0,0,0,0,0,0,4,NA,FALSE,0
"11195",4,"F",2,"White","Middle",2,0,0,0,0,0,0,0,0,0,4,NA,FALSE,0
"11196",5,"F",2,"AI/AN","Middle",NA,0,NA,0,0,0,0,0,0,0,3,NA,NA,0
"11197",4,"F",2,"Black","Middle",2,0,0,0,0,0,0,0,0,0,4,NA,FALSE,0
"11198",5,"F",2,"White","Middle",1,0,0,0,0,0,0,0,0,0,2,"1",FALSE,1
"11199",4,"F",2,"NHOPI","Middle",2,0,0,0,0,0,0,0,0,0,1,NA,FALSE,1
"11200",6,"M",2,"Hispanic","Middle",2,0,0,0,0,0,0,0,0,0,4,"1",FALSE,0
"11201",5,"M",2,"White","Middle",2,0,0,0,0,0,0,0,0,0,4,"1",FALSE,0
"11202",4,"M",2,NA,"Middle",2,0,0,0,0,0,0,0,0,0,4,"1",FALSE,0
"11203",4,"F",2,NA,"Middle",2,0,0,0,0,0,0,0,0,0,4,NA,FALSE,0
"11204",4,"M",2,"White","Middle",2,0,0,0,0,0,0,0,0,0,4,NA,FALSE,0
"11205",6,"F",3,"Hispanic","Middle",1,0,0,0,0,0,0,0,0,0,2,"1",FALSE,1
"11206",7,"M",3,"Black","Middle",2,0,0,0,0,0,0,0,0,0,4,"1",FALSE,0
"11207",5,"F",3,"Hispanic","Middle",2,0,0,0,0,0,0,0,0,0,2,NA,FALSE,1
"11208",6,"M",3,"Black","Middle",2,0,0,0,0,0,0,0,0,1,4,"1",TRUE,0
"11209",6,"F",3,"White","Middle",2,0,0,0,0,0,0,0,0,0,2,"1",FALSE,1
"11210",6,"F",3,"White","Middle",2,0,0,0,0,0,0,0,0,0,2,NA,FALSE,1
"11211",5,"F",3,"Hispanic","Middle",2,1,0,0,0,0,0,0,0,0,2,"1",TRUE,1
"11212",6,"M",3,"Hispanic","Middle",2,0,0,0,0,0,0,0,0,0,4,"1",FALSE,0
"11213",6,"M",3,"Black","Middle",1,0,1,0,0,0,0,0,0,1,NA,"1",TRUE,NA
"11214",7,"M",3,"White","Middle",2,0,0,0,0,0,0,0,0,0,4,NA,FALSE,0
"11215",6,"F",3,"Hispanic","Middle",1,1,1,0,0,0,0,0,0,1,1,"1",TRUE,1
"11216",6,"M",3,"Hispanic","Middle",2,0,0,0,0,0,0,0,0,0,3,"1",FALSE,0
"11217",7,"M",3,"White","Middle",2,0,0,0,0,0,0,0,0,0,4,NA,FALSE,0
"11218",5,"F",3,"White","Middle",2,0,0,0,0,0,0,0,0,0,4,"1",FALSE,0
"11219",5,"F",3,"White","Middle",1,0,0,0,0,0,0,0,0,0,2,NA,FALSE,1
"11220",5,"F",3,"Hispanic","Middle",2,0,0,0,0,0,0,0,0,0,3,NA,FALSE,0
"11221",7,"F",3,"White","Middle",2,0,0,0,0,0,0,0,0,0,4,NA,FALSE,0
"11222",6,"M",3,"Hispanic","Middle",2,0,0,0,0,0,0,0,0,0,4,"1",FALSE,0
"11223",5,"M",3,"Hispanic","Middle",1,0,0,0,0,0,0,0,0,1,2,NA,TRUE,1
"11224",6,"F",3,"Hispanic","Middle",2,0,0,0,0,0,0,0,0,0,4,"1",FALSE,0
"11225",6,"F",3,"Hispanic","Middle",2,0,0,0,0,0,0,0,0,0,3,NA,FALSE,0
"11226",6,"F",3,"Hispanic","Middle",2,0,0,0,0,0,0,0,0,0,3,"1",FALSE,0
"11227",5,"M",2,"NHOPI","Middle",2,0,0,0,0,0,0,0,0,0,4,"1",FALSE,0
"11228",6,"F",2,"White","Middle",2,0,0,0,0,0,0,0,0,0,3,"1",FALSE,0
"11229",4,"M",1,"White","Middle",2,0,0,0,0,0,0,0,0,0,3,"1",FALSE,0
"11230",3,"F",1,"White","Middle",2,0,0,0,0,0,0,0,0,0,4,NA,FALSE,0
"11231",3,"M",1,"White","Middle",2,0,0,0,0,0,0,0,0,0,3,"1",FALSE,0
"11232",4,"F",1,"White","Middle",2,0,0,0,0,0,0,0,0,0,4,"1",FALSE,0
"11233",4,"M",1,"White","Middle",2,0,0,0,0,0,0,0,0,0,4,NA,FALSE,0
"11234",3,"F",1,"White","Middle",2,0,0,0,0,0,0,0,0,0,4,"1",FALSE,0
"11235",3,"M",1,"White","Middle",2,0,0,0,0,0,0,0,0,0,2,NA,FALSE,1
"11236",4,"M",1,"White","Middle",2,0,0,0,0,0,0,0,0,0,4,"1",FALSE,0
"11237",4,"F",1,"White","Middle",2,0,0,0,0,0,0,0,0,0,3,"1",FALSE,0
"11238",3,"F",1,"White","Middle",2,0,0,0,0,0,0,0,0,0,4,"1",FALSE,0
"11239",4,"M",1,"White","Middle",2,0,0,0,0,0,0,0,0,0,2,"1",FALSE,1
"11240",4,"M",1,"White","Middle",2,0,0,NA,0,0,0,0,0,0,4,"1",NA,0
"11241",4,"M",1,"White","Middle",2,0,0,0,0,0,0,0,0,0,4,"1",FALSE,0
"11242",4,"M",1,"White","Middle",2,0,0,0,0,0,0,0,0,0,4,"1",FALSE,0
"11243",3,"F",1,"White","Middle",2,0,0,0,0,0,0,0,0,0,4,NA,FALSE,0
"11244",4,"M",1,"AI/AN","Middle",2,0,0,0,0,0,0,0,0,0,2,"1",FALSE,1
"11245",4,"M",1,"White","Middle",2,0,0,0,0,0,0,0,0,0,4,"1",FALSE,0
"11246",4,"M",1,"White","Middle",2,0,0,0,0,0,0,0,0,0,4,NA,FALSE,0
"11247",3,"F",1,"White","Middle",2,0,0,0,0,0,0,0,0,0,2,"1",FALSE,1
"11248",3,"M",1,"White","Middle",2,0,0,0,0,0,0,0,0,0,2,NA,FALSE,1
"11249",4,"F",1,"Hispanic","Middle",2,0,0,0,0,0,0,0,0,0,4,NA,FALSE,0
"11250",4,"F",1,NA,"Middle",2,0,NA,0,NA,NA,0,NA,NA,0,4,NA,NA,0
"11251",5,"F",2,"White","Middle",2,0,0,0,0,0,0,0,0,0,3,NA,FALSE,0
"11252",5,"F",2,"White","Middle",2,0,0,0,0,0,0,0,0,0,2,NA,FALSE,1
"11253",5,"F",2,"Hispanic","Middle",NA,0,0,0,0,0,0,0,0,0,2,"1",FALSE,1
"11254",4,"F",2,"White","Middle",2,0,0,0,0,0,0,0,0,0,3,NA,FALSE,0
"11255",4,"F",2,"White","Middle",2,0,0,0,0,0,0,0,0,0,4,"1",FALSE,0
"11256",5,"F",2,"White","Middle",2,0,0,0,0,0,0,0,0,0,3,NA,FALSE,0
"11257",5,"M",2,"White","Middle",2,0,0,0,0,0,0,0,0,0,1,"1",FALSE,1
"11258",5,"F",2,"White","Middle",2,0,0,0,0,0,0,0,0,0,1,"1",FALSE,1
"11259",5,"M",2,NA,"Middle",2,0,0,0,NA,NA,0,NA,NA,0,4,"1",NA,0
"11260",4,"F",2,"White","Middle",2,0,0,0,0,0,0,0,0,0,3,NA,FALSE,0
"11261",4,"F",2,"White","Middle",2,0,0,0,0,0,0,0,0,0,4,NA,FALSE,0
"11262",5,"F",2,"White","Middle",2,0,0,0,0,0,0,0,0,0,1,NA,FALSE,1
"11263",5,"M",2,"Hispanic","Middle",2,0,0,0,0,0,0,0,0,0,3,"1",FALSE,0
"11264",4,"F",2,"Hispanic","Middle",2,0,0,0,0,0,0,0,0,0,4,"1",FALSE,0
"11265",5,"F",2,"White","Middle",2,0,0,0,0,0,0,0,0,0,4,"1",FALSE,0
"11266",4,"M",2,"White","Middle",2,0,0,0,0,0,0,0,0,0,4,NA,FALSE,0
"11267",5,"M",2,"White","Middle",2,0,0,0,0,0,0,0,0,0,2,NA,FALSE,1
"11268",5,"M",2,"White","Middle",2,0,0,0,0,0,0,0,0,0,4,"1",FALSE,0
"11269",4,"M",2,"White","Middle",2,0,0,0,0,0,0,0,0,0,4,"1",FALSE,0
"11270",6,"M",3,"White","Middle",2,0,0,0,0,0,0,0,0,1,2,"1",TRUE,1
"11271",6,"M",3,"White","Middle",2,0,0,0,0,0,0,0,0,0,4,NA,FALSE,0
"11272",5,"M",3,"White","Middle",2,0,0,0,NA,NA,NA,NA,NA,0,3,"1",NA,0
"11273",5,"M",3,"White","Middle",2,0,0,0,0,0,0,0,0,0,3,"1",FALSE,0
"11274",5,"M",3,"White","Middle",2,0,0,0,0,0,0,0,0,0,3,NA,FALSE,0
"11275",6,"F",3,"White","Middle",2,0,0,0,0,0,0,0,0,0,2,"1",FALSE,1
"11276",5,"F",3,"White","Middle",2,0,0,0,0,0,0,0,0,0,4,NA,FALSE,0
"11277",6,"F",3,"White","Middle",2,0,0,0,0,0,0,0,0,0,4,NA,FALSE,0
"11278",6,"F",3,"White","Middle",2,0,0,0,0,0,0,0,0,0,2,NA,FALSE,1
"11279",5,"F",3,"White","Middle",2,0,0,0,0,0,0,0,0,0,4,NA,FALSE,0
"11280",6,"M",3,"AI/AN","Middle",2,0,0,0,0,0,0,0,0,0,4,NA,FALSE,0
"11281",6,"M",3,"White","Middle",2,0,0,0,0,0,0,0,0,0,3,NA,FALSE,0
"11282",6,"F",3,"White","Middle",2,0,0,NA,0,0,0,0,0,0,2,"1",NA,1
"11283",7,"F",3,"White","Middle",2,0,0,0,0,0,0,0,0,0,2,NA,FALSE,1
"11284",6,"F",3,"Hispanic","Middle",2,0,0,0,0,0,0,0,0,0,4,NA,FALSE,0
"11285",6,"F",3,"White","Middle",2,0,0,0,0,0,0,0,0,0,1,"1",FALSE,1
"11286",6,"F",3,"White","Middle",2,0,0,0,0,0,0,0,0,0,3,NA,FALSE,0
"11287",6,"F",3,"White","Middle",2,0,0,0,0,0,0,0,0,0,4,"1",FALSE,0
"11288",6,"M",3,"White","Middle",2,0,0,0,0,0,0,0,0,0,4,"1",FALSE,0
"11289",5,"M",3,"White","Middle",2,0,0,0,0,0,0,0,0,0,4,"1",FALSE,0
"11290",6,"M",3,NA,"Middle",2,0,0,0,0,0,0,0,0,0,3,"1",FALSE,0
"11291",6,"M",3,"White","Middle",2,0,0,0,0,0,0,0,0,0,4,"1",FALSE,0
"11292",6,"M",3,"White","Middle",2,0,0,0,0,0,0,0,0,0,4,NA,FALSE,0
"11293",7,"M",3,"Hispanic","Middle",1,1,1,0,0,0,0,0,0,1,2,NA,TRUE,1
"11294",6,"F",3,"White","Middle",2,0,0,0,0,0,0,0,0,0,4,"1",FALSE,0
"11295",6,"F",3,NA,"Middle",2,0,0,0,0,0,0,0,0,0,4,"1",FALSE,0
"11296",6,"M",3,"White","Middle",2,0,0,0,0,0,0,0,0,0,4,"1",FALSE,0
"11297",6,"M",3,"White","Middle",2,0,0,0,0,0,0,0,0,0,4,NA,FALSE,0
"11298",5,"F",3,"White","Middle",2,0,0,0,0,0,0,0,0,0,4,"1",FALSE,0
"11299",5,"F",3,"Hispanic","Middle",1,1,1,0,0,0,0,1,0,1,1,NA,TRUE,1
"11300",6,"F",3,"White","Middle",2,0,0,0,0,0,0,0,0,0,4,"1",FALSE,0
"11301",6,"F",3,"White","Middle",2,0,0,0,0,0,0,0,0,0,4,"1",FALSE,0
"11302",6,"M",3,"White","Middle",2,0,0,0,0,0,0,0,0,0,4,"1",FALSE,0
"11303",6,"M",3,"White","Middle",2,0,0,0,0,0,0,0,0,0,3,"1",FALSE,0
"11304",6,"M",3,"White","Middle",2,0,0,0,0,0,0,0,0,0,4,NA,FALSE,0
"11305",6,"M",3,"White","Middle",2,0,0,0,0,0,0,0,0,0,4,NA,FALSE,0
"11306",5,"M",3,"White","Middle",2,0,0,0,NA,NA,NA,NA,NA,0,4,"1",NA,0
"11307",5,"F",3,"White","Middle",2,0,0,0,0,0,0,0,0,1,3,NA,TRUE,0
"11308",5,"F",3,"White","Middle",2,0,0,0,0,0,0,0,0,0,4,NA,FALSE,0
"11309",3,"F",1,"White","Middle",2,0,0,0,0,0,0,0,0,0,3,NA,FALSE,0
"11310",3,"M",1,"White","Middle",2,0,0,0,0,0,0,0,0,0,4,"1",FALSE,0
"11311",3,"M",1,"White","Middle",2,0,0,0,0,0,0,0,0,0,4,"1",FALSE,0
"11312",3,"M",1,"Hispanic","Middle",2,0,0,0,0,0,0,0,0,0,4,NA,FALSE,0
"11313",4,"F",1,"White","Middle",2,0,0,0,0,0,0,0,0,0,2,"1",FALSE,1
"11314",4,"F",1,"White","Middle",2,0,0,0,0,0,0,0,0,0,4,NA,FALSE,0
"11315",4,"F",1,"White","Middle",2,0,0,0,0,0,0,0,0,0,4,"1",FALSE,0
"11316",4,"M",1,"White","Middle",2,0,0,0,NA,NA,NA,NA,NA,0,4,NA,NA,0
"11317",4,"M",1,"Hispanic","Middle",2,0,0,0,0,0,0,0,0,0,3,NA,FALSE,0
"11318",4,"F",1,"White","Middle",2,0,0,0,0,0,0,0,0,0,4,"1",FALSE,0
"11319",4,"M",1,"White","Middle",2,0,0,0,0,0,0,0,0,0,4,"1",FALSE,0
"11320",4,"M",1,"White","Middle",2,0,0,0,0,0,0,0,0,0,4,"1",FALSE,0
"11321",4,"M",1,"White","Middle",2,0,0,0,0,0,0,0,0,0,4,"1",FALSE,0
"11322",4,"F",1,"White","Middle",2,0,0,0,0,0,0,0,0,0,4,NA,FALSE,0
"11323",3,"M",1,"Hispanic","Middle",2,0,0,0,0,0,0,0,0,0,4,NA,FALSE,0
"11324",4,"M",1,"Hispanic","Middle",2,0,0,0,0,0,0,0,0,0,4,"1",FALSE,0
"11325",4,"F",1,"White","Middle",2,0,0,0,0,0,0,0,0,0,4,NA,FALSE,0
"11326",4,"F",1,"White","Middle",2,0,0,0,0,0,0,0,0,0,4,"1",FALSE,0
"11327",4,"M",1,"White","Middle",2,0,0,0,0,0,0,0,0,0,1,NA,FALSE,1
"11328",3,"M",1,"White","Middle",2,0,0,0,0,0,0,0,0,0,3,NA,FALSE,0
"11329",4,"F",1,"White","Middle",2,0,0,0,0,0,0,0,0,0,4,"1",FALSE,0
"11330",4,"M",1,"Hispanic","Middle",2,0,0,0,0,0,0,0,0,0,4,"1",FALSE,0
"11331",4,"F",1,NA,"Middle",2,0,0,0,0,0,0,0,0,NA,4,NA,NA,0
"11332",NA,"M",1,NA,"Middle",2,0,0,0,0,0,0,0,0,0,4,NA,FALSE,0
"11333",3,"F",1,NA,"Middle",2,0,0,0,0,0,0,0,0,0,4,NA,FALSE,0
"11334",5,"M",2,"White","Middle",2,0,0,0,0,0,0,0,0,0,4,"1",FALSE,0
"11335",5,"M",2,"White","Middle",2,0,0,0,0,0,0,0,0,1,2,NA,TRUE,1
"11336",5,"M",2,"White","Middle",2,0,0,0,0,0,0,0,0,0,4,"1",FALSE,0
"11337",4,"F",2,"White","Middle",2,0,0,0,0,0,0,0,0,0,4,"1",FALSE,0
"11338",5,"M",2,"White","Middle",2,0,0,0,0,0,0,0,0,0,4,"1",FALSE,0
"11339",5,"F",2,"White","Middle",2,0,0,0,0,0,0,0,0,0,3,"1",FALSE,0
"11340",5,"F",2,"White","Middle",2,0,0,0,0,0,0,0,0,0,4,NA,FALSE,0
"11341",5,"F",2,"NHOPI","Middle",2,0,0,0,0,0,0,0,0,0,3,"1",FALSE,0
"11342",6,"F",2,"White","Middle",2,0,0,0,0,0,0,0,0,0,4,NA,FALSE,0
"11343",4,"M",2,"White","Middle",2,0,0,0,0,0,0,0,0,0,4,NA,FALSE,0
"11344",5,"F",2,"White","Middle",2,0,0,0,0,0,0,0,0,0,4,NA,FALSE,0
"11345",4,"M",2,"AI/AN","Middle",2,0,0,0,0,0,0,0,0,0,2,NA,FALSE,1
"11346",5,"F",2,"White","Middle",2,0,0,0,0,0,0,0,0,0,2,NA,FALSE,1
"11347",5,"F",2,"White","Middle",2,0,0,0,0,0,0,0,0,0,4,NA,FALSE,0
"11348",5,"M",2,"AI/AN","Middle",2,0,0,NA,0,0,0,0,0,0,4,NA,NA,0
"11349",6,"F",4,"White","High",2,0,0,0,0,0,0,0,0,0,4,"1",FALSE,0
"11350",8,"M",6,"Hispanic","High",2,0,0,0,0,0,0,0,0,0,2,"1",FALSE,1
"11351",11,"M",7,"Hispanic","High",2,0,0,0,0,0,0,0,0,0,4,"1",FALSE,0
"11352",9,"F",6,"Hispanic","High",2,0,0,0,0,0,0,0,0,0,1,NA,FALSE,1
"11353",9,"F",6,"Hispanic","High",2,NA,NA,NA,NA,NA,NA,NA,NA,NA,3,"1",NA,0
"11354",9,"F",6,"Hispanic","High",2,0,0,0,0,0,0,0,0,0,4,"1",FALSE,0
"11355",9,"F",6,"Hispanic","High",2,0,0,0,0,0,0,0,0,0,4,NA,FALSE,0
"11356",9,"F",6,"Hispanic","High",2,0,0,0,0,0,0,0,0,0,1,NA,FALSE,1
"11357",10,"F",7,"Hispanic","High",2,0,0,0,0,0,0,0,0,0,4,"1",FALSE,0
"11358",8,"F",6,"Hispanic","High",2,0,0,0,0,0,0,0,0,0,4,"1",FALSE,0
"11359",9,"F",6,"Hispanic","High",2,0,0,0,0,0,0,0,0,0,4,NA,FALSE,0
"11360",8,"F",6,"Hispanic","High",2,0,0,0,0,0,0,0,0,0,3,"1",FALSE,0
"11361",10,"F",7,"Hispanic","High",2,0,0,0,0,0,0,0,0,1,4,"1",TRUE,0
"11362",10,"F",7,"Hispanic","High",2,0,0,0,0,0,0,0,0,0,2,"1",FALSE,1
"11363",9,"M",6,"White","High",2,0,0,0,0,0,0,0,0,0,2,NA,FALSE,1
"11364",10,"M",7,"Hispanic","High",2,0,0,0,0,0,0,0,0,0,4,NA,FALSE,0
"11365",7,"F",5,"Asian","High",2,0,0,0,0,0,0,0,0,0,4,NA,FALSE,0
"11366",10,"F",7,"Hispanic","High",2,0,0,0,0,0,0,0,0,0,4,"1",FALSE,0
"11367",10,"F",7,"Hispanic","High",2,0,0,0,0,0,0,0,0,0,4,"1",FALSE,0
"11368",10,"M",7,"White","High",2,0,0,0,0,0,0,0,0,0,1,"1",FALSE,1
"11369",10,"F",7,"Hispanic","High",2,0,0,0,0,0,0,0,0,0,4,"1",FALSE,0
"11370",8,"F",6,"Hispanic","High",2,0,0,0,0,0,0,0,0,0,4,NA,FALSE,0
"11371",9,"F",6,"Hispanic","High",2,0,0,0,0,0,0,0,0,0,3,NA,FALSE,0
"11372",NA,NA,NA,NA,NA,NA,NA,NA,NA,NA,NA,NA,NA,NA,NA,4,NA,NA,0
"11373",9,"M",6,"Hispanic","High",2,0,0,0,0,0,0,0,0,0,4,NA,FALSE,0
"11374",8,"F",6,"Hispanic","High",2,0,0,0,0,0,0,0,0,0,4,NA,FALSE,0
"11375",9,"F",7,"White","High",1,NA,0,0,0,0,0,0,0,1,2,"1",TRUE,1
"11376",9,"M",7,"White","High",1,0,0,0,0,0,0,0,0,1,1,"1",TRUE,1
"11377",9,"F",7,"Asian","High",2,0,0,0,0,0,0,0,0,0,4,"1",FALSE,0
"11378",9,"F",7,"White","High",2,0,0,0,0,0,0,0,0,0,4,"1",FALSE,0
"11379",9,"F",7,"Asian","High",2,0,0,0,0,0,0,0,0,0,4,"1",FALSE,0
"11380",10,"F",7,"White","High",2,0,0,0,0,0,0,0,0,0,3,NA,FALSE,0
"11381",10,"F",7,"White","High",2,0,0,0,0,0,0,0,0,0,4,"1",FALSE,0
"11382",10,"M",7,"White","High",2,0,0,0,0,0,0,0,0,0,1,NA,FALSE,1
"11383",10,"M",7,"White","High",2,0,0,0,0,0,0,0,0,0,4,NA,FALSE,0
"11384",10,"M",7,"White","High",2,0,0,0,0,0,0,0,0,0,4,NA,FALSE,0
"11385",10,"F",7,"White","High",2,0,0,0,0,0,0,0,0,0,2,NA,FALSE,1
"11386",10,"F",7,"White","High",2,0,0,0,0,0,0,0,0,0,4,"1",FALSE,0
"11387",10,"M",7,"White","High",2,0,0,0,0,0,0,0,0,0,4,"1",FALSE,0
"11388",10,"M",7,"White","High",2,0,0,0,0,0,0,0,0,0,4,"1",FALSE,0
"11389",10,"M",7,"White","High",2,0,0,0,0,0,0,0,0,0,4,NA,FALSE,0
"11390",10,"M",7,"White","High",2,0,0,0,0,0,0,0,0,0,4,"1",FALSE,0
"11391",10,"F",7,"White","High",2,0,0,0,0,0,0,0,0,0,4,"1",FALSE,0
"11392",9,"F",7,"White","High",2,0,0,0,0,0,0,0,0,0,1,NA,FALSE,1
"11393",10,"F",7,"White","High",2,0,0,0,0,0,0,0,0,0,4,"1",FALSE,0
"11394",10,"F",7,"White","High",2,0,0,0,0,0,0,0,0,0,4,"1",FALSE,0
"11395",6,"F",4,"White","High",2,0,0,0,0,0,0,0,0,0,2,NA,FALSE,1
"11396",6,"F",4,"Hispanic","High",1,0,0,0,0,0,0,0,0,1,3,NA,TRUE,0
"11397",6,"F",4,"White","High",2,0,0,0,0,0,0,0,0,0,2,NA,FALSE,1
"11398",7,"F",4,"White","High",2,0,0,0,0,0,0,0,0,0,2,"1",FALSE,1
"11399",6,"F",4,"White","High",2,0,0,0,0,0,0,0,0,0,3,NA,FALSE,0
"11400",6,"M",4,"White","High",2,0,0,0,0,0,0,0,0,0,4,"1",FALSE,0
"11401",6,"F",4,"White","High",2,0,0,0,0,0,0,0,0,0,2,"1",FALSE,1
"11402",7,"M",4,"White","High",2,0,0,0,0,0,0,0,0,0,3,"1",FALSE,0
"11403",7,"M",4,"White","High",2,0,0,0,0,0,0,0,0,0,4,NA,FALSE,0
"11404",7,"F",4,"White","High",2,0,0,0,0,0,0,0,0,0,3,"1",FALSE,0
"11405",7,"F",4,"White","High",2,0,0,0,0,0,0,0,0,0,2,NA,FALSE,1
"11406",7,"F",4,"White","High",2,0,0,0,0,0,0,0,0,0,2,"1",FALSE,1
"11407",7,"F",4,"White","High",2,0,0,0,0,0,0,0,0,0,4,"1",FALSE,0
"11408",7,"F",4,"White","High",2,0,0,0,0,0,0,0,0,1,2,"1",TRUE,1
"11409",7,"F",4,"White","High",2,0,0,0,0,0,0,0,0,0,4,"1",FALSE,0
"11410",6,"F",4,NA,"High",2,0,0,0,0,0,0,0,0,0,4,"1",FALSE,0
"11411",6,"F",4,"White","High",2,0,0,0,0,0,0,0,0,0,4,NA,FALSE,0
"11412",6,"M",4,"Asian","High",2,0,0,0,0,0,0,0,0,0,4,NA,FALSE,0
"11413",7,"M",4,"White","High",2,0,0,0,0,0,0,0,0,0,4,NA,FALSE,0
"11414",7,"F",4,"Asian","High",2,0,0,0,0,0,0,0,0,0,2,"1",FALSE,1
"11415",7,"F",4,"White","High",2,0,0,0,0,0,0,0,0,0,2,"1",FALSE,1
"11416",9,"M",6,"White","High",2,0,0,0,0,0,0,0,0,0,4,"1",FALSE,0
"11417",9,"M",6,"White","High",2,0,0,0,0,0,0,0,0,1,4,NA,TRUE,0
"11418",8,"F",6,"White","High",2,0,0,0,0,0,1,0,0,0,4,NA,TRUE,0
"11419",9,"F",6,"White","High",1,NA,0,0,0,0,0,0,0,0,1,"1",NA,1
"11420",8,"M",6,"White","High",2,0,0,0,0,0,0,0,0,0,4,"1",FALSE,0
"11421",9,"M",6,"Black","High",2,0,0,0,0,0,0,0,0,0,4,"1",FALSE,0
"11422",8,"M",6,"White","High",2,0,0,0,0,0,0,0,0,0,4,"1",FALSE,0
"11423",10,"F",7,"White","High",1,0,0,0,0,0,0,0,0,0,4,NA,FALSE,0
"11424",3,"M",1,"Hispanic","Middle",2,0,0,NA,0,0,0,0,0,0,4,"1",NA,0
"11425",3,"F",1,"Black","Middle",2,0,0,0,0,0,0,0,0,0,4,"1",FALSE,0
"11426",3,"M",1,"Black","Middle",2,0,0,0,0,0,0,0,0,0,1,NA,FALSE,1
"11427",4,"M",1,"Black","Middle",1,0,0,0,0,0,0,0,0,0,2,NA,FALSE,1
"11428",3,"M",1,"White","Middle",2,0,0,0,0,0,0,0,0,0,4,NA,FALSE,0
"11429",4,"F",1,"Hispanic","Middle",2,0,0,0,0,0,0,0,0,1,2,NA,TRUE,1
"11430",3,"F",1,"White","Middle",2,0,0,0,0,0,0,0,0,0,4,NA,FALSE,0
"11431",3,"M",1,"White","Middle",2,0,0,0,0,0,NA,0,0,0,4,"1",NA,0
"11432",5,"F",1,"White","Middle",2,0,0,0,0,0,0,0,0,0,4,"1",FALSE,0
"11433",NA,NA,NA,NA,NA,2,0,0,0,0,0,0,0,0,0,NA,NA,FALSE,NA
"11434",4,"M",1,"White","Middle",2,0,0,NA,NA,NA,0,NA,NA,0,4,"1",NA,0
"11435",3,"F",1,"Black","Middle",2,0,0,0,0,0,0,0,0,0,4,NA,FALSE,0
"11436",4,"M",1,"White","Middle",2,0,0,0,0,0,0,0,0,0,3,"1",FALSE,0
"11437",4,"F",1,"White","Middle",2,0,0,0,0,0,0,0,0,0,4,"1",FALSE,0
"11438",3,"F",1,"Hispanic","Middle",2,0,0,0,0,0,0,0,0,0,4,NA,FALSE,0
"11439",4,"F",1,"White","Middle",2,0,0,0,0,0,0,0,0,0,3,NA,FALSE,0
"11440",4,"F",1,NA,"Middle",NA,0,0,NA,0,0,0,0,0,0,NA,NA,NA,NA
"11441",NA,NA,NA,"White",NA,2,0,0,0,0,0,0,0,0,0,4,"1",FALSE,0
"11442",4,"F",1,"White","Middle",2,0,0,0,0,0,0,0,0,0,4,"1",FALSE,0
"11443",3,"F",1,"Asian","Middle",2,0,0,0,0,0,0,0,0,0,2,NA,FALSE,1
"11444",3,"F",1,"White","Middle",2,0,0,0,0,0,0,0,0,0,2,NA,FALSE,1
"11445",3,"F",1,"White","Middle",2,0,0,0,0,0,0,0,0,0,4,"1",FALSE,0
"11446",3,"M",1,"White","Middle",2,0,0,0,0,0,0,0,0,0,4,NA,FALSE,0
"11447",4,"M",1,"White","Middle",2,0,0,0,0,0,0,0,0,0,3,NA,FALSE,0
"11448",3,"M",1,"White","Middle",2,0,0,0,0,0,0,0,0,0,4,NA,FALSE,0
"11449",3,"F",1,"White","Middle",2,0,0,0,0,0,0,0,0,0,2,NA,FALSE,1
"11450",3,"M",1,NA,"Middle",2,0,0,NA,0,0,0,0,0,0,3,NA,NA,0
"11451",5,"M",1,"White","Middle",2,0,0,0,0,0,0,0,0,0,4,NA,FALSE,0
"11452",3,"F",1,"White","Middle",2,0,0,0,0,0,0,0,0,0,4,NA,FALSE,0
"11453",3,"F",1,"White","Middle",2,0,0,0,0,0,0,0,0,0,3,"1",FALSE,0
"11454",4,"M",1,"Hispanic","Middle",2,0,0,0,0,0,NA,0,0,0,4,"1",NA,0
"11455",4,"F",1,"White","Middle",2,0,0,0,0,0,0,0,0,0,4,NA,FALSE,0
"11456",3,"F",1,"White","Middle",2,0,0,0,0,0,0,0,0,0,4,NA,FALSE,0
"11457",3,"M",1,"White","Middle",2,0,0,0,NA,NA,0,NA,NA,0,4,"1",NA,0
"11458",4,"M",1,"Asian","Middle",2,0,0,0,0,0,0,0,0,0,4,NA,FALSE,0
"11459",3,"M",1,"White","Middle",2,0,0,0,0,0,0,0,0,0,4,NA,FALSE,0
"11460",4,"M",1,"White","Middle",2,0,0,0,0,0,0,0,0,0,4,NA,FALSE,0
"11461",3,"M",1,"Hispanic","Middle",2,0,0,0,0,0,0,0,0,0,4,"1",FALSE,0
"11462",3,"F",1,"White","Middle",2,0,0,NA,0,0,0,0,0,0,1,NA,NA,1
"11463",3,"F",1,"White","Middle",2,0,0,0,0,0,0,0,0,0,4,NA,FALSE,0
"11464",4,"F",1,"White","Middle",2,0,0,0,0,0,0,0,0,0,4,NA,FALSE,0
"11465",3,"F",1,"White","Middle",2,0,0,0,0,0,0,0,0,0,4,NA,FALSE,0
"11466",4,"M",1,"Hispanic","Middle",2,0,0,0,0,0,0,0,0,0,3,NA,FALSE,0
"11467",4,"F",1,"White","Middle",2,0,0,0,0,0,0,0,0,0,4,NA,FALSE,0
"11468",4,"M",1,NA,"Middle",2,0,0,0,0,0,0,0,0,0,4,"1",FALSE,0
"11469",4,"M",1,"White","Middle",2,0,0,0,0,0,0,0,0,NA,4,"1",NA,0
"11470",4,"M",1,"White","Middle",2,0,0,0,0,0,0,0,0,0,4,NA,FALSE,0
"11471",4,"M",1,"White","Middle",2,0,0,0,0,0,0,0,0,0,4,"1",FALSE,0
"11472",4,"M",1,"White","Middle",2,0,0,0,0,0,0,0,0,0,2,NA,FALSE,1
"11473",3,"M",1,"White","Middle",2,0,0,0,0,0,0,0,0,0,4,"1",FALSE,0
"11474",4,"M",1,"AI/AN","Middle",2,0,0,0,0,0,0,0,0,0,3,NA,FALSE,0
"11475",4,"M",1,"White","Middle",2,0,0,0,0,0,0,0,0,0,4,NA,FALSE,0
"11476",3,"F",1,"Hispanic","Middle",2,0,0,0,0,0,0,0,0,0,4,NA,FALSE,0
"11477",4,"F",1,"Hispanic","Middle",2,0,0,0,0,0,0,0,0,0,4,"1",FALSE,0
"11478",4,"F",1,"White","Middle",2,0,0,0,0,0,0,0,0,0,4,"1",FALSE,0
"11479",3,"F",1,"Black","Middle",2,0,0,0,0,0,0,0,0,0,2,"1",FALSE,1
"11480",4,"F",1,"White","Middle",2,0,0,NA,0,0,0,0,0,0,3,NA,NA,0
"11481",3,"M",1,NA,"Middle",2,0,0,0,NA,NA,0,NA,NA,0,4,NA,NA,0
"11482",5,"F",2,"White","Middle",2,0,0,0,0,0,0,0,0,0,4,"1",FALSE,0
"11483",4,"F",2,"White","Middle",2,0,0,0,0,0,NA,0,0,0,4,"1",NA,0
"11484",4,"M",2,"White","Middle",2,0,0,0,0,0,0,0,0,0,2,NA,FALSE,1
"11485",6,"M",2,"White","Middle",2,0,0,0,0,0,0,0,0,0,4,"1",FALSE,0
"11486",6,"M",2,"Hispanic","Middle",2,0,0,0,0,0,0,0,0,0,4,NA,FALSE,0
"11487",4,"M",2,NA,"Middle",2,0,0,0,0,0,0,0,0,0,4,"1",FALSE,0
"11488",5,"F",2,"Black","Middle",2,0,0,0,0,0,0,0,0,0,4,"1",FALSE,0
"11489",5,"M",2,"Black","Middle",2,0,0,0,0,0,0,0,0,0,4,NA,FALSE,0
"11490",4,"M",2,"Hispanic","Middle",2,0,0,0,0,0,0,0,0,0,4,"1",FALSE,0
"11491",4,"F",2,"White","Middle",2,0,0,0,0,0,0,0,0,1,1,NA,TRUE,1
"11492",4,"M",2,"White","Middle",2,0,0,0,0,0,0,0,0,0,4,"1",FALSE,0
"11493",4,"M",2,"Hispanic","Middle",2,0,0,0,0,0,0,0,0,0,3,"1",FALSE,0
"11494",4,"F",2,"White","Middle",2,0,0,0,0,0,0,0,0,0,4,NA,FALSE,0
"11495",5,"M",2,"AI/AN","Middle",2,0,0,0,0,0,0,0,0,0,4,NA,FALSE,0
"11496",4,"M",2,"White","Middle",2,0,0,0,0,0,0,0,0,0,3,"1",FALSE,0
"11497",5,"F",2,"White","Middle",2,0,0,0,0,0,0,0,0,0,4,"1",FALSE,0
"11498",4,"M",2,"Black","Middle",2,0,0,0,NA,NA,0,NA,NA,0,2,NA,NA,1
"11499",4,"F",2,"White","Middle",2,0,0,0,0,0,0,0,0,0,4,"1",FALSE,0
"11500",4,"F",2,"Black","Middle",2,0,0,0,0,0,0,0,0,0,3,NA,FALSE,0
"11501",5,"F",2,"White","Middle",2,0,0,0,0,0,0,0,0,0,2,NA,FALSE,1
"11502",4,"F",2,"Black","Middle",2,0,0,0,0,0,0,0,0,0,4,NA,FALSE,0
"11503",5,"F",2,"White","Middle",2,0,0,0,0,0,0,0,0,0,4,"1",FALSE,0
"11504",6,"M",2,"Hispanic","Middle",2,0,0,0,0,0,0,0,0,0,4,NA,FALSE,0
"11505",4,"F",2,"Hispanic","Middle",2,0,0,0,0,0,0,0,0,0,4,NA,FALSE,0
"11506",4,"F",2,"Black","Middle",2,0,0,0,0,0,0,0,0,0,4,"1",FALSE,0
"11507",4,"M",2,"Hispanic","Middle",2,0,0,0,0,0,0,0,0,0,4,"1",FALSE,0
"11508",5,"M",2,"Black","Middle",NA,NA,NA,NA,NA,NA,NA,NA,NA,NA,2,NA,NA,1
"11509",5,"M",2,"Hispanic","Middle",2,0,0,0,0,0,0,0,0,0,4,"1",FALSE,0
"11510",4,"M",2,"White","Middle",2,0,0,0,0,0,0,0,0,0,4,NA,FALSE,0
"11511",5,"M",2,"AI/AN","Middle",2,0,0,0,NA,NA,0,NA,NA,0,1,NA,NA,1
"11512",5,"M",2,"White","Middle",2,0,0,0,0,0,0,0,0,0,4,"1",FALSE,0
"11513",6,"F",2,"White","Middle",2,0,0,0,0,0,0,0,0,0,4,"1",FALSE,0
"11514",5,"M",2,"White","Middle",2,0,0,0,0,0,0,0,0,0,4,"1",FALSE,0
"11515",4,"M",2,"Hispanic","Middle",2,0,0,0,0,0,0,0,0,0,4,NA,FALSE,0
"11516",4,"F",2,"White","Middle",2,0,0,0,0,0,0,0,0,0,2,"1",FALSE,1
"11517",4,"M",2,"Asian","Middle",2,0,0,0,0,0,0,0,0,0,4,"1",FALSE,0
"11518",4,"M",2,NA,"Middle",2,0,0,0,0,0,0,0,0,0,4,"1",FALSE,0
"11519",4,"M",2,"Black","Middle",2,0,0,0,0,0,0,0,0,0,4,"1",FALSE,0
"11520",4,"F",2,"Black","Middle",2,0,0,0,0,0,0,0,0,0,4,NA,FALSE,0
"11521",5,"M",2,"Hispanic","Middle",2,0,0,0,0,0,0,0,0,0,4,NA,FALSE,0
"11522",5,"M",2,"Black","Middle",2,0,0,0,NA,NA,0,NA,NA,0,4,"1",NA,0
"11523",5,"F",2,"White","Middle",1,0,0,0,0,0,0,0,0,0,3,NA,FALSE,0
"11524",5,"F",2,"Hispanic","Middle",2,0,0,0,0,0,0,0,0,0,1,"1",FALSE,1
"11525",5,"F",2,"Hispanic","Middle",2,0,0,0,0,0,0,0,0,0,4,NA,FALSE,0
"11526",4,"F",2,"White","Middle",2,0,0,0,0,0,0,0,0,0,4,NA,FALSE,0
"11527",NA,NA,NA,NA,NA,2,NA,0,0,NA,NA,NA,NA,NA,0,NA,"1",NA,NA
"11528",4,"F",2,"White","Middle",2,0,0,0,0,0,NA,0,0,0,1,NA,NA,1
"11529",5,"M",3,"White","Middle",1,0,0,0,0,0,0,0,0,0,2,NA,FALSE,1
"11530",5,"F",3,"White","Middle",2,0,0,0,0,0,0,0,0,0,4,"1",FALSE,0
"11531",5,"M",3,"White","Middle",2,0,0,0,0,0,0,0,0,0,4,NA,FALSE,0
"11532",6,"M",3,"White","Middle",2,0,0,0,0,0,0,0,0,0,4,NA,FALSE,0
"11533",6,"F",3,"Black","Middle",2,0,0,0,0,0,0,0,0,0,4,"1",FALSE,0
"11534",6,"F",3,"Black","Middle",2,0,0,0,0,0,0,0,0,0,4,"1",FALSE,0
"11535",6,"M",3,"AI/AN","Middle",2,0,0,0,0,0,0,0,0,0,4,"1",FALSE,0
"11536",5,"M",3,"Black","Middle",2,0,0,0,0,0,0,0,0,0,4,NA,FALSE,0
"11537",5,"F",3,"White","Middle",2,1,0,0,0,0,0,1,0,0,1,NA,TRUE,1
"11538",6,"F",3,"Hispanic","Middle",2,0,0,0,0,0,0,0,0,1,4,NA,TRUE,0
"11539",6,"F",3,"White","Middle",1,0,0,0,0,0,0,0,0,0,1,NA,FALSE,1
"11540",6,"F",3,"Hispanic","Middle",1,0,0,0,0,0,0,0,0,1,4,"1",TRUE,0
"11541",5,"F",3,"Hispanic","Middle",2,0,0,0,0,0,0,0,0,0,2,"1",FALSE,1
"11542",5,"M",3,"White","Middle",2,0,0,0,0,0,0,0,0,0,4,NA,FALSE,0
"11543",7,"M",3,"AI/AN","Middle",1,0,0,0,0,0,0,0,0,0,1,"1",FALSE,1
"11544",7,"M",3,"White","Middle",2,0,0,0,0,0,0,0,0,0,4,"1",FALSE,0
"11545",5,"M",3,"White","Middle",2,0,0,0,0,0,0,0,0,1,4,NA,TRUE,0
"11546",5,"F",3,"Hispanic","Middle",2,0,0,0,0,0,0,0,0,0,4,NA,FALSE,0
"11547",6,"F",3,"White","Middle",2,0,0,0,0,0,0,0,0,0,4,NA,FALSE,0
"11548",5,"F",3,"White","Middle",2,0,0,0,0,0,0,0,0,1,3,"1",TRUE,0
"11549",6,"M",3,"Hispanic","Middle",2,0,0,0,0,0,0,0,0,0,4,"1",FALSE,0
"11550",6,"F",3,"Hispanic","Middle",2,0,0,0,0,0,0,0,0,0,3,NA,FALSE,0
"11551",5,"F",3,"Hispanic","Middle",2,0,0,0,0,0,0,0,0,0,2,NA,FALSE,1
"11552",5,"M",3,NA,"Middle",2,0,0,0,0,0,0,0,0,0,4,NA,FALSE,0
"11553",6,"M",3,"Hispanic","Middle",2,0,0,0,0,0,0,0,0,0,4,"1",FALSE,0
"11554",5,"F",3,"Hispanic","Middle",2,0,0,0,0,0,0,0,0,0,4,"1",FALSE,0
"11555",6,"M",3,"White","Middle",2,0,0,0,0,0,0,0,0,0,4,NA,FALSE,0
"11556",7,"M",3,"Black","Middle",2,0,0,0,0,0,0,0,0,0,2,NA,FALSE,1
"11557",6,"F",3,"Black","Middle",2,0,0,0,0,0,0,0,0,0,2,"1",FALSE,1
"11558",7,"F",3,"Hispanic","Middle",2,0,0,0,0,0,0,0,0,0,4,"1",FALSE,0
"11559",6,"M",3,"White","Middle",2,0,0,0,0,0,0,0,0,0,4,NA,FALSE,0
"11560",4,"M",2,"White","Middle",2,0,0,0,0,0,0,0,0,0,3,NA,FALSE,0
"11561",5,"F",2,"Black","Middle",2,0,0,0,0,0,0,0,0,0,4,"1",FALSE,0
"11562",4,"F",2,"White","Middle",2,0,0,0,0,0,0,0,0,0,4,NA,FALSE,0
"11563",4,"F",2,"White","Middle",2,0,0,0,0,0,0,0,0,0,4,NA,FALSE,0
"11564",4,"M",2,"White","Middle",2,0,0,0,0,0,0,0,0,0,1,NA,FALSE,1
"11565",6,"M",3,"White","Middle",2,0,0,0,NA,NA,NA,NA,NA,0,3,"1",NA,0
"11566",5,NA,3,"White","Middle",2,0,0,0,0,0,0,0,0,0,4,NA,FALSE,0
"11567",6,"M",3,"Hispanic","Middle",2,0,0,0,0,0,0,0,0,0,3,"1",FALSE,0
"11568",6,"F",3,"Black","Middle",2,0,0,0,0,0,0,0,0,0,3,"1",FALSE,0
"11569",6,"M",3,"Hispanic","Middle",1,0,0,0,0,0,0,0,0,0,4,"1",FALSE,0
"11570",5,"F",3,"White","Middle",2,0,0,0,0,0,0,0,0,0,4,"1",FALSE,0
"11571",6,"M",3,"Black","Middle",2,0,0,0,0,0,0,0,0,0,4,NA,FALSE,0
"11572",5,"F",3,"White","Middle",2,0,0,0,0,0,NA,0,0,1,3,"1",TRUE,0
"11573",6,"M",3,"White","Middle",2,0,0,0,0,0,0,0,0,0,3,"1",FALSE,0
"11574",5,"M",3,"Black","Middle",2,0,0,0,0,0,0,0,0,0,3,"1",FALSE,0
"11575",6,"F",3,"White","Middle",2,0,0,0,0,0,0,0,0,0,4,NA,FALSE,0
"11576",7,"M",3,"Hispanic","Middle",2,0,0,0,0,0,0,0,0,0,3,"1",FALSE,0
"11577",5,"F",3,"White","Middle",2,0,0,0,0,0,0,0,0,0,4,NA,FALSE,0
"11578",5,"F",3,"White","Middle",2,0,0,0,0,0,0,0,0,0,4,NA,FALSE,0
"11579",5,"F",3,"White","Middle",1,NA,NA,0,0,0,0,0,0,0,4,NA,NA,0
"11580",5,"F",3,"White","Middle",2,0,0,0,0,0,0,0,0,0,2,"1",FALSE,1
"11581",7,NA,3,"AI/AN","Middle",2,0,0,0,0,0,0,0,0,1,2,NA,TRUE,1
"11582",6,"M",3,"Hispanic","Middle",2,0,0,0,0,0,0,0,0,0,2,"1",FALSE,1
"11583",5,"F",3,"Black","Middle",2,0,0,0,0,0,0,0,0,0,3,"1",FALSE,0
"11584",6,"F",3,"White","Middle",NA,0,NA,NA,0,0,0,0,0,NA,4,NA,NA,0
"11585",4,"F",2,"White","Middle",2,0,0,0,0,0,0,0,0,0,3,"1",FALSE,0
"11586",5,"M",2,"Hispanic","Middle",2,0,0,0,0,0,0,0,0,0,2,NA,FALSE,1
"11587",5,"F",2,"Hispanic","Middle",2,1,0,0,0,0,1,0,0,0,1,NA,TRUE,1
"11588",4,"F",2,"White","Middle",2,0,0,0,0,0,0,0,0,0,4,"1",FALSE,0
"11589",5,"M",2,"AI/AN","Middle",2,0,0,0,0,0,0,0,0,0,4,"1",FALSE,0
"11590",5,"F",2,"White","Middle",2,0,0,0,0,0,0,0,0,0,4,"1",FALSE,0
"11591",6,"F",3,"White","Middle",2,0,0,0,0,0,0,0,0,0,4,"1",FALSE,0
"11592",6,"M",3,"White","Middle",2,0,0,0,0,0,0,0,0,0,2,"1",FALSE,1
"11593",5,"M",3,"White","Middle",2,0,0,0,0,0,0,0,0,0,4,NA,FALSE,0
"11594",7,"M",3,"White","Middle",2,0,0,0,0,0,0,0,0,0,4,"1",FALSE,0
"11595",6,"M",3,"White","Middle",2,0,0,0,0,0,0,0,0,0,4,"1",FALSE,0
"11596",6,"M",3,"White","Middle",2,0,0,0,0,0,0,0,0,0,4,"1",FALSE,0
"11597",5,"M",3,"White","Middle",2,0,0,0,0,0,0,0,0,0,3,"1",FALSE,0
"11598",6,"M",3,"White","Middle",2,0,0,0,0,0,0,0,0,0,4,"1",FALSE,0
"11599",5,"M",3,"White","Middle",2,0,0,0,0,0,0,0,0,0,3,NA,FALSE,0
"11600",6,"M",3,"White","Middle",2,0,0,0,0,0,0,0,0,0,4,NA,FALSE,0
"11601",5,"F",3,"White","Middle",2,0,0,0,0,0,0,0,0,0,4,"1",FALSE,0
"11602",5,"F",3,"White","Middle",2,0,0,0,0,0,0,0,0,0,3,"1",FALSE,0
"11603",5,"F",3,NA,"Middle",2,0,0,0,0,0,0,0,0,0,4,NA,FALSE,0
"11604",6,"F",3,"White","Middle",2,0,0,0,0,0,0,0,0,0,4,NA,FALSE,0
"11605",6,"F",3,NA,"Middle",2,0,0,0,0,0,0,0,0,0,4,"1",FALSE,0
"11606",5,"F",3,"White","Middle",2,0,0,0,0,0,0,0,0,0,4,NA,FALSE,0
"11607",6,"M",3,"White","Middle",2,0,0,0,0,0,0,0,0,0,3,NA,FALSE,0
"11608",4,"F",2,"Hispanic","Middle",2,0,0,0,0,0,0,0,0,0,4,NA,FALSE,0
"11609",4,"F",2,"Hispanic","Middle",2,0,0,0,0,0,0,0,0,0,3,NA,FALSE,0
"11610",4,"F",2,"White","Middle",2,0,0,0,0,0,0,0,0,0,4,NA,FALSE,0
"11611",5,"F",2,"Hispanic","Middle",2,0,0,0,0,0,0,0,0,0,4,NA,FALSE,0
"11612",5,"M",2,"White","Middle",2,0,0,0,0,0,0,0,0,0,4,"1",FALSE,0
"11613",5,"F",2,NA,"Middle",2,0,0,0,0,0,0,0,0,0,4,"1",FALSE,0
"11614",4,"F",2,"White","Middle",2,0,0,0,0,0,0,0,0,0,4,"1",FALSE,0
"11615",4,"F",2,"White","Middle",2,0,0,0,0,0,0,0,0,0,4,"1",FALSE,0
"11616",5,"F",2,"White","Middle",2,0,0,0,0,0,0,0,0,0,4,"1",FALSE,0
"11617",6,"M",2,"White","Middle",2,0,0,0,0,0,0,0,0,0,3,NA,FALSE,0
"11618",5,"M",2,"White","Middle",2,0,0,0,0,0,0,0,0,0,3,"1",FALSE,0
"11619",4,"M",2,"White","Middle",1,0,0,0,0,0,0,0,0,0,2,NA,FALSE,1
"11620",5,"M",2,"White","Middle",2,0,0,0,0,0,0,0,0,0,4,"1",FALSE,0
"11621",5,"F",2,"White","Middle",2,0,0,0,0,0,0,0,0,0,3,"1",FALSE,0
"11622",7,"F",5,"White","High",2,0,0,0,0,0,0,0,0,0,4,NA,FALSE,0
"11623",10,"F",7,"White","High",1,1,1,NA,1,0,0,0,0,0,1,"1",TRUE,1
"11624",10,"F",7,"White","High",2,0,0,0,0,0,0,0,0,0,1,NA,FALSE,1
"11625",9,"F",7,"White","High",2,0,0,0,0,0,0,0,0,0,3,"1",FALSE,0
"11626",10,"M",7,"White","High",1,1,1,1,0,0,0,0,0,1,1,NA,TRUE,1
"11627",9,"M",7,"White","High",1,1,0,1,0,0,0,1,0,1,1,NA,TRUE,1
"11628",9,"M",7,"White","High",1,1,0,1,0,0,0,1,0,0,1,NA,TRUE,1
"11629",10,"M",7,"White","High",1,0,0,1,0,0,0,1,0,1,3,"1",TRUE,0
"11630",9,"M",7,"White","High",2,0,0,0,0,0,0,0,0,0,1,NA,FALSE,1
"11631",10,"F",7,"White","High",1,0,0,0,0,0,0,0,0,1,1,NA,TRUE,1
"11632",10,"M",7,"White","High",2,0,0,1,0,0,0,1,0,0,1,NA,TRUE,1
"11633",10,"F",7,"White","High",1,0,0,0,0,0,0,0,0,1,3,NA,TRUE,0
"11634",11,"M",7,"White","High",1,0,0,1,0,0,0,0,0,0,2,NA,TRUE,1
"11635",10,"F",7,"White","High",1,1,0,0,0,0,0,0,0,1,4,"1",TRUE,0
"11636",9,"M",7,"White","High",1,1,1,1,0,0,0,0,0,1,1,NA,TRUE,1
"11637",10,"M",7,"White","High",1,0,0,1,0,0,0,1,0,1,3,NA,TRUE,0
"11638",10,"M",7,"White","High",1,1,1,1,0,0,0,0,0,1,1,"1",TRUE,1
"11639",9,"M",7,"White","High",2,0,0,0,0,0,0,0,0,0,3,"1",FALSE,0
"11640",10,"F",7,"White","High",2,0,0,0,0,0,0,0,0,0,2,NA,FALSE,1
"11641",10,"M",7,"White","High",2,0,0,0,0,0,0,0,0,0,3,NA,FALSE,0
"11642",10,"M",7,"White","High",2,0,0,0,0,0,0,0,0,0,4,NA,FALSE,0
"11643",10,"F",7,"White","High",1,0,0,0,0,0,0,0,0,1,4,"1",TRUE,0
"11644",10,"F",7,"White","High",2,0,0,0,0,0,0,0,0,0,4,NA,FALSE,0
"11645",9,"M",6,"White","High",1,1,0,0,0,0,0,0,0,1,2,NA,TRUE,1
"11646",9,"M",6,"White","High",1,0,0,0,0,0,0,0,0,1,2,"1",TRUE,1
"11647",8,"M",5,NA,"High",2,0,0,0,0,0,0,0,0,0,4,NA,FALSE,0
"11648",8,"M",5,"White","High",2,0,0,0,0,0,0,0,0,0,2,"1",FALSE,1
"11649",8,"M",5,"White","High",1,1,0,0,0,0,0,0,0,0,1,"1",TRUE,1
"11650",7,"F",5,"White","High",2,0,0,0,0,0,0,0,0,0,4,NA,FALSE,0
"11651",8,"F",5,"White","High",2,0,0,0,0,0,0,0,0,0,4,"1",FALSE,0
"11652",8,"F",5,"White","High",2,0,0,0,0,0,0,0,0,0,2,"1",FALSE,1
"11653",8,"M",5,"White","High",2,0,0,1,0,0,0,0,0,0,2,NA,TRUE,1
"11654",8,"F",5,"White","High",2,0,0,0,0,0,0,0,0,0,3,"1",FALSE,0
"11655",7,"F",5,"White","High",2,0,0,0,0,0,0,0,0,0,4,NA,FALSE,0
"11656",8,"M",5,"White","High",2,0,0,0,0,0,0,0,0,0,3,"1",FALSE,0
"11657",8,"F",5,"White","High",2,0,0,1,0,0,0,0,0,0,2,"1",TRUE,1
"11658",8,"F",5,"White","High",2,0,0,0,0,0,0,0,0,0,4,"1",FALSE,0
"11659",8,"F",5,"White","High",1,1,0,0,0,0,0,0,0,0,1,NA,TRUE,1
"11660",7,"M",5,"White","High",1,1,1,1,0,0,0,1,0,1,2,"1",TRUE,1
"11661",8,"F",5,"White","High",2,0,0,0,0,0,0,0,0,0,4,"1",FALSE,0
"11662",8,"F",5,"White","High",2,1,0,1,0,0,0,0,0,1,1,NA,TRUE,1
"11663",8,"M",5,"White","High",2,0,0,0,0,0,0,0,0,0,2,"1",FALSE,1
"11664",7,"M",4,"White","High",2,0,0,0,0,0,0,0,0,0,3,NA,FALSE,0
"11665",7,"F",4,"White","High",2,0,0,0,0,0,0,0,0,0,2,NA,FALSE,1
"11666",9,"M",6,"White","High",2,0,0,1,0,0,0,0,0,0,2,NA,TRUE,1
"11667",9,"M",6,"AI/AN","High",2,0,0,0,0,0,0,0,0,0,3,NA,FALSE,0
"11668",9,"F",6,"White","High",2,0,0,0,0,0,0,0,0,0,1,"1",FALSE,1
"11669",8,"F",6,"White","High",1,0,1,0,0,0,0,0,0,1,2,NA,TRUE,1
"11670",9,"F",6,"White","High",1,1,0,1,0,0,0,0,0,0,3,NA,TRUE,0
"11671",8,"M",6,"White","High",2,0,0,0,0,0,0,0,0,0,3,"1",FALSE,0
"11672",8,"M",6,"White","High",1,1,1,0,0,0,0,1,0,1,1,NA,TRUE,1
"11673",9,"F",6,"White","High",2,0,0,0,0,0,0,0,0,0,3,NA,FALSE,0
"11674",8,"F",6,"White","High",1,0,0,0,0,0,0,0,0,0,2,"1",FALSE,1
"11675",8,"M",6,"White","High",1,0,0,1,0,0,0,0,0,1,1,NA,TRUE,1
"11676",9,"F",6,"White","High",2,0,0,0,0,0,0,0,0,0,4,"1",FALSE,0
"11677",9,"F",6,"White","High",2,0,0,0,0,0,0,0,0,1,2,NA,TRUE,1
"11678",9,"F",6,"White","High",2,0,0,0,0,0,0,0,0,0,2,NA,FALSE,1
"11679",9,"M",6,"White","High",1,0,0,1,NA,NA,0,NA,NA,0,3,NA,TRUE,0
"11680",7,"M",4,"White","High",2,0,0,0,0,0,0,0,0,0,1,NA,FALSE,1
"11681",6,"M",4,"White","High",2,0,0,0,0,0,0,0,0,0,3,NA,FALSE,0
"11682",6,"M",4,"White","High",2,0,0,0,0,0,0,0,0,1,3,NA,TRUE,0
"11683",7,"M",4,"White","High",2,0,0,1,0,0,0,0,0,0,3,NA,TRUE,0
"11684",7,"M",4,"White","High",2,0,0,1,0,0,0,1,0,0,2,NA,TRUE,1
"11685",7,"M",4,"White","High",2,1,0,0,0,0,0,0,0,1,1,NA,TRUE,1
"11686",7,"M",4,"Hispanic","High",2,0,0,0,0,0,0,0,0,0,4,NA,FALSE,0
"11687",7,"F",4,"White","High",2,0,0,0,0,0,0,0,0,0,2,"1",FALSE,1
"11688",7,"F",4,"White","High",2,0,0,0,0,0,0,0,0,1,2,NA,TRUE,1
"11689",6,"F",4,"White","High",2,0,0,0,0,0,0,0,0,0,3,NA,FALSE,0
"11690",6,"F",4,"White","High",2,0,0,0,0,0,0,0,0,0,2,"1",FALSE,1
"11691",6,"F",4,"White","High",2,0,0,0,0,0,0,0,0,0,3,"1",FALSE,0
"11692",7,"M",4,"White","High",2,0,0,0,0,0,0,0,0,0,2,"1",FALSE,1
"11693",7,"F",4,"White","High",2,0,0,0,0,0,0,0,0,0,4,"1",FALSE,0
"11694",7,"F",4,"White","High",2,0,0,0,0,0,0,0,0,0,4,"1",FALSE,0
"11695",7,"F",4,"White","High",2,0,0,0,0,0,0,0,0,0,4,NA,FALSE,0
"11696",6,"M",4,"White","High",2,0,0,0,0,0,0,0,0,0,3,"1",FALSE,0
"11697",7,"M",4,"White","High",2,0,0,0,0,0,0,0,0,0,3,NA,FALSE,0
"11698",7,"M",4,"White","High",2,NA,0,1,0,0,0,1,0,0,2,NA,TRUE,1
"11699",7,"F",4,"White","High",2,0,0,1,0,0,0,0,0,1,2,NA,TRUE,1
"11700",7,"F",4,"White","High",2,0,0,0,0,0,0,0,0,0,3,"1",FALSE,0
"11701",7,"F",4,"White","High",1,1,0,1,0,0,0,1,0,1,2,NA,TRUE,1
"11702",6,"M",4,"White","High",2,0,0,0,0,0,0,0,0,0,2,NA,FALSE,1
"11703",7,"M",4,"White","High",2,0,0,0,0,0,0,0,0,0,4,NA,FALSE,0
"11704",7,"M",4,"White","High",2,0,0,0,0,0,0,0,0,0,4,"1",FALSE,0
"11705",7,"M",4,"White","High",2,1,0,0,0,0,0,1,0,0,1,NA,TRUE,1
"11706",7,"M",4,"White","High",1,0,0,1,0,0,0,0,0,0,3,NA,TRUE,0
"11707",6,"F",4,"White","High",2,0,0,0,0,0,0,0,0,0,4,NA,FALSE,0
"11708",7,"F",4,"White","High",2,0,0,0,0,0,0,0,0,0,2,"1",FALSE,1
"11709",4,"M",1,NA,"Middle",2,0,0,0,NA,NA,0,NA,NA,0,4,"1",NA,0
"11710",3,"F",1,"White","Middle",2,0,0,0,0,0,0,0,0,0,4,"1",FALSE,0
"11711",3,"M",1,NA,"Middle",2,0,0,0,0,0,0,0,0,0,4,"1",FALSE,0
"11712",4,"F",1,"White","Middle",2,0,0,0,0,0,0,0,0,0,4,NA,FALSE,0
"11713",4,"F",1,"White","Middle",2,0,0,0,0,0,0,0,0,0,4,"1",FALSE,0
"11714",4,"F",1,"White","Middle",2,0,0,0,0,0,0,0,0,0,4,"1",FALSE,0
"11715",4,"F",1,"White","Middle",2,0,0,0,0,0,0,0,0,0,4,"1",FALSE,0
"11716",4,"M",1,"White","Middle",2,0,0,0,0,0,0,0,0,0,4,"1",FALSE,0
"11717",4,"F",1,"White","Middle",2,0,0,0,0,0,0,0,0,0,4,"1",FALSE,0
"11718",4,"M",1,"White","Middle",2,0,0,0,0,0,0,0,0,0,4,NA,FALSE,0
"11719",3,"F",1,"Black","Middle",2,0,0,0,0,0,0,0,0,0,4,"1",FALSE,0
"11720",4,"M",1,"Hispanic","Middle",2,NA,0,0,0,0,0,0,0,0,4,"1",NA,0
"11721",4,"F",1,"White","Middle",2,0,0,0,0,0,0,0,0,0,4,"1",FALSE,0
"11722",3,"F",1,"White","Middle",2,0,0,0,0,0,0,0,0,0,4,"1",FALSE,0
"11723",3,"F",1,"White","Middle",2,0,0,0,0,0,0,0,0,0,4,"1",FALSE,0
"11724",4,"M",1,"White","Middle",2,0,0,0,0,0,0,0,0,0,4,NA,FALSE,0
"11725",4,"F",1,"White","Middle",2,0,0,0,0,0,0,0,0,0,4,"1",FALSE,0
"11726",4,"F",1,"White","Middle",2,0,0,0,0,0,0,0,0,0,3,NA,FALSE,0
"11727",4,"M",1,"White","Middle",2,0,0,0,0,0,0,0,0,0,3,"1",FALSE,0
"11728",4,"M",1,"White","Middle",2,0,0,0,NA,NA,0,NA,NA,0,4,"1",NA,0
"11729",4,"F",1,NA,"Middle",2,0,0,0,0,0,0,0,0,0,4,"1",FALSE,0
"11730",4,"M",1,"White","Middle",2,0,0,0,NA,NA,NA,NA,NA,0,2,NA,NA,1
"11731",4,"M",1,"White","Middle",2,0,0,0,0,0,0,0,0,0,4,NA,FALSE,0
"11732",4,"F",2,"White","Middle",2,0,0,0,0,0,0,0,0,0,2,"1",FALSE,1
"11733",5,"M",2,"White","Middle",2,0,0,0,0,0,0,0,0,0,4,NA,FALSE,0
"11734",4,"F",2,NA,"Middle",2,0,0,0,0,0,0,0,0,0,4,"1",FALSE,0
"11735",5,"M",2,"White","Middle",2,0,0,0,0,0,0,0,0,0,4,"1",FALSE,0
"11736",5,"F",2,"White","Middle",2,0,0,0,0,0,0,0,0,0,4,"1",FALSE,0
"11737",4,"F",2,"White","Middle",2,0,0,0,0,0,0,0,0,0,4,"1",FALSE,0
"11738",4,"F",2,"White","Middle",2,0,0,0,0,0,0,0,0,0,4,NA,FALSE,0
"11739",6,"M",2,"White","Middle",2,0,0,1,0,0,0,0,0,0,4,NA,TRUE,0
"11740",5,"M",2,"White","Middle",2,0,0,0,0,0,0,0,0,0,3,NA,FALSE,0
"11741",4,"M",2,"White","Middle",2,0,0,0,0,0,0,0,0,0,4,"1",FALSE,0
"11742",5,"F",2,"AI/AN","Middle",2,0,0,0,0,0,0,0,0,0,4,NA,FALSE,0
"11743",5,"F",2,"White","Middle",2,0,0,0,0,0,0,0,0,0,4,NA,FALSE,0
"11744",4,"M",2,"White","Middle",2,0,0,0,0,0,0,0,0,0,3,"1",FALSE,0
"11745",5,"F",2,"White","Middle",2,0,0,0,0,0,0,0,0,0,4,NA,FALSE,0
"11746",5,"M",2,"Hispanic","Middle",2,0,0,0,0,0,0,0,0,0,4,"1",FALSE,0
"11747",5,"M",2,"Hispanic","Middle",2,0,0,0,0,0,0,0,0,0,3,NA,FALSE,0
"11748",6,"M",2,"White","Middle",2,0,0,0,0,0,0,0,0,0,2,"1",FALSE,1
"11749",5,"F",2,"White","Middle",2,0,0,0,0,0,0,0,0,0,4,"1",FALSE,0
"11750",4,"F",2,"White","Middle",2,0,0,0,0,0,0,0,0,0,4,"1",FALSE,0
"11751",5,"M",2,"Black","Middle",2,0,0,0,0,0,0,0,0,0,2,"1",FALSE,1
"11752",5,"M",2,"Asian","Middle",2,0,0,0,0,0,0,0,0,0,4,"1",FALSE,0
"11753",5,"F",2,"White","Middle",2,0,0,0,0,0,0,0,0,0,4,"1",FALSE,0
"11754",5,"F",2,"White","Middle",2,0,0,0,0,0,0,0,0,0,4,NA,FALSE,0
"11755",4,"F",2,"White","Middle",2,0,0,0,0,0,0,0,0,0,3,NA,FALSE,0
"11756",4,"M",2,"White","Middle",2,0,0,0,0,0,0,0,0,0,4,NA,FALSE,0
"11757",8,"F",5,"White","High",2,0,0,0,0,0,0,0,0,1,4,"1",TRUE,0
"11758",7,"F",5,"White","High",2,0,0,0,0,0,0,0,0,0,4,NA,FALSE,0
"11759",8,"M",5,"White","High",1,1,0,1,0,0,0,0,0,0,2,"1",TRUE,1
"11760",8,"F",5,"Hispanic","High",2,0,0,0,0,0,0,0,0,0,1,NA,FALSE,1
"11761",7,"F",5,"White","High",2,0,0,0,0,0,0,0,0,0,1,"1",FALSE,1
"11762",8,"M",5,"White","High",2,0,0,0,0,0,0,0,0,0,4,"1",FALSE,0
"11763",7,"F",5,"Asian","High",2,0,0,NA,0,0,0,0,0,0,4,NA,NA,0
"11764",7,"M",5,"Hispanic","High",2,0,0,0,0,0,0,0,0,0,1,NA,FALSE,1
"11765",8,"M",5,"White","High",1,1,0,1,0,0,0,0,0,1,1,NA,TRUE,1
"11766",7,"F",5,"White","High",2,0,0,0,0,0,0,0,0,0,4,"1",FALSE,0
"11767",8,"F",5,"White","High",2,0,0,0,0,0,0,0,0,0,4,"1",FALSE,0
"11768",7,"F",5,"White","High",2,0,0,0,0,0,0,0,0,0,4,NA,FALSE,0
"11769",7,"M",5,"White","High",2,0,0,0,0,0,0,0,0,0,3,NA,FALSE,0
"11770",7,"F",5,"White","High",2,0,0,0,0,0,0,0,0,0,3,"1",FALSE,0
"11771",8,"F",5,"White","High",1,0,0,0,0,0,0,0,0,0,2,"1",FALSE,1
"11772",10,"F",7,"White","High",2,0,0,0,0,0,0,0,0,0,2,"1",FALSE,1
"11773",10,"F",7,"White","High",2,0,0,0,0,0,0,0,0,0,4,"1",FALSE,0
"11774",10,"M",7,"White","High",2,0,0,0,0,0,0,0,0,0,4,"1",FALSE,0
"11775",10,"M",7,"White","High",2,0,0,0,0,0,0,0,0,0,3,NA,FALSE,0
"11776",9,"F",7,"White","High",2,1,0,0,0,0,0,0,0,0,2,"1",TRUE,1
"11777",10,"M",7,"White","High",1,0,1,0,0,0,0,0,0,1,3,NA,TRUE,0
"11778",10,"M",7,"White","High",2,0,0,0,0,0,0,0,0,0,4,"1",FALSE,0
"11779",10,"M",7,"White","High",2,0,0,0,0,0,0,0,0,0,4,NA,FALSE,0
"11780",10,"M",7,"White","High",2,0,0,0,0,0,0,0,0,0,4,"1",FALSE,0
"11781",10,"M",7,"White","High",1,1,0,0,0,0,0,0,0,0,1,"1",TRUE,1
"11782",10,"M",7,"White","High",2,0,0,1,0,0,0,0,0,1,1,NA,TRUE,1
"11783",10,"M",7,"White","High",2,0,0,0,0,0,0,0,0,0,4,NA,FALSE,0
"11784",10,"F",7,"White","High",2,0,0,0,0,0,0,0,0,0,3,NA,FALSE,0
"11785",9,"M",7,"White","High",1,1,0,0,0,0,0,0,0,1,1,"1",TRUE,1
"11786",9,"M",7,"White","High",2,0,0,0,0,0,0,0,0,0,2,NA,FALSE,1
"11787",9,"F",7,"White","High",1,0,0,0,0,0,1,0,0,1,1,"1",TRUE,1
"11788",10,"F",7,"Asian","High",2,0,0,0,0,0,0,0,0,1,2,"1",TRUE,1
"11789",9,"M",7,"White","High",1,0,0,0,0,0,0,0,0,1,1,"1",TRUE,1
"11790",8,"F",6,"White","High",2,0,0,0,0,0,0,0,0,0,4,"1",FALSE,0
"11791",8,"F",6,"White","High",2,0,0,0,0,0,0,0,0,0,4,"1",FALSE,0
"11792",8,"F",6,"White","High",2,0,0,0,0,0,0,0,0,0,3,"1",FALSE,0
"11793",8,"M",6,"White","High",1,0,0,0,0,0,0,0,0,1,2,NA,TRUE,1
"11794",9,"M",6,"White","High",2,0,0,0,0,0,0,0,0,0,4,"1",FALSE,0
"11795",9,"M",6,"White","High",2,0,0,0,0,0,0,0,0,0,4,"1",FALSE,0
"11796",8,"M",6,"White","High",2,0,0,0,0,0,0,0,0,1,4,NA,TRUE,0
"11797",9,"M",6,"White","High",1,0,0,0,0,0,0,0,0,0,2,NA,FALSE,1
"11798",9,"M",6,"White","High",2,0,0,0,0,0,0,0,0,0,4,"1",FALSE,0
"11799",9,"F",6,"White","High",2,0,0,0,0,0,0,0,0,0,4,"1",FALSE,0
"11800",9,"F",6,"White","High",2,0,0,0,0,0,0,0,0,0,4,"1",FALSE,0
"11801",8,"F",6,"Asian","High",2,0,0,0,0,0,0,0,0,0,4,"1",FALSE,0
"11802",9,"F",6,"White","High",2,0,0,0,0,0,0,0,0,0,1,"1",FALSE,1
"11803",9,"F",6,"White","High",2,0,0,0,0,0,0,0,0,0,4,"1",FALSE,0
"11804",9,"F",6,"White","High",2,0,0,0,0,0,0,0,0,0,4,NA,FALSE,0
"11805",9,"F",6,"White","High",2,0,0,0,0,0,0,0,0,0,4,"1",FALSE,0
"11806",8,"F",6,"White","High",2,0,0,0,0,0,0,0,0,0,4,"1",FALSE,0
"11807",9,"F",6,"White","High",2,0,0,0,0,0,0,0,0,1,4,NA,TRUE,0
"11808",7,"F",4,"White","High",2,0,0,0,0,0,0,0,0,0,2,NA,FALSE,1
"11809",7,"M",4,"White","High",2,0,0,0,0,0,0,0,0,0,4,"1",FALSE,0
"11810",7,"M",4,"White","High",2,0,0,0,0,0,0,0,0,0,3,NA,FALSE,0
"11811",7,"F",4,NA,"High",2,0,0,0,0,0,0,0,0,0,4,NA,FALSE,0
"11812",7,"F",4,"White","High",2,0,0,0,0,0,0,0,0,0,4,"1",FALSE,0
"11813",6,"F",4,"White","High",2,0,0,0,0,0,0,0,0,0,4,"1",FALSE,0
"11814",6,"F",4,"White","High",2,0,0,0,0,0,0,0,0,0,4,"1",FALSE,0
"11815",6,"F",4,"White","High",2,0,0,0,0,0,0,0,0,0,4,"1",FALSE,0
"11816",7,"F",4,"White","High",2,0,0,0,0,0,NA,0,0,1,2,NA,TRUE,1
"11817",6,"F",4,"White","High",2,0,0,0,0,0,0,0,0,0,4,NA,FALSE,0
"11818",7,"M",4,NA,"High",2,0,0,0,0,0,0,0,0,0,4,NA,FALSE,0
"11819",7,"F",4,"White","High",2,0,0,0,0,0,0,0,0,0,3,NA,FALSE,0
"11820",6,"F",4,"White","High",2,0,0,0,0,0,0,0,0,0,4,NA,FALSE,0
"11821",7,"M",4,"White","High",2,0,0,0,0,0,0,0,0,0,4,"1",FALSE,0
"11822",7,"F",4,"White","High",1,0,0,0,0,0,0,0,0,0,3,NA,FALSE,0
"11823",6,"F",4,"White","High",1,1,1,0,0,0,0,1,0,0,2,"1",TRUE,1
"11824",6,"F",4,"White","High",2,0,0,0,0,0,0,0,0,0,4,"1",FALSE,0
"11825",7,"M",4,"White","High",2,0,0,0,0,0,0,0,0,0,4,"1",FALSE,0
"11826",6,"M",3,"White","Middle",2,0,0,0,NA,NA,NA,NA,NA,0,4,NA,NA,0
"11827",6,"M",3,"White","Middle",2,0,0,0,0,0,0,0,0,0,4,"1",FALSE,0
"11828",6,"M",3,"White","Middle",2,0,0,0,0,0,0,0,0,0,3,"1",FALSE,0
"11829",6,"M",3,"White","Middle",2,0,0,0,0,0,0,0,0,0,4,"1",FALSE,0
"11830",6,"M",3,"White","Middle",2,0,0,0,NA,NA,NA,NA,NA,0,2,NA,NA,1
"11831",6,"M",3,"White","Middle",1,0,0,1,0,0,0,0,0,0,2,NA,TRUE,1
"11832",6,"M",3,"AI/AN","Middle",2,0,0,0,0,0,0,0,0,0,3,"1",FALSE,0
"11833",6,"M",3,"White","Middle",2,0,0,0,0,0,0,0,0,0,3,NA,FALSE,0
"11834",6,"F",3,NA,"Middle",2,NA,0,0,NA,NA,NA,NA,NA,0,2,"1",NA,1
"11835",6,"F",3,"White","Middle",2,0,0,0,0,0,0,0,0,0,4,NA,FALSE,0
"11836",6,"F",3,"White","Middle",2,0,0,0,0,0,0,0,0,1,4,NA,TRUE,0
"11837",6,"F",3,"White","Middle",1,0,0,0,0,0,0,0,0,1,2,NA,TRUE,1
"11838",6,"F",3,"White","Middle",2,NA,NA,NA,NA,NA,NA,NA,NA,NA,3,NA,NA,0
"11839",5,"F",3,"White","Middle",2,0,0,0,0,0,0,0,0,0,4,"1",FALSE,0
"11840",5,"F",3,"White","Middle",2,0,0,0,0,0,0,0,0,0,4,"1",FALSE,0
"11841",6,"M",3,"White","Middle",2,0,0,0,0,0,0,0,0,0,4,"1",FALSE,0
"11842",6,"M",3,"Hispanic","Middle",2,0,0,0,0,0,0,0,0,0,3,NA,FALSE,0
"11843",6,"M",3,"White","Middle",2,0,0,0,0,0,0,0,0,0,4,"1",FALSE,0
"11844",5,"M",3,"White","Middle",2,0,0,0,0,0,0,0,0,0,3,NA,FALSE,0
"11845",5,"M",3,"White","Middle",2,0,0,0,0,0,0,0,0,0,3,NA,FALSE,0
"11846",6,"F",3,"White","Middle",2,0,0,0,0,0,0,0,0,0,4,"1",FALSE,0
"11847",5,"M",3,"White","Middle",2,0,0,0,0,0,0,0,0,0,4,NA,FALSE,0
"11848",6,"M",3,"White","Middle",2,0,0,1,0,0,0,0,0,1,2,NA,TRUE,1
"11849",6,"M",3,"Hispanic","Middle",2,1,0,1,0,0,0,0,0,0,2,NA,TRUE,1
"11850",6,"M",3,"White","Middle",2,0,0,0,0,0,0,0,0,0,3,NA,FALSE,0
"11851",5,"M",3,"Black","Middle",2,0,0,0,0,0,0,0,0,0,4,NA,FALSE,0
"11852",7,"F",3,"White","Middle",2,0,0,0,0,0,0,0,0,0,4,"1",FALSE,0
"11853",6,"M",3,"White","Middle",2,0,0,0,0,0,0,0,0,0,4,"1",FALSE,0
"11854",5,"M",3,"White","Middle",NA,NA,0,0,0,0,0,0,0,0,3,"1",NA,0
"11855",5,"M",3,NA,"Middle",2,0,0,0,0,0,0,0,0,0,4,NA,FALSE,0
"11856",5,"M",3,"Asian","Middle",2,0,0,0,0,0,0,0,0,0,2,NA,FALSE,1
"11857",5,"M",3,"Asian","Middle",2,0,0,0,0,0,0,0,0,0,3,NA,FALSE,0
"11858",5,"M",3,"Black","Middle",2,0,0,0,0,0,0,0,0,0,3,NA,FALSE,0
"11859",NA,NA,NA,"Asian",NA,2,1,0,0,0,0,0,0,0,0,1,"1",TRUE,1
"11860",6,"M",3,"White","Middle",2,0,0,0,0,0,0,0,0,0,3,"1",FALSE,0
"11861",6,"M",3,"White","Middle",2,0,0,0,0,0,0,0,0,0,3,NA,FALSE,0
"11862",6,"M",3,"Hispanic","Middle",1,0,0,0,0,0,1,0,0,0,2,"1",TRUE,1
"11863",6,"M",3,"White","Middle",2,0,0,0,0,0,0,0,0,0,4,"1",FALSE,0
"11864",5,"M",3,"White","Middle",2,0,0,0,0,0,0,0,0,0,4,"1",FALSE,0
"11865",5,"M",3,"White","Middle",2,0,0,0,0,0,0,0,0,0,4,"1",FALSE,0
"11866",5,"M",3,"White","Middle",2,0,0,0,0,0,0,0,0,0,4,NA,FALSE,0
"11867",5,"M",3,"Hispanic","Middle",2,0,0,0,0,0,0,0,0,0,2,NA,FALSE,1
"11868",6,"M",3,"White","Middle",2,0,0,0,0,0,0,0,0,0,4,"1",FALSE,0
"11869",3,"M",1,"White","Middle",2,0,0,0,0,0,0,0,0,0,1,NA,FALSE,1
"11870",4,"F",1,NA,"Middle",2,0,0,0,0,0,0,0,0,0,4,NA,FALSE,0
"11871",4,"F",1,NA,"Middle",2,NA,0,0,0,0,0,0,0,0,NA,"1",NA,NA
"11872",4,"F",1,"Asian","Middle",2,0,0,0,0,0,0,0,0,0,4,"1",FALSE,0
"11873",4,"F",1,"Asian","Middle",2,0,0,0,0,0,0,0,0,0,4,"1",FALSE,0
"11874",3,"F",1,"Asian","Middle",2,0,0,0,0,0,NA,0,0,0,2,"1",NA,1
"11875",4,"F",1,"White","Middle",2,0,0,0,0,0,0,0,0,0,4,"1",FALSE,0
"11876",4,"F",1,"White","Middle",2,0,0,0,0,0,0,0,0,0,4,"1",FALSE,0
"11877",3,"F",1,"White","Middle",2,0,0,0,0,0,0,0,0,0,4,NA,FALSE,0
"11878",4,"F",1,"White","Middle",2,0,0,0,0,0,0,0,0,0,3,NA,FALSE,0
"11879",4,"M",1,NA,"Middle",2,0,0,0,0,0,0,0,0,0,4,NA,FALSE,0
"11880",3,"F",1,"White","Middle",2,0,0,0,0,0,0,0,0,0,4,NA,FALSE,0
"11881",4,"F",1,"White","Middle",2,0,0,0,0,0,0,0,0,0,4,"1",FALSE,0
"11882",4,"F",1,"White","Middle",2,0,0,0,0,0,0,0,0,0,4,"1",FALSE,0
"11883",3,"F",1,"White","Middle",2,0,0,0,0,0,0,0,0,0,4,"1",FALSE,0
"11884",4,"F",1,"White","Middle",2,0,0,0,0,0,0,0,0,0,4,"1",FALSE,0
"11885",4,"M",1,"White","Middle",2,0,0,0,0,0,0,0,0,0,4,NA,FALSE,0
"11886",4,"M",1,"White","Middle",2,0,0,0,0,0,0,0,0,0,4,NA,FALSE,0
"11887",3,"M",1,"Hispanic","Middle",2,0,0,0,0,0,0,0,0,0,4,NA,FALSE,0
"11888",3,"M",1,"White","Middle",2,0,0,0,0,0,0,0,0,0,4,NA,FALSE,0
"11889",4,"M",1,"White","Middle",2,0,0,0,0,0,0,0,0,0,4,"1",FALSE,0
"11890",3,"M",1,"White","Middle",2,0,0,0,0,0,0,0,0,0,4,"1",FALSE,0
"11891",5,"M",1,"White","Middle",2,0,0,0,0,0,0,0,0,0,4,NA,FALSE,0
"11892",3,"M",1,"White","Middle",2,0,0,0,0,0,0,0,0,0,2,NA,FALSE,1
"11893",4,"M",1,"AI/AN","Middle",2,0,0,0,0,0,0,0,0,0,4,NA,FALSE,0
"11894",5,"M",2,"White","Middle",2,0,0,0,0,0,0,0,0,0,4,"1",FALSE,0
"11895",4,"F",2,"White","Middle",2,0,0,0,0,0,0,0,0,0,4,"1",FALSE,0
"11896",5,"F",2,"White","Middle",2,0,0,0,0,0,0,0,0,0,4,"1",FALSE,0
"11897",5,"F",2,"White","Middle",2,0,0,0,0,0,0,0,0,0,3,NA,FALSE,0
"11898",5,"F",2,"White","Middle",2,0,0,0,0,0,0,0,0,0,4,"1",FALSE,0
"11899",4,"F",2,"White","Middle",2,0,0,0,0,0,0,0,0,0,4,NA,FALSE,0
"11900",4,"F",2,"White","Middle",2,0,0,0,0,0,0,0,0,0,4,"1",FALSE,0
"11901",5,"M",2,"White","Middle",2,0,0,0,0,0,0,0,0,0,4,"1",FALSE,0
"11902",6,"F",2,"Black","Middle",2,0,0,0,0,0,0,0,0,0,4,NA,FALSE,0
"11903",5,"F",2,NA,"Middle",2,0,0,0,0,0,0,0,0,0,2,NA,FALSE,1
"11904",4,"M",2,"White","Middle",2,0,0,0,0,0,0,0,0,0,4,"1",FALSE,0
"11905",5,"M",2,"White","Middle",2,0,0,0,0,0,0,0,0,0,4,"1",FALSE,0
"11906",5,"M",2,"White","Middle",2,0,0,0,0,0,0,0,0,0,4,NA,FALSE,0
"11907",4,"M",2,"White","Middle",2,0,0,0,0,0,0,0,0,0,4,"1",FALSE,0
"11908",4,"M",2,"White","Middle",2,0,0,0,0,0,0,0,0,0,3,"1",FALSE,0
"11909",4,"M",2,"White","Middle",NA,0,NA,NA,0,0,0,0,0,NA,2,NA,NA,1
"11910",4,"M",2,"White","Middle",2,0,0,0,0,0,0,0,0,0,4,NA,FALSE,0
"11911",5,"M",2,"White","Middle",2,0,0,0,0,0,0,0,0,0,4,"1",FALSE,0
"11912",4,"F",1,"Black","Middle",2,0,0,0,0,0,0,0,0,0,4,NA,FALSE,0
"11913",3,"M",1,"White","Middle",2,0,0,0,0,0,0,0,0,0,4,"1",FALSE,0
"11914",4,"M",1,"Black","Middle",2,0,0,0,0,0,0,0,0,0,4,"1",FALSE,0
"11915",4,"M",1,"Black","Middle",2,0,0,0,0,0,0,0,0,0,1,"1",FALSE,1
"11916",4,"F",1,"White","Middle",2,0,0,0,0,0,0,0,0,0,2,"1",FALSE,1
"11917",4,"M",1,"Black","Middle",2,0,0,0,0,0,0,0,0,0,4,"1",FALSE,0
"11918",3,"M",1,"White","Middle",2,0,0,0,0,0,0,0,0,0,4,"1",FALSE,0
"11919",3,"F",1,"White","Middle",2,0,0,0,0,0,0,0,0,0,4,"1",FALSE,0
"11920",4,"F",1,"Hispanic","Middle",2,0,0,0,0,0,0,0,0,0,1,NA,FALSE,1
"11921",3,"F",1,"Black","Middle",2,0,0,0,0,0,0,0,0,0,4,"1",FALSE,0
"11922",4,"M",1,"Black","Middle",2,0,0,0,0,0,0,0,0,0,4,"1",FALSE,0
"11923",4,"M",1,"AI/AN","Middle",2,0,0,0,0,0,0,0,0,0,4,"1",FALSE,0
"11924",4,"M",1,"White","Middle",2,0,0,0,0,0,0,0,0,0,2,NA,FALSE,1
"11925",4,"M",1,"Black","Middle",2,0,0,0,0,0,0,0,0,0,4,"1",FALSE,0
"11926",3,"M",1,"Black","Middle",2,0,0,0,0,0,0,0,0,0,2,"1",FALSE,1
"11927",4,"M",1,"White","Middle",2,0,0,0,0,0,0,0,0,0,4,NA,FALSE,0
"11928",3,"F",1,NA,"Middle",2,0,0,NA,0,0,0,0,0,0,3,"1",NA,0
"11929",4,"M",1,NA,"Middle",2,0,0,0,0,0,0,0,0,0,4,NA,FALSE,0
"11930",4,"M",1,"Black","Middle",2,0,0,0,0,0,0,0,0,0,3,"1",FALSE,0
"11931",4,"F",1,"Black","Middle",2,0,0,0,0,0,0,0,0,0,4,"1",FALSE,0
"11932",3,"M",1,"Black","Middle",2,0,0,0,0,0,0,0,0,0,3,NA,FALSE,0
"11933",5,"M",1,"Black","Middle",1,NA,1,NA,0,0,NA,0,0,1,1,NA,TRUE,1
"11934",3,"F",1,NA,"Middle",2,0,0,0,NA,NA,0,NA,NA,0,4,"1",NA,0
"11935",4,"M",1,NA,"Middle",2,0,0,0,0,0,0,0,0,0,4,"1",FALSE,0
"11936",4,"M",1,"White","Middle",2,0,0,NA,0,0,0,0,0,0,4,"1",NA,0
"11937",10,"F",7,"White","High",2,0,0,0,0,0,0,0,0,0,4,"1",FALSE,0
"11938",8,"M",5,"White","High",2,0,0,0,0,0,0,0,0,0,4,"1",FALSE,0
"11939",9,"M",6,NA,"High",1,1,1,1,1,0,0,1,0,1,NA,"1",TRUE,NA
"11940",8,"F",6,"White","High",2,0,0,0,0,0,0,0,0,0,4,NA,FALSE,0
"11941",8,"M",6,"White","High",1,1,1,0,NA,NA,0,NA,NA,1,1,NA,TRUE,1
"11942",9,"M",6,"White","High",1,0,1,0,0,0,0,0,0,1,3,NA,TRUE,0
"11943",9,"M",6,"White","High",2,0,0,0,0,0,0,0,0,0,4,"1",FALSE,0
"11944",8,"M",6,NA,"High",NA,NA,NA,NA,NA,NA,NA,NA,NA,NA,NA,NA,NA,NA
"11945",9,"M",6,NA,"High",NA,NA,NA,NA,NA,NA,NA,NA,NA,NA,4,NA,NA,0
"11946",9,"F",6,"White","High",2,0,0,0,0,0,0,0,0,0,3,"1",FALSE,0
"11947",8,"M",6,"Hispanic","High",2,0,0,0,0,0,1,0,0,1,4,NA,TRUE,0
"11948",8,"M",5,"White","High",1,1,0,1,NA,NA,0,NA,NA,1,2,NA,TRUE,1
"11949",8,"M",5,"White","High",NA,NA,NA,NA,NA,NA,NA,NA,NA,NA,4,NA,NA,0
"11950",7,"F",5,"White","High",1,0,0,0,0,0,0,0,0,1,1,NA,TRUE,1
"11951",1,"F",7,"Hispanic","High",NA,NA,NA,0,NA,NA,1,NA,NA,0,4,"1",TRUE,0
"11952",8,"F",5,"White","High",2,0,0,0,0,0,0,0,0,0,4,"1",FALSE,0
"11953",8,"F",5,"White","High",2,0,0,0,0,0,0,0,0,0,4,NA,FALSE,0
"11954",8,"M",5,"White","High",2,0,0,0,0,0,0,0,0,0,4,NA,FALSE,0
"11955",8,"M",5,"White","High",1,1,1,1,0,0,0,0,0,1,4,"1",TRUE,0
"11956",8,"M",6,"Hispanic","High",NA,1,NA,NA,NA,NA,NA,NA,NA,NA,1,NA,TRUE,1
"11957",8,"F",5,"White","High",2,0,0,0,0,0,0,0,0,0,4,"1",FALSE,0
"11958",8,"M",5,"White","High",1,NA,1,1,0,0,1,0,0,0,4,NA,TRUE,0
"11959",8,"M",5,"White","High",1,NA,1,1,0,0,0,0,0,1,1,NA,TRUE,1
"11960",8,"F",5,"White","High",2,1,0,0,0,0,0,1,0,0,2,NA,TRUE,1
"11961",8,"M",5,"White","High",2,0,0,0,0,0,0,0,0,1,4,"1",TRUE,0
"11962",7,"M",4,"White","High",2,0,0,0,0,0,0,0,0,0,4,NA,FALSE,0
"11963",7,"M",4,"White","High",2,0,0,0,0,0,0,0,0,0,4,NA,FALSE,0
"11964",7,"F",4,"White","High",2,0,0,0,0,0,0,0,0,0,4,NA,FALSE,0
"11965",7,"F",4,"White","High",2,0,0,0,0,0,0,0,0,0,4,NA,FALSE,0
"11966",9,"M",6,"White","High",2,0,0,0,0,0,0,0,0,0,4,NA,FALSE,0
"11967",9,"F",6,"White","High",2,0,0,0,0,0,0,0,0,0,4,"1",FALSE,0
"11968",9,"F",6,"White","High",2,0,0,0,0,0,0,0,0,0,4,"1",FALSE,0
"11969",9,"F",6,"White","High",2,0,0,0,0,0,0,0,0,0,4,NA,FALSE,0
"11970",9,"M",6,"White","High",2,0,0,0,0,0,0,0,0,1,2,"1",TRUE,1
"11971",9,"M",6,"White","High",1,1,1,1,0,0,0,1,0,1,1,NA,TRUE,1
"11972",9,"F",6,"White","High",2,0,0,0,0,0,0,0,0,0,2,NA,FALSE,1
"11973",8,"F",6,"White","High",2,0,0,0,0,0,0,0,0,1,2,NA,TRUE,1
"11974",9,"F",6,"White","High",1,0,1,0,0,0,0,0,0,1,2,NA,TRUE,1
"11975",9,"F",6,"White","High",2,0,0,0,0,0,0,0,0,0,4,"1",FALSE,0
"11976",9,"F",6,"White","High",2,0,0,0,0,0,0,0,0,1,3,NA,TRUE,0
"11977",9,"F",6,"White","High",2,0,0,0,0,0,0,0,0,0,4,"1",FALSE,0
"11978",9,"M",6,"White","High",2,0,0,0,0,0,0,0,0,0,4,NA,FALSE,0
"11979",10,"M",6,NA,"High",NA,NA,NA,NA,NA,NA,NA,NA,NA,NA,NA,NA,NA,NA
"11980",9,"M",6,"White","High",2,0,0,0,0,0,0,0,0,0,4,NA,FALSE,0
"11981",9,"F",6,"White","High",1,0,0,0,0,0,0,0,0,1,2,NA,TRUE,1
"11982",8,"M",5,"White","High",2,0,0,NA,0,0,0,0,0,0,1,"1",NA,1
"11983",7,"F",5,"White","High",1,1,1,0,0,0,0,1,0,1,1,NA,TRUE,1
"11984",8,"M",5,"White","High",2,0,0,0,0,0,0,0,0,0,4,NA,FALSE,0
"11985",8,"M",5,"White","High",2,0,0,0,0,0,0,0,0,0,4,"1",FALSE,0
"11986",8,"F",5,"White","High",2,0,0,0,0,0,0,0,0,0,4,"1",FALSE,0
"11987",8,"M",5,"White","High",2,0,0,0,0,0,0,0,0,0,NA,"1",FALSE,NA
"11988",8,"F",5,"White","High",2,0,0,0,0,0,0,0,0,1,4,NA,TRUE,0
"11989",11,"M",7,"White","High",2,0,0,0,0,0,0,0,0,0,4,NA,FALSE,0
"11990",9,"F",7,"White","High",2,0,0,0,0,0,0,0,0,0,4,NA,FALSE,0
"11991",9,"M",7,"White","High",1,1,0,0,0,0,0,0,0,1,1,NA,TRUE,1
"11992",10,"M",7,"White","High",1,0,0,0,0,0,0,0,0,1,3,"1",TRUE,0
"11993",10,"F",7,"White","High",1,0,1,0,0,0,0,0,0,1,2,NA,TRUE,1
"11994",10,"M",7,"White","High",2,0,0,0,0,0,0,0,0,0,4,"1",FALSE,0
"11995",10,"M",7,"Hispanic","High",1,1,1,0,0,0,0,1,0,1,1,NA,TRUE,1
"11996",10,"M",7,"White","High",1,0,1,0,0,0,0,0,0,1,4,"1",TRUE,0
"11997",10,"M",7,"White","High",1,1,0,1,0,0,0,1,0,1,1,NA,TRUE,1
"11998",10,"M",7,"White","High",2,0,0,0,0,0,0,0,0,0,2,NA,FALSE,1
"11999",10,"M",7,"AI/AN","High",2,0,0,0,NA,NA,1,NA,NA,0,2,NA,TRUE,1
"12000",9,"M",7,"White","High",2,0,0,0,0,0,0,0,0,0,4,NA,FALSE,0
"12001",6,"M",4,"AI/AN","High",2,0,0,NA,0,0,0,0,0,0,3,NA,NA,0
"12002",8,"M",5,NA,"High",2,0,0,0,0,0,0,0,0,0,1,"1",FALSE,1
"12003",8,"F",5,"White","High",2,0,0,0,0,0,0,0,0,0,4,"1",FALSE,0
"12004",8,NA,5,"Hispanic","High",2,0,0,0,0,0,0,0,0,0,2,NA,FALSE,1
"12005",9,"M",5,"White","High",2,0,0,0,0,0,0,0,0,0,3,NA,FALSE,0
"12006",8,"F",5,"White","High",2,0,0,0,0,0,0,0,0,0,4,"1",FALSE,0
"12007",7,"M",5,NA,"High",2,0,0,0,0,0,0,0,0,0,4,NA,FALSE,0
"12008",8,"M",5,"Hispanic","High",1,0,1,0,0,0,0,0,0,0,4,NA,TRUE,0
"12009",8,"F",5,"AI/AN","High",1,0,0,1,0,0,0,0,0,0,1,NA,TRUE,1
"12010",8,"M",5,"White","High",2,0,0,0,0,0,0,0,0,0,4,"1",FALSE,0
"12011",8,"M",5,"AI/AN","High",1,0,0,0,0,0,0,0,0,0,4,"1",FALSE,0
"12012",6,"M",4,"White","High",2,0,0,0,0,0,0,0,0,0,4,NA,FALSE,0
"12013",6,"F",4,"White","High",2,0,0,0,0,0,0,0,0,0,4,NA,FALSE,0
"12014",7,"M",4,"Hispanic","High",2,0,0,0,0,0,0,0,0,0,4,"1",FALSE,0
"12015",7,"F",4,"White","High",2,0,0,0,0,0,0,0,0,0,4,"1",FALSE,0
"12016",7,"F",4,"White","High",2,0,0,0,0,0,0,0,0,0,4,NA,FALSE,0
"12017",7,"M",4,"White","High",1,1,1,0,NA,NA,NA,NA,NA,1,1,NA,TRUE,1
"12018",7,"M",4,"AI/AN","High",2,0,0,0,0,0,0,0,0,0,3,"1",FALSE,0
"12019",8,"M",4,"White","High",2,0,0,0,0,0,0,0,0,0,2,"1",FALSE,1
"12020",7,"M",4,"White","High",2,0,0,0,0,0,0,0,0,0,4,NA,FALSE,0
"12021",7,"M",4,"White","High",2,0,0,0,0,0,0,0,0,0,3,"1",FALSE,0
"12022",7,"M",4,"AI/AN","High",1,0,0,1,0,0,1,1,0,1,1,"1",TRUE,1
"12023",7,"M",4,"White","High",2,0,0,0,0,0,0,0,0,0,3,NA,FALSE,0
"12024",7,"F",4,"White","High",2,0,0,0,0,0,0,0,0,0,4,"1",FALSE,0
"12025",7,"F",4,"White","High",2,0,0,0,0,0,0,0,0,0,4,NA,FALSE,0
"12026",7,"F",4,"White","High",2,0,0,0,0,0,0,0,0,0,4,"1",FALSE,0
"12027",7,"F",4,"AI/AN","High",2,0,0,0,0,0,0,0,0,1,2,NA,TRUE,1
"12028",6,"F",4,"White","High",2,0,0,0,0,0,0,0,0,1,4,NA,TRUE,0
"12029",10,"M",7,"White","High",1,1,1,1,1,0,1,0,0,1,1,NA,TRUE,1
"12030",10,"M",7,"White","High",1,0,0,0,0,0,0,0,0,1,4,"1",TRUE,0
"12031",8,"F",6,"White","High",1,1,0,0,0,0,0,0,0,0,2,NA,TRUE,1
"12032",8,"F",6,"Hispanic","High",1,0,0,0,0,0,0,0,0,0,1,"1",FALSE,1
"12033",10,"M",7,"White","High",2,0,0,0,0,0,0,0,0,0,2,"1",FALSE,1
"12034",9,"F",7,"White","High",2,0,0,0,0,0,0,0,0,0,4,NA,FALSE,0
"12035",10,"F",7,"White","High",2,0,0,0,0,0,0,0,0,0,4,"1",FALSE,0
"12036",9,"M",6,"White","High",2,0,0,0,0,0,0,0,0,0,1,"1",FALSE,1
"12037",10,"M",7,"White","High",2,0,0,0,0,0,0,0,0,0,4,NA,FALSE,0
"12038",9,"M",7,"White","High",2,0,0,0,0,0,0,0,0,0,2,"1",FALSE,1
"12039",7,"F",4,"White","High",2,0,0,0,0,0,0,0,0,0,4,"1",FALSE,0
"12040",7,"F",4,"White","High",1,0,1,0,0,0,0,0,0,0,4,NA,TRUE,0
"12041",7,"M",4,"White","High",2,0,0,0,0,0,0,0,0,0,4,NA,FALSE,0
"12042",6,"M",4,"White","High",2,0,0,0,0,0,0,0,0,0,3,"1",FALSE,0
"12043",6,"F",4,"White","High",2,0,0,0,0,0,0,0,0,0,4,"1",FALSE,0
"12044",7,"F",4,"White","High",2,0,0,0,0,0,0,0,0,0,4,"1",FALSE,0
"12045",7,"F",4,"White","High",2,1,0,0,0,0,0,1,0,0,2,"1",TRUE,1
"12046",7,"F",4,"Hispanic","High",2,0,0,0,0,0,0,0,0,1,3,"1",TRUE,0
"12047",6,"F",4,"White","High",2,0,0,0,0,0,0,0,0,0,3,"1",FALSE,0
"12048",9,"F",6,"White","High",2,1,0,0,0,0,0,0,0,0,1,NA,TRUE,1
"12049",9,"F",6,"AI/AN","High",1,0,0,0,0,0,0,0,0,0,4,NA,FALSE,0
"12050",7,"F",4,"White","High",1,1,0,0,0,0,0,0,0,1,1,"1",TRUE,1
"12051",9,"F",6,"White","High",2,0,0,0,0,0,0,0,0,0,4,NA,FALSE,0
"12052",9,"F",6,"White","High",1,0,0,0,0,0,0,0,0,1,2,"1",TRUE,1
"12053",8,"F",6,"White","High",1,0,0,0,0,0,0,0,0,1,3,"1",TRUE,0
"12054",8,"M",6,"White","High",1,0,1,0,0,0,0,0,0,1,2,"1",TRUE,1
"12055",8,"F",6,"White","High",1,0,0,0,0,0,0,0,0,0,4,"1",FALSE,0
"12056",9,"F",6,"White","High",2,0,0,0,0,0,0,0,0,0,4,NA,FALSE,0
"12057",8,"F",6,NA,"High",1,0,0,0,0,0,0,0,0,0,2,"1",FALSE,1
"12058",8,"M",6,"White","High",1,0,0,0,0,0,0,0,0,1,2,"1",TRUE,1
"12059",9,"M",6,"White","High",2,0,0,0,0,0,0,0,0,1,2,NA,TRUE,1
"12060",9,"M",6,"White","High",2,0,0,0,0,0,0,0,0,0,4,"1",FALSE,0
"12061",9,"M",6,"White","High",1,0,0,1,0,0,0,0,0,1,1,NA,TRUE,1
"12062",9,"M",6,"Asian","High",2,0,0,0,0,0,0,0,0,0,3,NA,FALSE,0
"12063",8,"F",5,"White","High",2,0,0,0,0,0,0,0,0,0,4,"1",FALSE,0
"12064",9,"M",6,"White","High",2,0,0,0,0,0,0,0,0,0,2,NA,FALSE,1
"12065",9,"F",6,"White","High",2,1,0,0,0,0,0,0,0,0,1,NA,TRUE,1
"12066",9,"M",7,"White","High",1,1,0,1,0,0,0,1,0,1,1,"1",TRUE,1
"12067",9,"F",6,NA,"High",2,0,0,0,0,0,0,0,0,0,4,NA,FALSE,0
"12068",9,"F",6,"White","High",2,0,0,0,0,0,0,0,0,0,2,NA,FALSE,1
"12069",10,"M",7,"White","High",1,0,0,0,0,0,0,0,0,0,4,NA,FALSE,0
"12070",9,"M",5,"White","High",2,0,0,1,0,0,0,0,0,0,4,NA,TRUE,0
"12071",9,"M",7,"White","High",2,0,0,0,0,0,0,0,0,0,2,"1",FALSE,1
"12072",10,"M",7,"White","High",2,0,0,0,0,0,0,0,0,0,4,NA,FALSE,0
"12073",9,"M",7,"White","High",2,0,0,0,0,0,0,0,0,0,4,"1",FALSE,0
"12074",10,"M",7,"White","High",1,0,0,0,0,0,0,0,0,0,4,NA,FALSE,0
"12075",10,"M",7,"White","High",2,0,0,0,0,0,0,0,0,0,3,"1",FALSE,0
"12076",10,"M",7,"White","High",2,0,0,0,0,0,0,0,0,0,4,"1",FALSE,0
"12077",10,"M",7,"White","High",2,0,0,0,0,0,0,0,0,0,4,"1",FALSE,0
"12078",7,"M",5,"White","High",2,0,0,0,0,0,0,0,0,0,1,"1",FALSE,1
"12079",8,"M",5,"White","High",2,0,0,0,0,0,0,0,0,0,2,"1",FALSE,1
"12080",8,"F",5,"White","High",2,0,0,0,0,0,0,0,0,0,2,NA,FALSE,1
"12081",8,"M",5,"White","High",1,0,0,0,0,0,0,0,0,1,3,"1",TRUE,0
"12082",9,"F",6,"White","High",1,1,1,1,NA,NA,0,NA,NA,1,1,"1",TRUE,1
"12083",9,"F",6,"Hispanic","High",2,1,0,0,0,0,0,0,0,0,2,NA,TRUE,1
"12084",9,"F",6,"White","High",1,0,0,0,0,0,0,0,0,1,1,NA,TRUE,1
"12085",6,"M",3,"Black","Middle",1,0,0,0,0,0,0,0,0,0,2,NA,FALSE,1
"12086",6,"M",3,"White","Middle",1,0,0,1,0,0,0,0,0,0,3,NA,TRUE,0
"12087",6,"M",3,"Hispanic","Middle",2,0,0,0,0,0,0,0,0,0,4,NA,FALSE,0
"12088",6,"M",3,"White","Middle",2,0,0,0,0,0,0,0,0,0,4,"1",FALSE,0
"12089",6,"F",3,"White","Middle",2,0,0,0,0,0,0,0,0,0,2,NA,FALSE,1
"12090",6,"F",3,"White","Middle",2,0,0,0,0,0,0,0,0,1,1,NA,TRUE,1
"12091",5,"F",3,"AI/AN","Middle",2,0,0,0,0,0,0,0,0,0,2,NA,FALSE,1
"12092",6,"F",3,"White","Middle",2,0,0,0,0,0,0,0,0,0,4,NA,FALSE,0
"12093",NA,"F",NA,"AI/AN",NA,2,0,0,NA,1,1,1,1,1,1,1,NA,TRUE,1
"12094",6,"F",3,"AI/AN","Middle",2,0,0,0,0,0,0,0,0,0,4,"1",FALSE,0
"12095",6,"F",3,"White","Middle",2,0,0,0,0,0,0,0,0,0,4,"1",FALSE,0
"12096",6,"F",3,"White","Middle",2,0,0,0,0,0,0,0,0,0,4,NA,FALSE,0
"12097",6,"F",3,"White","Middle",2,0,0,0,0,0,0,0,0,0,4,"1",FALSE,0
"12098",6,"F",3,"White","Middle",1,0,0,0,0,0,0,0,0,0,3,NA,FALSE,0
"12099",6,"M",3,"White","Middle",2,0,0,0,0,0,0,0,0,0,3,"1",FALSE,0
"12100",4,"M",2,NA,"Middle",2,0,0,0,0,0,0,0,0,0,4,NA,FALSE,0
"12101",5,"F",2,"White","Middle",2,0,0,0,0,0,0,0,0,0,4,"1",FALSE,0
"12102",4,"F",2,"AI/AN","Middle",2,0,0,0,0,0,0,0,0,0,4,NA,FALSE,0
"12103",5,"M",2,"White","Middle",2,0,0,0,0,0,0,0,0,0,3,"1",FALSE,0
"12104",4,"F",2,"White","Middle",2,0,0,0,0,0,0,0,0,0,4,"1",FALSE,0
"12105",5,"M",2,"White","Middle",2,0,0,0,0,0,0,0,0,0,4,NA,FALSE,0
"12106",5,"F",2,"White","Middle",2,0,0,0,0,0,0,0,0,0,4,"1",FALSE,0
"12107",5,"F",2,"White","Middle",2,0,0,0,0,0,0,0,0,0,4,"1",FALSE,0
"12108",5,"F",2,"White","Middle",2,0,0,0,0,0,0,0,0,0,1,NA,FALSE,1
"12109",5,"F",2,"White","Middle",2,0,0,0,0,0,0,0,0,0,4,"1",FALSE,0
"12110",5,"F",2,"AI/AN","Middle",2,0,0,0,0,0,0,0,0,0,4,NA,FALSE,0
"12111",5,"M",2,"White","Middle",2,0,0,0,0,0,0,0,0,0,3,"1",FALSE,0
"12112",4,"F",2,"White","Middle",2,0,0,0,0,0,0,0,0,0,4,"1",FALSE,0
"12113",4,"M",2,"White","Middle",2,0,0,0,0,0,0,0,0,0,4,"1",FALSE,0
"12114",5,"F",2,"White","Middle",2,0,0,0,0,0,0,0,0,0,4,NA,FALSE,0
"12115",5,"F",2,"White","Middle",2,0,0,0,0,0,0,0,0,0,NA,"1",FALSE,NA
"12116",6,"F",2,NA,"Middle",2,0,0,0,NA,NA,0,NA,NA,0,4,NA,NA,0
"12117",5,"F",2,"White","Middle",2,0,0,0,0,0,0,0,0,0,3,NA,FALSE,0
"12118",5,"M",2,"AI/AN","Middle",2,0,0,0,0,0,0,0,0,0,4,"1",FALSE,0
"12119",NA,NA,NA,"Hispanic",NA,2,0,0,0,0,0,0,0,0,1,1,NA,TRUE,1
"12120",4,"F",1,"White","Middle",2,0,0,0,0,0,0,0,0,0,4,NA,FALSE,0
"12121",4,"M",1,"White","Middle",2,0,0,0,0,0,0,0,0,0,3,NA,FALSE,0
"12122",4,"M",1,"White","Middle",2,0,0,0,0,0,0,0,0,0,4,"1",FALSE,0
"12123",4,"F",1,"Hispanic","Middle",2,0,0,0,0,0,0,0,0,0,4,NA,FALSE,0
"12124",4,"M",1,"AI/AN","Middle",2,0,0,0,0,0,0,0,0,0,4,"1",FALSE,0
"12125",4,"M",1,"Hispanic","Middle",2,0,NA,NA,0,0,0,0,0,NA,NA,"1",NA,NA
"12126",NA,NA,NA,"White",NA,2,0,0,0,0,0,0,0,0,0,2,"1",FALSE,1
"12127",4,"M",1,"White","Middle",2,0,0,0,0,0,0,0,0,0,4,NA,FALSE,0
"12128",5,"M",1,"Hispanic","Middle",NA,1,NA,NA,0,0,0,1,0,0,1,NA,TRUE,1
"12129",4,"F",1,"White","Middle",2,0,0,0,0,0,0,0,0,0,4,NA,FALSE,0
"12130",4,"F",1,"White","Middle",2,0,0,0,0,0,0,0,0,0,4,"1",FALSE,0
"12131",5,"M",1,"Black","Middle",2,0,0,0,0,0,0,0,0,0,4,"1",FALSE,0
"12132",4,"F",1,"White","Middle",2,0,0,0,0,0,0,0,0,0,4,NA,FALSE,0
"12133",4,"M",1,"White","Middle",2,0,0,0,0,0,0,0,0,0,4,NA,FALSE,0
"12134",3,"M",1,NA,"Middle",2,0,0,0,NA,NA,0,NA,NA,0,3,NA,NA,0
"12135",5,"M",2,"White","Middle",2,0,0,NA,0,0,0,0,0,0,3,NA,NA,0
"12136",5,"M",2,"White","Middle",2,0,0,0,0,0,0,0,0,0,2,"1",FALSE,1
"12137",5,"M",2,"Black","Middle",2,0,0,0,0,0,0,0,0,0,4,"1",FALSE,0
"12138",4,"M",2,"White","Middle",2,0,0,0,0,0,0,0,0,0,4,"1",FALSE,0
"12139",5,"M",2,"Hispanic","Middle",2,0,0,0,0,0,0,0,0,0,4,"1",FALSE,0
"12140",4,"M",2,"White","Middle",2,0,0,0,0,0,0,0,0,0,4,"1",FALSE,0
"12141",5,"F",2,"Hispanic","Middle",2,0,0,0,0,0,0,0,0,0,2,NA,FALSE,1
"12142",5,"M",2,"White","Middle",2,0,0,0,0,0,0,0,0,0,4,"1",FALSE,0
"12143",5,"F",2,"White","Middle",2,0,0,0,0,0,0,0,0,0,3,NA,FALSE,0
"12144",5,"M",2,"White","Middle",2,0,0,0,0,0,0,0,0,0,3,"1",FALSE,0
"12145",5,"M",2,"Asian","Middle",2,0,0,0,0,0,0,0,0,0,4,"1",FALSE,0
"12146",5,"M",2,"White","Middle",2,0,0,0,0,0,0,0,0,0,1,NA,FALSE,1
"12147",4,"M",2,"White","Middle",2,0,0,0,0,0,0,0,0,0,4,"1",FALSE,0
"12148",4,"M",2,"White","Middle",2,0,0,0,0,0,0,0,0,0,4,"1",FALSE,0
"12149",5,"F",2,"White","Middle",2,0,NA,0,0,0,0,0,0,0,4,"1",NA,0
"12150",5,"M",2,"Black","Middle",2,0,0,0,0,0,0,0,0,0,4,"1",FALSE,0
"12151",4,"M",2,"White","Middle",2,0,0,0,0,0,0,0,0,0,4,"1",FALSE,0
"12152",4,"M",2,"AI/AN","Middle",2,0,0,0,0,0,0,0,0,0,4,"1",FALSE,0
"12153",4,"M",2,"Hispanic","Middle",2,0,0,0,0,0,0,0,0,0,4,"1",FALSE,0
"12154",4,"M",2,"Hispanic","Middle",2,0,0,0,0,0,0,0,0,0,4,"1",FALSE,0
"12155",5,"M",2,"White","Middle",2,0,0,0,0,0,0,0,0,0,1,NA,FALSE,1
"12156",4,"M",2,NA,"Middle",2,0,0,0,0,0,0,0,0,0,2,"1",FALSE,1
"12157",5,"F",2,"White","Middle",2,0,0,0,0,0,0,0,0,0,4,"1",FALSE,0
"12158",4,"F",2,"White","Middle",2,0,0,0,0,0,0,0,0,0,4,"1",FALSE,0
"12159",4,"M",2,"White","Middle",2,0,0,0,0,0,0,0,0,0,4,"1",FALSE,0
"12160",5,"M",2,"Hispanic","Middle",2,0,0,0,0,0,0,0,0,0,3,"1",FALSE,0
"12161",4,"F",2,"White","Middle",2,0,0,0,0,0,0,0,0,0,4,"1",FALSE,0
"12162",5,"M",3,"White","Middle",2,0,0,0,0,0,0,0,0,0,4,"1",FALSE,0
"12163",5,"M",3,NA,"Middle",2,0,0,0,NA,NA,0,NA,NA,0,4,NA,NA,0
"12164",6,"F",3,"White","Middle",2,0,0,0,0,0,0,0,0,0,4,"1",FALSE,0
"12165",5,"F",3,"White","Middle",2,0,0,0,0,0,0,0,0,0,4,"1",FALSE,0
"12166",6,"M",3,"Asian","Middle",2,0,0,0,0,0,0,0,0,0,3,"1",FALSE,0
"12167",5,"M",3,"White","Middle",2,0,0,0,0,0,0,0,0,0,3,"1",FALSE,0
"12168",6,"M",3,"White","Middle",2,0,0,0,0,0,0,0,0,0,4,"1",FALSE,0
"12169",6,"M",3,"White","Middle",2,0,0,0,0,0,0,0,0,0,3,NA,FALSE,0
"12170",6,"M",3,"Black","Middle",2,0,0,0,0,0,0,0,0,0,4,"1",FALSE,0
"12171",6,"F",3,NA,"Middle",2,0,0,0,0,0,0,0,0,0,4,"1",FALSE,0
"12172",5,"M",3,"Hispanic","Middle",2,0,0,0,0,0,0,0,0,0,4,NA,FALSE,0
"12173",6,"M",3,"White","Middle",2,0,0,0,0,0,0,0,0,1,4,NA,TRUE,0
"12174",7,"F",3,"Hispanic","Middle",1,0,0,0,0,0,0,1,0,0,2,NA,TRUE,1
"12175",6,"M",3,"White","Middle",2,0,0,0,0,0,0,0,0,0,4,"1",FALSE,0
"12176",6,"F",3,"White","Middle",2,0,0,0,0,0,0,0,0,0,4,"1",FALSE,0
"12177",6,"F",3,"White","Middle",2,0,0,0,0,0,0,0,0,0,4,"1",FALSE,0
"12178",5,"M",3,"Hispanic","Middle",2,0,0,0,0,0,0,0,0,0,4,NA,FALSE,0
"12179",6,"M",3,"White","Middle",2,0,0,0,0,0,0,0,0,0,4,"1",FALSE,0
"12180",6,"M",3,"White","Middle",2,0,0,0,0,0,0,0,0,0,4,"1",FALSE,0
"12181",6,"M",3,"Asian","Middle",2,0,0,0,0,0,0,0,0,0,2,"1",FALSE,1
"12182",5,"M",3,"White","Middle",2,0,0,0,0,0,0,0,0,0,4,"1",FALSE,0
"12183",6,"M",3,"White","Middle",2,0,0,0,0,0,0,0,0,0,4,"1",FALSE,0
"12184",6,"F",3,"Hispanic","Middle",2,0,0,0,0,0,0,0,0,0,4,NA,FALSE,0
"12185",6,"M",3,"Hispanic","Middle",2,0,0,0,0,0,0,0,0,0,4,NA,FALSE,0
"12186",6,"M",3,"Hispanic","Middle",1,1,0,1,1,0,1,0,0,1,1,NA,TRUE,1
"12187",6,"F",3,"White","Middle",2,0,0,0,0,0,0,0,0,0,4,"1",FALSE,0
"12188",5,"F",3,"White","Middle",2,0,0,0,0,0,0,0,0,0,4,"1",FALSE,0
"12189",5,"F",3,"White","Middle",2,0,0,0,0,0,0,0,0,0,4,"1",FALSE,0
"12190",5,"M",3,"White","Middle",2,0,0,0,NA,NA,NA,NA,NA,0,2,NA,NA,1
"12191",5,"F",3,"White","Middle",2,0,0,0,0,0,0,0,0,0,4,"1",FALSE,0
"12192",5,"M",3,NA,"Middle",2,0,0,0,0,0,0,0,0,0,1,NA,FALSE,1
"12193",5,"F",3,"White","Middle",2,0,0,0,0,0,0,0,0,0,4,"1",FALSE,0
"12194",6,"F",3,"White","Middle",2,0,0,0,0,0,0,0,0,0,4,"1",FALSE,0
"12195",6,"M",3,"White","Middle",2,0,0,0,0,0,0,0,0,0,4,NA,FALSE,0
"12196",6,"M",3,"White","Middle",2,0,0,0,0,0,0,0,0,0,4,"1",FALSE,0
"12197",3,"M",1,"Hispanic","Middle",2,0,0,0,0,0,0,0,0,0,4,"1",FALSE,0
"12198",4,"F",1,"Black","Middle",2,0,0,0,0,0,0,0,0,0,4,NA,FALSE,0
"12199",3,"F",1,"Hispanic","Middle",2,0,0,0,0,0,0,0,0,0,2,NA,FALSE,1
"12200",3,"M",1,"Hispanic","Middle",2,0,0,0,0,0,0,0,0,0,4,"1",FALSE,0
"12201",4,"F",1,"Black","Middle",2,0,0,1,0,0,0,0,0,0,4,"1",TRUE,0
"12202",4,"M",1,"White","Middle",2,NA,0,0,0,0,0,0,0,0,4,"1",NA,0
"12203",4,"F",1,"White","Middle",2,0,0,0,0,0,0,0,0,0,3,"1",FALSE,0
"12204",4,"F",1,"White","Middle",2,0,0,0,0,0,0,0,0,0,2,NA,FALSE,1
"12205",3,"F",1,"Hispanic","Middle",2,0,0,0,0,0,0,0,0,0,4,"1",FALSE,0
"12206",5,"F",1,"Hispanic","Middle",2,0,0,0,0,0,0,0,0,0,4,"1",FALSE,0
"12207",3,"F",1,"White","Middle",2,0,0,0,0,0,0,0,0,0,4,"1",FALSE,0
"12208",3,"F",1,"Hispanic","Middle",2,0,0,0,0,0,0,0,0,0,4,NA,FALSE,0
"12209",4,"M",1,"Black","Middle",2,0,0,0,0,0,0,0,0,0,4,NA,FALSE,0
"12210",3,"F",1,"Asian","Middle",2,0,0,0,0,0,0,0,0,0,4,NA,FALSE,0
"12211",4,"M",1,"White","Middle",2,0,0,0,0,0,0,0,0,0,4,"1",FALSE,0
"12212",3,"M",1,"White","Middle",2,0,0,0,0,0,0,0,0,0,1,"1",FALSE,1
"12213",4,"M",1,"White","Middle",2,0,0,0,0,0,0,0,0,0,2,"1",FALSE,1
"12214",3,"F",1,"Hispanic","Middle",2,0,0,0,0,0,0,0,0,0,4,"1",FALSE,0
"12215",4,"M",1,"Black","Middle",2,0,0,0,0,0,0,0,0,0,4,"1",FALSE,0
"12216",4,"F",1,"Hispanic","Middle",2,0,0,0,0,0,0,0,0,0,4,NA,FALSE,0
"12217",4,"M",1,"Hispanic","Middle",2,0,0,0,0,0,0,0,0,0,4,"1",FALSE,0
"12218",3,"F",1,"White","Middle",2,0,0,0,0,0,0,0,0,0,4,"1",FALSE,0
"12219",3,"F",1,"White","Middle",2,0,0,0,0,0,0,0,0,0,4,"1",FALSE,0
"12220",3,"M",1,"White","Middle",2,0,0,0,0,0,0,0,0,0,4,"1",FALSE,0
"12221",3,"M",1,"White","Middle",2,0,0,0,0,0,0,0,0,0,4,"1",FALSE,0
"12222",3,"M",1,NA,"Middle",2,0,0,0,0,0,0,0,0,0,4,"1",FALSE,0
"12223",3,"F",1,"Asian","Middle",2,0,0,0,0,0,0,0,0,0,4,"1",FALSE,0
"12224",4,"M",1,"White","Middle",2,0,0,0,0,0,0,0,0,0,4,"1",FALSE,0
"12225",4,"M",1,"Asian","Middle",2,0,0,0,0,0,0,0,0,0,4,NA,FALSE,0
"12226",4,"F",1,"White","Middle",2,0,0,0,0,0,0,0,0,0,3,"1",FALSE,0
"12227",4,"M",1,"White","Middle",2,0,0,0,0,0,0,0,0,0,4,"1",FALSE,0
"12228",3,"F",1,"White","Middle",2,0,0,0,0,0,0,0,0,0,3,"1",FALSE,0
"12229",4,"F",1,"Hispanic","Middle",2,0,0,0,0,0,0,0,0,0,2,"1",FALSE,1
"12230",4,"M",1,"White","Middle",2,0,0,0,0,0,0,0,0,0,4,"1",FALSE,0
"12231",7,"M",5,NA,"High",2,0,0,0,0,0,0,0,0,0,4,"1",FALSE,0
"12232",7,"M",5,"Black","High",2,0,0,0,0,0,0,0,0,0,4,"1",FALSE,0
"12233",9,"F",7,"Black","High",2,0,0,0,0,0,0,0,0,0,4,NA,FALSE,0
"12234",10,"F",7,"Hispanic","High",1,1,0,0,0,0,0,1,0,0,3,NA,TRUE,0
"12235",8,"M",6,"White","High",2,0,0,0,0,0,0,0,0,0,4,NA,FALSE,0
"12236",9,"F",7,"Hispanic","High",2,0,0,0,0,0,0,0,0,0,4,"1",FALSE,0
"12237",9,"M",7,"Hispanic","High",2,0,0,0,0,0,0,0,0,1,4,NA,TRUE,0
"12238",10,"F",7,"White","High",2,0,0,0,0,0,0,0,0,0,4,NA,FALSE,0
"12239",9,"M",6,"Hispanic","High",1,0,1,0,0,0,0,0,0,0,1,"1",TRUE,1
"12240",9,"F",7,"Hispanic","High",2,0,0,0,0,0,0,0,0,0,2,"1",FALSE,1
"12241",8,"F",6,"Hispanic","High",1,0,0,0,0,0,0,0,0,0,1,"1",FALSE,1
"12242",8,"F",5,NA,"High",NA,0,NA,NA,NA,NA,NA,NA,NA,NA,4,NA,NA,0
"12243",10,"F",7,"Black","High",2,0,0,0,0,0,0,0,0,0,4,"1",FALSE,0
"12244",11,"M",7,"Black","High",2,0,0,0,0,0,0,0,0,0,4,"1",FALSE,0
"12245",9,"M",7,"Hispanic","High",2,0,0,0,0,0,0,0,0,0,4,"1",FALSE,0
"12246",8,"M",6,"Black","High",2,0,0,0,NA,NA,0,NA,NA,0,3,NA,NA,0
"12247",7,"M",5,"Hispanic","High",1,1,1,0,NA,NA,NA,NA,NA,1,1,NA,TRUE,1
"12248",9,"F",6,"Hispanic","High",2,0,0,0,0,0,0,0,0,0,3,"1",FALSE,0
"12249",8,"F",6,"White","High",1,1,1,0,0,0,0,1,1,1,1,NA,TRUE,1
"12250",10,"M",7,"White","High",2,0,0,0,0,0,0,0,0,0,4,NA,FALSE,0
"12251",7,"F",4,"Asian","High",2,0,0,0,0,0,0,0,0,0,3,"1",FALSE,0
"12252",7,"F",4,"Hispanic","High",2,0,0,0,0,0,0,0,0,0,4,"1",FALSE,0
"12253",7,"M",4,"Black","High",2,0,0,0,0,0,0,0,0,0,4,NA,FALSE,0
"12254",7,"F",4,"Hispanic","High",NA,0,0,0,0,0,0,0,0,0,4,NA,FALSE,0
"12255",6,"F",4,"White","High",2,0,0,0,0,0,0,0,0,1,4,NA,TRUE,0
"12256",8,"F",4,"White","High",2,0,0,0,0,0,0,0,0,1,4,NA,TRUE,0
"12257",9,"M",6,"Hispanic","High",2,0,0,NA,0,0,0,0,0,0,4,"1",NA,0
"12258",6,"F",4,"Black","High",2,0,0,0,0,0,0,0,0,0,3,"1",FALSE,0
"12259",7,"F",4,"Black","High",2,0,0,0,0,0,0,0,0,1,3,NA,TRUE,0
"12260",7,"F",4,"Black","High",2,0,0,0,0,0,0,0,0,0,4,"1",FALSE,0
"12261",7,"M",4,"Hispanic","High",2,0,0,NA,0,0,0,0,0,0,4,"1",NA,0
"12262",6,"M",4,"White","High",2,0,0,0,0,0,0,0,0,0,3,"1",FALSE,0
"12263",8,"M",5,"Black","High",2,0,0,0,0,0,0,0,0,0,4,"1",FALSE,0
"12264",8,"F",5,"Hispanic","High",2,0,0,0,0,0,0,0,0,0,4,"1",FALSE,0
"12265",9,"M",6,"White","High",2,0,0,0,0,0,0,0,0,0,3,"1",FALSE,0
"12266",6,"F",4,"Black","High",2,0,0,0,0,0,0,0,0,0,4,NA,FALSE,0
"12267",7,"M",4,"Hispanic","High",2,0,0,0,0,0,0,0,0,0,4,"1",FALSE,0
"12268",6,"F",4,"Hispanic","High",2,0,0,0,0,0,0,0,0,0,4,NA,FALSE,0
"12269",7,"M",4,"Hispanic","High",2,0,0,0,0,0,0,0,0,0,4,"1",FALSE,0
"12270",7,"M",5,"Black","High",2,0,0,0,0,0,0,0,0,0,4,"1",FALSE,0
"12271",6,"M",4,"White","High",2,0,0,0,0,0,0,0,0,0,4,"1",FALSE,0
"12272",6,"M",4,"Hispanic","High",1,0,1,0,0,0,0,0,0,0,4,NA,TRUE,0
"12273",6,"F",4,"Black","High",2,0,0,0,0,0,0,0,0,0,4,"1",FALSE,0
"12274",6,"F",4,"Hispanic","High",2,0,0,0,0,0,0,0,0,0,2,"1",FALSE,1
"12275",10,"F",7,"Hispanic","High",2,0,0,0,0,0,0,0,0,0,3,"1",FALSE,0
"12276",9,"F",6,"Black","High",2,0,0,0,0,0,0,0,0,0,3,NA,FALSE,0
"12277",9,"F",6,"Hispanic","High",2,0,0,0,0,0,0,0,0,0,4,"1",FALSE,0
"12278",9,"M",6,"Black","High",1,0,0,0,0,0,0,0,0,0,4,"1",FALSE,0
"12279",9,"F",7,"White","High",2,0,0,0,0,0,0,0,0,0,3,NA,FALSE,0
"12280",9,"M",6,"Black","High",2,0,0,0,0,0,0,0,0,0,4,"1",FALSE,0
"12281",8,"M",6,"White","High",2,0,0,0,0,0,0,0,0,1,4,NA,TRUE,0
"12282",10,"M",7,"Black","High",2,0,0,0,NA,NA,0,NA,NA,0,2,NA,NA,1
"12283",8,"M",6,"Black","High",2,0,0,0,0,0,0,0,0,0,4,NA,FALSE,0
"12284",8,"M",6,"Asian","High",2,0,0,0,0,0,0,0,0,0,4,"1",FALSE,0
"12285",8,"M",6,"Hispanic","High",2,0,0,0,0,0,0,0,0,0,4,"1",FALSE,0
"12286",9,"M",6,"White","High",1,1,0,0,0,0,1,0,0,1,1,NA,TRUE,1
"12287",9,"M",6,"Hispanic","High",2,0,0,0,0,0,0,0,0,0,4,"1",FALSE,0
"12288",9,"M",6,"Asian","High",1,0,0,0,NA,NA,NA,NA,NA,0,2,"1",NA,1
"12289",4,"M",1,NA,"Middle",2,0,0,0,0,0,0,0,0,0,3,NA,FALSE,0
"12290",11,"M",7,"Black","High",2,0,0,0,0,0,0,0,0,0,1,"1",FALSE,1
"12291",6,"F",3,"White","Middle",2,0,0,0,0,0,0,0,0,0,4,"1",FALSE,0
"12292",5,"M",3,"Black","Middle",2,0,0,0,0,0,0,0,0,0,3,"1",FALSE,0
"12293",5,"M",3,"White","Middle",2,0,0,0,0,0,0,0,0,0,1,NA,FALSE,1
"12294",5,"M",3,"Hispanic","Middle",1,0,0,0,0,0,0,0,0,0,1,NA,FALSE,1
"12295",5,"M",3,"Hispanic","Middle",2,0,0,0,0,0,0,0,0,0,4,NA,FALSE,0
"12296",5,"M",3,"Hispanic","Middle",2,0,0,0,0,0,0,0,0,0,4,"1",FALSE,0
"12297",7,"M",3,"Black","Middle",2,0,0,0,0,0,0,0,0,0,4,NA,FALSE,0
"12298",NA,NA,NA,NA,NA,NA,0,0,0,0,0,0,0,0,0,NA,"1",FALSE,NA
"12299",3,"M",1,"Hispanic","Middle",2,0,0,0,0,0,0,0,0,0,4,NA,FALSE,0
"12300",6,"F",3,"White","Middle",2,0,0,0,0,0,0,0,0,0,4,"1",FALSE,0
"12301",5,"F",3,"Hispanic","Middle",2,0,0,0,0,0,0,0,0,0,4,NA,FALSE,0
"12302",6,"F",3,"Black","Middle",2,0,0,0,0,0,0,0,0,0,3,"1",FALSE,0
"12303",6,"F",3,"Black","Middle",1,0,1,0,0,0,0,0,0,0,4,NA,TRUE,0
"12304",5,"F",3,"Black","Middle",2,0,0,0,0,0,0,0,0,0,4,NA,FALSE,0
"12305",6,"F",3,"White","Middle",1,0,1,0,0,0,0,0,0,1,3,NA,TRUE,0
"12306",5,"F",3,"Hispanic","Middle",2,0,0,0,0,0,0,0,0,0,4,NA,FALSE,0
"12307",5,"F",3,"White","Middle",2,0,0,0,0,0,0,0,0,0,4,"1",FALSE,0
"12308",6,"F",3,"Black","Middle",2,0,0,0,0,0,0,0,0,0,4,"1",FALSE,0
"12309",5,"M",3,"Hispanic","Middle",2,0,0,0,0,0,0,0,0,0,1,NA,FALSE,1
"12310",4,"F",1,"Hispanic","Middle",2,0,0,0,0,0,0,0,0,0,3,"1",FALSE,0
"12311",3,NA,1,"White","Middle",2,0,0,0,0,0,0,0,0,0,4,"1",FALSE,0
"12312",5,"F",1,"Hispanic","Middle",2,0,0,0,0,0,0,0,0,0,3,"1",FALSE,0
"12313",5,"M",2,"Hispanic","Middle",2,0,0,0,0,0,0,0,0,0,4,"1",FALSE,0
"12314",3,"M",1,"Asian","Middle",2,0,0,0,0,0,0,0,0,0,4,NA,FALSE,0
"12315",5,"F",1,"Black","Middle",2,0,0,0,0,0,0,0,0,0,1,NA,FALSE,1
"12316",3,"M",1,"AI/AN","Middle",2,0,0,0,0,0,0,0,0,0,4,"1",FALSE,0
"12317",4,"M",1,"Black","Middle",2,0,0,0,0,0,0,0,0,0,4,"1",FALSE,0
"12318",3,"M",1,"Black","Middle",2,0,0,0,0,0,0,0,0,0,2,"1",FALSE,1
"12319",3,"M",1,"Black","Middle",2,0,0,0,0,0,0,0,0,0,4,"1",FALSE,0
"12320",4,"M",1,"Black","Middle",2,0,0,0,0,0,0,0,0,0,4,"1",FALSE,0
"12321",4,"M",1,"White","Middle",2,0,0,0,0,0,0,0,0,0,4,"1",FALSE,0
"12322",4,"M",1,"White","Middle",2,0,0,0,0,0,0,0,0,0,4,NA,FALSE,0
"12323",3,"M",1,"Black","Middle",2,0,0,0,0,0,0,0,0,0,4,NA,FALSE,0
"12324",3,"M",1,"Black","Middle",2,0,0,0,0,0,0,0,0,0,4,NA,FALSE,0
"12325",5,"M",1,"Black","Middle",2,0,0,0,NA,NA,NA,NA,NA,0,2,NA,NA,1
"12326",4,"M",1,"Black","Middle",2,0,0,0,0,0,0,0,0,0,4,"1",FALSE,0
"12327",5,"M",1,"Black","Middle",2,0,0,0,0,0,0,0,0,0,4,"1",FALSE,0
"12328",4,"F",1,"Hispanic","Middle",2,0,0,0,0,0,0,0,0,0,4,"1",FALSE,0
"12329",2,"F",1,"Black","Middle",1,0,0,0,0,0,0,0,1,0,3,"1",TRUE,0
"12330",3,"F",1,"White","Middle",2,0,0,0,0,0,0,0,0,0,4,NA,FALSE,0
"12331",3,"F",1,"Hispanic","Middle",2,0,0,NA,0,0,0,0,0,0,1,NA,NA,1
"12332",3,"M",1,"Asian","Middle",2,0,0,0,0,0,0,0,0,0,4,"1",FALSE,0
"12333",4,"M",2,NA,"Middle",2,0,0,0,0,0,0,0,0,0,4,"1",FALSE,0
"12334",5,"M",2,"Hispanic","Middle",2,0,0,0,0,0,0,0,0,0,1,"1",FALSE,1
"12335",5,"M",2,"Hispanic","Middle",2,0,0,0,0,0,0,0,0,0,2,"1",FALSE,1
"12336",5,"M",2,"Hispanic","Middle",1,0,1,0,0,0,NA,0,0,0,4,"1",TRUE,0
"12337",4,"F",2,"Black","Middle",2,0,0,0,0,0,0,0,0,0,2,"1",FALSE,1
"12338",NA,NA,NA,NA,NA,2,NA,0,0,0,0,0,0,0,0,NA,NA,NA,NA
"12339",4,"M",2,"Hispanic","Middle",2,1,0,0,0,0,0,0,0,0,2,NA,TRUE,1
"12340",5,"F",2,"Black","Middle",NA,0,0,0,0,0,0,0,0,0,3,NA,FALSE,0
"12341",5,"F",2,"Hispanic","Middle",NA,0,0,0,0,0,0,0,0,0,4,"1",FALSE,0
"12342",5,"M",2,"Hispanic","Middle",2,0,0,0,0,0,0,0,0,0,3,"1",FALSE,0
"12343",5,"F",2,"Hispanic","Middle",2,0,0,0,0,1,0,0,0,0,4,"1",TRUE,0
"12344",4,"M",2,"Hispanic","Middle",2,0,0,0,0,0,0,0,0,0,4,NA,FALSE,0
"12345",4,"F",2,"Black","Middle",2,0,0,0,0,0,0,0,0,0,4,NA,FALSE,0
"12346",5,"M",2,"Black","Middle",2,0,0,NA,0,0,NA,0,0,0,4,"1",NA,0
"12347",5,"M",2,"Black","Middle",2,0,0,0,0,0,0,0,0,0,4,"1",FALSE,0
"12348",7,"F",4,"White","High",2,0,0,0,0,0,0,0,0,0,3,"1",FALSE,0
"12349",8,"F",6,"White","High",2,0,0,0,0,0,0,0,0,0,4,"1",FALSE,0
"12350",6,"M",4,"White","High",2,0,0,0,0,0,0,0,0,0,4,"1",FALSE,0
"12351",6,"M",4,"White","High",1,0,0,0,0,0,0,0,0,0,2,NA,FALSE,1
"12352",7,"M",4,"White","High",2,0,0,0,0,0,0,0,0,0,4,NA,FALSE,0
"12353",8,"F",5,"White","High",1,1,0,0,0,0,0,0,0,0,2,NA,TRUE,1
"12354",8,"M",5,"White","High",2,0,0,0,0,0,0,0,0,0,4,"1",FALSE,0
"12355",7,"M",5,"Hispanic","High",2,0,0,0,0,0,0,0,0,0,4,NA,FALSE,0
"12356",7,"M",5,"Hispanic","High",2,0,0,0,0,0,0,0,0,0,4,NA,FALSE,0
"12357",6,"M",4,"White","High",2,0,0,0,0,0,0,0,0,0,4,"1",FALSE,0
"12358",7,"F",4,"Hispanic","High",2,0,0,0,0,0,0,0,0,0,4,NA,FALSE,0
"12359",7,"F",4,"AI/AN","High",2,0,0,0,0,0,0,0,0,0,4,NA,FALSE,0
"12360",7,"M",4,"White","High",2,0,0,0,0,0,0,0,0,0,4,"1",FALSE,0
"12361",6,"M",4,"White","High",2,0,0,0,0,0,0,0,0,0,4,"1",FALSE,0
"12362",6,"F",4,"White","High",2,0,0,0,0,0,0,0,0,0,4,NA,FALSE,0
"12363",6,"F",4,"White","High",2,0,0,0,0,0,0,0,0,0,4,NA,FALSE,0
"12364",7,"F",4,"White","High",2,0,0,0,0,0,0,0,0,0,3,NA,FALSE,0
"12365",6,"F",4,"White","High",2,0,0,0,0,0,0,0,0,0,2,NA,FALSE,1
"12366",7,"M",4,"White","High",2,0,0,0,0,0,0,0,0,0,3,NA,FALSE,0
"12367",7,"F",4,"White","High",2,0,0,0,0,0,0,0,0,0,4,"1",FALSE,0
"12368",7,"F",4,"White","High",2,0,0,0,0,0,0,0,0,0,3,"1",FALSE,0
"12369",8,"M",4,"White","High",1,0,1,1,1,0,0,0,0,1,3,NA,TRUE,0
"12370",6,"M",4,"White","High",2,0,0,0,0,0,0,0,0,0,4,"1",FALSE,0
"12371",7,"F",4,"White","High",2,1,0,1,0,0,0,0,0,0,1,"1",TRUE,1
"12372",6,"F",4,"White","High",2,0,0,0,0,0,0,0,0,0,1,NA,FALSE,1
"12373",8,"F",4,"Hispanic","High",1,0,1,0,NA,NA,1,NA,NA,1,4,NA,TRUE,0
"12374",6,"F",4,"White","High",2,0,0,0,0,0,0,0,0,0,2,NA,FALSE,1
"12375",7,"F",4,"Hispanic","High",2,0,0,0,0,0,0,0,0,1,4,NA,TRUE,0
"12376",7,"F",5,"Hispanic","High",2,0,0,0,0,0,0,0,0,0,4,"1",FALSE,0
"12377",9,"F",5,"Hispanic","High",2,0,0,0,0,0,0,0,0,0,4,"1",FALSE,0
"12378",10,"M",6,"White","High",2,0,0,0,0,0,0,0,0,1,1,"1",TRUE,1
"12379",9,"M",6,"White","High",2,0,0,0,0,0,0,0,0,0,4,"1",FALSE,0
"12380",9,"F",6,"Asian","High",2,0,0,0,0,0,0,0,0,0,4,"1",FALSE,0
"12381",9,"F",6,"White","High",2,0,0,0,0,0,0,0,0,0,4,"1",FALSE,0
"12382",9,"M",6,"White","High",2,0,0,0,0,0,0,0,0,0,4,"1",FALSE,0
"12383",9,"F",6,"White","High",NA,1,NA,1,0,0,1,0,1,1,1,"1",TRUE,1
"12384",9,"M",6,"White","High",1,1,0,1,0,0,0,0,0,0,1,"1",TRUE,1
"12385",9,"M",6,"Black","High",1,NA,NA,0,0,0,NA,1,0,NA,1,NA,TRUE,1
"12386",9,"F",6,"Hispanic","High",2,0,0,0,0,0,0,0,0,0,4,"1",FALSE,0
"12387",9,"M",6,"White","High",NA,0,0,0,NA,NA,0,NA,NA,0,4,NA,NA,0
"12388",9,"M",6,"Hispanic","High",1,1,NA,NA,0,1,NA,0,0,1,2,NA,TRUE,1
"12389",8,"M",6,"Hispanic","High",2,0,0,0,0,0,0,0,0,0,4,NA,FALSE,0
"12390",9,"M",6,"White","High",2,0,0,0,0,0,0,0,0,1,4,"1",TRUE,0
"12391",10,"F",6,"Hispanic","High",1,0,0,0,0,0,0,0,0,0,4,NA,FALSE,0
"12392",9,"F",6,"White","High",1,1,0,0,0,0,0,0,0,1,3,"1",TRUE,0
"12393",8,"M",6,"White","High",2,0,0,0,0,0,0,0,0,0,4,"1",FALSE,0
"12394",8,"M",6,"White","High",2,0,0,0,0,0,0,0,0,0,3,"1",FALSE,0
"12395",9,"M",7,"White","High",1,0,0,0,0,0,0,0,0,1,4,NA,TRUE,0
"12396",9,"M",6,"AI/AN","High",2,0,0,0,0,0,0,0,0,0,4,"1",FALSE,0
"12397",9,"F",6,"White","High",2,0,0,0,0,0,0,0,0,0,4,"1",FALSE,0
"12398",9,"M",6,"White","High",2,0,0,0,0,0,0,0,0,1,4,NA,TRUE,0
"12399",8,"M",6,"Hispanic","High",2,0,0,0,0,0,0,0,0,1,4,NA,TRUE,0
"12400",8,"M",6,"Hispanic","High",2,0,0,0,0,0,0,0,0,0,4,"1",FALSE,0
"12401",9,"M",6,"White","High",2,0,0,0,0,0,0,0,0,0,3,NA,FALSE,0
"12402",9,"M",6,"White","High",1,1,0,0,0,0,0,0,0,1,1,NA,TRUE,1
"12403",9,"M",6,NA,"High",1,0,0,0,0,0,0,0,0,0,1,"1",FALSE,1
"12404",8,"M",7,"Hispanic","High",2,0,0,0,0,0,0,0,0,0,4,"1",FALSE,0
"12405",9,"M",7,"White","High",2,0,0,0,0,0,0,0,0,0,3,"1",FALSE,0
"12406",10,"M",7,"White","High",1,0,0,0,0,0,0,0,0,1,1,"1",TRUE,1
"12407",9,"F",7,"Hispanic","High",2,0,0,0,0,0,0,0,0,0,1,"1",FALSE,1
"12408",9,"F",7,"White","High",2,0,0,0,0,0,0,0,0,0,4,"1",FALSE,0
"12409",10,"F",7,"White","High",1,1,0,0,0,0,0,0,1,0,1,NA,TRUE,1
"12410",9,"M",7,"White","High",2,0,0,0,0,0,0,0,0,0,4,NA,FALSE,0
"12411",10,"M",7,"White","High",2,0,0,0,0,0,0,0,0,0,3,"1",FALSE,0
"12412",10,"M",7,"White","High",2,0,0,0,0,0,0,0,0,0,2,"1",FALSE,1
"12413",10,"F",7,"Hispanic","High",2,0,0,0,0,0,0,0,0,0,2,NA,FALSE,1
"12414",10,"M",7,"White","High",1,0,0,0,0,0,0,0,0,0,4,"1",FALSE,0
"12415",9,"F",7,"White","High",2,0,0,0,0,0,0,0,0,0,4,"1",FALSE,0
"12416",10,"F",7,"White","High",2,0,0,NA,0,0,0,0,0,0,4,"1",NA,0
"12417",10,"M",7,"White","High",2,0,0,0,0,0,0,0,0,0,4,"1",FALSE,0
"12418",10,"F",7,"White","High",2,0,0,0,0,0,0,0,0,0,3,"1",FALSE,0
"12419",9,"F",7,"White","High",2,0,0,0,0,0,0,0,0,0,4,"1",FALSE,0
"12420",10,"F",7,"White","High",2,0,0,0,0,0,0,0,0,0,1,"1",FALSE,1
"12421",10,"F",7,"White","High",2,0,0,0,0,0,0,0,0,0,4,NA,FALSE,0
"12422",10,"F",7,"White","High",2,0,0,0,0,0,0,0,0,0,3,"1",FALSE,0
"12423",10,"M",7,"White","High",2,0,0,0,0,0,0,0,0,0,2,"1",FALSE,1
"12424",10,"M",7,"Hispanic","High",2,0,0,0,0,0,0,0,0,0,4,"1",FALSE,0
"12425",10,"F",7,"Hispanic","High",2,0,0,0,0,0,0,0,0,0,4,"1",FALSE,0
"12426",10,"M",7,"White","High",2,0,0,0,0,0,0,0,0,0,2,"1",FALSE,1
"12427",9,"M",7,"White","High",2,0,0,0,0,0,0,0,0,0,4,"1",FALSE,0
"12428",10,"F",7,"White","High",2,0,0,0,0,0,0,0,0,0,4,"1",FALSE,0
"12429",7,"M",5,"Hispanic","High",2,0,0,0,0,0,0,0,0,0,4,"1",FALSE,0
"12430",8,"M",5,"Hispanic","High",2,0,0,0,0,0,0,0,0,1,4,NA,TRUE,0
"12431",7,"M",5,"White","High",2,0,0,0,0,0,NA,0,0,0,4,"1",NA,0
"12432",8,"M",5,"White","High",1,0,0,0,0,0,0,0,0,0,1,NA,FALSE,1
"12433",8,"F",5,"White","High",2,0,0,0,0,0,0,0,0,0,4,NA,FALSE,0
"12434",8,"M",5,"White","High",1,0,0,0,0,0,0,0,0,1,3,"1",TRUE,0
"12435",8,"F",5,"White","High",1,0,0,0,0,0,0,0,0,1,4,NA,TRUE,0
"12436",8,"M",5,"White","High",2,0,0,0,0,0,0,0,0,1,1,NA,TRUE,1
"12437",8,"M",5,"White","High",2,0,0,1,0,0,0,0,0,1,4,NA,TRUE,0
"12438",7,"F",5,NA,"High",2,0,0,0,0,0,0,0,0,0,4,NA,FALSE,0
"12439",8,"M",5,"White","High",1,1,1,NA,0,0,0,1,0,1,2,NA,TRUE,1
"12440",7,"M",4,"White","High",2,0,0,0,0,0,0,0,0,0,4,"1",FALSE,0
"12441",7,"M",5,"White","High",2,0,0,0,0,0,0,0,0,0,4,NA,FALSE,0
"12442",8,"M",5,"Hispanic","High",2,0,0,0,0,0,0,0,0,0,2,NA,FALSE,1
"12443",7,"M",5,"White","High",1,0,0,0,0,0,0,0,0,1,2,NA,TRUE,1
"12444",8,"M",5,"AI/AN","High",2,0,0,0,0,0,0,0,0,0,4,"1",FALSE,0
"12445",8,"M",5,"Hispanic","High",2,0,0,0,0,0,0,0,0,0,4,"1",FALSE,0
"12446",8,"M",5,"White","High",2,0,0,0,0,0,0,0,0,0,4,"1",FALSE,0
"12447",8,"F",5,"White","High",2,0,0,0,0,0,0,0,0,0,4,"1",FALSE,0
"12448",9,"M",NA,NA,NA,1,NA,1,1,NA,NA,0,NA,NA,0,4,NA,TRUE,0
"12449",8,"M",5,"White","High",1,0,0,1,0,0,0,0,0,0,1,NA,TRUE,1
"12450",5,"M",2,"White","Middle",2,0,0,0,0,0,0,0,0,0,3,"1",FALSE,0
"12451",5,"F",2,"White","Middle",2,0,0,0,0,0,0,0,0,0,2,NA,FALSE,1
"12452",5,"F",2,"White","Middle",2,0,0,0,0,0,0,0,0,0,4,"1",FALSE,0
"12453",5,"M",2,"White","Middle",2,0,0,0,0,0,0,0,0,0,1,"1",FALSE,1
"12454",5,"F",2,"White","Middle",2,0,0,0,0,0,0,0,0,0,4,"1",FALSE,0
"12455",4,"F",2,NA,"Middle",2,0,0,0,NA,NA,0,NA,NA,0,4,NA,NA,0
"12456",5,"F",2,"AI/AN","Middle",2,0,0,0,0,0,0,0,0,0,4,NA,FALSE,0
"12457",5,"M",2,"White","Middle",2,0,0,0,0,0,0,0,0,0,4,"1",FALSE,0
"12458",5,"M",2,"White","Middle",2,0,0,0,0,0,0,0,0,0,4,"1",FALSE,0
"12459",5,"F",2,"Hispanic","Middle",2,0,0,0,0,0,0,0,0,0,4,"1",FALSE,0
"12460",5,"F",2,"White","Middle",2,0,0,0,0,0,0,0,0,0,2,"1",FALSE,1
"12461",5,"M",1,"White","Middle",2,0,0,0,0,0,0,0,0,0,4,"1",FALSE,0
"12462",4,"F",2,"Black","Middle",2,0,0,0,0,0,0,0,0,0,4,"1",FALSE,0
"12463",4,"M",2,NA,"Middle",2,0,0,0,0,0,0,0,0,0,4,"1",FALSE,0
"12464",4,"F",2,"White","Middle",2,0,0,0,0,0,0,0,0,0,4,"1",FALSE,0
"12465",5,"F",2,"White","Middle",2,0,0,0,0,0,0,0,0,0,4,"1",FALSE,0
"12466",5,"F",2,"White","Middle",2,0,0,0,0,0,0,0,0,0,3,NA,FALSE,0
"12467",4,"M",2,"Hispanic","Middle",2,0,0,0,0,0,0,0,0,0,3,"1",FALSE,0
"12468",4,"F",2,"White","Middle",2,0,0,0,0,0,0,0,0,0,4,"1",FALSE,0
"12469",5,"M",2,"Hispanic","Middle",2,0,0,0,0,0,0,0,0,0,4,"1",FALSE,0
"12470",5,"M",2,NA,"Middle",2,0,0,0,0,0,0,0,0,0,1,"1",FALSE,1
"12471",4,"F",2,"White","Middle",2,0,0,0,0,0,0,0,0,0,4,"1",FALSE,0
"12472",4,"F",2,"Black","Middle",2,0,0,0,0,0,0,0,0,0,4,"1",FALSE,0
"12473",4,"F",2,"White","Middle",2,0,0,0,0,0,0,0,0,0,4,NA,FALSE,0
"12474",4,"M",2,"NHOPI","Middle",2,0,0,0,0,0,0,0,0,NA,4,"1",NA,0
"12475",4,"F",2,"White","Middle",2,0,0,0,0,0,0,0,0,0,4,"1",FALSE,0
"12476",5,"M",2,"AI/AN","Middle",2,0,0,0,0,0,0,0,0,0,4,"1",FALSE,0
"12477",5,"F",2,"Hispanic","Middle",2,0,0,0,0,0,0,0,0,0,2,"1",FALSE,1
"12478",5,"F",2,"Hispanic","Middle",2,0,0,0,0,0,0,0,0,0,3,"1",FALSE,0
"12479",5,"M",3,NA,"Middle",2,0,0,0,0,0,0,0,0,0,4,NA,FALSE,0
"12480",5,"M",3,"White","Middle",2,0,0,0,0,0,0,0,0,0,4,NA,FALSE,0
"12481",6,"M",3,"White","Middle",1,0,0,0,0,0,0,0,0,1,2,NA,TRUE,1
"12482",6,"M",3,"NHOPI","Middle",2,0,0,0,0,0,0,0,0,0,3,NA,FALSE,0
"12483",5,"M",3,"White","Middle",2,0,0,0,0,0,0,0,0,0,4,"1",FALSE,0
"12484",6,"M",3,"White","Middle",2,0,0,0,0,0,0,0,0,0,4,"1",FALSE,0
"12485",6,"M",3,"Hispanic","Middle",2,0,0,0,0,0,0,0,0,0,4,"1",FALSE,0
"12486",6,"M",3,"Black","Middle",2,0,0,0,0,0,0,0,0,0,4,"1",FALSE,0
"12487",6,"M",3,"Asian","Middle",2,0,0,0,0,0,0,0,0,0,4,NA,FALSE,0
"12488",6,"M",3,"White","Middle",2,0,0,0,0,0,0,0,0,0,4,"1",FALSE,0
"12489",6,"M",3,"White","Middle",2,0,0,0,0,0,0,0,0,0,4,"1",FALSE,0
"12490",6,"M",3,"Hispanic","Middle",NA,0,NA,NA,0,0,0,0,0,NA,4,"1",NA,0
"12491",5,"F",3,"White","Middle",2,0,0,0,0,0,0,0,0,0,4,"1",FALSE,0
"12492",6,"F",3,"Hispanic","Middle",2,0,0,0,0,0,0,0,0,1,4,NA,TRUE,0
"12493",6,"M",3,"White","Middle",2,0,0,0,0,0,0,0,0,0,4,"1",FALSE,0
"12494",5,"F",3,"White","Middle",2,0,0,0,0,0,0,0,0,1,4,"1",TRUE,0
"12495",5,"M",3,"White","Middle",2,0,0,0,0,0,0,0,0,0,4,"1",FALSE,0
"12496",6,"F",3,"White","Middle",2,0,0,0,0,0,0,0,0,0,2,NA,FALSE,1
"12497",6,"F",3,"Hispanic","Middle",1,1,1,0,0,0,0,0,0,0,4,NA,TRUE,0
"12498",5,"F",3,"White","Middle",1,0,0,0,0,0,0,0,0,0,2,NA,FALSE,1
"12499",5,"F",3,"White","Middle",2,0,0,0,0,0,0,0,0,0,2,"1",FALSE,1
"12500",6,"F",3,"White","Middle",2,0,0,0,0,0,0,0,0,0,3,"1",FALSE,0
"12501",5,"F",3,"White","Middle",2,0,0,0,0,0,0,0,0,0,4,NA,FALSE,0
"12502",6,"F",3,NA,"Middle",2,0,0,0,0,0,0,0,0,0,4,"1",FALSE,0
"12503",5,"F",3,"White","Middle",2,0,0,0,0,0,0,0,0,0,4,NA,FALSE,0
"12504",3,"F",1,"Hispanic","Middle",2,0,0,0,0,0,0,0,0,0,1,NA,FALSE,1
"12505",3,"F",1,"Hispanic","Middle",2,0,0,0,0,0,0,0,0,0,4,"1",FALSE,0
"12506",4,"F",1,"White","Middle",2,0,0,0,0,0,0,0,0,0,3,NA,FALSE,0
"12507",4,"F",1,"White","Middle",2,0,0,0,0,0,0,0,0,0,4,NA,FALSE,0
"12508",3,"F",1,"White","Middle",2,0,0,0,0,0,0,0,0,0,4,NA,FALSE,0
"12509",4,"M",1,"Hispanic","Middle",2,0,0,0,0,0,0,0,0,0,4,"1",FALSE,0
"12510",4,"M",1,"White","Middle",2,0,0,0,0,0,0,0,0,0,2,"1",FALSE,1
"12511",3,"F",1,"Hispanic","Middle",2,0,0,0,0,0,0,0,0,0,4,"1",FALSE,0
"12512",3,"F",1,NA,"Middle",2,0,0,0,0,0,0,0,0,0,NA,NA,FALSE,NA
"12513",3,"M",1,"White","Middle",2,0,0,0,0,0,0,0,0,0,4,NA,FALSE,0
"12514",3,"F",1,"Hispanic","Middle",2,0,0,0,0,0,0,0,0,1,3,NA,TRUE,0
"12515",3,"F",1,"Hispanic","Middle",2,0,0,0,0,0,0,0,0,1,4,NA,TRUE,0
"12516",3,"F",1,"White","Middle",2,0,0,0,0,0,0,0,0,0,4,"1",FALSE,0
"12517",4,"M",1,"White","Middle",2,0,0,0,0,0,0,0,0,0,4,"1",FALSE,0
"12518",4,"F",1,"White","Middle",2,0,0,0,0,0,0,0,0,0,4,"1",FALSE,0
"12519",4,"F",1,NA,"Middle",2,0,0,0,0,0,0,0,0,0,4,NA,FALSE,0
"12520",4,"M",1,"NHOPI","Middle",2,0,0,0,0,0,0,0,0,0,4,"1",FALSE,0
"12521",4,"F",1,"White","Middle",2,0,0,0,0,0,0,0,0,0,4,NA,FALSE,0
"12522",4,"M",1,"Hispanic","Middle",2,0,0,0,0,0,0,0,0,0,4,"1",FALSE,0
"12523",3,"F",1,"White","Middle",2,0,0,0,0,0,0,0,0,0,4,NA,FALSE,0
"12524",3,"M",1,"Hispanic","Middle",2,0,0,0,0,0,0,0,0,0,3,"1",FALSE,0
"12525",3,"M",1,"White","Middle",2,0,0,0,0,0,0,0,0,0,3,"1",FALSE,0
"12526",3,"M",1,"Hispanic","Middle",2,0,0,0,0,0,0,0,0,0,4,"1",FALSE,0
"12527",4,"M",1,"White","Middle",2,0,0,0,0,0,0,0,0,0,4,NA,FALSE,0
"12528",3,"M",1,"White","Middle",2,0,0,0,0,0,0,0,0,0,4,"1",FALSE,0
"12529",4,"M",1,"White","Middle",2,0,0,0,0,0,0,0,0,0,4,"1",FALSE,0
"12530",9,"F",6,NA,"High",2,0,0,0,0,0,0,0,0,1,2,NA,TRUE,1
"12531",9,"F",6,"White","High",2,0,0,0,0,0,0,0,0,0,4,"1",FALSE,0
"12532",9,"F",6,"White","High",1,1,0,0,0,0,0,0,0,0,1,NA,TRUE,1
"12533",9,"F",6,"White","High",2,1,0,0,0,0,0,0,0,1,1,"1",TRUE,1
"12534",8,"M",6,"White","High",2,0,0,0,0,0,0,0,0,0,4,"1",FALSE,0
"12535",8,"M",6,"White","High",1,1,1,0,0,0,0,0,0,1,1,NA,TRUE,1
"12536",9,"M",6,"White","High",2,0,0,0,0,0,0,0,0,1,4,NA,TRUE,0
"12537",9,"M",6,"AI/AN","High",1,0,0,0,0,0,0,0,0,1,2,"1",TRUE,1
"12538",9,"M",6,"White","High",1,1,0,0,0,0,0,0,0,1,1,NA,TRUE,1
"12539",10,"F",7,"White","High",1,1,0,0,0,0,0,0,0,1,1,"1",TRUE,1
"12540",10,"M",7,"White","High",1,0,NA,0,0,0,0,0,0,1,4,NA,TRUE,0
"12541",9,"M",7,"White","High",2,0,0,0,0,0,0,0,0,0,1,"1",FALSE,1
"12542",10,"M",7,"White","High",1,1,1,0,0,0,0,0,0,1,2,NA,TRUE,1
"12543",10,"M",7,"White","High",1,1,0,0,0,0,0,0,0,1,1,NA,TRUE,1
"12544",10,"M",7,"White","High",1,0,0,0,0,0,0,0,0,1,2,"1",TRUE,1
"12545",9,"M",7,"White","High",1,0,0,0,0,0,0,0,0,1,4,"1",TRUE,0
"12546",4,"F",1,"White","Middle",2,0,0,0,0,0,0,0,0,0,4,"1",FALSE,0
"12547",3,"F",1,"White","Middle",2,0,0,0,0,0,0,0,0,0,3,"1",FALSE,0
"12548",4,"M",1,"White","Middle",2,0,0,0,0,0,0,0,0,0,1,"1",FALSE,1
"12549",4,"M",1,"White","Middle",2,0,0,0,0,0,0,0,0,0,4,"1",FALSE,0
"12550",4,"F",1,"White","Middle",2,0,0,0,0,0,0,0,0,0,4,NA,FALSE,0
"12551",4,"M",1,"White","Middle",2,0,0,0,0,0,0,0,0,0,4,"1",FALSE,0
"12552",4,"M",1,"AI/AN","Middle",2,0,0,0,0,0,0,0,0,0,3,NA,FALSE,0
"12553",4,"F",1,NA,"Middle",2,0,0,0,0,0,0,0,0,0,3,NA,FALSE,0
"12554",4,"M",1,NA,"Middle",2,0,0,0,0,0,0,0,0,0,4,NA,FALSE,0
"12555",3,"F",1,"Hispanic","Middle",2,0,0,0,0,0,0,0,0,0,4,NA,FALSE,0
"12556",4,"F",1,"White","Middle",2,0,0,0,0,0,0,0,0,0,4,"1",FALSE,0
"12557",4,"F",1,"White","Middle",2,0,0,0,0,0,0,0,0,0,4,"1",FALSE,0
"12558",4,"F",1,"White","Middle",2,0,0,0,0,0,0,0,0,0,4,"1",FALSE,0
"12559",4,"M",1,"White","Middle",2,0,0,0,0,0,0,0,0,0,4,NA,FALSE,0
"12560",3,"M",1,"White","Middle",2,0,0,0,0,0,0,0,0,0,4,"1",FALSE,0
"12561",4,"M",1,"White","Middle",2,0,0,NA,0,0,0,0,0,0,4,NA,NA,0
"12562",5,"M",2,"White","Middle",2,0,0,0,0,0,0,0,0,0,4,NA,FALSE,0
"12563",4,"F",2,"Hispanic","Middle",2,0,0,0,0,0,0,0,0,0,2,"1",FALSE,1
"12564",6,"M",2,"Hispanic","Middle",2,1,0,0,0,0,0,0,0,1,2,"1",TRUE,1
"12565",4,"F",2,"White","Middle",2,0,0,0,0,0,0,0,0,1,4,NA,TRUE,0
"12566",5,"F",2,"White","Middle",2,0,0,0,0,0,0,0,0,0,4,NA,FALSE,0
"12567",5,"M",2,"White","Middle",2,0,0,0,0,0,0,0,0,0,4,"1",FALSE,0
"12568",5,"F",2,"White","Middle",2,0,0,0,0,0,0,0,0,0,4,"1",FALSE,0
"12569",4,"M",2,"White","Middle",2,0,0,0,0,0,0,0,0,0,4,NA,FALSE,0
"12570",4,"M",2,NA,"Middle",2,0,0,0,0,0,0,0,0,0,4,"1",FALSE,0
"12571",5,"F",2,"White","Middle",2,0,0,0,0,0,0,0,0,0,4,"1",FALSE,0
"12572",4,"F",2,"White","Middle",2,0,0,0,0,0,0,0,0,0,4,"1",FALSE,0
"12573",5,"M",2,"White","Middle",2,0,0,0,0,0,0,0,0,0,2,"1",FALSE,1
"12574",4,"F",2,"Hispanic","Middle",2,0,0,0,0,0,0,0,0,0,4,"1",FALSE,0
"12575",4,"M",2,"White","Middle",2,0,0,0,0,0,0,0,0,0,4,"1",FALSE,0
"12576",4,"F",2,"White","Middle",2,0,0,0,0,0,0,0,0,0,4,NA,FALSE,0
"12577",5,"F",2,NA,"Middle",2,0,0,0,0,0,0,0,0,0,2,"1",FALSE,1
"12578",4,"M",2,"White","Middle",2,0,0,0,0,0,0,0,0,0,4,"1",FALSE,0
"12579",5,"F",2,"White","Middle",2,0,0,0,0,0,0,0,0,0,4,NA,FALSE,0
"12580",4,"M",2,"Hispanic","Middle",2,0,0,0,0,0,0,0,0,0,3,"1",FALSE,0
"12581",4,"M",2,"Hispanic","Middle",2,0,0,0,0,0,0,0,0,0,4,NA,FALSE,0
"12582",4,"F",2,"White","Middle",2,0,0,0,0,0,0,0,0,0,4,"1",FALSE,0
"12583",4,"M",2,"White","Middle",2,0,0,0,0,0,0,0,0,0,4,"1",FALSE,0
"12584",4,"F",2,"White","Middle",2,0,0,0,0,0,0,0,0,0,4,"1",FALSE,0
"12585",5,"F",3,"White","Middle",2,0,0,0,0,0,0,0,0,0,3,NA,FALSE,0
"12586",5,"F",3,"White","Middle",2,0,0,0,0,0,0,0,0,0,4,"1",FALSE,0
"12587",6,"M",3,"Asian","Middle",2,0,0,0,0,0,0,0,0,0,4,"1",FALSE,0
"12588",5,"M",3,"White","Middle",2,0,0,0,0,0,0,0,0,0,4,"1",FALSE,0
"12589",5,"F",3,"White","Middle",2,0,0,0,0,0,0,0,0,0,4,"1",FALSE,0
"12590",5,"M",3,NA,"Middle",2,0,0,0,0,0,0,0,0,0,4,NA,FALSE,0
"12591",6,"M",3,"White","Middle",2,0,0,0,0,0,0,0,0,0,4,"1",FALSE,0
"12592",5,"M",3,"White","Middle",2,0,0,0,0,0,0,0,0,0,4,"1",FALSE,0
"12593",5,"F",3,"White","Middle",2,0,0,0,0,0,0,0,0,0,4,"1",FALSE,0
"12594",6,"F",3,"Hispanic","Middle",2,0,0,0,0,0,0,0,0,0,4,"1",FALSE,0
"12595",6,"F",3,"White","Middle",2,0,0,0,0,0,0,0,0,0,4,"1",FALSE,0
"12596",5,"F",3,"Hispanic","Middle",2,0,0,0,0,0,0,0,0,0,4,"1",FALSE,0
"12597",5,"M",3,"Hispanic","Middle",2,0,0,0,0,0,0,0,0,0,4,"1",FALSE,0
"12598",5,"F",3,"AI/AN","Middle",2,0,0,0,0,0,0,0,0,0,1,NA,FALSE,1
"12599",5,"F",3,"Hispanic","Middle",1,0,0,0,0,0,NA,0,0,0,4,NA,NA,0
"12600",6,"F",3,"White","Middle",2,0,0,0,0,0,0,0,0,1,2,NA,TRUE,1
"12601",6,"F",3,"Hispanic","Middle",2,0,0,0,0,0,0,0,0,0,2,"1",FALSE,1
"12602",5,"M",3,"White","Middle",2,0,0,0,0,0,0,0,0,0,4,"1",FALSE,0
"12603",6,"M",3,"White","Middle",1,1,0,0,0,0,1,0,0,1,1,NA,TRUE,1
"12604",5,"F",3,"White","Middle",2,0,0,0,0,0,0,0,0,0,2,NA,FALSE,1
"12605",5,"F",3,"White","Middle",2,0,0,0,0,0,0,0,0,0,3,"1",FALSE,0
"12606",7,"F",4,"White","High",2,0,0,0,0,0,0,0,0,0,4,NA,FALSE,0
"12607",8,"M",4,"Hispanic","High",2,0,0,0,0,0,0,0,0,NA,4,"1",NA,0
"12608",7,"F",4,"White","High",2,0,0,0,0,0,0,0,0,0,3,"1",FALSE,0
"12609",8,"F",4,"Asian","High",1,0,0,0,0,0,0,0,0,0,4,NA,FALSE,0
"12610",6,"F",4,"Black","High",1,0,0,0,0,0,0,0,0,0,4,NA,FALSE,0
"12611",6,"M",4,"White","High",2,0,0,0,0,0,0,0,0,0,4,"1",FALSE,0
"12612",7,"F",4,"White","High",2,0,0,0,0,0,0,0,0,0,3,NA,FALSE,0
"12613",6,"M",4,"White","High",2,0,0,0,0,0,0,0,0,0,4,NA,FALSE,0
"12614",6,"F",4,"White","High",2,0,0,0,0,0,0,0,0,1,2,NA,TRUE,1
"12615",7,"F",4,"Black","High",2,0,0,0,0,0,0,0,0,0,4,NA,FALSE,0
"12616",8,"M",4,"AI/AN","High",1,0,1,0,0,0,0,0,0,1,2,NA,TRUE,1
"12617",6,"F",4,"White","High",2,0,0,0,0,0,0,0,0,1,3,NA,TRUE,0
"12618",7,"M",4,"White","High",2,0,0,0,0,0,0,0,0,0,4,NA,FALSE,0
"12619",7,"F",4,"White","High",2,0,0,0,0,0,0,0,0,0,4,NA,FALSE,0
"12620",9,"F",6,"White","High",2,0,0,0,0,0,0,0,0,0,3,NA,FALSE,0
"12621",9,"M",6,"White","High",2,1,0,0,0,0,0,0,0,1,2,NA,TRUE,1
"12622",7,"M",5,"Hispanic","High",2,0,NA,0,0,0,0,0,0,0,2,"1",NA,1
"12623",8,"F",5,"Black","High",2,0,0,0,0,0,0,0,0,0,4,"1",FALSE,0
"12624",7,"F",5,"Hispanic","High",2,0,0,0,0,0,0,0,0,0,4,"1",FALSE,0
"12625",8,"F",5,"White","High",2,1,0,0,0,0,0,1,0,0,1,"1",TRUE,1
"12626",9,"F",5,"Hispanic","High",2,0,0,0,0,0,0,0,0,0,4,NA,FALSE,0
"12627",7,"M",5,"White","High",2,0,0,0,0,0,0,0,0,0,NA,NA,FALSE,NA
"12628",8,"F",5,"White","High",2,0,0,0,0,0,0,0,0,1,4,NA,TRUE,0
"12629",7,"F",5,"White","High",2,0,0,0,0,0,0,0,0,0,4,"1",FALSE,0
"12630",9,"M",6,"White","High",2,0,0,0,0,0,0,0,0,0,3,"1",FALSE,0
"12631",7,"M",5,"White","High",1,0,0,0,0,0,0,0,0,0,4,"1",FALSE,0
"12632",9,"F",6,"Hispanic","High",2,0,0,0,0,0,0,0,0,0,4,"1",FALSE,0
"12633",7,"M",4,"Hispanic","High",2,0,0,0,0,0,0,0,0,0,4,"1",FALSE,0
"12634",6,"F",4,"Hispanic","High",1,0,1,0,0,0,0,0,0,1,2,NA,TRUE,1
"12635",6,"F",4,"White","High",2,0,0,0,0,0,0,0,0,0,4,"1",FALSE,0
"12636",6,"F",4,"Hispanic","High",2,0,0,0,0,0,0,0,0,0,4,"1",FALSE,0
"12637",7,"F",4,"Hispanic","High",2,0,0,0,0,0,0,0,0,0,4,"1",FALSE,0
"12638",7,"M",4,"Hispanic","High",2,0,NA,0,0,0,0,0,0,0,4,"1",NA,0
"12639",7,"F",4,"Asian","High",2,0,0,0,0,0,0,0,0,0,4,"1",FALSE,0
"12640",6,"F",4,"Hispanic","High",2,0,0,0,0,0,0,0,0,0,4,"1",FALSE,0
"12641",7,"F",5,"White","High",2,0,0,0,0,0,0,0,0,1,4,"1",TRUE,0
"12642",7,"F",5,"White","High",2,0,0,0,0,0,0,0,0,1,4,NA,TRUE,0
"12643",8,"F",5,"White","High",1,0,0,0,0,0,0,0,0,1,4,NA,TRUE,0
"12644",8,"M",5,"White","High",2,0,0,0,0,0,0,0,0,0,4,NA,FALSE,0
"12645",7,"M",5,"White","High",2,0,0,0,0,0,0,0,0,0,2,"1",FALSE,1
"12646",7,"M",5,"Asian","High",2,0,0,0,0,0,0,0,0,0,3,"1",FALSE,0
"12647",8,"M",5,"Hispanic","High",2,0,0,0,0,0,0,0,0,0,2,"1",FALSE,1
"12648",7,"F",5,"White","High",2,0,0,0,0,0,0,0,0,0,4,"1",FALSE,0
"12649",7,"M",5,"White","High",2,0,0,0,0,0,0,0,0,0,4,NA,FALSE,0
"12650",8,"F",5,"White","High",2,0,0,0,NA,NA,0,NA,NA,0,4,"1",NA,0
"12651",7,"F",5,"Hispanic","High",2,0,0,0,0,0,0,0,0,0,4,"1",FALSE,0
"12652",7,"F",5,"NHOPI","High",2,0,0,0,0,0,0,0,0,0,2,"1",FALSE,1
"12653",7,"F",5,"Hispanic","High",2,NA,0,0,NA,NA,0,NA,NA,0,2,"1",NA,1
"12654",7,"F",5,"Asian","High",2,0,0,0,0,0,0,0,0,0,4,"1",FALSE,0
"12655",7,"F",5,"Hispanic","High",2,0,0,0,0,0,0,0,0,0,2,"1",FALSE,1
"12656",7,"F",5,"Asian","High",2,0,0,0,0,0,0,0,0,0,4,"1",FALSE,0
"12657",8,"M",5,"Hispanic","High",2,0,0,0,0,0,0,0,0,0,4,"1",FALSE,0
"12658",7,"F",5,"Hispanic","High",2,0,0,0,0,0,0,0,0,0,3,NA,FALSE,0
"12659",7,"F",4,"Hispanic","High",2,0,0,0,0,0,0,0,0,0,4,"1",FALSE,0
"12660",7,"F",4,"Asian","High",2,0,0,0,0,0,0,0,0,0,4,"1",FALSE,0
"12661",7,"M",4,"Hispanic","High",2,0,0,0,0,0,0,0,0,0,4,"1",FALSE,0
"12662",6,"F",4,"Asian","High",2,0,0,0,0,0,0,0,0,0,2,"1",FALSE,1
"12663",6,"M",4,"White","High",2,0,0,0,0,0,0,0,0,0,1,"1",FALSE,1
"12664",7,"F",4,"Asian","High",2,0,0,0,0,0,0,0,0,0,4,"1",FALSE,0
"12665",7,"F",4,"White","High",2,0,0,0,0,0,0,0,0,0,2,NA,FALSE,1
"12666",7,"F",4,"Hispanic","High",2,0,0,0,0,0,0,0,0,0,2,"1",FALSE,1
"12667",7,"F",4,"Black","High",2,0,0,0,0,0,0,0,0,0,4,"1",FALSE,0
"12668",7,"F",4,"Asian","High",2,0,0,0,0,0,0,0,0,0,4,NA,FALSE,0
"12669",7,"F",4,"Asian","High",2,0,0,0,0,0,0,0,0,0,2,"1",FALSE,1
"12670",7,"M",4,"Asian","High",2,0,0,0,0,0,0,0,0,0,4,"1",FALSE,0
"12671",7,"M",4,"White","High",2,0,0,0,0,0,0,0,0,0,3,NA,FALSE,0
"12672",7,"M",4,"White","High",2,0,0,0,0,0,0,0,0,0,4,"1",FALSE,0
"12673",6,"F",4,"Hispanic","High",2,0,0,0,0,0,0,0,0,0,4,NA,FALSE,0
"12674",7,"M",4,"Asian","High",2,0,0,0,0,0,0,0,0,0,4,"1",FALSE,0
"12675",6,"M",4,"White","High",2,0,0,0,0,0,0,0,0,0,4,"1",FALSE,0
"12676",6,"F",4,"Asian","High",2,0,0,0,0,0,0,0,0,0,4,"1",FALSE,0
"12677",9,"M",6,"Hispanic","High",2,0,0,0,0,0,0,0,0,0,4,"1",FALSE,0
"12678",9,"M",6,"White","High",2,0,0,0,0,0,0,0,0,0,4,"1",FALSE,0
"12679",9,"F",6,NA,"High",2,0,0,0,0,0,0,0,0,0,4,"1",FALSE,0
"12680",9,"M",6,"Hispanic","High",2,0,0,0,0,0,0,0,0,0,4,"1",FALSE,0
"12681",9,"M",6,"Hispanic","High",2,0,0,0,0,0,1,0,0,1,4,NA,TRUE,0
"12682",10,"M",7,"White","High",1,0,0,0,0,0,0,0,0,1,3,"1",TRUE,0
"12683",9,"F",7,"White","High",1,0,0,0,0,0,0,0,0,1,4,"1",TRUE,0
"12684",9,"F",7,"Black","High",2,0,0,0,0,0,0,0,0,0,2,NA,FALSE,1
"12685",9,"M",7,"Asian","High",1,0,0,0,0,0,0,0,0,1,1,"1",TRUE,1
"12686",9,"M",7,"White","High",1,0,1,0,0,0,0,0,0,1,3,"1",TRUE,0
"12687",9,"M",7,"White","High",2,0,0,0,0,0,0,0,0,0,2,"1",FALSE,1
"12688",9,"F",7,"White","High",2,0,0,0,0,0,0,0,0,1,1,"1",TRUE,1
"12689",9,"M",6,"White","High",1,0,0,0,0,0,0,0,0,1,4,"1",TRUE,0
"12690",7,"F",4,"White","High",2,0,0,0,0,0,0,0,0,0,2,NA,FALSE,1
"12691",8,"F",6,"White","High",2,0,0,0,0,0,0,0,0,0,3,"1",FALSE,0
"12692",9,"M",6,"White","High",2,0,0,0,0,0,0,0,0,0,2,NA,FALSE,1
"12693",9,"M",6,"Asian","High",2,0,0,0,0,0,0,0,0,0,4,"1",FALSE,0
"12694",9,"F",6,"White","High",2,0,0,0,0,0,0,0,0,0,4,NA,FALSE,0
"12695",8,"M",6,"Hispanic","High",1,0,0,0,0,0,0,0,0,1,4,"1",TRUE,0
"12696",8,"F",6,"Hispanic","High",2,0,0,0,0,0,0,0,0,1,4,"1",TRUE,0
"12697",8,"F",7,"White","High",1,0,0,0,0,0,1,0,0,1,1,NA,TRUE,1
"12698",10,"M",6,"Hispanic","High",1,1,0,0,0,0,1,0,0,1,1,"1",TRUE,1
"12699",10,"M",6,"Hispanic","High",2,0,0,0,0,0,0,0,0,0,4,"1",FALSE,0
"12700",8,"M",6,"Asian","High",2,0,0,0,0,0,0,0,0,0,4,"1",FALSE,0
"12701",9,"M",6,"White","High",2,0,0,0,0,0,0,0,0,0,4,"1",FALSE,0
"12702",8,"M",6,"Black","High",2,0,0,0,0,0,0,0,0,0,1,"1",FALSE,1
"12703",9,"M",6,"Black","High",2,0,0,0,0,0,0,0,0,0,4,"1",FALSE,0
"12704",9,"F",6,"Asian","High",2,0,0,0,0,0,0,0,0,0,4,"1",FALSE,0
"12705",8,"F",6,"Hispanic","High",2,0,0,0,0,0,0,0,0,0,4,"1",FALSE,0
"12706",9,"F",6,"Asian","High",2,0,0,0,0,0,0,0,0,0,4,"1",FALSE,0
"12707",8,"F",6,"NHOPI","High",2,0,0,0,0,0,0,0,0,0,4,"1",FALSE,0
"12708",8,"F",6,"Hispanic","High",1,1,0,0,0,0,1,0,0,1,1,"1",TRUE,1
"12709",9,"F",6,"White","High",1,0,1,0,0,0,1,0,0,0,4,NA,TRUE,0
"12710",8,"F",6,"Hispanic","High",2,0,0,0,0,0,1,0,0,0,4,NA,TRUE,0
"12711",10,"M",7,"White","High",2,0,0,0,0,0,0,0,0,0,4,"1",FALSE,0
"12712",9,"M",7,"Black","High",2,0,0,0,0,0,0,0,0,0,1,NA,FALSE,1
"12713",10,"M",7,"Hispanic","High",2,0,0,0,0,0,0,0,0,1,2,"1",TRUE,1
"12714",1,NA,7,"Hispanic","High",1,1,1,1,0,0,0,0,0,0,1,NA,TRUE,1
"12715",10,"M",7,"White","High",2,0,0,0,0,0,0,0,0,0,4,NA,FALSE,0
"12716",10,"F",7,"White","High",2,0,0,0,0,0,0,0,0,1,2,NA,TRUE,1
"12717",10,"F",7,"White","High",2,0,0,0,0,0,0,0,0,0,3,"1",FALSE,0
"12718",9,"F",7,"White","High",2,0,0,0,0,0,0,0,0,0,2,"1",FALSE,1
"12719",10,"F",7,"White","High",2,0,0,0,0,0,0,0,0,0,2,NA,FALSE,1
"12720",9,"F",7,"White","High",2,0,0,0,0,0,0,0,0,0,3,"1",FALSE,0
"12721",10,"F",7,"Hispanic","High",2,0,0,0,0,0,0,0,0,1,2,"1",TRUE,1
"12722",9,"F",7,"White","High",2,0,0,0,0,0,0,0,0,1,4,"1",TRUE,0
"12723",10,"F",7,"White","High",2,0,0,0,0,0,0,0,0,0,3,"1",FALSE,0
"12724",9,"F",7,"White","High",2,0,0,0,0,0,0,0,0,1,4,"1",TRUE,0
"12725",10,"M",7,"White","High",1,0,1,0,0,0,0,0,0,1,4,"1",TRUE,0
"12726",10,"M",7,"White","High",1,0,0,0,0,0,NA,0,0,0,1,NA,NA,1
"12727",10,"M",7,"White","High",2,0,0,0,0,0,0,0,0,0,2,NA,FALSE,1
"12728",9,"M",7,"White","High",2,0,0,0,0,0,0,0,0,0,4,"1",FALSE,0
"12729",9,"M",7,"Hispanic","High",2,1,0,0,0,0,0,0,0,0,3,"1",TRUE,0
"12730",10,"M",7,"White","High",1,0,0,0,0,0,0,0,0,1,2,"1",TRUE,1
"12731",10,"M",7,"White","High",1,0,0,0,0,0,0,0,0,0,4,"1",FALSE,0
"12732",10,"M",7,"White","High",1,0,1,0,0,1,0,0,0,1,2,NA,TRUE,1
"12733",10,"M",7,"White","High",1,0,0,0,0,1,0,0,0,1,2,"1",TRUE,1
"12734",10,"F",7,"White","High",2,0,0,0,0,0,0,0,0,0,3,"1",FALSE,0
"12735",9,"F",7,"Hispanic","High",2,0,0,0,0,0,0,0,0,0,4,"1",FALSE,0
"12736",9,"F",7,"Hispanic","High",2,0,0,0,0,0,0,0,0,0,4,"1",FALSE,0
"12737",10,"F",7,"White","High",1,NA,0,0,0,0,0,0,0,1,1,NA,TRUE,1
"12738",9,"F",7,"White","High",1,0,0,0,0,0,0,0,0,1,2,NA,TRUE,1
"12739",9,"F",7,"White","High",2,0,0,0,0,0,1,0,0,1,2,"1",TRUE,1
"12740",8,"M",5,"White","High",1,0,1,0,0,0,0,0,0,1,1,NA,TRUE,1
"12741",7,"M",5,"White","High",2,0,0,0,0,0,0,0,0,0,2,"1",FALSE,1
"12742",8,"F",5,"White","High",2,0,0,0,0,0,0,0,0,0,3,NA,FALSE,0
"12743",8,"F",5,"White","High",2,0,0,0,0,0,0,0,0,0,4,"1",FALSE,0
"12744",7,"F",5,"White","High",2,0,0,0,0,0,0,0,0,0,3,"1",FALSE,0
"12745",7,"F",5,"White","High",2,0,0,0,0,0,0,0,0,0,4,"1",FALSE,0
"12746",7,"F",5,"Hispanic","High",1,0,0,0,0,0,0,0,0,1,2,"1",TRUE,1
"12747",7,"F",5,"White","High",2,0,0,0,0,0,0,0,0,1,3,NA,TRUE,0
"12748",8,"M",5,"White","High",2,0,0,0,0,0,0,0,0,0,4,"1",FALSE,0
"12749",8,"M",5,"White","High",2,0,0,0,0,0,0,0,0,0,4,"1",FALSE,0
"12750",7,"M",5,"White","High",2,0,0,0,0,0,0,0,0,0,4,"1",FALSE,0
"12751",7,"M",5,"White","High",2,0,0,0,0,0,0,0,0,0,4,"1",FALSE,0
"12752",8,"M",4,NA,"High",2,0,0,1,0,0,0,0,0,0,3,"1",TRUE,0
"12753",7,"M",5,"White","High",2,0,0,0,0,0,0,0,0,1,4,"1",TRUE,0
"12754",8,"M",5,"White","High",2,0,0,0,0,0,0,0,0,0,3,"1",FALSE,0
"12755",7,"F",5,"White","High",2,0,0,0,0,0,0,0,0,0,4,"1",FALSE,0
"12756",7,"F",5,"Hispanic","High",2,0,0,0,0,0,0,0,0,0,4,"1",FALSE,0
"12757",8,"M",5,"White","High",2,0,0,0,0,0,0,0,0,0,4,"1",FALSE,0
"12758",8,"M",5,"White","High",2,0,0,0,0,0,0,0,0,0,2,NA,FALSE,1
"12759",7,"F",5,"White","High",2,0,0,0,0,0,0,0,0,0,4,NA,FALSE,0
"12760",8,"F",5,"White","High",2,0,0,0,0,0,0,0,0,0,2,NA,FALSE,1
"12761",7,"F",5,"White","High",2,0,0,0,0,0,0,0,0,0,2,NA,FALSE,1
"12762",7,"F",5,"Asian","High",2,0,0,0,0,0,0,0,0,0,4,"1",FALSE,0
"12763",7,"M",5,"White","High",2,0,0,0,0,0,0,0,0,1,3,"1",TRUE,0
"12764",8,"M",5,"White","High",2,0,0,0,0,0,0,0,0,0,3,NA,FALSE,0
"12765",8,"M",5,"White","High",1,0,0,1,0,0,0,0,0,1,1,"1",TRUE,1
"12766",8,"M",5,"White","High",2,0,0,0,0,0,0,0,0,1,4,"1",TRUE,0
"12767",8,"M",5,"White","High",2,0,0,0,0,0,0,0,0,1,4,"1",TRUE,0
"12768",8,"M",5,"White","High",2,0,0,0,0,0,0,0,0,1,4,"1",TRUE,0
"12769",8,"M",4,"White","High",2,0,0,0,0,0,0,0,0,1,3,"1",TRUE,0
"12770",7,"M",5,"White","High",2,0,0,0,0,0,0,0,0,1,2,"1",TRUE,1
"12771",9,"M",7,"White","High",1,0,0,0,0,0,0,0,0,1,4,"1",TRUE,0
"12772",9,"M",7,"Black","High",2,0,0,0,0,0,0,0,0,0,4,"1",FALSE,0
"12773",9,"M",7,"White","High",1,NA,NA,0,0,0,0,0,0,1,2,"1",TRUE,1
"12774",10,"M",7,"White","High",2,0,0,0,0,0,0,0,0,1,2,NA,TRUE,1
"12775",9,"F",7,"White","High",2,0,0,0,0,0,0,0,0,1,2,"1",TRUE,1
"12776",10,"F",7,"White","High",2,0,0,0,0,0,0,0,0,1,2,NA,TRUE,1
"12777",10,"F",7,"White","High",2,0,0,0,0,0,0,0,0,1,1,"1",TRUE,1
"12778",9,"M",7,"White","High",1,0,1,0,1,0,1,0,0,1,2,"1",TRUE,1
"12779",10,"F",7,"White","High",1,0,0,0,0,0,0,0,0,1,2,"1",TRUE,1
"12780",10,"F",7,"Hispanic","High",2,0,0,0,0,0,0,0,0,0,4,"1",FALSE,0
"12781",9,"F",7,"White","High",2,0,0,0,0,0,0,0,0,0,3,"1",FALSE,0
"12782",9,"F",7,"White","High",2,0,0,0,0,0,0,0,0,1,2,"1",TRUE,1
"12783",10,"F",7,"White","High",2,0,0,0,0,0,0,0,0,0,4,"1",FALSE,0
"12784",9,"M",7,"White","High",2,0,0,0,0,0,0,0,0,0,2,NA,FALSE,1
"12785",10,"M",7,"White","High",2,0,0,0,0,0,0,0,0,1,4,"1",TRUE,0
"12786",10,"M",7,"White","High",2,0,0,0,0,0,0,0,0,0,2,"1",FALSE,1
"12787",9,"M",7,"Hispanic","High",2,0,0,0,0,0,0,0,0,0,4,"1",FALSE,0
"12788",10,"M",7,"White","High",2,0,0,0,0,0,0,0,0,0,2,"1",FALSE,1
"12789",10,"M",7,"White","High",2,0,0,0,0,0,0,0,0,0,3,"1",FALSE,0
"12790",10,"M",7,"White","High",2,0,0,0,0,0,0,0,0,1,4,"1",TRUE,0
"12791",10,"M",7,"White","High",2,0,0,0,0,0,0,0,0,1,3,"1",TRUE,0
"12792",10,"M",7,"White","High",2,0,0,0,0,0,0,0,0,0,4,NA,FALSE,0
"12793",10,"M",7,"White","High",1,0,0,0,0,0,0,0,0,1,2,NA,TRUE,1
"12794",10,"M",7,"White","High",2,0,0,0,0,0,0,0,0,0,2,"1",FALSE,1
"12795",10,"M",7,"White","High",2,1,0,0,0,0,0,0,0,0,2,"1",TRUE,1
"12796",8,"M",6,"Hispanic","High",1,1,1,0,0,0,0,0,0,1,1,"1",TRUE,1
"12797",8,"M",6,"White","High",1,0,1,0,0,0,0,0,0,1,2,NA,TRUE,1
"12798",8,"M",6,"White","High",1,0,0,0,0,0,0,0,0,0,4,"1",FALSE,0
"12799",9,"M",6,"White","High",2,0,0,0,0,0,0,0,0,0,4,"1",FALSE,0
"12800",9,"M",6,"White","High",2,0,0,0,0,0,0,0,0,0,3,"1",FALSE,0
"12801",9,"M",6,"Hispanic","High",2,0,0,0,0,0,0,0,0,0,4,NA,FALSE,0
"12802",8,"M",6,"Hispanic","High",2,0,0,0,0,0,0,0,0,0,3,"1",FALSE,0
"12803",9,"M",6,"White","High",1,1,0,0,0,0,0,0,0,1,1,"1",TRUE,1
"12804",9,"M",6,"White","High",2,0,0,0,0,0,0,0,0,0,1,"1",FALSE,1
"12805",10,"M",6,"White","High",2,0,0,0,0,0,0,0,0,0,3,"1",FALSE,0
"12806",8,"F",6,"White","High",2,0,0,0,0,0,0,0,0,0,4,"1",FALSE,0
"12807",10,"M",7,"White","High",1,1,0,0,0,0,0,0,0,1,1,"1",TRUE,1
"12808",9,"M",6,"Hispanic","High",2,0,0,0,0,0,0,0,0,0,4,"1",FALSE,0
"12809",9,"M",6,"White","High",2,0,0,0,0,0,0,0,0,0,2,"1",FALSE,1
"12810",9,"M",6,"White","High",1,0,0,0,0,0,0,0,0,0,3,"1",FALSE,0
"12811",8,"F",6,"White","High",2,0,0,0,0,0,0,0,0,1,3,"1",TRUE,0
"12812",9,"M",6,"White","High",1,0,0,0,0,0,0,0,0,1,3,"1",TRUE,0
"12813",8,"F",6,"White","High",2,0,0,0,0,0,0,0,0,1,1,"1",TRUE,1
"12814",8,"F",6,"White","High",1,0,0,0,0,0,0,0,0,0,4,"1",FALSE,0
"12815",9,"F",6,"Hispanic","High",2,0,0,0,0,0,0,0,0,1,3,"1",TRUE,0
"12816",8,"F",6,"White","High",2,0,0,0,0,0,0,0,0,0,4,"1",FALSE,0
"12817",8,"F",6,"Hispanic","High",2,0,0,0,0,0,0,0,0,0,4,"1",FALSE,0
"12818",8,"F",6,"White","High",2,0,0,0,0,0,0,0,0,1,3,NA,TRUE,0
"12819",8,"F",6,"White","High",1,0,0,0,0,0,0,0,0,1,2,"1",TRUE,1
"12820",8,"M",5,"White","High",2,0,0,0,0,0,0,0,0,0,3,"1",FALSE,0
"12821",7,"F",5,"White","High",2,0,0,0,0,0,0,0,0,0,4,"1",FALSE,0
"12822",7,"F",5,"White","High",2,0,0,0,0,0,0,0,0,1,2,"1",TRUE,1
"12823",7,"F",5,"Hispanic","High",2,0,0,0,0,0,0,0,0,0,3,NA,FALSE,0
"12824",7,"F",5,"White","High",2,0,0,0,0,0,0,0,0,0,4,NA,FALSE,0
"12825",8,"F",5,"White","High",2,0,0,0,0,0,0,0,0,0,4,"1",FALSE,0
"12826",7,"F",5,"Hispanic","High",2,0,0,0,0,0,0,0,0,0,3,"1",FALSE,0
"12827",7,"F",5,"White","High",2,0,0,0,0,0,0,0,0,0,3,"1",FALSE,0
"12828",8,"F",5,"White","High",2,0,0,0,0,0,0,0,0,1,1,"1",TRUE,1
"12829",8,"F",5,"White","High",2,0,0,0,0,0,0,0,0,0,4,"1",FALSE,0
"12830",8,"F",5,"White","High",2,0,0,0,0,0,0,0,0,0,4,"1",FALSE,0
"12831",7,"F",5,NA,"High",2,0,0,0,0,0,0,0,0,0,4,"1",FALSE,0
"12832",7,"F",5,"White","High",2,0,0,0,0,0,0,0,0,0,4,"1",FALSE,0
"12833",8,"F",5,"White","High",2,0,0,0,0,0,0,0,0,0,1,NA,FALSE,1
"12834",7,"F",5,"White","High",2,0,0,0,0,0,0,0,0,0,3,"1",FALSE,0
"12835",8,"F",5,"White","High",2,0,0,0,0,0,0,0,0,0,2,"1",FALSE,1
"12836",7,"F",5,"White","High",2,0,0,0,0,0,0,0,0,0,4,"1",FALSE,0
"12837",8,"F",5,"White","High",2,0,0,0,0,0,0,0,0,0,2,NA,FALSE,1
"12838",7,"F",5,"White","High",2,0,0,0,0,0,0,0,0,0,3,NA,FALSE,0
"12839",8,"M",6,"White","High",2,0,0,0,0,0,0,0,0,0,4,"1",FALSE,0
"12840",8,"M",5,"Hispanic","High",2,0,0,0,0,0,0,0,0,0,4,NA,FALSE,0
"12841",8,"M",5,"White","High",2,0,0,0,0,0,0,0,0,0,2,NA,FALSE,1
"12842",8,"M",5,"White","High",1,0,0,1,0,0,0,0,0,0,1,"1",TRUE,1
"12843",8,"M",5,"White","High",1,0,0,0,0,0,0,0,0,1,1,"1",TRUE,1
"12844",7,"M",5,"Hispanic","High",1,0,0,0,0,0,0,0,0,1,1,"1",TRUE,1
"12845",9,"M",5,"Black","High",2,0,0,0,0,0,0,0,0,0,4,"1",FALSE,0
"12846",8,"M",5,"White","High",1,0,0,0,0,0,0,0,0,1,3,NA,TRUE,0
"12847",8,"M",5,"White","High",2,0,0,0,0,0,0,0,0,1,2,"1",TRUE,1
"12848",8,"M",5,"Asian","High",2,0,0,0,0,0,0,0,0,0,4,"1",FALSE,0
"12849",7,"M",5,"White","High",2,0,0,0,0,0,0,0,0,0,4,"1",FALSE,0
"12850",8,"M",5,"Hispanic","High",1,1,0,0,0,0,0,0,0,1,1,"1",TRUE,1
"12851",8,"M",5,"Hispanic","High",2,0,0,0,0,0,0,0,0,0,4,"1",FALSE,0
"12852",9,"M",6,"Hispanic","High",2,0,0,0,0,0,NA,0,0,0,4,"1",NA,0
"12853",9,"M",6,"White","High",2,0,0,0,0,0,0,0,0,0,1,"1",FALSE,1
"12854",8,"F",6,"White","High",2,0,0,0,0,0,0,0,0,0,4,"1",FALSE,0
"12855",8,"F",6,"White","High",2,0,0,0,0,0,0,0,0,1,4,"1",TRUE,0
"12856",9,"M",6,"White","High",2,0,0,0,0,0,0,0,0,0,3,NA,FALSE,0
"12857",9,"M",6,"White","High",2,0,0,0,0,0,0,0,0,0,3,NA,FALSE,0
"12858",9,"M",6,"White","High",1,1,0,1,0,0,0,0,0,1,1,NA,TRUE,1
"12859",8,"F",6,"White","High",2,0,0,0,0,0,0,0,0,1,1,"1",TRUE,1
"12860",8,"F",6,"White","High",2,0,0,0,0,0,0,0,0,1,2,"1",TRUE,1
"12861",9,"F",6,"White","High",2,0,0,0,0,0,0,0,0,1,4,NA,TRUE,0
"12862",9,"F",6,"Hispanic","High",2,0,0,0,0,0,0,0,0,0,4,NA,FALSE,0
"12863",9,"F",6,"White","High",2,0,0,0,0,0,0,0,0,1,1,"1",TRUE,1
"12864",8,"F",6,"White","High",2,0,0,0,0,0,0,0,0,1,3,"1",TRUE,0
"12865",10,"M",6,"White","High",2,0,0,0,0,0,0,0,0,0,4,"1",FALSE,0
"12866",8,"M",6,"White","High",1,1,1,0,0,1,0,0,0,1,1,"1",TRUE,1
"12867",9,"M",6,"White","High",1,NA,1,1,0,0,0,0,0,1,1,NA,TRUE,1
"12868",8,"M",6,"White","High",1,0,1,0,0,0,0,0,1,1,1,NA,TRUE,1
"12869",9,"M",6,"Hispanic","High",1,0,0,0,0,0,0,0,0,0,4,"1",FALSE,0
"12870",8,"M",6,"White","High",2,0,0,0,0,0,0,0,0,0,4,"1",FALSE,0
"12871",8,"F",1,"Hispanic","Middle",NA,0,0,0,0,0,0,0,0,0,4,"1",FALSE,0
"12872",9,"F",6,"Hispanic","High",1,0,0,0,0,0,0,0,0,1,4,NA,TRUE,0
"12873",9,"M",6,"Black","High",1,0,0,0,0,0,0,0,0,0,4,"1",FALSE,0
"12874",9,"F",6,"Hispanic","High",2,0,0,0,0,0,0,0,0,1,4,"1",TRUE,0
"12875",9,"F",6,"White","High",2,0,0,0,0,0,0,0,0,0,3,NA,FALSE,0
"12876",8,"F",6,"White","High",1,0,0,0,0,0,0,0,0,1,1,"1",TRUE,1
"12877",5,"M",2,"Hispanic","Middle",2,0,0,0,0,0,0,0,0,0,4,"1",FALSE,0
"12878",5,"F",2,"White","Middle",2,0,0,0,0,0,0,0,0,0,2,"1",FALSE,1
"12879",5,"F",2,"White","Middle",2,0,0,0,0,0,0,0,0,0,4,"1",FALSE,0
"12880",5,"F",2,"Hispanic","Middle",2,0,0,0,0,0,0,0,0,0,2,"1",FALSE,1
"12881",4,"F",2,"Hispanic","Middle",2,0,0,0,0,0,0,0,0,0,3,NA,FALSE,0
"12882",5,"F",2,"Hispanic","Middle",2,0,0,0,0,0,0,0,0,0,2,"1",FALSE,1
"12883",5,"M",2,NA,"Middle",NA,NA,NA,NA,NA,NA,NA,NA,NA,NA,NA,NA,NA,NA
"12884",4,"M",2,"White","Middle",2,0,0,0,0,0,0,0,0,0,3,"1",FALSE,0
"12885",5,"M",2,"Hispanic","Middle",2,0,0,0,0,0,0,0,0,0,4,NA,FALSE,0
"12886",5,"M",2,"Hispanic","Middle",2,0,0,0,0,0,0,0,0,0,4,"1",FALSE,0
"12887",5,"M",2,"Hispanic","Middle",1,1,0,1,0,0,0,0,0,0,3,NA,TRUE,0
"12888",5,"M",2,"White","Middle",2,0,0,0,0,0,0,0,0,0,4,"1",FALSE,0
"12889",5,"F",2,"Hispanic","Middle",1,0,0,0,0,0,0,0,0,0,2,"1",FALSE,1
"12890",6,"M",2,"Asian","Middle",2,0,0,0,0,0,0,0,0,0,3,NA,FALSE,0
"12891",4,"F",2,"White","Middle",2,0,0,0,0,0,0,0,0,0,4,NA,FALSE,0
"12892",4,"F",2,"Hispanic","Middle",2,0,0,0,0,0,0,0,0,0,4,NA,FALSE,0
"12893",4,"F",2,"White","Middle",2,0,0,0,0,0,0,0,0,0,2,"1",FALSE,1
"12894",4,"F",2,"Black","Middle",NA,0,0,0,0,0,0,0,0,0,3,"1",FALSE,0
"12895",4,"F",2,"White","Middle",2,0,0,0,0,0,0,0,0,0,2,NA,FALSE,1
"12896",4,"F",2,"Hispanic","Middle",2,0,0,0,0,0,0,0,0,0,1,NA,FALSE,1
"12897",5,"F",2,"White","Middle",2,0,0,0,0,0,0,0,0,0,1,NA,FALSE,1
"12898",6,"M",3,"Hispanic","Middle",2,0,0,0,0,0,0,0,0,0,1,"1",FALSE,1
"12899",5,"M",2,"Hispanic","Middle",2,NA,0,1,0,0,0,0,0,1,3,"1",TRUE,0
"12900",5,"F",2,"Hispanic","Middle",2,0,0,0,0,0,0,0,0,0,4,"1",FALSE,0
"12901",4,"F",2,"Hispanic","Middle",2,0,0,NA,0,0,NA,0,0,0,3,"1",NA,0
"12902",4,"M",2,NA,"Middle",2,0,0,0,0,0,0,0,0,0,2,"1",FALSE,1
"12903",5,"F",3,"Hispanic","Middle",1,0,0,1,0,0,0,0,0,0,4,"1",TRUE,0
"12904",6,"M",3,"Hispanic","Middle",1,0,0,0,0,0,0,0,0,0,1,NA,FALSE,1
"12905",5,"F",3,"White","Middle",2,0,0,0,0,0,0,0,0,0,3,NA,FALSE,0
"12906",6,"F",3,"Hispanic","Middle",2,0,0,0,0,0,0,0,0,0,1,"1",FALSE,1
"12907",5,"M",3,"Hispanic","Middle",2,0,0,0,0,0,0,0,0,1,1,NA,TRUE,1
"12908",6,"M",3,"White","Middle",2,0,0,0,0,0,0,0,0,0,4,"1",FALSE,0
"12909",6,"M",3,"White","Middle",2,0,0,0,0,0,0,0,0,0,4,"1",FALSE,0
"12910",5,"F",3,"Hispanic","Middle",1,0,0,0,0,0,0,0,0,0,4,NA,FALSE,0
"12911",4,"F",1,"White","Middle",2,0,0,0,0,0,0,0,0,0,2,NA,FALSE,1
"12912",4,"F",1,"Hispanic","Middle",2,0,0,0,0,0,0,0,0,0,4,"1",FALSE,0
"12913",4,"M",1,"White","Middle",1,NA,1,1,1,1,1,0,0,1,2,NA,TRUE,1
"12914",4,"M",2,"White","Middle",2,0,0,0,0,0,0,0,0,0,4,NA,FALSE,0
"12915",5,"M",2,"Hispanic","Middle",2,0,0,0,0,0,NA,0,0,0,4,"1",NA,0
"12916",5,"M",2,"AI/AN","Middle",2,0,0,0,0,0,0,0,0,0,4,NA,FALSE,0
"12917",5,"M",2,"White","Middle",2,0,0,0,0,0,0,0,0,0,1,NA,FALSE,1
"12918",6,"M",3,"Hispanic","Middle",2,0,0,0,0,0,0,0,0,0,4,"1",FALSE,0
"12919",6,"M",3,"Hispanic","Middle",2,0,0,0,0,0,0,0,0,0,2,NA,FALSE,1
"12920",4,"F",1,"Hispanic","Middle",2,0,0,0,0,0,0,0,0,0,4,NA,FALSE,0
"12921",4,"F",1,"White","Middle",2,0,0,0,0,0,0,0,0,0,4,NA,FALSE,0
"12922",4,"F",1,"Hispanic","Middle",2,0,0,1,1,0,0,0,0,0,3,NA,TRUE,0
"12923",4,"F",1,"White","Middle",2,NA,0,0,0,0,0,0,0,0,3,"1",NA,0
"12924",4,"F",1,"Hispanic","Middle",2,0,0,0,0,0,0,0,0,0,2,NA,FALSE,1
"12925",4,"F",1,"Hispanic","Middle",2,0,0,0,0,0,0,0,0,0,4,"1",FALSE,0
"12926",4,"M",1,"Hispanic","Middle",2,0,0,0,0,0,0,0,0,0,4,"1",FALSE,0
"12927",4,"M",1,"White","Middle",2,0,0,0,0,0,0,0,0,0,4,NA,FALSE,0
"12928",4,"M",1,"Hispanic","Middle",2,0,0,0,0,0,0,0,0,0,4,"1",FALSE,0
"12929",4,"M",1,"Black","Middle",2,0,0,0,0,0,0,0,0,0,4,"1",FALSE,0
"12930",3,"M",1,"NHOPI","Middle",2,0,0,0,0,0,0,0,0,0,4,"1",FALSE,0
"12931",4,"M",1,"Hispanic","Middle",2,0,0,0,0,0,0,0,0,0,4,"1",FALSE,0
"12932",3,"M",1,"White","Middle",2,0,0,0,0,0,0,0,0,0,4,"1",FALSE,0
"12933",3,"M",1,"Hispanic","Middle",2,NA,0,1,0,0,0,1,0,0,1,"1",TRUE,1
"12934",4,"M",1,"Black","Middle",2,0,0,0,0,0,0,0,0,0,4,"1",FALSE,0
"12935",3,"F",1,"White","Middle",2,0,0,0,0,0,0,0,0,0,4,NA,FALSE,0
"12936",4,"M",1,"Hispanic","Middle",2,0,0,0,0,0,0,0,0,0,1,NA,FALSE,1
"12937",4,"M",1,"Hispanic","Middle",2,0,0,0,0,0,0,0,0,0,4,"1",FALSE,0
"12938",6,"M",3,"Hispanic","Middle",2,0,0,0,0,0,0,0,0,0,2,NA,FALSE,1
"12939",6,"M",3,"White","Middle",2,0,0,0,0,0,0,0,0,0,1,NA,FALSE,1
"12940",6,"M",3,"White","Middle",2,0,0,0,0,0,0,0,0,0,4,NA,FALSE,0
"12941",4,"M",3,"Hispanic","Middle",2,0,0,NA,0,0,0,0,0,0,4,"1",NA,0
"12942",6,"M",3,"White","Middle",2,0,0,0,0,0,0,0,0,0,3,NA,FALSE,0
"12943",6,"M",3,"White","Middle",2,0,0,0,0,0,0,0,0,0,1,"1",FALSE,1
"12944",5,"M",3,"Hispanic","Middle",2,0,0,0,0,0,0,0,0,0,4,NA,FALSE,0
"12945",5,"F",3,"White","Middle",2,0,0,0,0,0,0,0,0,0,4,NA,FALSE,0
"12946",7,"M",3,"Hispanic","Middle",2,0,0,0,0,0,0,0,0,0,4,NA,FALSE,0
"12947",6,"M",3,"Hispanic","Middle",2,0,0,0,0,0,0,0,0,0,4,"1",FALSE,0
"12948",6,"F",3,"White","Middle",2,0,0,0,0,0,0,0,0,0,4,"1",FALSE,0
"12949",5,"F",3,"Hispanic","Middle",2,0,0,0,0,0,0,0,0,0,4,"1",FALSE,0
"12950",5,"M",3,"Hispanic","Middle",2,0,0,0,0,0,0,0,0,0,1,NA,FALSE,1
"12951",3,"M",1,"Hispanic","Middle",NA,0,0,0,NA,NA,0,NA,NA,0,4,NA,NA,0
"12952",5,"M",2,"Hispanic","Middle",2,0,0,0,0,0,0,0,0,0,2,"1",FALSE,1
"12953",5,"M",2,NA,"Middle",1,0,0,0,NA,NA,0,NA,NA,1,4,NA,TRUE,0
"12954",6,"M",3,"White","Middle",2,0,0,0,0,0,0,0,0,0,1,"1",FALSE,1
"12955",5,"F",3,"Hispanic","Middle",2,0,0,0,0,0,0,0,0,0,4,"1",FALSE,0
"12956",6,"F",3,"White","Middle",2,0,0,0,0,0,0,0,0,0,4,"1",FALSE,0
"12957",7,"M",3,"AI/AN","Middle",2,0,0,0,0,0,0,0,0,0,3,NA,FALSE,0
"12958",5,"M",3,"Hispanic","Middle",2,0,0,0,0,0,0,0,0,0,4,"1",FALSE,0
"12959",4,"F",1,"White","Middle",2,0,0,0,0,0,0,0,0,0,4,NA,FALSE,0
"12960",8,"F",4,"Hispanic","High",2,0,0,0,0,0,1,0,0,0,4,NA,TRUE,0
"12961",NA,NA,NA,NA,NA,NA,NA,NA,NA,NA,NA,NA,NA,NA,NA,NA,NA,NA,NA
"12962",7,"M",4,"Hispanic","High",2,0,0,NA,0,0,0,0,0,0,4,NA,NA,0
"12963",7,"M",4,"Hispanic","High",2,0,0,0,0,0,0,0,0,0,4,NA,FALSE,0
"12964",7,"F",4,"Hispanic","High",2,0,0,0,0,0,0,0,0,0,4,"1",FALSE,0
"12965",6,"M",4,"Hispanic","High",2,0,0,0,0,0,0,0,0,0,4,"1",FALSE,0
"12966",6,"M",4,"Black","High",2,0,0,NA,NA,NA,NA,NA,NA,0,4,NA,NA,0
"12967",NA,NA,NA,"Black",NA,NA,0,NA,NA,NA,NA,NA,NA,NA,NA,4,NA,NA,0
"12968",6,"F",4,"Hispanic","High",2,0,0,0,0,0,1,0,0,0,4,NA,TRUE,0
"12969",6,"M",4,"Black","High",2,0,0,0,0,0,0,0,0,0,4,"1",FALSE,0
"12970",10,"F",7,"Hispanic","High",2,0,NA,NA,NA,NA,NA,NA,NA,NA,4,NA,NA,0
"12971",10,"M",6,"Hispanic","High",NA,NA,NA,NA,NA,NA,NA,NA,NA,NA,4,NA,NA,0
"12972",10,"F",7,"Hispanic","High",1,0,0,0,0,0,0,0,0,0,1,"1",FALSE,1
"12973",10,"F",7,"Hispanic","High",2,0,0,0,0,0,0,0,0,0,4,"1",FALSE,0
"12974",11,"M",7,"Hispanic","High",NA,0,NA,NA,NA,NA,NA,NA,NA,NA,4,NA,NA,0
"12975",11,"M",6,"Black","High",1,0,0,0,0,0,0,0,0,0,4,"1",FALSE,0
"12976",11,"F",7,"Black","High",2,0,0,0,0,0,0,0,0,0,4,"1",FALSE,0
"12977",1,NA,8,"Hispanic",NA,NA,NA,NA,0,0,0,1,1,0,0,1,NA,TRUE,1
"12978",8,"M",5,"Hispanic","High",2,0,0,0,NA,NA,0,NA,NA,1,3,NA,TRUE,0
"12979",8,"M",5,"Hispanic","High",2,0,0,0,0,0,0,0,0,0,4,"1",FALSE,0
"12980",2,NA,7,"Asian","High",1,1,1,1,0,0,NA,1,0,1,3,NA,TRUE,0
"12981",10,"F",NA,"Hispanic",NA,2,0,0,0,0,0,0,0,0,0,4,"1",FALSE,0
"12982",8,"F",5,"Hispanic","High",2,0,0,0,0,0,0,0,0,0,4,"1",FALSE,0
"12983",8,"M",5,"Hispanic","High",2,0,0,0,0,0,0,0,0,0,4,NA,FALSE,0
"12984",NA,NA,NA,NA,NA,NA,NA,0,0,NA,NA,0,NA,NA,0,NA,NA,NA,NA
"12985",7,"M",5,"Hispanic","High",2,0,0,0,0,0,0,0,0,0,4,"1",FALSE,0
"12986",8,"M",5,"Hispanic","High",2,0,0,0,0,0,0,0,0,0,4,NA,FALSE,0
"12987",6,"F",5,"Hispanic","High",2,0,0,0,0,0,1,0,1,0,1,"1",TRUE,1
"12988",8,"F",6,"Hispanic","High",2,0,0,0,NA,NA,1,NA,NA,0,4,NA,TRUE,0
"12989",9,"F",6,"Hispanic","High",2,0,0,0,0,0,1,0,0,0,3,"1",TRUE,0
"12990",8,"M",6,"Hispanic","High",2,0,0,0,NA,NA,0,NA,NA,0,4,NA,NA,0
"12991",NA,NA,6,NA,"High",2,0,0,0,0,0,0,0,0,0,4,NA,FALSE,0
"12992",8,"F",6,"Black","High",2,0,NA,NA,NA,NA,NA,NA,NA,NA,4,NA,NA,0
"12993",10,"M",6,NA,"High",NA,NA,NA,NA,NA,NA,NA,NA,NA,NA,4,NA,NA,0
"12994",8,"F",6,"Hispanic","High",2,0,0,0,0,0,0,0,0,0,4,NA,FALSE,0
"12995",8,"M",6,"Hispanic","High",2,0,0,0,0,0,0,0,0,0,4,"1",FALSE,0
"12996",8,"M",6,"Hispanic","High",1,0,NA,1,0,0,0,0,0,0,4,NA,TRUE,0
"12997",9,"F",6,"Hispanic","High",2,0,0,0,0,0,1,0,0,0,4,NA,TRUE,0
"12998",9,"F",6,"Hispanic","High",2,0,0,0,0,0,0,0,0,0,4,NA,FALSE,0
"12999",9,"M",6,NA,"High",2,0,0,0,NA,NA,0,NA,NA,0,4,NA,NA,0
"13000",8,"F",6,"Hispanic","High",2,0,0,0,0,0,0,0,0,0,1,"1",FALSE,1
"13001",8,"F",6,"Hispanic","High",2,0,0,0,0,0,1,0,0,1,2,NA,TRUE,1
"13002",10,"M",6,"Hispanic","High",2,0,0,0,0,0,0,0,0,0,4,"1",FALSE,0
"13003",9,"F",6,"Hispanic","High",2,0,0,0,0,0,0,0,0,0,2,"1",FALSE,1
"13004",9,"M",7,"Hispanic","High",2,0,0,0,0,0,0,0,0,0,4,"1",FALSE,0
"13005",8,"F",6,"Hispanic","High",2,0,0,0,0,0,0,0,0,0,4,"1",FALSE,0
"13006",8,"F",6,"Hispanic","High",2,0,0,0,0,0,0,0,0,0,4,"1",FALSE,0
"13007",NA,"F",NA,"Hispanic",NA,2,0,NA,NA,NA,NA,NA,NA,NA,NA,4,"1",NA,0
"13008",8,"F",5,"Hispanic","High",2,0,0,0,0,0,0,0,0,0,4,"1",FALSE,0
"13009",8,"F",6,"Hispanic","High",2,0,0,0,0,0,0,0,0,0,NA,NA,FALSE,NA
"13010",9,"M",6,"Hispanic","High",2,0,0,0,0,0,0,0,0,0,2,NA,FALSE,1
"13011",9,"F",6,"Black","High",2,0,0,0,0,0,0,0,0,0,4,"1",FALSE,0
"13012",9,"F",6,"Black","High",2,0,0,0,0,0,0,0,0,0,4,"1",FALSE,0
"13013",9,"M",6,"Black","High",2,0,0,0,0,0,0,0,0,0,4,"1",FALSE,0
"13014",9,"F",7,"Hispanic","High",2,0,0,0,0,0,1,0,0,0,4,"1",TRUE,0
"13015",10,"F",7,"Black","High",1,0,0,0,0,0,1,0,0,0,2,"1",TRUE,1
"13016",7,"M",5,"Hispanic","High",2,0,0,0,0,0,0,0,0,0,4,"1",FALSE,0
"13017",8,"M",6,"Hispanic","High",2,0,0,0,0,0,0,0,0,0,4,"1",FALSE,0
"13018",8,"F",6,"Hispanic","High",1,0,0,0,0,0,1,0,0,0,4,NA,TRUE,0
"13019",8,"M",6,"Hispanic","High",2,0,0,0,0,0,0,0,0,0,4,"1",FALSE,0
"13020",8,"M",6,"Black","High",2,0,0,0,0,0,0,0,0,0,4,"1",FALSE,0
"13021",8,"F",5,"Hispanic","High",2,0,0,0,0,0,0,0,0,0,2,"1",FALSE,1
"13022",9,"M",6,NA,"High",2,0,0,0,NA,NA,1,NA,NA,0,4,NA,TRUE,0
"13023",8,"F",6,"Hispanic","High",2,0,0,0,0,0,0,0,0,0,4,"1",FALSE,0
"13024",9,"M",7,"Asian","High",2,0,0,0,0,0,0,0,0,0,2,"1",FALSE,1
"13025",9,"M",6,"White","High",2,0,0,0,0,0,0,0,0,1,4,NA,TRUE,0
"13026",9,"M",6,NA,"High",2,0,0,0,0,0,0,0,0,1,4,"1",TRUE,0
"13027",9,"M",6,NA,"High",2,0,0,0,0,0,0,0,0,1,4,"1",TRUE,0
"13028",8,"M",6,"Hispanic","High",2,0,0,0,0,0,0,0,0,0,4,"1",FALSE,0
"13029",8,"M",6,"White","High",2,0,0,0,0,0,0,0,0,0,4,"1",FALSE,0
"13030",10,"M",7,"White","High",1,0,0,0,0,0,0,0,0,1,3,NA,TRUE,0
"13031",9,"M",7,"White","High",1,0,0,0,0,0,0,0,0,1,1,"1",TRUE,1
"13032",9,"M",7,"White","High",2,0,0,0,0,0,0,0,0,0,1,"1",FALSE,1
"13033",9,"M",7,"White","High",2,0,0,0,0,0,0,0,0,0,2,"1",FALSE,1
"13034",9,"M",6,"White","High",2,0,0,0,0,0,0,0,0,0,4,"1",FALSE,0
"13035",8,"M",6,"White","High",2,0,0,0,0,0,0,0,0,0,4,"1",FALSE,0
"13036",9,"M",6,"White","High",2,0,0,0,0,0,0,0,0,0,4,"1",FALSE,0
"13037",8,"M",6,"White","High",2,0,0,0,0,0,0,0,0,0,4,"1",FALSE,0
"13038",10,"M",7,"White","High",2,0,0,0,0,0,0,0,0,0,4,"1",FALSE,0
"13039",9,"M",6,"White","High",2,0,0,0,0,0,0,0,0,0,3,"1",FALSE,0
"13040",9,"M",7,"White","High",2,0,0,0,0,0,0,0,0,0,3,NA,FALSE,0
"13041",9,"M",7,"White","High",2,0,0,0,0,0,0,0,0,0,2,NA,FALSE,1
"13042",9,"M",7,"White","High",2,0,0,0,0,0,0,0,0,1,4,NA,TRUE,0
"13043",10,"M",7,"Asian","High",1,0,0,0,NA,NA,NA,NA,NA,0,2,NA,NA,1
"13044",10,"M",7,"Hispanic","High",2,0,0,0,0,0,0,0,0,0,2,"1",FALSE,1
"13045",10,"M",7,"White","High",2,0,0,0,0,0,0,0,0,0,4,"1",FALSE,0
"13046",9,"M",6,"White","High",2,0,0,0,0,0,0,0,0,0,4,NA,FALSE,0
"13047",9,"M",7,"White","High",2,0,0,0,0,0,0,0,0,0,3,NA,FALSE,0
"13048",1,"M",3,"AI/AN","Middle",1,0,0,0,0,0,NA,0,1,1,1,NA,TRUE,1
"13049",9,"M",7,"White","High",1,0,0,0,0,0,1,0,0,0,2,NA,TRUE,1
"13050",9,"M",7,"White","High",2,0,0,0,0,0,0,0,0,1,2,NA,TRUE,1
"13051",9,"M",7,NA,"High",2,0,0,0,0,0,0,0,0,0,4,"1",FALSE,0
"13052",10,"M",7,"White","High",2,0,0,0,0,0,0,0,0,0,4,NA,FALSE,0
"13053",8,"M",6,"Hispanic","High",2,0,0,0,0,0,0,0,0,0,3,NA,FALSE,0
"13054",6,"M",4,"White","High",2,0,0,0,0,0,0,0,0,0,4,"1",FALSE,0
"13055",7,"M",4,"White","High",2,0,0,0,0,0,0,0,0,1,1,NA,TRUE,1
"13056",7,"M",5,"White","High",2,0,0,0,0,0,0,0,0,1,4,"1",TRUE,0
"13057",8,"M",5,"White","High",2,0,0,0,0,0,0,0,0,0,4,"1",FALSE,0
"13058",6,"M",4,"White","High",2,0,0,NA,0,0,0,0,0,0,4,"1",NA,0
"13059",6,"M",4,"White","High",2,0,0,0,0,0,0,0,0,0,4,"1",FALSE,0
"13060",NA,NA,NA,NA,NA,2,NA,0,0,0,0,0,0,0,0,NA,"1",NA,NA
"13061",6,"M",4,"Hispanic","High",2,0,0,0,0,0,0,0,0,0,3,NA,FALSE,0
"13062",6,"M",4,"White","High",2,0,0,0,NA,NA,0,NA,NA,0,4,"1",NA,0
"13063",6,"M",4,"White","High",1,0,0,0,NA,NA,0,NA,NA,0,4,"1",NA,0
"13064",5,"M",3,"Hispanic","Middle",NA,NA,NA,NA,0,0,NA,0,0,1,1,NA,TRUE,1
"13065",7,"M",4,"White","High",2,0,0,0,0,0,0,0,0,0,3,"1",FALSE,0
"13066",7,"M",5,"AI/AN","High",1,NA,1,NA,NA,NA,0,NA,NA,0,2,"1",TRUE,1
"13067",9,"M",6,"Hispanic","High",2,0,0,0,0,0,0,0,0,0,4,"1",FALSE,0
"13068",7,"M",5,"White","High",2,0,0,0,0,0,0,0,0,0,4,NA,FALSE,0
"13069",7,"M",4,"White","High",2,0,0,NA,0,0,0,0,0,0,4,"1",NA,0
"13070",8,"M",5,"White","High",2,0,0,0,0,0,0,0,0,0,4,"1",FALSE,0
"13071",8,"M",5,"White","High",2,0,0,0,0,0,0,0,0,0,4,"1",FALSE,0
"13072",8,"M",NA,"White",NA,2,0,0,0,0,0,0,0,0,0,3,"1",FALSE,0
"13073",7,"M",5,"White","High",2,0,0,0,0,0,0,0,0,0,1,NA,FALSE,1
"13074",8,"M",5,"White","High",2,0,0,0,0,0,0,0,0,0,4,NA,FALSE,0
"13075",6,"M",4,"Black","High",2,0,0,0,0,0,0,0,0,0,4,NA,FALSE,0
"13076",8,"M",5,"White","High",2,0,0,0,0,0,0,0,0,0,4,"1",FALSE,0
"13077",8,"M",5,"White","High",2,0,0,NA,0,0,0,0,0,0,4,"1",NA,0
"13078",7,"M",5,"White","High",2,0,0,0,0,0,0,0,0,0,4,"1",FALSE,0
"13079",8,"M",4,"Asian","High",2,0,0,0,0,0,0,0,0,0,4,"1",FALSE,0
"13080",7,"M",5,"White","High",NA,NA,NA,NA,NA,NA,NA,NA,NA,NA,2,NA,NA,1
"13081",8,"M",5,"White","High",2,0,0,0,0,0,0,0,0,0,4,NA,FALSE,0
"13082",8,"M",5,"White","High",2,0,0,0,0,0,0,0,0,0,3,"1",FALSE,0
"13083",7,"M",4,"White","High",2,0,0,0,0,0,0,0,0,0,4,"1",FALSE,0
"13084",6,"M",4,"White","High",2,0,0,0,0,0,0,0,0,0,4,NA,FALSE,0
"13085",8,"M",5,"White","High",2,0,0,0,0,0,0,0,0,0,4,"1",FALSE,0
"13086",7,"M",5,"White","High",2,0,0,0,0,0,0,0,0,0,4,"1",FALSE,0
"13087",7,"M",5,"White","High",2,0,0,0,0,0,0,0,0,1,4,"1",TRUE,0
"13088",6,"M",4,"White","High",1,0,0,0,0,0,0,0,0,1,4,"1",TRUE,0
"13089",7,"M",4,"White","High",2,0,0,0,0,0,0,0,0,0,4,"1",FALSE,0
"13090",7,"M",4,"White","High",1,0,0,0,0,0,0,0,0,1,3,"1",TRUE,0
"13091",7,"M",5,"White","High",2,0,0,0,0,0,0,0,0,0,2,NA,FALSE,1
"13092",7,"M",5,"White","High",2,0,0,0,0,0,0,0,0,1,4,"1",TRUE,0
"13093",7,"M",5,"White","High",2,0,0,0,0,0,0,0,0,0,4,"1",FALSE,0
"13094",7,"M",5,"White","High",2,0,0,0,0,0,0,0,0,0,4,"1",FALSE,0
"13095",7,"M",5,"White","High",2,0,0,0,0,0,0,0,0,0,2,"1",FALSE,1
"13096",8,"M",5,"White","High",2,0,0,0,0,0,0,0,0,0,4,"1",FALSE,0
"13097",7,"M",5,"Hispanic","High",2,0,0,0,0,0,0,0,0,0,4,NA,FALSE,0
"13098",8,"M",5,"Hispanic","High",1,0,1,0,0,0,0,0,0,1,2,"1",TRUE,1
"13099",8,"M",5,"White","High",2,0,0,0,0,0,0,0,0,1,4,"1",TRUE,0
"13100",7,"M",5,"White","High",2,0,0,0,0,0,0,0,0,0,4,"1",FALSE,0
"13101",6,"M",4,"White","High",2,0,0,0,0,0,0,0,0,1,2,NA,TRUE,1
"13102",8,"M",5,"White","High",2,0,0,0,0,0,0,0,0,0,4,"1",FALSE,0
"13103",7,"M",4,"White","High",2,0,0,0,0,0,0,0,0,0,4,"1",FALSE,0
"13104",9,"M",6,"White","High",2,0,0,0,0,0,0,0,0,0,4,"1",FALSE,0
"13105",8,"M",6,"White","High",2,0,0,0,0,0,0,0,0,0,4,"1",FALSE,0
"13106",8,"M",6,"Hispanic","High",2,0,0,0,0,0,0,0,0,0,4,NA,FALSE,0
"13107",8,"M",6,"White","High",2,0,0,0,0,0,0,0,0,0,4,"1",FALSE,0
"13108",9,"M",7,"AI/AN","High",1,0,0,0,NA,NA,0,NA,NA,0,4,NA,NA,0
"13109",8,"M",6,"White","High",2,0,0,0,0,0,0,0,0,0,4,"1",FALSE,0
"13110",10,"M",7,"Hispanic","High",1,0,1,0,0,0,1,0,0,1,3,NA,TRUE,0
"13111",10,"M",7,"White","High",2,0,0,0,0,0,0,0,0,1,4,"1",TRUE,0
"13112",9,"M",7,"White","High",2,0,0,0,0,0,0,0,0,0,4,"1",FALSE,0
"13113",10,"M",7,"White","High",1,1,1,0,0,0,NA,0,0,NA,2,NA,TRUE,1
"13114",9,"M",7,"Asian","High",2,0,0,0,0,0,0,0,0,1,3,NA,TRUE,0
"13115",9,"M",7,"White","High",1,0,0,0,0,0,0,0,0,0,4,NA,FALSE,0
"13116",9,"M",6,"White","High",NA,NA,0,0,0,0,1,0,0,NA,1,"1",TRUE,1
"13117",8,"M",6,"White","High",1,NA,1,1,0,1,1,0,0,1,2,"1",TRUE,1
"13118",8,"M",6,"White","High",1,0,1,0,0,0,0,0,0,1,4,NA,TRUE,0
"13119",8,"M",6,"White","High",2,0,0,0,0,0,0,0,0,0,3,NA,FALSE,0
"13120",NA,NA,NA,"White",NA,1,0,0,0,0,0,0,0,0,0,1,NA,FALSE,1
"13121",7,"M",5,"White","High",2,0,0,0,0,0,0,0,0,0,3,"1",FALSE,0
"13122",7,"M",4,"White","High",2,0,0,0,0,0,0,0,0,0,4,"1",FALSE,0
"13123",6,"M",4,"Hispanic","High",2,0,0,0,0,0,0,0,0,1,3,NA,TRUE,0
"13124",7,"M",5,"White","High",2,0,0,0,0,0,0,0,0,0,4,"1",FALSE,0
"13125",7,"M",4,"Asian","High",2,0,0,0,0,0,0,0,0,0,4,NA,FALSE,0
"13126",6,"M",4,"White","High",2,0,0,0,0,0,0,0,0,0,4,"1",FALSE,0
"13127",7,"M",4,"White","High",2,0,0,0,0,0,0,0,0,0,4,"1",FALSE,0
"13128",7,"M",5,"White","High",2,0,0,0,0,0,0,0,0,0,4,NA,FALSE,0
"13129",7,"M",4,"White","High",2,0,0,0,0,0,0,0,0,0,4,NA,FALSE,0
"13130",7,"M",4,"White","High",2,0,0,0,0,0,0,0,0,1,1,"1",TRUE,1
"13131",6,"M",4,"White","High",2,0,0,NA,0,0,0,0,0,1,3,NA,TRUE,0
"13132",7,"M",4,"Hispanic","High",2,0,0,0,0,0,0,0,0,0,4,"1",FALSE,0
"13133",8,"M",6,"White","High",2,0,0,0,0,0,0,0,0,0,4,"1",FALSE,0
"13134",5,"M",2,"White","Middle",2,0,0,0,0,0,0,0,0,0,2,NA,FALSE,1
"13135",5,"M",2,"White","Middle",2,0,0,0,0,0,0,0,0,0,4,NA,FALSE,0
"13136",5,"M",2,"White","Middle",2,0,0,0,0,0,0,0,0,0,4,NA,FALSE,0
"13137",4,"F",2,"Hispanic","Middle",2,0,0,0,0,0,1,0,0,1,4,"1",TRUE,0
"13138",6,"F",2,"Hispanic","Middle",2,0,0,0,0,0,0,0,0,0,4,NA,FALSE,0
"13139",4,"M",1,"Hispanic","Middle",2,0,0,0,0,0,1,0,0,0,1,NA,TRUE,1
"13140",4,"M",2,"White","Middle",2,0,0,0,0,0,0,0,0,0,2,"1",FALSE,1
"13141",4,"M",2,"Hispanic","Middle",2,0,0,0,0,0,0,0,0,0,4,NA,FALSE,0
"13142",5,"M",2,"Hispanic","Middle",2,0,0,0,0,0,0,0,0,0,3,"1",FALSE,0
"13143",5,"F",2,"Hispanic","Middle",2,0,0,0,0,0,0,0,0,0,2,NA,FALSE,1
"13144",4,"F",2,"White","Middle",2,0,0,0,0,0,0,0,0,0,2,"1",FALSE,1
"13145",4,"F",2,"Hispanic","Middle",2,0,0,0,0,0,0,0,0,0,2,NA,FALSE,1
"13146",5,"M",2,"White","Middle",2,0,0,0,0,0,0,0,0,0,2,NA,FALSE,1
"13147",4,"F",2,"Hispanic","Middle",2,0,0,0,0,0,0,0,0,0,3,NA,FALSE,0
"13148",5,"F",2,"Hispanic","Middle",2,0,0,0,0,0,0,0,0,0,4,"1",FALSE,0
"13149",5,"M",2,"Black","Middle",2,0,0,0,0,0,0,0,0,0,4,"1",FALSE,0
"13150",4,"F",2,"Hispanic","Middle",2,0,0,0,0,0,0,0,0,0,2,"1",FALSE,1
"13151",5,"M",2,"Hispanic","Middle",2,0,0,0,NA,NA,0,NA,NA,0,3,"1",NA,0
"13152",5,"F",2,"White","Middle",2,0,0,0,0,0,0,0,0,0,4,"1",FALSE,0
"13153",5,"F",2,"White","Middle",2,0,0,0,0,0,0,0,0,0,4,"1",FALSE,0
"13154",5,"F",2,"Asian","Middle",2,0,0,0,0,0,0,0,0,0,4,"1",FALSE,0
"13155",5,"M",2,"White","Middle",2,0,0,0,0,0,0,0,0,0,4,"1",FALSE,0
"13156",5,"F",2,"Hispanic","Middle",2,0,0,0,0,0,0,0,0,0,4,NA,FALSE,0
"13157",4,"F",2,"Asian","Middle",2,0,0,0,0,0,0,0,0,0,3,NA,FALSE,0
"13158",5,"M",2,"White","Middle",2,0,0,0,0,0,0,0,0,0,2,"1",FALSE,1
"13159",5,"F",2,"Hispanic","Middle",2,0,0,0,0,0,0,0,0,0,4,"1",FALSE,0
"13160",4,"F",2,"Hispanic","Middle",2,0,0,0,0,0,0,0,0,0,4,NA,FALSE,0
"13161",6,"M",3,"White","Middle",2,0,0,0,0,0,0,0,0,0,3,"1",FALSE,0
"13162",6,"M",3,NA,"Middle",2,0,0,0,0,0,0,0,0,1,4,NA,TRUE,0
"13163",6,"M",3,"White","Middle",2,0,0,0,0,0,0,0,0,1,1,"1",TRUE,1
"13164",5,"F",3,"White","Middle",2,0,0,0,0,0,0,0,0,0,4,"1",FALSE,0
"13165",6,"F",3,"White","Middle",2,0,0,0,0,0,0,0,0,0,3,"1",FALSE,0
"13166",5,"M",3,"Hispanic","Middle",2,0,0,0,0,0,0,0,0,0,4,"1",FALSE,0
"13167",5,"M",3,"White","Middle",2,0,0,0,0,0,0,0,0,0,3,"1",FALSE,0
"13168",5,"M",3,"White","Middle",2,0,0,0,0,0,0,0,0,0,2,"1",FALSE,1
"13169",5,"M",3,"White","Middle",2,0,0,0,0,0,0,0,0,0,4,"1",FALSE,0
"13170",5,"F",3,NA,"Middle",2,0,0,0,0,0,0,0,0,0,4,"1",FALSE,0
"13171",5,"M",3,"Hispanic","Middle",2,0,0,0,0,0,0,0,0,0,4,"1",FALSE,0
"13172",6,"M",3,"White","Middle",2,0,0,0,0,0,0,0,0,0,4,NA,FALSE,0
"13173",6,"M",3,"White","Middle",2,0,0,0,0,0,0,0,0,0,4,NA,FALSE,0
"13174",6,"F",3,"White","Middle",2,0,0,0,0,0,0,0,0,0,3,"1",FALSE,0
"13175",6,"F",3,"White","Middle",2,0,0,0,0,0,0,0,0,0,2,"1",FALSE,1
"13176",6,"M",3,"Hispanic","Middle",2,0,0,0,0,0,0,0,0,0,3,"1",FALSE,0
"13177",6,"F",3,"White","Middle",2,0,0,0,0,0,0,0,0,0,3,"1",FALSE,0
"13178",5,"M",3,"Hispanic","Middle",2,0,0,0,0,0,0,0,0,0,2,"1",FALSE,1
"13179",5,"M",3,"White","Middle",2,0,0,0,0,0,0,0,0,0,4,NA,FALSE,0
"13180",6,"F",3,"White","Middle",2,0,0,0,0,0,0,0,0,0,4,NA,FALSE,0
"13181",5,"F",3,"White","Middle",2,0,0,0,0,0,0,0,0,0,1,NA,FALSE,1
"13182",5,"F",3,"White","Middle",2,0,0,0,0,0,0,0,0,0,4,"1",FALSE,0
"13183",6,"F",3,"White","Middle",2,0,0,0,0,0,0,0,0,0,4,"1",FALSE,0
"13184",5,"M",3,"White","Middle",2,0,0,0,0,0,0,0,0,0,4,NA,FALSE,0
"13185",6,"F",3,"White","Middle",2,0,0,0,0,0,0,0,0,0,4,"1",FALSE,0
"13186",6,"F",3,"Asian","Middle",2,0,0,0,0,0,0,0,0,0,4,"1",FALSE,0
"13187",6,"F",3,"White","Middle",2,0,0,0,0,0,0,0,0,0,3,NA,FALSE,0
"13188",6,"M",3,"White","Middle",2,0,0,0,0,0,0,0,0,0,3,"1",FALSE,0
"13189",7,"F",4,"White","High",2,0,0,0,0,0,0,0,0,1,4,"1",TRUE,0
"13190",6,"M",4,"White","High",2,0,0,0,0,0,0,0,0,0,4,"1",FALSE,0
"13191",7,"M",4,"White","High",2,0,0,0,0,0,0,0,0,0,3,"1",FALSE,0
"13192",7,"F",4,"White","High",2,0,0,0,0,0,0,0,0,0,2,"1",FALSE,1
"13193",6,"F",4,"White","High",2,0,0,0,0,0,0,0,0,0,3,"1",FALSE,0
"13194",7,"M",4,"White","High",2,0,0,0,0,0,0,0,0,0,4,NA,FALSE,0
"13195",6,"F",4,"White","High",2,0,0,0,0,0,0,0,0,1,4,"1",TRUE,0
"13196",7,"M",4,"White","High",2,0,0,0,0,0,0,0,0,1,4,"1",TRUE,0
"13197",7,"F",4,"White","High",2,0,0,0,0,0,0,0,0,0,2,"1",FALSE,1
"13198",7,"F",4,"White","High",2,0,0,0,0,0,0,0,0,0,4,"1",FALSE,0
"13199",7,"M",4,"White","High",2,0,0,0,0,0,0,0,0,0,1,"1",FALSE,1
"13200",7,"F",4,"White","High",2,0,0,0,0,0,0,0,0,0,4,"1",FALSE,0
"13201",7,"F",4,"White","High",2,0,0,0,0,0,0,0,0,0,3,NA,FALSE,0
"13202",9,"M",6,"White","High",1,0,0,0,0,0,0,0,0,1,1,"1",TRUE,1
"13203",6,"F",6,"White","High",2,0,0,0,0,0,0,0,0,0,4,NA,FALSE,0
"13204",7,"F",5,"White","High",2,0,0,0,0,0,0,0,0,0,4,"1",FALSE,0
"13205",8,"F",5,"White","High",2,0,0,0,0,0,0,0,0,0,2,"1",FALSE,1
"13206",8,"M",5,NA,"High",2,0,0,0,0,0,0,0,0,0,3,NA,FALSE,0
"13207",7,"F",5,"Asian","High",2,0,0,0,0,0,0,0,0,0,4,"1",FALSE,0
"13208",7,"M",4,"White","High",2,0,0,0,0,0,0,0,0,0,4,"1",FALSE,0
"13209",8,"F",5,"White","High",2,0,0,0,0,0,0,0,0,0,4,"1",FALSE,0
"13210",8,"M",5,"White","High",1,0,0,0,0,0,0,0,0,0,2,"1",FALSE,1
"13211",8,"M",5,"White","High",2,0,0,0,0,0,0,0,0,0,3,"1",FALSE,0
"13212",7,"M",4,"White","High",1,0,0,0,0,0,0,0,0,0,1,"1",FALSE,1
"13213",7,"M",4,NA,"High",2,0,0,0,0,0,0,0,0,0,3,"1",FALSE,0
"13214",7,"M",4,"White","High",2,0,0,0,0,0,0,0,0,0,4,"1",FALSE,0
"13215",7,"F",4,"White","High",2,0,0,0,0,0,0,0,0,0,4,NA,FALSE,0
"13216",7,"F",4,"White","High",2,0,0,0,0,0,0,0,0,0,4,"1",FALSE,0
"13217",7,"F",4,"Asian","High",2,0,0,0,0,0,1,0,0,0,2,"1",TRUE,1
"13218",9,"M",5,"White","High",2,0,0,0,0,0,0,0,0,1,4,"1",TRUE,0
"13219",6,"F",4,"White","High",2,0,0,0,0,0,0,0,0,0,3,NA,FALSE,0
"13220",9,"F",6,"Black","High",2,0,0,0,0,0,0,0,0,0,4,NA,FALSE,0
"13221",7,"F",4,"White","High",2,0,0,0,0,0,0,0,0,0,4,"1",FALSE,0
"13222",10,"F",7,"White","High",2,0,0,0,0,0,0,0,0,0,4,"1",FALSE,0
"13223",7,"F",5,"White","High",2,0,0,0,0,0,0,0,0,0,4,"1",FALSE,0
"13224",9,"F",7,"White","High",2,0,0,0,0,0,0,0,0,1,4,NA,TRUE,0
"13225",9,"F",7,"White","High",2,0,0,0,0,0,0,0,0,0,2,NA,FALSE,1
"13226",10,"M",7,"White","High",1,0,0,0,0,0,0,0,0,0,3,NA,FALSE,0
"13227",9,"M",7,"White","High",2,0,0,0,0,0,0,0,0,0,4,"1",FALSE,0
"13228",6,"F",4,"White","High",2,0,0,0,0,0,0,0,0,0,2,"1",FALSE,1
"13229",6,"M",4,"White","High",2,0,0,0,0,0,0,0,0,0,4,"1",FALSE,0
"13230",7,"M",5,"White","High",2,0,0,0,0,0,0,0,0,0,3,"1",FALSE,0
"13231",7,"F",4,"Hispanic","High",2,0,0,0,0,0,0,0,0,0,4,"1",FALSE,0
"13232",7,"F",5,"White","High",2,0,0,0,0,0,0,0,0,0,4,"1",FALSE,0
"13233",6,"F",4,"White","High",2,0,0,0,0,0,0,0,0,0,3,"1",FALSE,0
"13234",6,"F",4,"White","High",2,0,0,0,0,0,0,0,0,0,3,"1",FALSE,0
"13235",6,"F",4,"White","High",2,0,0,0,0,0,0,0,0,0,2,NA,FALSE,1
"13236",7,"F",4,"White","High",2,0,0,0,0,0,0,0,0,0,4,"1",FALSE,0
"13237",9,"F",7,"White","High",2,0,0,0,0,0,0,0,0,0,2,"1",FALSE,1
"13238",9,"M",7,"White","High",2,0,0,0,0,0,0,0,0,0,4,"1",FALSE,0
"13239",7,"M",4,"White","High",2,0,0,0,0,0,0,0,0,0,4,"1",FALSE,0
"13240",6,"M",4,"White","High",2,0,0,0,0,0,0,0,0,0,4,"1",FALSE,0
"13241",8,"M",5,"White","High",2,0,0,0,0,0,0,0,0,0,4,"1",FALSE,0
"13242",8,"F",5,"White","High",2,0,0,0,0,0,0,0,0,0,2,"1",FALSE,1
"13243",9,"M",6,"Hispanic","High",2,0,0,0,0,0,0,0,0,NA,3,NA,NA,0
"13244",9,"F",7,"White","High",2,0,0,0,0,0,0,0,0,0,2,"1",FALSE,1
"13245",8,"M",6,"White","High",2,0,0,0,0,0,0,0,0,0,4,"1",FALSE,0
"13246",11,"M",7,"Black","High",2,0,0,0,0,0,0,0,0,0,3,"1",FALSE,0
"13247",9,"M",7,"White","High",2,0,0,0,0,0,0,0,0,0,4,"1",FALSE,0
"13248",8,"M",7,"White","High",2,0,0,0,0,0,0,0,0,0,4,"1",FALSE,0
"13249",7,"M",5,"White","High",2,0,0,0,0,0,0,0,0,0,3,"1",FALSE,0
"13250",7,"M",4,"Asian","High",2,0,0,0,0,0,0,0,0,0,3,"1",FALSE,0
"13251",8,"F",5,"White","High",2,0,0,0,0,0,0,0,0,0,3,"1",FALSE,0
"13252",NA,NA,7,"White","High",2,0,0,0,0,0,0,0,0,0,4,"1",FALSE,0
"13253",7,"M",5,"White","High",2,0,0,0,0,0,0,0,0,1,2,NA,TRUE,1
"13254",7,"F",5,"White","High",2,0,0,0,0,0,0,0,0,0,2,"1",FALSE,1
"13255",9,"F",7,"White","High",2,0,0,0,0,0,0,0,0,0,4,NA,FALSE,0
"13256",9,"M",5,"White","High",2,0,0,0,0,0,0,0,0,0,4,"1",FALSE,0
"13257",9,"F",6,"White","High",2,0,0,0,0,0,0,0,0,0,4,"1",FALSE,0
"13258",1,"M",7,NA,"High",2,NA,0,0,0,0,0,0,0,0,1,"1",NA,1
"13259",8,"M",6,"Black","High",2,0,0,0,0,0,0,0,0,0,4,"1",FALSE,0
"13260",8,"F",6,"White","High",1,0,0,0,0,0,0,0,0,1,2,NA,TRUE,1
"13261",9,"F",7,"White","High",2,0,0,0,0,0,0,0,0,0,4,"1",FALSE,0
"13262",8,"M",6,"White","High",2,0,0,0,0,0,0,0,0,0,3,"1",FALSE,0
"13263",8,"F",6,"White","High",2,0,0,0,0,0,0,0,0,0,3,"1",FALSE,0
"13264",8,"M",6,"White","High",1,0,0,0,0,0,0,0,0,0,3,NA,FALSE,0
"13265",8,"M",6,"White","High",2,0,0,0,0,0,0,0,0,0,4,"1",FALSE,0
"13266",9,"M",6,"White","High",2,0,0,0,0,0,0,0,0,0,4,"1",FALSE,0
"13267",9,"M",6,"White","High",2,0,0,0,0,0,0,0,0,0,4,"1",FALSE,0
"13268",9,"F",6,"Hispanic","High",2,0,0,0,0,0,0,0,0,0,3,"1",FALSE,0
"13269",10,"F",7,"White","High",2,0,0,0,0,0,0,0,0,0,3,"1",FALSE,0
"13270",9,"F",6,"White","High",2,0,0,0,0,0,0,0,0,0,4,"1",FALSE,0
"13271",10,"F",7,"Hispanic","High",2,0,0,0,0,0,0,0,0,0,2,"1",FALSE,1
"13272",6,"M",4,"White","High",2,0,0,0,0,0,0,0,0,0,3,NA,FALSE,0
"13273",7,NA,4,NA,"High",NA,NA,NA,NA,NA,NA,NA,NA,NA,NA,NA,NA,NA,NA
"13274",7,"F",4,NA,"High",NA,NA,NA,NA,NA,NA,NA,NA,NA,NA,NA,NA,NA,NA
"13275",8,"F",6,"Hispanic","High",2,0,0,0,0,0,0,0,0,0,3,NA,FALSE,0
"13276",8,"F",6,"White","High",2,0,0,0,0,0,0,0,0,1,3,NA,TRUE,0
"13277",9,"F",6,"Hispanic","High",2,1,0,0,0,0,0,0,0,1,1,NA,TRUE,1
"13278",8,"M",6,"White","High",2,0,0,0,0,0,0,0,0,0,4,NA,FALSE,0
"13279",8,"F",6,"White","High",2,0,0,1,0,0,0,0,0,0,2,"1",TRUE,1
"13280",10,"F",6,"White","High",1,1,0,0,0,0,0,0,0,0,1,NA,TRUE,1
"13281",8,"F",6,"White","High",2,1,0,0,0,0,0,0,0,1,2,NA,TRUE,1
"13282",9,"M",6,"White","High",2,1,0,1,0,0,0,0,0,0,1,NA,TRUE,1
"13283",9,"M",6,"White","High",1,1,1,0,1,0,0,0,0,0,1,"1",TRUE,1
"13284",9,"M",6,"White","High",1,0,0,0,0,0,0,1,0,0,3,"1",TRUE,0
"13285",9,"M",6,"Hispanic","High",1,1,0,1,0,0,0,0,0,1,1,NA,TRUE,1
"13286",9,"M",6,"White","High",1,0,0,1,0,0,0,1,0,1,2,NA,TRUE,1
"13287",9,"F",6,"White","High",2,0,0,0,0,0,0,0,0,0,3,"1",FALSE,0
"13288",8,"M",6,"White","High",NA,0,0,0,0,0,0,0,0,0,2,"1",FALSE,1
"13289",9,"F",6,"White","High",1,0,0,0,0,0,0,0,0,0,2,"1",FALSE,1
"13290",9,"F",6,"White","High",1,1,0,0,0,0,0,0,0,1,3,"1",TRUE,0
"13291",9,"F",6,"White","High",1,1,1,0,0,0,0,0,0,0,1,NA,TRUE,1
"13292",7,NA,5,"White","High",2,0,0,0,0,0,0,0,0,0,3,NA,FALSE,0
"13293",7,"M",5,"White","High",2,1,0,0,0,0,0,0,0,0,4,"1",TRUE,0
"13294",8,"M",5,"White","High",1,1,1,1,0,0,0,1,0,0,1,NA,TRUE,1
"13295",8,"M",5,"AI/AN","High",1,0,0,1,0,0,0,1,0,0,2,NA,TRUE,1
"13296",7,"F",5,"Hispanic","High",2,1,0,0,0,0,NA,0,0,1,2,NA,TRUE,1
"13297",8,"M",5,"White","High",2,0,0,0,0,0,0,0,0,0,4,NA,FALSE,0
"13298",8,"F",5,NA,"High",1,0,0,0,0,0,0,0,0,0,NA,"1",FALSE,NA
"13299",7,"M",5,"Black","High",2,1,0,1,0,0,0,0,0,1,1,NA,TRUE,1
"13300",7,"F",5,"White","High",1,0,1,0,0,0,0,1,0,1,2,NA,TRUE,1
"13301",7,"M",5,"White","High",1,1,1,1,0,0,0,1,1,1,2,NA,TRUE,1
"13302",8,"F",5,"White","High",1,1,0,0,NA,NA,0,NA,NA,0,2,NA,TRUE,1
"13303",8,"M",5,"White","High",1,0,0,0,0,0,0,0,0,1,3,"1",TRUE,0
"13304",8,"M",5,"White","High",1,0,0,1,0,0,0,0,0,1,3,NA,TRUE,0
"13305",7,"M",5,"White","High",2,0,0,0,0,0,0,0,0,0,2,NA,FALSE,1
"13306",7,"F",5,"White","High",2,NA,0,0,0,0,0,0,0,0,2,NA,NA,1
"13307",8,"F",5,"White","High",2,0,0,0,0,0,0,0,0,0,2,NA,FALSE,1
"13308",8,"F",5,"White","High",2,0,0,0,0,0,0,0,0,0,3,NA,FALSE,0
"13309",8,"M",5,"White","High",2,0,0,1,0,0,0,0,0,1,3,"1",TRUE,0
"13310",8,"M",5,"White","High",1,0,0,1,0,0,0,0,0,0,1,NA,TRUE,1
"13311",10,"F",7,"White","High",2,0,0,0,0,0,0,0,0,0,4,"1",FALSE,0
"13312",9,"F",7,"White","High",1,1,0,0,0,0,0,0,0,1,1,"1",TRUE,1
"13313",9,"F",7,"White","High",2,0,0,0,0,0,0,0,0,0,4,"1",FALSE,0
"13314",10,"M",7,"White","High",2,0,0,0,0,0,0,0,0,0,4,"1",FALSE,0
"13315",10,"M",7,"White","High",2,0,0,0,0,0,0,0,0,0,3,"1",FALSE,0
"13316",10,"M",7,"White","High",1,0,1,0,0,0,0,0,0,1,1,NA,TRUE,1
"13317",9,"F",7,"White","High",2,0,0,0,0,0,0,0,0,0,4,"1",FALSE,0
"13318",10,"F",7,"White","High",2,0,0,0,0,0,0,0,0,0,4,"1",FALSE,0
"13319",8,"F",7,"White","High",2,0,0,0,0,0,0,0,0,0,3,"1",FALSE,0
"13320",10,"F",7,"White","High",2,0,0,0,0,0,0,0,0,0,3,"1",FALSE,0
"13321",9,"M",7,"White","High",1,1,1,1,1,0,0,1,0,1,1,"1",TRUE,1
"13322",1,"F",1,"Hispanic","Middle",NA,1,NA,1,0,0,0,0,0,1,1,NA,TRUE,1
"13323",10,"M",7,"White","High",1,1,0,1,0,0,0,0,0,1,1,NA,TRUE,1
"13324",9,"F",7,"White","High",1,1,0,0,0,0,0,0,0,0,2,NA,TRUE,1
"13325",10,"F",7,"White","High",2,0,0,0,0,0,0,0,0,0,1,"1",FALSE,1
"13326",9,"M",7,"White","High",2,0,0,0,0,0,0,0,0,0,4,NA,FALSE,0
"13327",10,"M",7,"White","High",2,0,0,0,0,0,0,0,0,0,4,"1",FALSE,0
"13328",9,"M",7,"White","High",1,NA,0,1,0,0,0,0,0,0,1,NA,TRUE,1
"13329",9,"M",7,"White","High",1,0,0,1,0,0,0,0,0,0,2,"1",TRUE,1
"13330",10,"F",7,"White","High",1,0,0,0,0,0,0,0,0,0,2,NA,FALSE,1
"13331",10,"F",7,"White","High",1,1,1,1,0,1,0,1,1,1,2,NA,TRUE,1
"13332",8,"M",4,"White","High",1,1,0,0,0,0,1,0,0,0,1,NA,TRUE,1
"13333",7,"M",4,"White","High",1,1,1,1,0,0,0,1,1,1,2,NA,TRUE,1
"13334",6,"M",4,"White","High",2,0,0,0,0,0,0,0,0,1,4,NA,TRUE,0
"13335",7,"M",4,"White","High",1,1,1,0,0,0,0,1,0,0,1,NA,TRUE,1
"13336",7,"M",4,"White","High",2,0,0,0,0,0,0,0,0,0,4,NA,FALSE,0
"13337",6,"M",4,"White","High",2,0,0,0,0,0,0,0,0,0,3,"1",FALSE,0
"13338",7,"M",4,"White","High",2,0,0,0,0,0,0,0,0,0,3,"1",FALSE,0
"13339",8,"M",4,"White","High",1,1,1,0,0,0,0,0,0,1,1,NA,TRUE,1
"13340",6,"M",4,"White","High",NA,1,NA,NA,1,0,1,0,0,NA,1,NA,TRUE,1
"13341",6,"M",4,"White","High",2,0,0,0,0,0,0,0,0,0,4,NA,FALSE,0
"13342",7,"M",4,"White","High",2,0,0,0,0,0,0,0,0,0,4,"1",FALSE,0
"13343",7,"M",4,"White","High",2,0,NA,0,0,0,0,0,0,0,4,NA,NA,0
"13344",6,"F",3,"White","Middle",2,0,0,0,0,0,0,0,0,1,3,NA,TRUE,0
"13345",4,"F",2,"Black","Middle",2,0,0,0,0,0,0,0,0,0,4,NA,FALSE,0
"13346",4,"M",2,"Hispanic","Middle",2,0,0,0,0,0,0,0,0,0,4,NA,FALSE,0
"13347",4,"M",2,"Hispanic","Middle",2,0,0,0,0,0,0,0,0,0,4,"1",FALSE,0
"13348",6,"M",3,"Hispanic","Middle",2,0,0,0,0,0,0,0,0,0,4,"1",FALSE,0
"13349",4,"M",2,"White","Middle",2,0,0,0,0,0,0,0,0,0,4,"1",FALSE,0
"13350",5,"M",2,"Hispanic","Middle",NA,0,NA,NA,NA,NA,NA,NA,NA,NA,4,NA,NA,0
"13351",4,"M",2,"Hispanic","Middle",2,0,0,0,0,0,0,0,0,0,1,"1",FALSE,1
"13352",5,"M",3,"White","Middle",2,0,0,0,0,0,0,0,0,0,3,NA,FALSE,0
"13353",6,"M",3,"White","Middle",2,0,0,0,0,0,0,0,0,0,4,"1",FALSE,0
"13354",7,"F",3,"Black","Middle",1,0,0,0,0,0,0,0,0,1,4,"1",TRUE,0
"13355",6,"F",3,"White","Middle",2,0,0,0,0,0,0,0,0,0,4,"1",FALSE,0
"13356",6,"F",3,"White","Middle",2,0,0,0,0,0,0,0,0,0,3,"1",FALSE,0
"13357",6,"M",3,"White","Middle",1,0,0,0,0,0,0,0,0,0,2,NA,FALSE,1
"13358",7,"F",3,"White","Middle",2,0,0,0,0,0,0,0,0,0,4,NA,FALSE,0
"13359",5,"M",3,"Hispanic","Middle",NA,NA,NA,0,0,0,0,0,0,0,1,"1",NA,1
"13360",6,"F",3,"White","Middle",2,0,0,0,0,0,0,0,0,0,4,"1",FALSE,0
"13361",5,"M",3,"White","Middle",2,0,0,1,0,0,0,0,0,0,1,"1",TRUE,1
"13362",5,"M",3,"White","Middle",2,0,0,1,0,0,0,0,0,0,4,NA,TRUE,0
"13363",6,"F",3,"White","Middle",2,0,0,0,0,0,0,0,0,0,4,"1",FALSE,0
"13364",5,"M",3,"Hispanic","Middle",2,0,0,0,0,0,0,0,0,0,2,NA,FALSE,1
"13365",5,"F",NA,"White",NA,NA,0,NA,NA,0,0,0,0,0,NA,4,"1",NA,0
"13366",6,"F",3,"Hispanic","Middle",2,0,0,0,0,0,0,0,0,0,2,"1",FALSE,1
"13367",5,"F",3,"White","Middle",2,0,0,0,0,0,0,0,0,0,3,"1",FALSE,0
"13368",5,"F",3,"Hispanic","Middle",2,0,0,0,0,0,0,0,0,0,4,"1",FALSE,0
"13369",6,"F",3,"Hispanic","Middle",2,0,0,0,0,0,0,0,0,0,4,"1",FALSE,0
"13370",5,"M",3,"White","Middle",2,0,0,0,0,0,0,0,0,0,3,"1",FALSE,0
"13371",6,"M",3,"White","Middle",2,1,0,0,0,0,0,1,0,0,2,"1",TRUE,1
"13372",6,"F",3,"White","Middle",2,0,0,0,0,0,0,0,0,0,4,NA,FALSE,0
"13373",6,"M",3,"White","Middle",2,0,0,0,0,0,0,0,0,0,4,NA,FALSE,0
"13374",6,"M",3,"White","Middle",2,0,0,0,0,0,0,0,0,0,4,"1",FALSE,0
"13375",5,"M",3,"White","Middle",2,0,0,0,0,0,0,0,0,0,4,"1",FALSE,0
"13376",5,"F",3,"White","Middle",2,0,0,0,0,0,0,0,0,0,3,NA,FALSE,0
"13377",6,"F",3,"Black","Middle",2,0,0,0,0,0,0,0,0,0,2,NA,FALSE,1
"13378",5,"F",3,"Hispanic","Middle",2,0,0,NA,0,0,0,0,0,0,4,NA,NA,0
"13379",6,"F",3,"White","Middle",2,0,0,0,0,0,0,0,0,0,4,"1",FALSE,0
"13380",5,"F",3,"White","Middle",2,0,0,0,0,0,0,0,0,1,1,NA,TRUE,1
"13381",5,"M",2,"White","Middle",2,0,0,0,0,0,0,0,0,0,4,NA,FALSE,0
"13382",4,"F",2,"White","Middle",2,0,0,0,0,0,0,0,0,0,4,NA,FALSE,0
"13383",4,"M",2,"AI/AN","Middle",2,0,0,0,0,0,0,0,0,0,3,NA,FALSE,0
"13384",11,"M",8,"Hispanic",NA,1,1,1,1,0,0,0,0,0,1,1,NA,TRUE,1
"13385",5,"M",2,"Hispanic","Middle",1,0,0,0,0,0,0,0,0,0,1,NA,FALSE,1
"13386",5,"F",2,"White","Middle",2,0,0,0,0,0,0,0,0,0,4,NA,FALSE,0
"13387",4,"M",2,"Hispanic","Middle",2,0,0,0,0,0,0,0,0,0,4,NA,FALSE,0
"13388",5,"F",2,"White","Middle",2,0,0,0,0,0,0,0,0,0,4,NA,FALSE,0
"13389",4,"F",2,"White","Middle",2,0,0,0,0,0,0,0,0,0,4,NA,FALSE,0
"13390",6,"M",2,"White","Middle",1,0,NA,0,NA,NA,0,NA,NA,1,4,NA,TRUE,0
"13391",4,"F",2,"Hispanic","Middle",2,0,0,0,0,0,0,0,0,0,NA,"1",FALSE,NA
"13392",4,"F",2,"Hispanic","Middle",2,0,0,0,NA,NA,0,NA,NA,0,1,"1",NA,1
"13393",4,"F",2,"White","Middle",2,0,0,0,0,0,0,0,0,0,4,"1",FALSE,0
"13394",4,"M",2,"White","Middle",2,0,0,0,0,0,0,0,0,0,4,"1",FALSE,0
"13395",4,"M",2,"Hispanic","Middle",2,0,0,0,0,0,0,0,0,0,4,NA,FALSE,0
"13396",4,"F",2,"Hispanic","Middle",2,0,0,0,0,0,0,0,0,0,4,"1",FALSE,0
"13397",4,"F",2,"White","Middle",2,0,0,0,0,0,0,0,0,0,4,"1",FALSE,0
"13398",4,"F",2,"White","Middle",2,0,0,0,0,0,0,0,0,0,2,NA,FALSE,1
"13399",5,"F",2,"Hispanic","Middle",2,0,0,0,0,0,0,0,0,0,4,"1",FALSE,0
"13400",4,"M",2,"White","Middle",2,0,0,0,0,0,0,0,0,0,4,"1",FALSE,0
"13401",4,"F",2,"White","Middle",2,0,0,0,0,0,0,0,0,0,4,NA,FALSE,0
"13402",4,"F",2,"Hispanic","Middle",2,0,0,0,0,0,0,0,0,0,4,"1",FALSE,0
"13403",6,"F",3,"White","Middle",2,0,0,0,0,0,0,0,0,0,2,"1",FALSE,1
"13404",8,"M",NA,"White",NA,1,1,0,0,0,0,0,0,0,1,1,NA,TRUE,1
"13405",8,"F",5,"White","High",2,0,0,0,0,0,0,0,0,0,4,NA,FALSE,0
"13406",9,"M",5,"White","High",1,0,0,0,0,0,0,0,0,1,1,"1",TRUE,1
"13407",7,"M",4,"AI/AN","High",NA,NA,NA,NA,NA,NA,NA,NA,NA,NA,NA,NA,NA,NA
"13408",7,"M",5,"White","High",1,1,1,0,1,0,1,0,0,1,1,NA,TRUE,1
"13409",9,"M",6,"Black","High",1,0,0,NA,0,0,0,0,0,0,1,NA,NA,1
"13410",9,"M",6,NA,"High",1,NA,1,NA,NA,NA,NA,NA,NA,1,4,NA,TRUE,0
"13411",8,"F",6,"White","High",1,1,1,1,0,0,0,0,0,0,1,NA,TRUE,1
"13412",8,"M",4,"Hispanic","High",2,0,0,0,0,0,0,0,0,0,4,"1",FALSE,0
"13413",8,"M",5,"White","High",NA,NA,NA,NA,NA,NA,NA,NA,NA,NA,NA,NA,NA,NA
"13414",NA,NA,NA,NA,NA,NA,NA,NA,NA,NA,NA,NA,NA,NA,NA,1,NA,NA,1
"13415",6,"M",4,"White","High",2,0,0,0,0,0,0,0,0,0,3,NA,FALSE,0
"13416",10,"M",7,"White","High",1,1,0,1,0,0,0,0,0,0,4,NA,TRUE,0
"13417",9,"M",7,"White","High",1,1,1,1,1,0,0,0,0,1,1,NA,TRUE,1
"13418",NA,NA,NA,"White",NA,2,0,0,0,NA,NA,NA,NA,NA,NA,4,NA,NA,0
"13419",8,"F",7,NA,"High",NA,1,NA,NA,NA,NA,NA,NA,NA,NA,1,NA,TRUE,1
"13420",7,"M",4,"White","High",2,0,0,0,0,0,0,0,0,0,4,NA,FALSE,0
"13421",9,"M",7,"Black","High",1,0,0,1,0,0,0,0,0,0,2,"1",TRUE,1
"13422",10,"F",7,"White","High",1,0,0,0,0,0,0,0,0,1,1,NA,TRUE,1
"13423",10,"F",7,"White","High",1,0,0,1,0,0,NA,0,0,0,1,NA,TRUE,1
"13424",8,"M",5,"Hispanic","High",1,0,0,0,0,0,0,0,0,0,4,"1",FALSE,0
"13425",9,"M",6,"White","High",1,1,0,1,0,0,0,0,0,0,1,NA,TRUE,1
"13426",9,"M",7,NA,"High",2,0,0,0,0,0,0,0,0,0,4,"1",FALSE,0
"13427",9,"M",7,"White","High",1,1,1,0,NA,NA,0,NA,NA,1,1,NA,TRUE,1
"13428",8,"F",6,"White","High",1,1,1,0,0,0,0,0,0,0,2,NA,TRUE,1
"13429",10,"F",7,"Black","High",1,0,NA,0,0,0,0,0,0,0,4,NA,NA,0
"13430",8,"M",6,NA,"High",2,1,0,0,0,0,0,0,0,1,3,NA,TRUE,0
"13431",8,"F",7,"White","High",1,1,0,0,0,0,0,0,0,1,1,NA,TRUE,1
"13432",10,"M",5,"White","High",1,0,0,1,0,0,0,1,0,0,4,NA,TRUE,0
"13433",8,"M",5,NA,"High",2,1,0,1,0,0,1,0,0,1,NA,NA,TRUE,NA
"13434",8,"F",5,"Hispanic","High",2,0,0,0,0,0,0,0,0,0,3,"1",FALSE,0
"13435",NA,NA,NA,NA,NA,1,NA,1,0,0,0,0,0,0,1,NA,NA,TRUE,NA
"13436",9,"M",5,"White","High",1,1,1,1,1,0,1,1,0,1,1,NA,TRUE,1
"13437",8,"F",6,"White","High",1,1,1,0,0,0,1,0,0,0,1,"1",TRUE,1
"13438",8,"F",4,"White","High",1,0,0,0,0,0,0,0,0,0,1,NA,FALSE,1
"13439",9,"M",5,"Asian","High",1,1,0,1,0,0,0,0,0,1,1,NA,TRUE,1
"13440",9,"F",6,"White","High",2,0,0,0,NA,NA,0,NA,NA,0,2,NA,NA,1
"13441",9,"M",6,"White","High",1,1,1,0,NA,NA,NA,NA,NA,1,1,NA,TRUE,1
"13442",9,"F",6,"White","High",1,1,1,0,NA,NA,0,NA,NA,1,2,NA,TRUE,1
"13443",8,"F",6,"Black","High",1,0,1,0,0,0,0,0,0,0,4,NA,TRUE,0
"13444",8,"M",6,"White","High",NA,NA,NA,NA,NA,NA,NA,NA,NA,NA,1,NA,NA,1
"13445",8,"M",6,"AI/AN","High",1,0,1,NA,NA,NA,NA,NA,NA,NA,2,NA,TRUE,1
"13446",6,"F",4,"AI/AN","High",NA,NA,NA,NA,NA,NA,NA,NA,NA,NA,2,NA,NA,1
"13447",9,"M",NA,NA,NA,NA,NA,NA,NA,NA,NA,NA,NA,NA,NA,NA,NA,NA,NA
"13448",11,"M",7,"Black","High",2,0,0,0,0,0,0,0,0,0,4,"1",FALSE,0
"13449",9,"M",7,NA,"High",1,1,0,0,1,0,NA,0,0,0,2,NA,TRUE,1
"13450",8,"M",5,NA,"High",1,1,1,0,0,1,0,0,0,0,NA,NA,TRUE,NA
"13451",10,"F",7,"White","High",1,0,0,0,0,0,0,0,0,1,1,NA,TRUE,1
"13452",6,"F",4,"White","High",1,0,1,0,0,0,1,0,0,1,2,NA,TRUE,1
"13453",3,"F",1,"White","Middle",2,0,0,0,0,0,0,0,0,0,4,"1",FALSE,0
"13454",3,"M",1,"White","Middle",2,0,0,0,0,0,0,0,0,0,4,NA,FALSE,0
"13455",4,"F",1,"White","Middle",2,0,0,0,0,0,0,0,0,0,4,NA,FALSE,0
"13456",3,"M",1,"White","Middle",2,0,0,0,0,0,0,0,0,0,3,"1",FALSE,0
"13457",4,"M",1,"White","Middle",2,0,0,0,0,0,0,0,0,0,4,NA,FALSE,0
"13458",3,"F",1,"White","Middle",2,0,0,0,0,0,0,0,0,0,4,NA,FALSE,0
"13459",3,"F",1,"White","Middle",2,0,0,0,0,0,0,0,0,0,4,"1",FALSE,0
"13460",3,"M",1,NA,"Middle",2,0,0,0,0,0,0,0,0,0,2,NA,FALSE,1
"13461",3,"F",1,"White","Middle",2,0,0,0,0,0,0,0,0,0,4,"1",FALSE,0
"13462",4,"F",1,"White","Middle",2,0,0,0,0,0,0,0,0,0,4,"1",FALSE,0
"13463",4,"M",1,"White","Middle",2,0,0,0,0,0,0,0,0,0,3,"1",FALSE,0
"13464",3,"M",1,"White","Middle",2,0,0,0,0,0,0,0,0,0,4,NA,FALSE,0
"13465",3,"F",1,"White","Middle",2,0,0,0,0,0,0,0,0,0,4,"1",FALSE,0
"13466",4,"F",1,"White","Middle",2,0,0,0,0,0,0,0,0,0,4,"1",FALSE,0
"13467",3,"M",1,"White","Middle",2,0,0,0,0,0,0,0,0,0,4,"1",FALSE,0
"13468",4,"F",1,"Hispanic","Middle",2,0,0,0,0,0,0,0,0,0,4,"1",FALSE,0
"13469",3,"F",1,"White","Middle",2,0,0,0,0,0,0,0,0,0,4,NA,FALSE,0
"13470",3,"F",1,"Asian","Middle",2,0,0,0,0,0,0,0,0,0,4,"1",FALSE,0
"13471",4,"M",1,"White","Middle",2,0,0,0,0,0,0,0,0,0,3,NA,FALSE,0
"13472",4,"M",1,"White","Middle",2,0,0,0,0,0,0,0,0,0,4,"1",FALSE,0
"13473",7,"F",4,"White","High",2,0,0,0,0,0,0,0,0,1,2,NA,TRUE,1
"13474",6,"F",4,"White","High",2,0,0,0,0,0,0,0,0,0,1,"1",FALSE,1
"13475",7,"M",4,"White","High",2,0,0,0,0,0,0,0,0,1,3,NA,TRUE,0
"13476",6,"F",4,"Hispanic","High",1,0,0,0,0,0,0,0,0,1,1,"1",TRUE,1
"13477",7,"F",4,"Asian","High",2,0,0,0,0,0,0,0,0,0,4,"1",FALSE,0
"13478",7,"F",4,"Hispanic","High",2,0,0,0,0,0,0,0,0,0,4,NA,FALSE,0
"13479",6,"F",4,"Hispanic","High",2,0,0,0,0,0,0,0,0,1,1,"1",TRUE,1
"13480",7,"M",4,"White","High",2,0,0,0,0,0,0,0,0,1,4,"1",TRUE,0
"13481",6,"M",4,"Hispanic","High",2,0,0,0,0,0,0,0,0,0,1,"1",FALSE,1
"13482",8,"M",4,"Hispanic","High",2,0,0,0,0,0,0,0,0,0,1,NA,FALSE,1
"13483",7,"M",4,"White","High",1,0,1,0,0,0,0,0,0,1,3,NA,TRUE,0
"13484",7,"F",4,"White","High",2,0,0,0,0,0,0,0,0,0,4,"1",FALSE,0
"13485",7,"M",4,"Black","High",2,0,0,0,0,0,0,0,0,0,3,"1",FALSE,0
"13486",7,"F",4,"Hispanic","High",2,0,0,0,0,0,0,0,0,0,2,"1",FALSE,1
"13487",6,"M",4,"White","High",2,0,0,0,0,0,0,0,0,0,3,"1",FALSE,0
"13488",8,"M",5,"White","High",1,0,0,0,0,0,0,0,0,0,2,NA,FALSE,1
"13489",8,"M",5,NA,"High",2,0,0,0,0,0,0,0,0,0,4,NA,FALSE,0
"13490",6,"F",4,"Hispanic","High",2,0,0,0,0,0,0,0,0,0,2,"1",FALSE,1
"13491",6,"F",4,"Hispanic","High",2,0,0,0,0,0,0,0,0,0,4,"1",FALSE,0
"13492",6,"M",4,"Hispanic","High",2,0,0,0,0,0,0,0,0,0,4,NA,FALSE,0
"13493",8,"M",6,"White","High",2,0,0,0,0,0,0,0,0,0,3,"1",FALSE,0
"13494",7,"M",4,"Hispanic","High",2,0,0,0,0,0,0,0,0,0,4,"1",FALSE,0
"13495",7,"F",4,"White","High",2,0,0,0,0,0,0,0,0,0,4,NA,FALSE,0
"13496",7,"F",4,"Hispanic","High",2,0,0,0,0,0,0,0,0,1,1,NA,TRUE,1
"13497",6,"F",4,"White","High",2,0,0,0,0,0,0,0,0,0,3,"1",FALSE,0
"13498",7,"F",4,"White","High",2,0,0,0,0,0,0,0,0,0,3,"1",FALSE,0
"13499",6,"F",4,"White","High",2,0,0,0,0,0,0,0,0,0,4,"1",FALSE,0
"13500",7,"M",4,"White","High",2,0,0,0,0,0,0,0,0,0,4,"1",FALSE,0
"13501",7,"F",4,"White","High",2,0,0,0,0,0,0,0,0,0,2,"1",FALSE,1
"13502",6,"M",4,"Hispanic","High",2,0,0,NA,0,0,0,0,0,0,2,NA,NA,1
"13503",8,"F",5,"Black","High",2,0,0,0,0,0,0,0,0,0,4,"1",FALSE,0
"13504",9,"M",5,"Asian","High",2,0,0,0,NA,NA,NA,NA,NA,NA,4,NA,NA,0
"13505",8,"M",5,"NHOPI","High",1,1,1,1,0,1,1,0,0,1,1,NA,TRUE,1
"13506",7,"M",5,"White","High",1,0,0,0,0,0,0,0,0,0,1,"1",FALSE,1
"13507",8,"F",5,"White","High",2,0,0,0,0,0,0,0,0,0,4,"1",FALSE,0
"13508",7,"F",5,"Black","High",2,0,0,0,0,0,0,0,0,0,4,"1",FALSE,0
"13509",8,"F",5,"White","High",2,0,0,0,0,0,0,0,0,0,4,"1",FALSE,0
"13510",8,"F",5,"Hispanic","High",1,0,0,0,0,0,0,0,0,1,4,"1",TRUE,0
"13511",7,"F",5,"Hispanic","High",2,0,0,0,0,0,0,0,0,0,1,"1",FALSE,1
"13512",8,"F",5,"Asian","High",2,0,0,0,0,0,0,0,0,0,2,"1",FALSE,1
"13513",8,"M",5,"White","High",1,1,1,0,0,0,0,0,0,0,1,NA,TRUE,1
"13514",8,"M",5,"White","High",1,0,0,1,0,0,0,0,0,0,4,"1",TRUE,0
"13515",9,"M",5,"Hispanic","High",2,0,0,0,0,0,0,0,0,0,4,NA,FALSE,0
"13516",8,"F",5,NA,"High",2,0,0,0,0,0,0,0,0,0,4,"1",FALSE,0
"13517",8,"M",5,"White","High",2,0,0,0,0,0,0,0,0,0,4,"1",FALSE,0
"13518",8,"M",5,NA,"High",1,0,0,0,0,0,0,0,0,0,4,NA,FALSE,0
"13519",NA,"M",NA,"White",NA,2,0,0,0,0,0,0,0,0,1,3,NA,TRUE,0
"13520",8,"M",5,"Hispanic","High",1,1,1,0,1,1,0,0,0,1,2,"1",TRUE,1
"13521",7,"F",5,"White","High",2,0,0,0,0,0,0,0,0,0,2,"1",FALSE,1
"13522",8,"F",5,"Hispanic","High",1,0,0,0,0,0,0,0,0,0,2,"1",FALSE,1
"13523",8,"M",5,"White","High",2,0,0,0,0,0,0,0,0,0,1,"1",FALSE,1
"13524",8,"M",5,"White","High",2,0,0,0,0,0,0,0,0,1,4,"1",TRUE,0
"13525",8,"F",5,"White","High",2,0,0,0,0,0,0,0,0,1,3,"1",TRUE,0
"13526",7,"F",5,"Hispanic","High",1,0,1,NA,0,0,0,0,0,1,2,NA,TRUE,1
"13527",8,"F",5,"White","High",2,0,0,0,0,0,0,0,0,0,2,"1",FALSE,1
"13528",8,"F",5,"White","High",2,0,0,0,0,0,0,0,0,1,1,NA,TRUE,1
"13529",9,"M",5,"Hispanic","High",2,0,0,0,NA,NA,0,NA,NA,0,3,NA,NA,0
"13530",7,"M",5,NA,"High",2,0,0,0,0,0,0,0,0,1,4,NA,TRUE,0
"13531",8,"M",5,"White","High",2,0,0,0,0,0,0,0,0,0,4,"1",FALSE,0
"13532",8,"F",5,NA,"High",2,0,0,0,0,0,0,0,0,0,4,"1",FALSE,0
"13533",9,"M",6,"White","High",1,0,0,0,0,0,0,0,0,0,3,"1",FALSE,0
"13534",9,"F",6,"White","High",NA,0,0,0,0,0,0,0,0,1,3,"1",TRUE,0
"13535",8,"M",6,"White","High",1,0,0,1,0,0,0,0,1,1,4,"1",TRUE,0
"13536",9,"M",6,"Black","High",2,0,0,0,0,0,0,0,0,0,4,NA,FALSE,0
"13537",9,"M",6,"White","High",2,NA,0,0,0,0,0,1,0,1,1,NA,TRUE,1
"13538",9,"M",6,NA,"High",2,0,0,0,0,0,0,0,0,0,4,NA,FALSE,0
"13539",8,"M",6,"Black","High",2,0,0,0,0,0,0,0,0,0,4,"1",FALSE,0
"13540",9,"M",6,"Black","High",1,0,0,0,0,0,0,0,0,1,2,"1",TRUE,1
"13541",9,"M",6,"Black","High",2,0,0,0,0,0,0,0,0,0,4,NA,FALSE,0
"13542",8,"M",6,"White","High",2,0,0,0,0,0,0,0,0,1,3,NA,TRUE,0
"13543",8,"M",6,"White","High",2,0,0,0,0,0,0,0,0,1,3,NA,TRUE,0
"13544",8,"M",6,"Hispanic","High",2,0,0,NA,NA,NA,NA,NA,NA,NA,4,NA,NA,0
"13545",8,"M",6,"Black","High",1,0,1,0,0,0,0,0,0,0,2,NA,TRUE,1
"13546",9,"F",6,"White","High",2,0,0,0,0,0,0,0,0,1,4,NA,TRUE,0
"13547",8,"F",6,"White","High",1,NA,0,0,0,0,0,0,0,0,2,NA,NA,1
"13548",8,"F",6,"Black","High",2,0,0,0,0,0,0,0,0,0,1,NA,FALSE,1
"13549",9,"M",6,"Black","High",2,0,0,0,0,0,0,0,0,0,4,NA,FALSE,0
"13550",9,"M",6,"White","High",1,0,1,0,0,0,0,0,0,1,1,NA,TRUE,1
"13551",9,NA,6,"White","High",1,0,0,1,0,0,0,0,0,1,1,NA,TRUE,1
"13552",8,"M",6,"White","High",2,0,0,0,0,0,0,0,0,1,3,NA,TRUE,0
"13553",9,"M",6,"White","High",1,1,1,0,0,0,0,0,0,1,3,NA,TRUE,0
"13554",8,"M",6,"White","High",2,0,0,0,0,0,0,0,0,0,4,"1",FALSE,0
"13555",9,"M",6,"Hispanic","High",2,0,0,0,0,0,0,0,0,0,3,"1",FALSE,0
"13556",9,"F",6,"White","High",1,1,1,0,0,0,0,1,0,1,1,NA,TRUE,1
"13557",8,"F",6,"Black","High",2,0,0,0,NA,NA,0,NA,NA,0,4,NA,NA,0
"13558",8,"M",6,"White","High",2,1,0,0,0,0,0,0,0,1,2,NA,TRUE,1
"13559",8,"M",6,"White","High",2,0,0,0,0,0,0,0,0,0,4,"1",FALSE,0
"13560",10,"M",7,"White","High",2,0,0,0,0,0,0,0,0,0,3,"1",FALSE,0
"13561",10,"F",7,"White","High",2,0,0,0,0,0,0,0,0,0,2,"1",FALSE,1
"13562",9,"F",7,"White","High",2,0,0,0,0,0,0,0,0,0,2,NA,FALSE,1
"13563",9,"F",7,"White","High",1,0,0,0,0,0,0,0,0,1,2,"1",TRUE,1
"13564",9,"M",7,"White","High",2,0,0,0,0,0,0,0,0,0,4,"1",FALSE,0
"13565",10,"F",7,"Black","High",2,0,0,0,0,0,0,0,0,0,4,"1",FALSE,0
"13566",9,"M",7,"Hispanic","High",1,0,0,0,0,0,0,0,0,0,4,"1",FALSE,0
"13567",10,"F",7,"Black","High",1,0,0,0,0,0,0,0,0,0,4,NA,FALSE,0
"13568",9,"M",7,"White","High",2,0,0,0,0,0,0,0,0,0,4,"1",FALSE,0
"13569",10,"F",7,"White","High",2,0,0,0,0,0,0,0,0,0,2,NA,FALSE,1
"13570",9,"M",7,"White","High",1,0,0,0,0,0,0,0,0,0,1,NA,FALSE,1
"13571",10,"F",7,"White","High",2,0,0,0,0,0,0,0,0,0,4,"1",FALSE,0
"13572",10,"F",7,"Hispanic","High",2,0,0,0,0,0,0,0,0,1,2,NA,TRUE,1
"13573",9,"F",7,"White","High",1,0,0,0,0,0,0,0,0,1,1,NA,TRUE,1
"13574",9,"M",7,"White","High",1,0,1,1,0,0,0,0,0,1,1,NA,TRUE,1
"13575",10,"F",7,"White","High",2,0,0,0,0,0,0,0,0,0,4,"1",FALSE,0
"13576",9,"M",7,"White","High",2,0,0,0,0,0,0,0,0,0,3,"1",FALSE,0
"13577",10,"F",7,"White","High",2,0,0,0,0,0,0,0,0,0,2,"1",FALSE,1
"13578",9,"M",7,"White","High",1,0,1,0,0,0,0,0,0,1,2,"1",TRUE,1
"13579",9,"F",7,"White","High",2,1,0,0,0,0,0,0,0,1,1,"1",TRUE,1
"13580",10,"F",7,"White","High",2,0,0,0,0,0,0,0,0,0,4,"1",FALSE,0
"13581",9,"M",7,"White","High",1,0,0,0,0,0,0,0,0,1,3,NA,TRUE,0
"13582",10,"F",7,"White","High",1,1,1,0,0,0,0,1,0,1,1,"1",TRUE,1
"13583",10,"M",7,"White","High",1,0,0,0,0,0,0,0,0,1,3,"1",TRUE,0
"13584",10,"F",7,"Black","High",2,0,0,0,0,0,0,0,0,0,4,"1",FALSE,0
"13585",10,"M",7,"Black","High",1,1,1,0,0,0,0,0,0,1,2,NA,TRUE,1
"13586",11,"M",7,NA,"High",2,0,0,NA,NA,NA,NA,NA,NA,NA,3,NA,NA,0
"13587",10,"M",7,"Hispanic","High",2,0,0,0,0,0,0,0,0,0,4,"1",FALSE,0
"13588",9,"M",7,"White","High",2,0,0,0,0,0,0,0,0,0,4,NA,FALSE,0
"13589",10,"F",7,"Hispanic","High",2,0,0,0,0,0,0,0,0,0,2,"1",FALSE,1
"13590",9,"M",7,"White","High",2,0,0,0,NA,NA,0,NA,NA,0,1,"1",NA,1
"13591",10,"M",7,"White","High",1,1,0,0,0,0,0,0,0,1,1,"1",TRUE,1
"13592",9,"M",7,"White","High",1,1,1,0,1,0,0,0,0,1,1,NA,TRUE,1
"13593",9,"F",7,"Hispanic","High",2,0,0,0,0,0,0,0,0,0,3,"1",FALSE,0
"13594",9,"F",7,"White","High",1,0,0,0,0,0,0,0,0,1,2,"1",TRUE,1
"13595",11,"M",7,"Asian","High",2,0,0,0,0,0,0,0,0,0,2,NA,FALSE,1
"13596",9,"M",7,"Black","High",2,0,0,0,0,0,0,0,0,0,4,NA,FALSE,0
"13597",10,"F",7,"Hispanic","High",2,0,0,0,0,0,0,0,0,0,4,"1",FALSE,0
"13598",11,"M",7,"Black","High",1,0,0,0,0,0,0,0,0,0,1,NA,FALSE,1
"13599",10,"M",7,"Asian","High",2,0,0,0,0,0,0,0,0,0,3,"1",FALSE,0
"13600",9,"F",7,"White","High",2,0,0,0,0,0,0,0,0,0,2,"1",FALSE,1
"13601",10,"M",7,"White","High",2,0,0,0,0,0,0,0,0,0,1,NA,FALSE,1
"13602",10,"M",6,"Hispanic","High",1,0,0,0,NA,NA,NA,NA,NA,0,4,NA,NA,0
"13603",8,"F",6,"Black","High",2,0,0,0,0,0,0,0,0,0,4,NA,FALSE,0
"13604",9,"M",6,"Black","High",1,0,1,0,0,0,0,0,0,0,4,"1",TRUE,0
"13605",9,"M",6,NA,"High",1,NA,0,0,0,0,1,0,1,1,NA,NA,TRUE,NA
"13606",9,"F",6,"White","High",1,0,0,0,0,0,0,0,0,0,1,NA,FALSE,1
"13607",8,"F",6,"White","High",1,1,0,0,0,0,0,0,0,NA,2,NA,TRUE,1
"13608",8,"M",6,"White","High",1,1,1,0,0,0,0,0,0,0,1,NA,TRUE,1
"13609",9,"M",6,"Black","High",2,0,0,0,0,0,0,0,0,0,2,"1",FALSE,1
"13610",10,"F",6,"White","High",2,0,0,0,0,0,0,0,0,0,2,"1",FALSE,1
"13611",9,"M",6,"Black","High",1,0,0,0,0,0,0,0,0,0,3,"1",FALSE,0
"13612",9,"M",6,"White","High",2,0,0,0,0,0,0,0,0,0,3,"1",FALSE,0
"13613",10,"M",6,"White","High",2,0,0,0,0,0,0,0,0,0,3,NA,FALSE,0
"13614",8,"M",6,"Hispanic","High",1,1,1,1,1,0,1,1,0,1,1,NA,TRUE,1
"13615",9,"M",6,"Black","High",1,0,1,0,0,0,0,0,0,0,3,NA,TRUE,0
"13616",8,"F",6,"Hispanic","High",1,0,0,0,0,0,0,0,0,1,4,NA,TRUE,0
"13617",8,"F",6,"White","High",2,0,0,0,0,0,0,0,0,0,4,"1",FALSE,0
"13618",8,"F",6,"Hispanic","High",2,0,0,0,0,0,0,0,0,0,4,"1",FALSE,0
"13619",10,"M",7,"Hispanic","High",1,0,0,0,0,0,0,0,0,0,2,"1",FALSE,1
"13620",10,"F",7,"Hispanic","High",1,0,1,0,0,0,0,0,0,0,1,NA,TRUE,1
"13621",10,"M",7,"White","High",1,0,1,1,0,0,0,1,0,1,1,NA,TRUE,1
"13622",11,"M",7,"Hispanic","High",1,0,1,0,0,0,0,0,0,0,4,NA,TRUE,0
"13623",9,"M",7,"Black","High",2,0,0,0,0,0,0,0,0,0,4,NA,FALSE,0
"13624",8,"M",5,"White","High",2,0,0,0,0,0,0,0,0,0,4,"1",FALSE,0
"13625",8,"F",5,"Asian","High",2,0,0,0,0,0,0,0,0,0,4,"1",FALSE,0
"13626",8,"M",5,"White","High",2,0,0,0,0,0,0,0,0,0,4,NA,FALSE,0
"13627",7,"M",5,"White","High",2,0,0,0,0,0,0,0,0,0,4,"1",FALSE,0
"13628",8,"F",5,"Asian","High",2,0,0,0,0,0,0,0,0,0,4,"1",FALSE,0
"13629",8,"M",5,"White","High",2,0,0,0,0,0,0,0,0,0,3,"1",FALSE,0
"13630",9,"F",5,"Black","High",2,0,0,0,0,0,0,0,0,0,4,"1",FALSE,0
"13631",8,NA,5,NA,"High",NA,NA,NA,NA,NA,NA,NA,NA,NA,NA,NA,NA,NA,NA
"13632",1,"M",1,"AI/AN","Middle",1,0,0,0,0,0,0,0,0,0,1,NA,FALSE,1
"13633",7,"F",5,"White","High",2,0,0,0,0,0,0,0,0,0,4,NA,FALSE,0
"13634",7,"M",5,"White","High",2,0,0,0,0,0,0,0,0,0,3,"1",FALSE,0
"13635",8,"F",5,"Black","High",2,0,0,0,0,0,0,0,0,0,4,NA,FALSE,0
"13636",8,"M",5,"Hispanic","High",1,0,0,0,0,0,0,0,0,1,2,NA,TRUE,1
"13637",7,"M",5,"White","High",2,0,0,0,0,0,0,0,0,1,3,NA,TRUE,0
"13638",7,"M",5,"White","High",2,0,0,0,0,0,0,0,0,1,4,NA,TRUE,0
"13639",7,"M",5,"White","High",2,0,0,0,0,0,0,0,0,1,1,"1",TRUE,1
"13640",9,"F",5,"White","High",2,0,0,0,0,0,0,0,0,0,4,"1",FALSE,0
"13641",10,"M",7,"Asian","High",2,0,0,0,0,0,0,0,0,0,4,"1",FALSE,0
"13642",7,"M",5,"White","High",2,0,0,0,0,0,0,0,0,0,4,"1",FALSE,0
"13643",9,"M",5,"White","High",2,0,0,0,0,0,0,0,0,0,4,"1",FALSE,0
"13644",9,"M",5,"White","High",1,0,1,0,0,0,0,0,0,1,1,NA,TRUE,1
"13645",8,"M",5,"White","High",2,0,0,0,0,0,1,0,0,NA,3,"1",TRUE,0
"13646",7,"F",4,"Hispanic","High",2,0,0,0,0,0,0,0,0,0,2,"1",FALSE,1
"13647",7,"F",4,"White","High",2,0,0,0,0,0,0,0,0,0,2,NA,FALSE,1
"13648",7,"M",4,"White","High",2,0,0,0,0,0,0,0,0,0,3,NA,FALSE,0
"13649",6,"F",4,"White","High",2,0,0,0,0,0,0,0,0,0,2,NA,FALSE,1
"13650",7,"F",4,"White","High",2,0,0,0,0,0,0,0,0,0,4,NA,FALSE,0
"13651",7,"M",4,NA,"High",2,0,NA,NA,NA,NA,NA,NA,NA,NA,NA,NA,NA,NA
"13652",6,"F",4,"Black","High",2,0,0,0,0,0,0,0,0,0,2,NA,FALSE,1
"13653",6,"F",4,"Hispanic","High",2,0,0,0,0,0,0,0,0,0,4,"1",FALSE,0
"13654",6,"F",4,"Black","High",1,0,0,0,0,0,0,0,0,0,4,NA,FALSE,0
"13655",6,"F",4,"White","High",2,0,0,0,0,0,0,0,0,1,3,NA,TRUE,0
"13656",6,"F",4,"White","High",1,0,0,0,0,0,0,0,0,0,3,"1",FALSE,0
"13657",6,"M",4,"Hispanic","High",2,0,0,0,0,0,0,0,0,0,4,"1",FALSE,0
"13658",7,"F",4,"White","High",2,0,0,0,0,0,0,0,0,0,4,"1",FALSE,0
"13659",7,"M",5,"AI/AN","High",2,0,0,0,0,0,0,0,0,0,4,"1",FALSE,0
"13660",7,"F",4,NA,"High",NA,0,NA,NA,NA,NA,NA,NA,NA,1,3,NA,TRUE,0
"13661",7,"F",4,"Hispanic","High",2,0,0,0,0,0,0,0,0,0,2,NA,FALSE,1
"13662",7,"M",4,"Black","High",2,0,0,0,0,0,0,0,0,0,4,NA,FALSE,0
"13663",7,NA,4,NA,"High",NA,NA,NA,NA,NA,NA,NA,NA,NA,NA,NA,NA,NA,NA
"13664",7,"F",4,"Black","High",2,0,0,0,0,0,0,0,0,0,2,"1",FALSE,1
"13665",7,"F",4,"Black","High",2,0,0,0,0,0,0,0,0,0,4,"1",FALSE,0
"13666",7,"M",4,"White","High",1,0,0,0,0,0,0,0,0,1,4,NA,TRUE,0
"13667",6,"M",4,"White","High",2,0,0,0,0,0,0,0,0,0,4,NA,FALSE,0
"13668",6,"F",4,"White","High",2,0,0,0,0,0,0,0,0,0,3,"1",FALSE,0
"13669",7,"M",4,NA,"High",2,0,0,0,0,0,0,0,0,0,4,NA,FALSE,0
"13670",6,"F",4,"White","High",2,0,0,0,0,0,0,0,0,0,4,"1",FALSE,0
"13671",6,"F",4,"Asian","High",2,0,0,0,0,0,0,0,0,0,4,"1",FALSE,0
"13672",7,"F",4,"White","High",2,0,0,0,0,0,0,0,0,1,3,"1",TRUE,0
"13673",6,"F",4,"White","High",2,0,0,0,0,0,0,0,0,0,4,NA,FALSE,0
"13674",7,"M",4,"White","High",2,0,0,0,0,0,0,0,0,0,4,NA,FALSE,0
"13675",6,"F",4,NA,"High",2,0,0,0,0,0,0,0,0,0,4,"1",FALSE,0
"13676",7,"F",5,"White","High",2,0,0,0,0,0,0,0,0,0,2,NA,FALSE,1
"13677",8,"F",5,"White","High",2,0,0,0,0,0,0,0,0,0,4,"1",FALSE,0
"13678",10,"M",7,"White","High",2,0,0,0,0,0,0,0,0,0,1,"1",FALSE,1
"13679",10,"M",7,"Black","High",1,0,1,0,0,0,0,0,0,0,2,"1",TRUE,1
"13680",8,"F",5,"White","High",1,NA,0,0,0,0,1,0,0,1,2,"1",TRUE,1
"13681",7,"M",5,"White","High",2,0,0,0,0,0,0,0,0,1,3,"1",TRUE,0
"13682",8,"M",5,"Hispanic","High",2,0,0,0,0,0,0,0,0,0,4,"1",FALSE,0
"13683",8,"M",5,"White","High",1,1,0,1,0,0,0,1,0,1,1,"1",TRUE,1
"13684",3,"F",1,"Hispanic","Middle",2,0,0,0,0,0,0,0,0,0,4,"1",FALSE,0
"13685",3,"M",1,"Black","Middle",2,0,0,0,NA,NA,0,NA,NA,0,4,NA,NA,0
"13686",4,"F",1,"Hispanic","Middle",2,0,0,0,0,0,0,0,0,0,4,NA,FALSE,0
"13687",4,"M",1,"Black","Middle",2,0,0,0,0,0,NA,0,0,0,4,NA,NA,0
"13688",3,"F",1,"Asian","Middle",2,0,0,0,0,0,0,0,0,0,4,"1",FALSE,0
"13689",4,"M",1,"Hispanic","Middle",2,0,0,0,0,0,0,0,0,0,4,"1",FALSE,0
"13690",4,"F",1,"Hispanic","Middle",2,0,0,0,0,0,0,0,0,0,4,"1",FALSE,0
"13691",8,"M",3,"Hispanic","Middle",NA,NA,NA,1,0,0,NA,0,0,1,2,"1",TRUE,1
"13692",3,"F",1,"Hispanic","Middle",2,0,0,0,0,0,0,0,0,0,4,"1",FALSE,0
"13693",4,"M",1,"Hispanic","Middle",2,0,0,0,0,0,0,0,0,0,4,"1",FALSE,0
"13694",3,"F",1,"Hispanic","Middle",2,0,0,0,0,0,0,0,0,0,4,NA,FALSE,0
"13695",4,"F",1,"Hispanic","Middle",2,0,0,0,0,0,0,0,0,0,4,"1",FALSE,0
"13696",3,"M",1,"Black","Middle",2,0,0,0,0,0,0,0,0,0,2,NA,FALSE,1
"13697",4,"M",1,"Hispanic","Middle",2,0,0,0,0,0,0,0,0,0,4,"1",FALSE,0
"13698",4,"F",1,"Hispanic","Middle",2,0,0,0,0,0,0,0,0,0,4,NA,FALSE,0
"13699",3,"F",1,"Hispanic","Middle",2,0,0,0,0,0,0,0,0,0,4,"1",FALSE,0
"13700",4,"F",1,"White","Middle",2,0,0,0,0,0,0,0,0,0,4,"1",FALSE,0
"13701",4,"F",1,"Hispanic","Middle",1,1,1,1,0,0,0,1,0,1,2,NA,TRUE,1
"13702",4,"F",1,"Black","Middle",2,0,0,0,0,0,0,0,0,0,4,NA,FALSE,0
"13703",4,"M",1,"Hispanic","Middle",2,0,0,0,0,0,0,0,0,0,4,"1",FALSE,0
"13704",3,"F",1,"Hispanic","Middle",2,0,0,0,0,0,0,0,0,0,2,"1",FALSE,1
"13705",3,"F",1,"Black","Middle",2,0,0,0,0,0,0,0,0,0,3,"1",FALSE,0
"13706",4,"F",1,"Hispanic","Middle",2,0,0,0,0,0,0,0,0,0,4,NA,FALSE,0
"13707",3,"M",1,"White","Middle",2,0,0,0,0,0,0,0,0,0,4,"1",FALSE,0
"13708",4,"F",1,"Black","Middle",2,0,0,0,0,0,0,0,0,0,4,NA,FALSE,0
"13709",3,"F",1,"White","Middle",2,0,0,0,0,0,0,0,0,0,4,"1",FALSE,0
"13710",3,"M",1,NA,"Middle",2,0,0,0,NA,NA,0,NA,NA,0,4,NA,NA,0
"13711",3,"F",1,"Black","Middle",2,0,0,0,0,0,0,0,0,0,4,NA,FALSE,0
"13712",4,"F",1,"White","Middle",2,0,0,0,0,0,0,0,0,0,4,NA,FALSE,0
"13713",3,"F",1,"Hispanic","Middle",2,0,0,0,0,0,0,0,0,0,3,"1",FALSE,0
"13714",3,"M",1,"Hispanic","Middle",2,0,0,0,0,0,0,0,0,0,4,NA,FALSE,0
"13715",3,"F",1,"Hispanic","Middle",2,0,0,0,0,0,0,0,0,0,4,NA,FALSE,0
"13716",4,"F",1,NA,"Middle",2,0,0,0,0,0,0,0,0,0,4,NA,FALSE,0
"13717",4,"M",1,"Hispanic","Middle",2,0,0,0,0,0,0,0,0,0,2,NA,FALSE,1
"13718",3,"M",1,NA,"Middle",2,0,0,0,0,0,0,0,0,0,3,NA,FALSE,0
"13719",4,"F",1,"Hispanic","Middle",2,0,0,0,0,0,0,0,0,0,4,"1",FALSE,0
"13720",4,"M",1,"Hispanic","Middle",1,0,1,0,0,0,0,0,0,1,1,NA,TRUE,1
"13721",3,"F",1,"White","Middle",2,0,0,0,0,0,0,0,0,0,2,NA,FALSE,1
"13722",4,"F",1,"Hispanic","Middle",2,0,0,0,0,0,0,0,0,0,3,NA,FALSE,0
"13723",4,"F",1,"Hispanic","Middle",2,0,0,0,0,0,0,0,0,0,4,"1",FALSE,0
"13724",4,"F",1,"Hispanic","Middle",2,0,0,0,0,0,0,0,0,0,3,NA,FALSE,0
"13725",4,"M",1,"Hispanic","Middle",2,0,0,0,0,0,0,0,0,0,1,"1",FALSE,1
"13726",3,"M",1,"White","Middle",2,0,0,0,NA,NA,0,NA,NA,0,4,"1",NA,0
"13727",4,"M",1,"Hispanic","Middle",2,0,0,0,NA,NA,0,NA,NA,0,4,NA,NA,0
"13728",3,"M",1,"Black","Middle",2,0,0,0,0,0,0,0,0,0,4,"1",FALSE,0
"13729",4,"F",1,"Hispanic","Middle",2,0,0,0,0,0,0,0,0,0,4,"1",FALSE,0
"13730",4,"M",1,"Black","Middle",1,0,0,0,0,0,0,0,0,1,4,"1",TRUE,0
"13731",4,"F",1,"Hispanic","Middle",2,0,0,0,0,0,0,0,0,0,4,"1",FALSE,0
"13732",3,"F",1,"Black","Middle",2,0,0,0,0,0,0,0,0,0,4,"1",FALSE,0
"13733",4,"F",1,"Black","Middle",2,0,0,0,0,0,0,0,0,0,4,NA,FALSE,0
"13734",5,"F",3,"White","Middle",2,0,0,0,0,0,0,0,0,0,4,NA,FALSE,0
"13735",6,"M",3,"Black","Middle",2,0,0,0,0,0,0,0,0,0,4,"1",FALSE,0
"13736",7,"M",3,NA,"Middle",2,0,0,0,0,0,0,0,0,0,3,"1",FALSE,0
"13737",5,"F",3,"White","Middle",2,0,0,0,0,0,0,0,0,0,4,"1",FALSE,0
"13738",6,"F",3,NA,"Middle",1,0,0,0,0,0,0,0,0,0,2,NA,FALSE,1
"13739",5,"F",3,"Black","Middle",2,0,0,0,0,0,0,0,0,0,4,NA,FALSE,0
"13740",6,"F",3,"Hispanic","Middle",2,0,0,0,0,0,0,0,0,0,4,"1",FALSE,0
"13741",5,"F",3,"Asian","Middle",2,0,0,0,0,0,0,0,0,0,3,"1",FALSE,0
"13742",6,"F",3,"Hispanic","Middle",2,0,0,0,0,0,0,0,0,0,4,"1",FALSE,0
"13743",5,"F",3,"Hispanic","Middle",2,0,0,0,0,0,0,0,0,0,4,"1",FALSE,0
"13744",5,"M",3,"Hispanic","Middle",2,0,0,0,0,0,0,0,0,0,4,"1",FALSE,0
"13745",6,"M",3,"Hispanic","Middle",2,0,0,0,0,0,0,0,0,0,4,"1",FALSE,0
"13746",5,"F",2,"Hispanic","Middle",2,0,0,0,0,0,0,0,0,0,2,"1",FALSE,1
"13747",6,"M",3,"Hispanic","Middle",2,0,0,0,0,0,0,0,0,0,3,"1",FALSE,0
"13748",6,"M",3,"Black","Middle",2,0,0,0,0,0,0,0,0,0,4,NA,FALSE,0
"13749",5,"M",3,"Hispanic","Middle",2,0,0,0,0,0,0,0,0,0,4,"1",FALSE,0
"13750",4,"F",2,"Hispanic","Middle",2,0,0,0,0,0,0,0,0,0,4,NA,FALSE,0
"13751",8,"M",3,"White","Middle",2,0,0,0,0,0,0,0,0,0,4,NA,FALSE,0
"13752",6,"M",3,"Hispanic","Middle",2,0,0,0,0,0,0,0,0,0,4,NA,FALSE,0
"13753",6,"F",3,"Hispanic","Middle",2,0,0,0,0,0,0,0,0,0,3,"1",FALSE,0
"13754",6,"F",3,"Hispanic","Middle",2,0,0,0,0,0,0,0,0,0,4,NA,FALSE,0
"13755",6,"F",3,"Hispanic","Middle",2,0,0,0,0,0,0,0,0,0,2,NA,FALSE,1
"13756",5,"F",3,NA,"Middle",2,0,0,0,0,0,0,0,0,0,NA,"1",FALSE,NA
"13757",5,"F",3,"Black","Middle",2,0,0,0,0,0,0,0,0,0,2,"1",FALSE,1
"13758",6,"F",3,"Hispanic","Middle",NA,0,NA,0,0,0,NA,0,0,NA,4,NA,NA,0
"13759",5,"F",3,"Hispanic","Middle",2,0,0,0,0,0,0,0,0,0,3,"1",FALSE,0
"13760",6,"M",3,"Black","Middle",2,1,0,NA,0,0,0,0,0,0,1,NA,TRUE,1
"13761",6,"F",3,"Black","Middle",2,0,0,0,0,0,0,0,0,0,4,"1",FALSE,0
"13762",6,"F",3,"Black","Middle",2,0,0,0,0,0,0,0,0,0,3,"1",FALSE,0
"13763",6,"M",3,"Hispanic","Middle",1,0,1,0,0,0,0,0,0,0,4,NA,TRUE,0
"13764",6,"M",3,"Black","Middle",2,0,0,0,0,0,0,0,0,0,4,"1",FALSE,0
"13765",5,"M",3,"Hispanic","Middle",2,0,0,0,0,0,0,0,0,0,2,"1",FALSE,1
"13766",6,"M",3,"Black","Middle",1,0,0,0,0,0,NA,0,0,0,3,NA,NA,0
"13767",6,"M",3,"Hispanic","Middle",2,0,0,0,0,0,0,0,0,0,2,"1",FALSE,1
"13768",6,"F",3,"Black","Middle",2,0,0,0,0,0,0,0,0,0,4,NA,FALSE,0
"13769",5,"F",3,"Black","Middle",2,0,0,0,0,0,0,0,0,0,4,NA,FALSE,0
"13770",5,"F",3,"Black","Middle",2,0,0,0,0,0,0,0,0,0,4,"1",FALSE,0
"13771",4,"M",2,"Hispanic","Middle",2,0,0,0,0,0,0,0,0,0,4,NA,FALSE,0
"13772",5,"F",2,"Black","Middle",2,0,0,0,0,0,0,0,0,0,4,"1",FALSE,0
"13773",5,"M",2,NA,"Middle",NA,0,0,0,0,0,0,0,0,0,4,"1",FALSE,0
"13774",6,"F",2,"White","Middle",1,0,0,0,0,0,0,0,0,0,4,NA,FALSE,0
"13775",4,"F",2,"Hispanic","Middle",NA,NA,NA,NA,NA,NA,0,NA,NA,0,NA,"1",NA,NA
"13776",4,"F",2,"White","Middle",2,NA,0,0,0,0,0,0,0,0,4,"1",NA,0
"13777",5,"M",2,"Black","Middle",2,0,0,0,NA,NA,0,NA,NA,0,4,NA,NA,0
"13778",5,"M",2,"Hispanic","Middle",2,0,0,0,0,0,0,0,0,0,4,"1",FALSE,0
"13779",4,"M",2,"Hispanic","Middle",2,0,0,0,NA,NA,0,NA,NA,0,4,NA,NA,0
"13780",4,"F",2,"Hispanic","Middle",2,0,0,0,0,0,0,0,0,0,2,"1",FALSE,1
"13781",4,"F",2,"White","Middle",2,0,0,0,0,0,0,0,0,0,4,NA,FALSE,0
"13782",6,"M",2,"Hispanic","Middle",2,0,0,0,0,0,0,0,0,0,4,"1",FALSE,0
"13783",5,"F",2,"Black","Middle",2,0,0,NA,0,0,0,0,0,0,2,NA,NA,1
"13784",4,"M",2,"White","Middle",2,0,0,0,0,0,0,0,0,0,4,"1",FALSE,0
"13785",4,"M",2,"Hispanic","Middle",2,0,0,0,0,0,0,0,0,0,4,"1",FALSE,0
"13786",5,"M",2,"Hispanic","Middle",2,0,0,0,0,0,0,0,0,0,4,NA,FALSE,0
"13787",5,"F",2,"Hispanic","Middle",2,0,0,0,NA,NA,0,NA,NA,0,4,NA,NA,0
"13788",5,"M",2,"Hispanic","Middle",2,0,0,0,0,0,0,0,0,0,4,"1",FALSE,0
"13789",5,"F",2,"Hispanic","Middle",1,NA,0,0,0,1,0,1,0,0,4,NA,TRUE,0
"13790",4,"F",2,"Hispanic","Middle",2,0,0,0,0,0,0,0,0,0,2,"1",FALSE,1
"13791",5,"F",2,"Black","Middle",2,0,0,0,NA,NA,NA,NA,NA,0,3,NA,NA,0
"13792",4,"M",2,"Hispanic","Middle",2,0,0,0,0,0,0,0,0,0,4,"1",FALSE,0
"13793",4,"F",2,"Black","Middle",2,0,0,0,0,0,0,0,0,0,4,NA,FALSE,0
"13794",5,"F",2,"Hispanic","Middle",2,0,0,0,0,0,0,0,0,0,4,NA,FALSE,0
"13795",4,"F",2,"Hispanic","Middle",2,0,0,0,0,0,0,0,0,0,2,NA,FALSE,1
"13796",5,"F",2,"Hispanic","Middle",2,0,0,0,0,0,0,0,0,0,4,"1",FALSE,0
"13797",4,"F",2,"White","Middle",2,0,0,0,0,0,0,0,0,0,4,NA,FALSE,0
"13798",4,"F",2,"Asian","Middle",2,0,0,0,0,0,0,0,0,0,4,"1",FALSE,0
"13799",4,"F",2,"Hispanic","Middle",2,0,0,0,0,0,0,0,0,0,4,NA,FALSE,0
"13800",4,"F",2,"Hispanic","Middle",1,0,0,0,0,0,0,0,0,0,2,"1",FALSE,1
"13801",5,"F",2,"Hispanic","Middle",2,0,0,0,0,0,0,0,0,0,2,"1",FALSE,1
"13802",4,"F",2,"Black","Middle",2,0,0,0,0,0,0,0,0,0,4,"1",FALSE,0
"13803",4,"F",2,"Black","Middle",2,0,0,0,0,0,0,0,0,0,2,"1",FALSE,1
"13804",5,NA,2,"White","Middle",2,0,0,0,0,0,0,0,0,0,4,NA,FALSE,0
"13805",4,"F",2,"Black","Middle",2,0,0,0,0,0,0,0,0,0,4,"1",FALSE,0
"13806",6,"F",2,"Hispanic","Middle",2,0,0,0,0,0,0,0,0,0,3,"1",FALSE,0
"13807",4,"F",2,"White","Middle",2,0,0,0,0,0,0,0,0,0,4,"1",FALSE,0
"13808",4,"F",2,"White","Middle",2,0,0,0,0,0,0,0,0,0,2,NA,FALSE,1
"13809",5,"M",2,"Hispanic","Middle",2,0,0,0,0,0,0,0,0,0,2,"1",FALSE,1
"13810",5,"M",2,"Hispanic","Middle",1,0,0,0,0,0,0,0,0,0,3,"1",FALSE,0
"13811",4,"M",2,"Hispanic","Middle",2,0,0,0,0,0,0,0,0,0,3,"1",FALSE,0
"13812",4,"M",2,"Hispanic","Middle",2,0,0,0,0,0,0,0,0,0,4,"1",FALSE,0
"13813",4,"M",2,"Hispanic","Middle",2,0,0,0,0,0,0,0,0,0,4,"1",FALSE,0
"13814",5,"M",2,"White","Middle",2,0,0,0,NA,NA,0,NA,NA,0,4,NA,NA,0
"13815",5,"M",2,"Hispanic","Middle",2,0,0,0,0,0,0,0,0,1,1,"1",TRUE,1
"13816",5,"M",2,"Hispanic","Middle",2,NA,0,0,0,0,NA,0,0,0,4,"1",NA,0
"13817",5,"F",2,"Black","Middle",2,0,0,0,0,0,0,0,0,0,3,NA,FALSE,0
"13818",4,"F",2,"Hispanic","Middle",2,0,0,0,0,0,0,0,0,0,4,"1",FALSE,0
"13819",5,"M",2,"Hispanic","Middle",1,1,0,0,0,1,0,0,0,0,1,NA,TRUE,1
"13820",4,"M",2,"White","Middle",2,0,0,0,0,0,0,0,0,0,2,"1",FALSE,1
"13821",5,"M",2,"Black","Middle",2,0,0,0,0,0,0,0,0,0,4,NA,FALSE,0
"13822",6,"M",2,"Hispanic","Middle",2,0,0,0,0,0,0,0,0,0,4,NA,FALSE,0
"13823",5,"M",2,"Hispanic","Middle",2,0,0,0,0,0,0,0,0,0,4,"1",FALSE,0
"13824",5,"M",2,"Black","Middle",2,0,0,0,0,0,0,0,0,0,4,"1",FALSE,0
"13825",3,"F",1,"Black","Middle",2,0,0,NA,0,0,0,0,0,0,4,"1",NA,0
"13826",5,"F",3,"White","Middle",2,0,0,0,0,0,0,0,0,0,4,"1",FALSE,0
"13827",6,"M",3,"White","Middle",2,0,0,0,0,0,0,0,0,0,3,NA,FALSE,0
"13828",5,"F",3,"White","Middle",2,0,0,0,0,0,0,0,0,0,4,"1",FALSE,0
"13829",6,"F",3,"White","Middle",2,0,0,0,0,0,0,0,0,0,4,"1",FALSE,0
"13830",6,"M",3,"Hispanic","Middle",2,0,0,0,0,0,0,0,0,0,1,"1",FALSE,1
"13831",6,"M",3,"Black","Middle",1,0,0,1,0,0,0,0,0,0,3,NA,TRUE,0
"13832",6,"M",3,"White","Middle",2,0,0,0,0,0,0,0,0,0,4,"1",FALSE,0
"13833",5,"M",2,NA,"Middle",2,0,0,0,0,0,0,0,0,0,2,"1",FALSE,1
"13834",5,"M",2,"White","Middle",2,0,0,0,0,0,0,0,0,0,4,NA,FALSE,0
"13835",5,"F",2,"White","Middle",2,0,0,0,0,0,0,0,0,0,4,NA,FALSE,0
"13836",5,"M",2,"White","Middle",2,0,0,0,0,0,0,0,0,0,4,NA,FALSE,0
"13837",5,"F",2,"White","Middle",2,0,0,0,0,0,0,0,0,0,4,"1",FALSE,0
"13838",5,"F",2,"White","Middle",2,0,0,0,0,0,0,0,0,0,4,"1",FALSE,0
"13839",5,"M",2,"White","Middle",2,0,0,0,0,0,0,0,0,0,4,"1",FALSE,0
"13840",5,"F",2,"White","Middle",2,0,0,0,0,0,0,0,0,0,4,"1",FALSE,0
"13841",5,"M",2,"Hispanic","Middle",2,0,0,0,0,0,0,0,0,0,4,NA,FALSE,0
"13842",4,"F",2,"White","Middle",2,0,0,0,0,0,0,0,0,0,4,"1",FALSE,0
"13843",5,"F",2,"White","Middle",2,0,0,0,0,0,0,0,0,0,4,"1",FALSE,0
"13844",4,"M",2,"White","Middle",2,0,0,0,0,0,0,0,0,0,3,NA,FALSE,0
"13845",4,"M",2,"White","Middle",2,0,0,1,0,0,0,0,0,0,3,"1",TRUE,0
"13846",5,"F",2,NA,"Middle",2,0,0,0,NA,NA,0,NA,NA,0,4,"1",NA,0
"13847",6,"M",2,"White","Middle",NA,NA,NA,NA,NA,NA,NA,NA,NA,NA,NA,NA,NA,NA
"13848",5,"F",2,"White","Middle",2,0,0,0,0,0,0,0,0,0,3,NA,FALSE,0
"13849",5,"F",3,"White","Middle",2,1,0,0,0,0,0,0,1,1,1,NA,TRUE,1
"13850",6,"F",3,"White","Middle",2,0,0,0,0,0,0,0,0,0,4,NA,FALSE,0
"13851",6,"F",3,"White","Middle",1,1,1,1,1,1,1,1,0,1,1,NA,TRUE,1
"13852",6,"F",3,"White","Middle",1,NA,0,0,0,0,0,0,0,0,1,NA,NA,1
"13853",7,"M",3,"White","Middle",2,0,0,0,0,0,0,0,0,0,4,"1",FALSE,0
"13854",6,"F",3,"White","Middle",2,0,0,0,0,0,0,0,0,0,2,NA,FALSE,1
"13855",6,"F",3,"White","Middle",2,0,0,0,0,0,0,0,0,0,1,"1",FALSE,1
"13856",6,"F",3,"White","Middle",2,0,0,0,0,0,0,0,0,0,4,"1",FALSE,0
"13857",6,"M",3,"White","Middle",2,0,0,0,0,0,0,0,0,0,4,"1",FALSE,0
"13858",6,"F",3,NA,"Middle",2,0,0,0,0,0,0,0,0,0,4,NA,FALSE,0
"13859",7,"M",3,"White","Middle",2,0,0,0,0,0,0,0,0,0,2,"1",FALSE,1
"13860",6,"F",3,"White","Middle",2,0,0,0,0,0,0,0,0,1,4,"1",TRUE,0
"13861",6,"M",3,"White","Middle",2,0,0,NA,0,0,0,0,0,0,4,NA,NA,0
"13862",5,"M",3,"White","Middle",2,0,0,0,0,0,0,0,0,1,4,NA,TRUE,0
"13863",5,"M",2,"Hispanic","Middle",2,0,0,NA,0,0,0,0,0,0,4,"1",NA,0
"13864",5,"F",2,NA,"Middle",2,0,0,0,0,0,0,0,0,0,4,NA,FALSE,0
"13865",5,"F",2,"White","Middle",2,0,0,0,0,0,0,0,0,0,4,"1",FALSE,0
"13866",5,"M",2,"White","Middle",2,0,0,0,0,0,0,0,0,0,4,"1",FALSE,0
"13867",5,"F",2,"White","Middle",2,0,0,0,0,0,0,0,0,0,4,"1",FALSE,0
"13868",5,NA,NA,"White",NA,2,0,0,0,0,0,0,0,0,0,4,"1",FALSE,0
"13869",6,"F",2,"AI/AN","Middle",2,0,0,0,0,0,0,0,0,0,4,NA,FALSE,0
"13870",NA,NA,NA,NA,NA,2,NA,0,0,0,0,0,0,0,0,NA,NA,NA,NA
"13871",4,"F",1,NA,"Middle",2,0,0,0,0,0,0,0,0,0,3,NA,FALSE,0
"13872",4,"F",1,"White","Middle",2,0,0,0,0,0,0,0,0,0,4,NA,FALSE,0
"13873",3,"F",1,"White","Middle",2,0,0,0,0,0,0,0,0,0,4,"1",FALSE,0
"13874",4,"F",1,"AI/AN","Middle",2,0,0,0,0,0,0,0,0,0,4,"1",FALSE,0
"13875",4,"M",1,"White","Middle",2,0,0,0,0,0,0,0,0,0,4,"1",FALSE,0
"13876",4,"F",1,"White","Middle",2,0,0,0,0,0,0,0,0,0,4,"1",FALSE,0
"13877",4,"F",1,"White","Middle",2,0,0,0,0,0,0,0,0,0,4,"1",FALSE,0
"13878",3,"M",1,NA,"Middle",NA,NA,NA,NA,NA,NA,NA,NA,NA,NA,4,NA,NA,0
"13879",4,"M",1,"White","Middle",2,0,0,0,0,0,0,0,0,0,4,"1",FALSE,0
"13880",5,"M",1,"Hispanic","Middle",2,0,0,0,0,0,0,0,0,0,4,"1",FALSE,0
"13881",3,"M",1,"White","Middle",2,0,0,0,0,0,0,0,0,0,2,NA,FALSE,1
"13882",3,"M",1,"White","Middle",2,0,0,0,0,0,0,0,0,0,4,"1",FALSE,0
"13883",4,"M",1,"White","Middle",2,0,0,0,0,0,0,0,0,0,4,"1",FALSE,0
"13884",6,"M",3,"White","Middle",2,0,0,0,0,0,0,0,0,0,2,NA,FALSE,1
"13885",4,"F",1,"White","Middle",2,0,0,0,0,0,0,0,0,0,4,NA,FALSE,0
"13886",7,"M",3,"White","Middle",2,0,0,0,0,0,0,0,0,0,2,NA,FALSE,1
"13887",6,"M",3,"White","Middle",2,0,0,0,NA,NA,0,NA,NA,0,4,"1",NA,0
"13888",6,"M",3,"White","Middle",NA,0,NA,0,0,0,1,1,0,1,3,NA,TRUE,0
"13889",5,"F",3,"White","Middle",2,0,0,0,0,0,0,0,0,0,4,NA,FALSE,0
"13890",6,"F",3,"White","Middle",2,0,0,0,0,0,0,0,0,0,4,"1",FALSE,0
"13891",5,"F",3,NA,"Middle",2,0,0,0,0,0,0,0,0,0,2,NA,FALSE,1
"13892",7,"F",3,"White","Middle",2,0,0,0,0,0,0,0,0,0,4,NA,FALSE,0
"13893",6,"M",3,NA,"Middle",2,0,0,0,0,0,0,0,0,0,4,"1",FALSE,0
"13894",6,"M",3,"White","Middle",1,1,0,0,0,0,0,0,0,1,1,NA,TRUE,1
"13895",6,"M",3,"White","Middle",2,0,0,1,0,0,0,0,0,0,4,"1",TRUE,0
"13896",6,"M",3,"White","Middle",2,0,0,0,0,0,0,0,0,0,4,"1",FALSE,0
"13897",7,"M",3,"White","Middle",1,1,1,1,1,0,0,0,0,1,1,NA,TRUE,1
"13898",6,"M",3,"White","Middle",2,0,0,0,0,0,0,0,0,0,4,NA,FALSE,0
"13899",6,"M",3,"White","Middle",2,0,0,0,0,0,0,0,0,0,4,"1",FALSE,0
"13900",6,"M",3,"Black","Middle",2,0,0,0,0,0,0,0,0,0,4,"1",FALSE,0
"13901",7,"M",3,"White","Middle",2,0,0,0,0,0,0,0,0,0,4,"1",FALSE,0
"13902",5,"M",3,"White","Middle",2,0,0,0,0,0,0,0,0,1,3,NA,TRUE,0
"13903",6,"M",3,"White","Middle",2,1,0,0,0,0,0,0,0,0,1,NA,TRUE,1
"13904",4,"F",1,"Hispanic","Middle",2,0,0,0,0,0,0,0,0,0,2,"1",FALSE,1
"13905",4,"F",1,"Hispanic","Middle",2,0,0,0,0,0,0,0,0,0,4,NA,FALSE,0
"13906",4,"M",1,"White","Middle",2,0,0,0,0,0,0,0,0,0,4,"1",FALSE,0
"13907",4,"M",1,"White","Middle",2,0,0,0,0,0,0,0,0,0,4,"1",FALSE,0
"13908",4,"M",1,"White","Middle",2,0,0,0,0,0,0,0,0,0,4,NA,FALSE,0
"13909",5,"M",3,"White","Middle",2,0,0,0,0,0,0,0,0,0,4,"1",FALSE,0
"13910",4,"M",1,"White","Middle",2,0,0,0,0,0,0,0,0,0,4,NA,FALSE,0
"13911",4,"M",1,"White","Middle",2,0,0,0,0,0,0,0,0,0,4,NA,FALSE,0
"13912",4,"M",1,"White","Middle",2,0,0,0,0,0,0,0,0,0,4,NA,FALSE,0
"13913",4,"M",1,NA,"Middle",2,0,0,0,NA,NA,0,NA,NA,0,3,"1",NA,0
"13914",4,"M",1,"White","Middle",2,0,0,0,NA,NA,NA,NA,NA,0,2,NA,NA,1
"13915",4,"F",1,"Black","Middle",2,0,0,0,0,0,0,0,0,0,4,NA,FALSE,0
"13916",4,"F",1,"White","Middle",2,0,0,0,0,0,0,0,0,0,4,NA,FALSE,0
"13917",4,"M",1,"White","Middle",2,0,0,0,0,0,0,0,0,0,4,"1",FALSE,0
"13918",5,"M",1,"White","Middle",2,0,0,0,0,0,0,0,0,0,4,"1",FALSE,0
"13919",3,"M",1,"White","Middle",2,0,0,0,0,0,0,0,0,0,4,NA,FALSE,0
"13920",4,"F",1,"White","Middle",2,0,0,0,0,0,0,0,0,0,4,NA,FALSE,0
"13921",4,"M",1,"White","Middle",2,0,0,0,0,0,0,0,0,0,4,NA,FALSE,0
"13922",5,"M",1,"White","Middle",2,0,0,0,NA,NA,NA,NA,NA,0,4,NA,NA,0
"13923",4,"F",1,"White","Middle",2,0,0,0,0,0,0,0,0,0,4,"1",FALSE,0
"13924",3,"M",1,"White","Middle",2,0,0,0,0,0,0,0,0,0,4,NA,FALSE,0
"13925",4,"F",1,"Hispanic","Middle",2,0,0,NA,0,0,0,0,0,0,4,NA,NA,0
"13926",7,"M",4,"White","High",2,0,0,1,0,0,0,1,0,1,4,"1",TRUE,0
"13927",7,"M",4,NA,"High",2,0,0,0,0,0,0,0,0,0,4,"1",FALSE,0
"13928",8,"M",4,"White","High",2,0,0,0,0,0,0,0,0,0,4,"1",FALSE,0
"13929",7,"F",4,"White","High",2,0,0,0,0,0,0,0,0,0,4,NA,FALSE,0
"13930",7,"M",4,"White","High",2,0,0,0,0,0,0,0,0,0,4,"1",FALSE,0
"13931",7,"F",4,"White","High",2,0,0,0,0,0,0,0,0,0,4,NA,FALSE,0
"13932",7,"F",4,"White","High",2,0,0,0,0,0,0,0,0,0,4,NA,FALSE,0
"13933",7,"M",4,"White","High",2,0,0,0,0,0,0,0,0,0,4,NA,FALSE,0
"13934",6,"M",4,"White","High",2,0,0,0,0,0,0,0,0,0,4,NA,FALSE,0
"13935",7,"M",4,NA,"High",2,1,0,1,0,0,0,1,0,1,1,NA,TRUE,1
"13936",7,"M",4,"White","High",2,0,0,0,0,0,0,0,0,0,3,"1",FALSE,0
"13937",7,"M",4,"White","High",1,0,1,1,0,0,0,0,0,1,1,NA,TRUE,1
"13938",7,"F",4,"White","High",2,0,0,0,0,0,0,0,0,0,4,NA,FALSE,0
"13939",7,"F",4,"Hispanic","High",2,0,0,0,0,0,0,0,0,1,3,"1",TRUE,0
"13940",7,"M",4,"Hispanic","High",1,0,0,1,0,0,0,0,0,0,2,"1",TRUE,1
"13941",8,"M",4,"White","High",1,1,1,1,0,0,0,1,0,1,1,NA,TRUE,1
"13942",7,"M",4,"White","High",2,0,0,0,0,0,0,0,0,0,4,"1",FALSE,0
"13943",7,"F",4,"Hispanic","High",2,0,0,0,0,0,0,0,0,1,4,"1",TRUE,0
"13944",7,"M",4,"Hispanic","High",1,0,0,0,0,0,0,0,0,1,1,"1",TRUE,1
"13945",7,"F",4,NA,"High",2,0,0,0,0,0,0,0,0,1,4,"1",TRUE,0
"13946",6,"M",4,"White","High",2,0,0,0,0,0,0,0,0,0,2,"1",FALSE,1
"13947",6,"F",4,"White","High",1,0,0,0,0,0,0,0,0,0,4,"1",FALSE,0
"13948",6,"F",4,"White","High",2,0,0,0,0,0,0,0,0,0,3,NA,FALSE,0
"13949",7,"F",4,"White","High",1,1,1,0,0,0,1,0,0,1,2,NA,TRUE,1
"13950",7,"F",4,"Hispanic","High",2,0,0,0,0,0,0,0,0,0,4,NA,FALSE,0
"13951",7,"F",4,"White","High",2,1,0,0,0,0,0,0,0,1,2,"1",TRUE,1
"13952",6,"F",4,"White","High",1,1,0,1,0,0,0,0,0,1,1,NA,TRUE,1
"13953",6,"F",4,"AI/AN","High",1,0,1,0,0,0,1,0,0,1,2,NA,TRUE,1
"13954",6,"F",4,"White","High",1,0,1,1,0,0,0,0,0,0,4,NA,TRUE,0
"13955",6,"M",4,"White","High",2,0,0,0,0,0,0,0,0,0,4,"1",FALSE,0
"13956",7,"M",4,"White","High",2,0,0,0,NA,NA,0,NA,NA,0,3,NA,NA,0
"13957",7,"M",4,"White","High",1,0,0,0,0,0,0,0,0,0,4,NA,FALSE,0
"13958",7,"F",4,"White","High",2,0,0,0,0,0,0,0,0,0,3,NA,FALSE,0
"13959",7,"F",4,"White","High",2,0,0,0,0,0,0,0,0,1,2,NA,TRUE,1
"13960",7,"F",4,"White","High",2,0,0,0,0,0,0,0,0,0,2,NA,FALSE,1
"13961",7,"M",4,"White","High",2,0,0,0,0,0,0,0,0,0,4,NA,FALSE,0
"13962",8,"M",4,"White","High",1,0,0,1,0,0,0,0,0,0,2,"1",TRUE,1
"13963",7,"F",4,"White","High",1,1,1,0,NA,NA,0,NA,NA,1,2,NA,TRUE,1
"13964",10,"M",7,"White","High",2,0,0,0,0,0,0,0,0,0,1,"1",FALSE,1
"13965",11,"F",7,"White","High",2,1,0,0,0,0,0,1,0,1,2,NA,TRUE,1
"13966",10,"M",7,"White","High",2,0,0,0,0,0,0,0,0,0,4,"1",FALSE,0
"13967",10,"M",7,"Asian","High",2,0,0,0,0,0,0,0,0,0,4,"1",FALSE,0
"13968",9,"F",7,"Hispanic","High",2,0,0,0,0,0,0,0,0,0,1,"1",FALSE,1
"13969",10,"M",7,"White","High",1,1,0,1,0,0,0,0,1,1,1,NA,TRUE,1
"13970",10,"M",7,"White","High",2,1,0,1,0,0,0,1,0,0,3,NA,TRUE,0
"13971",9,"F",7,"White","High",2,1,0,0,0,0,0,0,0,1,1,NA,TRUE,1
"13972",9,"M",6,"White","High",1,0,1,0,0,0,0,0,0,0,3,NA,TRUE,0
"13973",8,"F",6,"White","High",2,0,0,0,0,0,0,0,0,0,4,"1",FALSE,0
"13974",10,"F",7,NA,"High",2,0,0,0,0,0,0,0,0,0,2,NA,FALSE,1
"13975",10,"M",7,"White","High",1,NA,0,1,0,0,0,1,0,1,1,NA,TRUE,1
"13976",10,"M",7,"White","High",1,0,0,1,0,0,0,0,0,0,4,NA,TRUE,0
"13977",10,"M",7,"White","High",1,0,0,1,0,0,0,1,0,0,2,NA,TRUE,1
"13978",10,"M",7,"White","High",2,0,0,1,0,0,0,0,0,0,1,NA,TRUE,1
"13979",9,"M",7,NA,"High",2,0,0,1,0,0,0,0,0,0,3,NA,TRUE,0
"13980",10,"M",7,"White","High",1,0,0,0,0,0,0,0,0,0,2,"1",FALSE,1
"13981",10,"M",7,"White","High",2,0,0,0,0,0,0,0,0,0,4,NA,FALSE,0
"13982",10,"F",7,"White","High",2,0,0,0,0,0,0,0,0,0,4,"1",FALSE,0
"13983",10,"M",7,"White","High",2,0,0,0,0,0,0,0,0,0,3,"1",FALSE,0
"13984",10,"F",7,"White","High",1,0,1,0,0,0,0,0,0,0,2,"1",TRUE,1
"13985",9,"F",7,"White","High",1,1,0,0,0,0,1,0,0,0,2,NA,TRUE,1
"13986",10,"F",7,"White","High",1,1,1,0,0,0,0,0,0,0,1,NA,TRUE,1
"13987",10,"F",7,"White","High",1,1,1,1,0,0,0,0,0,0,1,NA,TRUE,1
"13988",10,"F",7,"White","High",2,0,0,0,0,0,0,0,0,0,4,NA,FALSE,0
"13989",10,"M",7,"White","High",1,0,1,0,0,0,0,0,0,1,4,NA,TRUE,0
"13990",10,"M",7,"White","High",2,0,0,1,0,0,0,1,0,0,4,"1",TRUE,0
"13991",8,"M",5,"White","High",1,0,1,0,0,0,0,0,0,1,3,"1",TRUE,0
"13992",9,"M",6,"White","High",1,0,NA,1,NA,NA,NA,NA,NA,1,2,NA,TRUE,1
"13993",8,"M",5,NA,"High",2,0,0,0,0,0,0,0,0,0,4,"1",FALSE,0
"13994",8,"F",5,NA,"High",1,0,0,1,0,0,0,0,0,0,4,NA,TRUE,0
"13995",NA,"M",NA,NA,NA,2,0,0,NA,NA,NA,NA,NA,NA,NA,4,NA,NA,0
"13996",8,"M",5,"White","High",1,1,0,1,1,0,0,0,0,0,1,NA,TRUE,1
"13997",8,"M",5,"White","High",1,1,NA,0,1,0,NA,0,0,1,1,"1",TRUE,1
"13998",8,"F",5,"White","High",1,1,0,1,0,0,0,1,0,0,1,NA,TRUE,1
"13999",8,"M",5,"White","High",2,0,0,0,0,0,0,0,0,0,4,NA,FALSE,0
"14000",8,"F",5,"AI/AN","High",2,0,0,0,0,0,0,0,0,0,1,NA,FALSE,1
"14001",9,"M",5,"White","High",1,1,0,1,0,0,0,1,0,1,1,NA,TRUE,1
"14002",8,"M",5,"White","High",2,0,0,0,0,0,0,0,0,0,4,NA,FALSE,0
"14003",9,"M",5,NA,"High",2,NA,0,0,0,0,0,0,0,0,4,NA,NA,0
"14004",8,"M",5,"Black","High",2,0,0,0,0,0,0,0,0,0,4,NA,FALSE,0
"14005",8,"M",5,"White","High",1,1,0,1,0,0,0,0,0,0,1,NA,TRUE,1
"14006",9,"M",5,"White","High",1,0,0,1,0,0,1,0,1,1,4,NA,TRUE,0
"14007",8,"F",5,"White","High",1,1,0,1,NA,NA,0,NA,NA,0,1,NA,TRUE,1
"14008",7,"M",5,"White","High",1,0,0,0,0,0,0,0,0,1,4,"1",TRUE,0
"14009",8,"F",5,"White","High",2,0,0,0,0,0,0,0,0,0,4,"1",FALSE,0
"14010",8,"F",5,"White","High",2,0,0,1,0,0,0,0,0,0,3,"1",TRUE,0
"14011",9,"M",5,"White","High",2,0,0,0,0,0,0,0,0,0,4,NA,FALSE,0
"14012",8,"F",5,"Hispanic","High",2,0,0,0,0,0,0,0,0,0,4,NA,FALSE,0
"14013",8,"M",5,"White","High",1,0,0,0,0,0,0,0,0,0,2,NA,FALSE,1
"14014",8,"M",5,"White","High",2,0,0,0,0,0,0,0,0,0,4,NA,FALSE,0
"14015",8,"M",5,"White","High",1,1,1,0,NA,NA,1,NA,NA,1,3,NA,TRUE,0
"14016",7,"M",5,"White","High",2,0,0,0,0,0,0,0,0,0,4,NA,FALSE,0
"14017",8,"F",5,"White","High",2,0,0,0,0,0,0,0,0,0,4,NA,FALSE,0
"14018",8,"F",5,"White","High",2,1,0,0,0,0,0,0,0,1,2,"1",TRUE,1
"14019",8,"M",5,NA,"High",2,0,0,0,0,0,0,0,0,0,4,"1",FALSE,0
"14020",8,"M",5,"White","High",2,0,0,0,0,0,0,0,0,0,4,NA,FALSE,0
"14021",9,"F",6,"White","High",2,0,0,0,0,0,0,0,0,1,2,"1",TRUE,1
"14022",8,"F",5,"White","High",2,1,0,0,0,0,0,0,0,1,1,NA,TRUE,1
"14023",8,"M",5,"White","High",1,0,1,0,0,0,0,0,0,0,4,"1",TRUE,0
"14024",7,"M",4,"White","High",1,0,0,1,0,0,0,0,0,0,2,NA,TRUE,1
"14025",8,"F",5,"White","High",2,0,0,0,0,0,0,0,0,0,4,NA,FALSE,0
"14026",7,"M",5,"White","High",2,0,0,0,0,0,0,0,0,1,4,"1",TRUE,0
"14027",7,"F",5,"White","High",1,1,1,0,0,0,0,0,0,1,2,NA,TRUE,1
"14028",8,"F",5,"White","High",2,0,0,NA,0,0,0,0,0,0,2,NA,NA,1
"14029",7,"F",5,"White","High",1,1,0,0,0,0,0,0,0,1,2,NA,TRUE,1
"14030",9,"F",5,"White","High",1,1,1,0,0,0,0,0,0,1,2,NA,TRUE,1
"14031",8,"F",5,"White","High",2,1,0,1,0,0,0,0,0,0,3,NA,TRUE,0
"14032",9,"M",6,"White","High",1,0,1,0,0,0,0,0,0,1,1,NA,TRUE,1
"14033",9,"M",6,"White","High",2,0,0,0,0,0,0,0,0,0,4,NA,FALSE,0
"14034",9,"F",6,"White","High",2,0,0,0,0,0,0,0,0,0,4,"1",FALSE,0
"14035",9,"M",6,"White","High",1,0,1,1,0,0,0,0,0,1,4,NA,TRUE,0
"14036",9,"M",6,"White","High",1,0,1,0,0,0,0,0,0,0,4,"1",TRUE,0
"14037",10,"M",6,"White","High",2,0,0,0,0,0,0,0,0,0,4,NA,FALSE,0
"14038",10,"M",6,"White","High",2,0,0,0,0,0,0,0,0,0,4,"1",FALSE,0
"14039",11,"F",7,"White","High",1,1,1,0,0,0,1,1,0,1,2,NA,TRUE,1
"14040",9,"F",6,"Black","High",2,0,0,0,0,0,0,0,0,0,4,NA,FALSE,0
"14041",8,"F",6,"White","High",1,0,1,0,0,0,0,0,0,1,4,NA,TRUE,0
"14042",9,"F",6,"White","High",2,0,0,0,0,0,0,0,0,0,1,NA,FALSE,1
"14043",9,"F",6,"Asian","High",2,1,0,0,0,0,0,0,0,0,1,"1",TRUE,1
"14044",10,"M",6,NA,"High",2,0,0,0,0,0,0,0,0,0,4,"1",FALSE,0
"14045",9,"M",6,"White","High",1,1,0,1,0,0,0,1,0,0,2,NA,TRUE,1
"14046",9,"M",6,"White","High",2,0,0,0,0,0,0,0,0,1,4,NA,TRUE,0
"14047",9,"M",6,"White","High",2,0,0,0,0,0,0,0,0,0,4,"1",FALSE,0
"14048",8,"F",6,"White","High",2,0,0,0,0,0,0,0,0,0,4,"1",FALSE,0
"14049",9,"F",6,"White","High",2,0,0,0,0,0,0,0,0,0,4,NA,FALSE,0
"14050",9,"M",6,"White","High",2,0,0,0,0,0,0,0,0,0,4,NA,FALSE,0
"14051",9,"M",6,"White","High",2,0,0,0,0,0,0,0,0,0,4,"1",FALSE,0
"14052",9,"M",6,"White","High",2,0,0,0,0,0,0,0,0,0,4,NA,FALSE,0
"14053",9,"M",6,"White","High",1,0,0,0,0,0,0,0,0,0,3,NA,FALSE,0
"14054",9,"F",6,"White","High",2,0,0,0,0,0,0,0,0,0,3,NA,FALSE,0
"14055",9,"F",6,"White","High",2,0,0,0,0,0,0,0,0,0,4,"1",FALSE,0
"14056",9,"M",6,"White","High",2,0,0,0,0,0,0,0,0,0,2,NA,FALSE,1
"14057",9,"F",6,"White","High",1,0,0,0,0,0,0,0,0,0,3,NA,FALSE,0
"14058",9,"M",6,"White","High",1,1,0,0,0,0,0,0,0,0,2,NA,TRUE,1
"14059",8,"F",6,"Hispanic","High",1,0,0,0,0,0,0,0,0,1,1,"1",TRUE,1
"14060",9,"M",6,"White","High",2,0,0,0,0,0,0,0,0,0,4,"1",FALSE,0
"14061",8,"F",6,"White","High",1,1,1,1,0,0,1,1,0,1,1,NA,TRUE,1
"14062",9,"M",7,"White","High",1,0,0,0,0,0,0,0,0,0,1,"1",FALSE,1
"14063",8,"F",6,NA,"High",2,0,0,0,0,0,0,0,0,0,4,"1",FALSE,0
"14064",9,"M",6,"White","High",1,0,0,0,0,0,0,0,0,0,3,NA,FALSE,0
"14065",9,"M",6,"White","High",2,0,0,0,0,0,0,0,0,0,2,"1",FALSE,1
"14066",8,"F",6,"AI/AN","High",2,0,0,0,0,0,0,0,0,0,2,"1",FALSE,1
"14067",8,"F",6,"White","High",1,0,0,0,0,0,0,0,0,0,3,"1",FALSE,0
"14068",8,"M",6,"White","High",2,0,0,0,0,0,0,0,0,0,3,NA,FALSE,0
"14069",9,"F",6,"White","High",1,1,0,0,1,0,0,1,0,0,1,NA,TRUE,1
"14070",8,"M",6,"White","High",2,0,0,0,0,0,0,0,0,0,4,NA,FALSE,0
"14071",9,"M",6,"White","High",2,0,0,0,0,0,0,0,0,0,4,"1",FALSE,0
"14072",9,"M",6,"White","High",2,0,0,0,0,0,0,0,0,1,4,"1",TRUE,0
"14073",8,"M",6,"Black","High",2,0,0,0,0,0,0,0,0,0,2,"1",FALSE,1
"14074",8,"F",6,"White","High",2,0,0,0,0,0,0,0,0,0,4,NA,FALSE,0
"14075",8,"F",6,"White","High",2,0,0,0,0,0,0,0,0,0,2,"1",FALSE,1
"14076",10,"F",6,"White","High",2,0,0,0,0,0,0,0,0,0,4,NA,FALSE,0
"14077",7,"F",6,"White","High",2,1,0,0,0,0,0,0,0,0,2,NA,TRUE,1
"14078",8,"M",6,"White","High",2,0,0,0,0,0,0,0,0,0,3,NA,FALSE,0
"14079",9,"M",6,"White","High",2,0,0,0,0,0,0,0,0,0,4,NA,FALSE,0
"14080",9,"M",6,"White","High",2,0,0,0,0,0,0,0,0,0,3,"1",FALSE,0
"14081",9,"M",6,"White","High",2,0,0,0,0,0,0,0,0,0,4,"1",FALSE,0
"14082",8,"F",6,"White","High",1,0,0,0,0,0,0,0,0,0,4,NA,FALSE,0
"14083",9,"F",6,"White","High",1,0,0,0,0,0,0,0,0,0,1,"1",FALSE,1
"14084",7,"F",5,"Asian","High",2,0,0,0,0,0,0,0,0,0,4,NA,FALSE,0
"14085",6,"F",4,"White","High",2,0,0,0,0,0,0,0,0,0,3,"1",FALSE,0
"14086",6,"M",4,"White","High",2,0,0,0,0,0,0,0,0,0,3,NA,FALSE,0
"14087",8,"M",4,"AI/AN","High",NA,1,NA,0,0,0,0,0,0,1,1,NA,TRUE,1
"14088",8,"M",4,"White","High",1,0,0,0,0,0,0,0,0,0,4,NA,FALSE,0
"14089",6,"M",4,"White","High",2,0,0,0,0,0,0,0,0,0,2,"1",FALSE,1
"14090",7,"M",4,"White","High",2,0,0,0,0,0,0,0,0,0,4,NA,FALSE,0
"14091",7,"M",4,"Hispanic","High",2,0,0,0,0,0,0,0,0,0,4,NA,FALSE,0
"14092",6,"M",4,NA,"High",2,0,0,0,0,0,0,0,0,0,2,NA,FALSE,1
"14093",7,"M",4,"White","High",2,0,NA,NA,NA,NA,NA,NA,NA,NA,4,NA,NA,0
"14094",8,"M",4,NA,"High",2,0,0,NA,NA,NA,0,NA,NA,0,4,NA,NA,0
"14095",8,"M",4,"Hispanic","High",2,0,0,0,0,0,0,0,0,0,4,"1",FALSE,0
"14096",7,"M",4,NA,"High",2,0,0,0,0,0,0,0,0,0,3,NA,FALSE,0
"14097",8,"M",4,NA,"High",2,0,0,0,NA,NA,0,NA,NA,0,4,"1",NA,0
"14098",7,"F",4,"White","High",2,0,0,0,0,0,0,0,0,0,4,NA,FALSE,0
"14099",8,"M",5,"White","High",2,0,0,0,0,0,0,0,0,0,4,NA,FALSE,0
"14100",7,"M",5,"White","High",2,0,0,0,0,0,0,0,0,0,4,NA,FALSE,0
"14101",7,"M",5,"White","High",2,0,0,0,0,0,0,0,0,0,4,NA,FALSE,0
"14102",9,"M",7,"White","High",1,0,1,0,0,0,0,0,0,0,1,"1",TRUE,1
"14103",8,"M",5,"White","High",2,0,0,0,0,0,0,0,0,0,3,"1",FALSE,0
"14104",8,"F",5,"Hispanic","High",2,0,0,0,0,0,0,0,0,0,4,"1",FALSE,0
"14105",8,"M",5,"White","High",2,0,0,0,0,0,0,0,0,0,4,"1",FALSE,0
"14106",7,"F",5,"White","High",2,0,0,0,0,0,0,0,0,0,3,NA,FALSE,0
"14107",8,"M",5,"White","High",1,0,0,0,0,0,0,0,0,0,3,"1",FALSE,0
"14108",7,"F",5,NA,"High",NA,0,NA,NA,0,0,0,0,0,NA,4,NA,NA,0
"14109",9,"M",7,"White","High",1,1,1,0,1,1,1,0,0,0,2,NA,TRUE,1
"14110",9,"F",7,"White","High",2,0,0,0,0,0,0,0,0,0,3,NA,FALSE,0
"14111",10,"F",7,"Black","High",2,0,0,0,0,0,0,0,0,0,2,NA,FALSE,1
"14112",9,"F",7,"White","High",1,0,0,0,0,0,0,0,0,0,2,"1",FALSE,1
"14113",11,"F",7,"White","High",2,NA,0,0,0,0,0,0,0,1,2,NA,TRUE,1
"14114",9,"F",7,"White","High",1,0,0,0,0,0,0,0,0,0,1,"1",FALSE,1
"14115",10,"F",7,"White","High",2,0,0,0,0,0,0,0,0,0,1,NA,FALSE,1
"14116",9,"M",7,"White","High",2,0,0,0,0,0,0,0,0,0,4,"1",FALSE,0
"14117",10,"M",7,"White","High",2,0,0,NA,0,0,0,0,0,0,3,NA,NA,0
"14118",9,"M",7,"White","High",1,NA,NA,0,NA,NA,0,NA,NA,0,1,NA,NA,1
"14119",11,"M",7,"White","High",1,0,0,0,0,0,0,0,0,0,1,NA,FALSE,1
"14120",7,"F",5,"White","High",2,0,0,0,0,0,0,0,0,0,4,"1",FALSE,0
"14121",7,"F",5,"White","High",2,0,0,0,0,0,0,0,0,0,4,"1",FALSE,0
"14122",8,"F",5,"White","High",1,0,1,0,0,0,0,0,0,0,1,NA,TRUE,1
"14123",8,"F",5,"White","High",2,0,0,0,0,0,0,0,0,0,3,"1",FALSE,0
"14124",7,"M",5,"White","High",2,0,0,0,0,0,0,0,0,0,4,NA,FALSE,0
"14125",10,"F",7,"White","High",2,1,0,0,0,0,0,0,0,0,2,"1",TRUE,1
"14126",8,"F",5,"White","High",2,0,0,0,0,0,0,0,0,0,4,NA,FALSE,0
"14127",8,"F",5,"White","High",2,0,0,0,0,0,0,0,0,0,4,NA,FALSE,0
"14128",10,"F",7,"White","High",1,0,0,0,0,0,0,0,0,0,2,NA,FALSE,1
"14129",10,"F",7,"White","High",2,0,0,0,0,0,0,0,0,0,4,"1",FALSE,0
"14130",9,"F",7,"White","High",2,0,0,0,0,0,0,0,0,0,4,"1",FALSE,0
"14131",9,"F",7,"White","High",1,1,0,0,0,0,0,0,1,0,1,NA,TRUE,1
"14132",9,"F",7,"White","High",2,0,0,0,0,0,0,0,0,0,4,NA,FALSE,0
"14133",8,"M",5,"White","High",2,0,0,0,0,0,0,0,0,0,3,NA,FALSE,0
"14134",7,"M",5,"White","High",2,0,0,0,0,0,0,0,0,0,1,NA,FALSE,1
"14135",10,"M",7,"White","High",1,0,1,0,0,0,0,0,0,0,4,"1",TRUE,0
"14136",10,"M",7,"White","High",2,0,0,0,0,0,0,0,0,0,3,"1",FALSE,0
"14137",11,"M",7,"White","High",2,0,0,0,0,0,0,0,0,0,3,NA,FALSE,0
"14138",10,"M",7,"Hispanic","High",2,0,0,0,0,0,0,0,0,0,3,"1",FALSE,0
"14139",9,"F",7,"Hispanic","High",1,0,0,0,0,0,0,0,0,1,3,NA,TRUE,0
"14140",10,"M",7,"Hispanic","High",2,0,0,0,0,0,0,0,0,0,4,NA,FALSE,0
"14141",10,"F",7,"Hispanic","High",1,0,1,0,0,0,0,0,0,0,4,NA,TRUE,0
"14142",9,"M",7,"Hispanic","High",2,0,0,0,0,0,0,0,0,0,3,NA,FALSE,0
"14143",10,"M",7,"White","High",2,0,0,0,0,0,0,0,0,0,4,NA,FALSE,0
"14144",10,"F",7,"White","High",1,0,0,0,0,0,0,0,0,0,2,"1",FALSE,1
"14145",10,"F",7,"Hispanic","High",2,0,0,0,0,0,0,0,0,1,3,NA,TRUE,0
"14146",10,"M",7,"Hispanic","High",2,0,0,NA,0,0,0,0,0,0,4,NA,NA,0
"14147",10,"F",7,"White","High",1,0,1,0,0,0,0,0,0,0,2,NA,TRUE,1
"14148",9,"F",7,"White","High",2,0,0,0,0,0,0,0,0,0,4,NA,FALSE,0
"14149",1,"M",1,"Hispanic","Middle",1,NA,1,0,0,0,1,0,0,1,4,NA,TRUE,0
"14150",10,"M",7,"White","High",2,0,0,0,0,0,0,0,0,0,4,"1",FALSE,0
"14151",9,"F",7,"Black","High",2,0,0,0,0,0,0,0,0,0,2,NA,FALSE,1
"14152",10,"M",7,"Hispanic","High",1,0,1,0,0,0,0,0,0,0,4,"1",TRUE,0
"14153",9,"M",7,"Hispanic","High",2,0,0,0,0,0,0,0,0,0,4,NA,FALSE,0
"14154",10,"F",7,"White","High",1,0,0,0,0,0,0,0,0,0,2,"1",FALSE,1
"14155",10,"F",7,"White","High",2,0,0,0,0,0,0,0,0,0,4,"1",FALSE,0
"14156",10,"M",7,"White","High",NA,0,0,0,0,0,1,0,0,1,4,NA,TRUE,0
"14157",9,"F",7,"White","High",1,1,1,1,1,1,1,1,0,1,1,NA,TRUE,1
"14158",9,"F",6,"White","High",1,1,1,0,0,1,0,1,0,1,2,NA,TRUE,1
"14159",9,"F",6,"White","High",2,0,0,0,0,0,0,0,0,0,4,NA,FALSE,0
"14160",9,"M",6,"White","High",2,0,0,0,0,0,0,0,0,0,1,NA,FALSE,1
"14161",9,"F",6,"Black","High",1,0,1,0,0,0,0,0,0,0,4,NA,TRUE,0
"14162",9,"F",6,"White","High",2,0,0,0,0,0,0,0,0,0,4,NA,FALSE,0
"14163",9,"F",6,"Hispanic","High",1,0,0,0,0,0,0,0,0,1,4,"1",TRUE,0
"14164",8,"F",6,"Hispanic","High",2,0,0,0,0,0,0,0,0,0,3,"1",FALSE,0
"14165",8,"F",6,"White","High",2,0,0,0,0,0,0,0,0,0,3,"1",FALSE,0
"14166",9,"M",6,"Hispanic","High",2,0,0,0,0,0,0,0,0,0,4,NA,FALSE,0
"14167",8,"F",6,"Hispanic","High",2,0,0,0,0,0,0,0,0,0,1,NA,FALSE,1
"14168",9,"F",6,"Black","High",1,0,0,0,0,0,0,0,0,0,4,"1",FALSE,0
"14169",8,"M",6,"Hispanic","High",1,0,0,0,0,0,0,0,0,0,4,NA,FALSE,0
"14170",9,"F",6,"White","High",1,0,0,0,0,0,0,0,0,0,2,"1",FALSE,1
"14171",10,"M",6,"White","High",2,0,0,0,0,0,0,0,0,0,4,NA,FALSE,0
"14172",8,"F",6,"White","High",1,0,0,0,0,0,0,0,0,0,4,"1",FALSE,0
"14173",8,"F",6,"Black","High",1,0,0,0,0,0,0,0,0,0,4,"1",FALSE,0
"14174",8,"F",6,"Hispanic","High",2,0,0,0,0,0,0,0,0,0,4,"1",FALSE,0
"14175",9,"M",6,"Black","High",2,0,0,0,0,0,0,0,0,0,4,NA,FALSE,0
"14176",9,"M",6,"Hispanic","High",1,0,1,0,0,0,1,0,0,1,3,NA,TRUE,0
"14177",8,"F",6,"White","High",1,0,0,0,0,0,0,0,0,0,1,NA,FALSE,1
"14178",8,"F",6,"White","High",1,0,0,0,0,0,0,0,0,0,4,NA,FALSE,0
"14179",7,"M",4,"Black","High",2,0,0,0,0,0,0,0,0,0,2,NA,FALSE,1
"14180",7,"M",4,"White","High",1,NA,0,NA,NA,NA,NA,NA,NA,NA,3,NA,NA,0
"14181",7,"M",4,"Hispanic","High",2,0,0,0,0,0,0,0,0,0,4,"1",FALSE,0
"14182",7,"M",4,"White","High",2,0,0,0,0,0,0,0,0,0,1,NA,FALSE,1
"14183",6,"F",4,"Hispanic","High",NA,0,0,0,0,0,0,0,0,0,4,"1",FALSE,0
"14184",7,"F",4,"Hispanic","High",2,0,0,0,0,0,0,0,0,1,3,NA,TRUE,0
"14185",7,"M",4,"Hispanic","High",1,1,1,0,0,0,1,0,0,1,2,NA,TRUE,1
"14186",7,"F",4,"White","High",2,0,0,0,0,0,0,0,0,0,4,NA,FALSE,0
"14187",9,"M",5,"White","High",2,0,0,0,0,0,0,0,0,0,4,NA,FALSE,0
"14188",6,"M",4,"Hispanic","High",1,0,NA,0,0,0,0,0,0,1,2,NA,TRUE,1
"14189",8,"F",4,"White","High",1,0,0,0,0,0,0,0,0,0,2,NA,FALSE,1
"14190",7,"M",4,"White","High",2,0,0,0,NA,NA,0,NA,NA,0,4,NA,NA,0
"14191",7,"M",4,"White","High",2,0,0,0,0,0,0,0,0,1,2,NA,TRUE,1
"14192",7,"M",4,"White","High",2,0,0,1,0,0,0,0,0,0,4,NA,TRUE,0
"14193",7,"M",4,"White","High",2,0,0,0,0,0,0,0,0,0,4,"1",FALSE,0
"14194",7,"M",4,"White","High",2,0,0,0,0,0,0,0,0,0,4,NA,FALSE,0
"14195",7,"F",4,"Black","High",2,0,0,0,0,0,0,0,0,0,4,NA,FALSE,0
"14196",7,"M",4,"White","High",2,0,0,0,0,0,0,0,0,0,4,"1",FALSE,0
"14197",7,"M",4,"Black","High",2,0,0,0,0,0,0,0,0,0,4,NA,FALSE,0
"14198",7,"M",4,"Hispanic","High",2,0,0,0,0,0,0,0,0,0,4,NA,FALSE,0
"14199",7,"M",5,"Hispanic","High",2,NA,NA,NA,NA,NA,NA,NA,NA,NA,4,NA,NA,0
"14200",6,"F",4,"Hispanic","High",1,0,0,0,0,0,0,0,0,1,3,NA,TRUE,0
"14201",8,"M",5,NA,"High",1,NA,1,0,0,0,0,0,0,1,3,NA,TRUE,0
"14202",8,"M",5,"White","High",2,0,0,0,0,0,0,0,0,0,4,NA,FALSE,0
"14203",8,"F",5,"Hispanic","High",2,0,0,0,0,0,0,0,0,0,4,"1",FALSE,0
"14204",7,"F",5,"White","High",2,0,0,0,NA,NA,0,NA,NA,0,2,NA,NA,1
"14205",9,"F",6,"White","High",2,0,0,0,0,0,0,0,0,0,4,NA,FALSE,0
"14206",8,"M",6,"White","High",2,0,0,0,0,0,0,0,0,0,4,"1",FALSE,0
"14207",8,"M",5,"White","High",2,0,0,0,0,0,0,0,0,0,2,NA,FALSE,1
"14208",9,"F",5,"White","High",1,0,0,0,0,0,0,0,0,0,4,NA,FALSE,0
"14209",10,"M",6,"Black","High",1,1,1,0,0,1,0,1,0,1,1,NA,TRUE,1
"14210",8,"M",5,"White","High",2,0,0,0,0,0,0,0,0,0,1,"1",FALSE,1
"14211",8,"F",6,"Hispanic","High",2,0,0,0,0,0,0,0,0,0,4,NA,FALSE,0
"14212",7,"M",5,"White","High",2,0,0,0,NA,NA,0,NA,NA,0,4,"1",NA,0
"14213",8,"F",5,"Hispanic","High",2,0,0,0,0,0,0,0,0,0,4,"1",FALSE,0
"14214",9,"F",5,"White","High",2,0,0,0,0,0,0,0,0,0,3,"1",FALSE,0
"14215",9,"F",6,"AI/AN","High",2,0,0,0,0,0,0,0,0,1,4,"1",TRUE,0
"14216",8,"M",5,"Black","High",2,0,0,0,0,0,0,0,0,0,4,"1",FALSE,0
"14217",5,"F",2,"White","Middle",2,0,0,0,0,0,0,0,0,0,4,"1",FALSE,0
"14218",4,"M",2,"White","Middle",2,0,0,0,0,0,0,0,0,0,4,"1",FALSE,0
"14219",5,"F",2,"White","Middle",2,0,0,0,0,0,0,0,0,0,2,NA,FALSE,1
"14220",4,"F",2,"Black","Middle",2,0,0,0,0,0,0,0,0,0,4,"1",FALSE,0
"14221",4,"F",2,"White","Middle",2,0,0,0,0,0,0,0,0,0,4,"1",FALSE,0
"14222",5,"M",2,"Asian","Middle",1,0,0,0,0,0,0,0,0,0,4,NA,FALSE,0
"14223",5,"M",2,"White","Middle",2,0,0,0,0,0,0,0,0,0,4,NA,FALSE,0
"14224",5,"M",2,"White","Middle",2,0,0,0,0,0,0,0,0,0,4,"1",FALSE,0
"14225",5,"M",2,"White","Middle",2,0,0,0,0,0,0,0,0,0,2,NA,FALSE,1
"14226",5,"F",2,"White","Middle",2,0,0,0,0,0,0,0,0,0,4,NA,FALSE,0
"14227",5,"F",2,"White","Middle",2,0,0,0,0,0,0,0,0,0,3,NA,FALSE,0
"14228",4,"F",2,"White","Middle",2,0,0,0,0,0,0,0,0,0,4,"1",FALSE,0
"14229",5,"F",2,"White","Middle",1,0,0,0,0,0,0,0,0,0,4,NA,FALSE,0
"14230",5,"M",2,"White","Middle",2,0,0,0,0,0,0,0,0,0,2,NA,FALSE,1
"14231",4,"F",2,"White","Middle",2,0,0,0,0,0,0,0,0,0,2,NA,FALSE,1
"14232",5,"F",2,"White","Middle",2,0,0,0,0,0,0,0,0,0,4,NA,FALSE,0
"14233",5,"M",2,"White","Middle",2,0,0,0,0,0,0,0,0,0,4,"1",FALSE,0
"14234",5,"F",2,"White","Middle",2,0,0,0,0,0,0,0,0,0,4,"1",FALSE,0
"14235",5,"M",2,"White","Middle",2,0,0,0,NA,NA,0,NA,NA,0,4,"1",NA,0
"14236",4,"F",2,"White","Middle",2,0,0,0,0,0,0,0,0,0,4,NA,FALSE,0
"14237",4,"F",2,"White","Middle",2,0,0,0,0,0,0,0,0,0,4,NA,FALSE,0
"14238",5,"M",2,"White","Middle",2,0,0,0,0,0,0,0,0,0,2,NA,FALSE,1
"14239",4,"F",2,"White","Middle",2,0,0,0,0,0,0,0,0,0,4,"1",FALSE,0
"14240",5,"M",2,"White","Middle",2,0,0,0,0,0,0,0,0,0,4,"1",FALSE,0
"14241",4,"F",2,"White","Middle",2,0,0,0,0,0,0,0,0,1,3,NA,TRUE,0
"14242",6,"F",3,"White","Middle",2,0,0,0,0,0,0,0,0,0,2,NA,FALSE,1
"14243",5,"F",3,NA,"Middle",2,0,0,0,0,0,0,0,0,0,3,"1",FALSE,0
"14244",6,"M",3,"White","Middle",2,0,0,0,0,0,0,0,0,0,4,NA,FALSE,0
"14245",5,"F",3,NA,"Middle",1,0,0,0,0,0,1,0,0,1,2,NA,TRUE,1
"14246",5,"M",3,"White","Middle",2,0,0,0,0,0,0,0,0,0,4,NA,FALSE,0
"14247",5,"F",3,"Hispanic","Middle",NA,0,NA,0,NA,NA,NA,NA,NA,NA,2,NA,NA,1
"14248",6,"F",3,"White","Middle",2,0,0,0,0,0,0,0,0,0,4,"1",FALSE,0
"14249",6,"F",3,"White","Middle",2,0,0,0,0,0,0,0,0,0,4,NA,FALSE,0
"14250",6,"F",3,"White","Middle",2,0,0,0,0,0,0,0,0,1,4,NA,TRUE,0
"14251",6,"M",3,"White","Middle",2,0,0,0,0,0,0,0,0,0,4,"1",FALSE,0
"14252",5,"M",3,"White","Middle",2,0,0,0,0,0,0,0,0,0,4,NA,FALSE,0
"14253",6,"M",3,"AI/AN","Middle",1,1,1,1,0,0,0,1,0,1,1,NA,TRUE,1
"14254",6,"F",3,"Hispanic","Middle",2,0,0,0,0,0,0,0,0,0,4,"1",FALSE,0
"14255",6,"F",3,"Black","Middle",2,0,0,0,NA,NA,0,NA,NA,0,4,NA,NA,0
"14256",NA,NA,NA,NA,NA,NA,NA,NA,NA,NA,NA,NA,NA,NA,NA,4,NA,NA,0
"14257",6,"M",3,NA,"Middle",2,0,0,0,NA,NA,NA,NA,NA,0,4,"1",NA,0
"14258",6,"M",3,NA,"Middle",2,0,0,0,0,0,0,0,0,0,1,NA,FALSE,1
"14259",6,"M",3,"Black","Middle",2,0,0,0,0,0,0,0,0,0,4,NA,FALSE,0
"14260",5,"M",3,"Black","Middle",1,NA,NA,NA,NA,NA,NA,NA,NA,NA,4,NA,NA,0
"14261",8,"M",3,"White","Middle",1,NA,NA,0,0,0,0,0,0,0,1,NA,NA,1
"14262",6,"F",3,"White","Middle",2,0,0,0,0,0,0,0,0,0,4,NA,FALSE,0
"14263",8,"F",3,"Black","Middle",2,0,0,0,0,0,0,0,0,0,4,NA,FALSE,0
"14264",6,"F",3,"White","Middle",1,0,1,0,0,0,0,0,0,0,4,"1",TRUE,0
"14265",7,"M",3,"Black","Middle",2,0,0,0,0,0,0,0,0,0,4,NA,FALSE,0
"14266",6,"F",3,"AI/AN","Middle",1,0,1,0,0,0,1,0,0,1,3,NA,TRUE,0
"14267",6,"F",3,"White","Middle",1,0,0,0,0,0,0,0,0,0,2,"1",FALSE,1
"14268",8,"M",5,NA,"High",2,0,0,0,0,0,0,0,0,0,4,"1",FALSE,0
"14269",8,"F",5,"White","High",1,1,1,0,0,1,0,0,0,1,1,"1",TRUE,1
"14270",8,"M",5,"White","High",2,0,0,0,0,0,0,0,0,0,4,NA,FALSE,0
"14271",8,"M",5,"White","High",1,0,0,0,0,0,0,0,0,1,3,NA,TRUE,0
"14272",7,"M",5,"White","High",2,0,0,0,0,0,0,0,0,1,4,NA,TRUE,0
"14273",7,"M",5,"White","High",2,0,0,0,0,0,0,0,0,0,1,NA,FALSE,1
"14274",7,"M",5,"White","High",2,0,0,0,0,0,0,0,0,0,4,"1",FALSE,0
"14275",7,"M",4,"White","High",1,0,0,0,0,0,0,0,0,1,3,NA,TRUE,0
"14276",7,"F",5,"White","High",1,1,0,0,0,0,0,0,0,0,1,NA,TRUE,1
"14277",7,"M",5,"White","High",2,0,0,0,0,0,0,0,0,0,4,NA,FALSE,0
"14278",7,"M",5,"White","High",1,1,1,NA,0,0,1,1,0,1,1,NA,TRUE,1
"14279",8,"M",5,"White","High",2,0,0,0,0,0,0,0,0,0,4,"1",FALSE,0
"14280",8,"F",5,"Hispanic","High",1,1,1,0,0,0,0,1,0,0,1,NA,TRUE,1
"14281",9,"F",7,"White","High",2,0,0,0,0,0,0,0,0,0,4,NA,FALSE,0
"14282",10,"M",7,"White","High",1,0,0,0,0,0,0,0,0,0,3,"1",FALSE,0
"14283",9,"M",7,"White","High",1,0,0,0,0,0,NA,0,0,1,3,"1",TRUE,0
"14284",10,"F",7,"White","High",2,NA,0,0,0,0,1,0,0,0,1,NA,TRUE,1
"14285",10,"F",7,"White","High",2,0,0,0,0,0,0,0,0,0,3,"1",FALSE,0
"14286",10,"M",7,"White","High",1,0,0,0,0,0,0,0,0,1,2,"1",TRUE,1
"14287",10,"M",7,"White","High",1,0,0,0,0,0,1,0,0,1,4,NA,TRUE,0
"14288",10,"M",6,"White","High",2,0,0,0,0,0,0,0,0,0,4,NA,FALSE,0
"14289",9,"M",6,"White","High",2,0,0,0,0,0,0,0,0,0,4,"1",FALSE,0
"14290",9,"M",6,"White","High",2,0,0,0,0,0,0,0,0,0,4,NA,FALSE,0
"14291",9,"M",6,"White","High",1,0,0,0,0,0,0,0,0,0,1,"1",FALSE,1
"14292",9,"F",6,"White","High",1,0,0,0,0,0,0,0,0,1,1,NA,TRUE,1
"14293",9,"F",6,"White","High",2,0,0,0,0,0,0,0,0,0,4,NA,FALSE,0
"14294",9,"M",5,"White","High",2,0,0,0,0,0,0,0,0,0,4,NA,FALSE,0
"14295",9,"M",6,"White","High",1,0,0,0,0,0,0,0,0,1,4,NA,TRUE,0
"14296",9,"F",6,"White","High",2,0,0,0,0,0,0,0,0,1,2,NA,TRUE,1
"14297",8,"M",6,"White","High",2,0,0,0,0,0,0,0,0,0,4,NA,FALSE,0
"14298",9,"F",6,"White","High",2,NA,0,0,0,0,0,0,0,0,4,"1",NA,0
"14299",8,"F",6,"Hispanic","High",1,NA,0,NA,0,0,0,0,0,1,2,"1",TRUE,1
"14300",8,"M",6,"White","High",2,0,NA,NA,0,0,NA,0,0,NA,4,NA,NA,0
"14301",8,"M",6,"White","High",2,0,0,0,0,0,0,0,0,0,2,NA,FALSE,1
"14302",9,"F",6,"White","High",2,0,0,0,0,0,0,0,0,0,4,"1",FALSE,0
"14303",8,NA,6,"Hispanic","High",1,0,1,0,0,0,NA,0,0,1,4,"1",TRUE,0
"14304",9,"M",6,"Hispanic","High",2,0,0,0,0,0,0,0,0,0,3,"1",FALSE,0
"14305",6,"F",4,"White","High",2,0,0,0,0,0,0,0,0,0,2,NA,FALSE,1
"14306",7,"F",4,"White","High",2,0,0,0,0,0,0,0,0,0,4,"1",FALSE,0
"14307",7,"M",4,"White","High",2,0,0,0,0,0,0,0,0,1,4,"1",TRUE,0
"14308",6,"M",4,"White","High",2,0,0,0,0,0,0,0,0,0,4,NA,FALSE,0
"14309",7,"F",4,"White","High",2,0,0,0,0,0,0,0,0,0,4,"1",FALSE,0
"14310",7,"M",4,"White","High",1,1,1,1,0,0,0,0,0,1,3,NA,TRUE,0
"14311",7,"F",4,"White","High",1,1,1,0,0,0,0,1,0,1,1,NA,TRUE,1
"14312",7,"M",4,"White","High",2,0,0,0,0,0,0,0,0,0,4,NA,FALSE,0
"14313",6,"F",4,"White","High",2,0,0,0,0,0,0,0,0,0,4,NA,FALSE,0
"14314",7,"M",4,NA,"High",2,0,0,0,0,0,0,0,0,0,4,NA,FALSE,0
"14315",8,"M",4,"White","High",1,NA,1,0,1,0,1,0,0,1,2,NA,TRUE,1
"14316",7,"M",4,"White","High",2,0,0,0,0,0,0,0,0,0,4,NA,FALSE,0
"14317",6,"F",4,"White","High",2,0,0,0,0,0,0,0,0,1,2,NA,TRUE,1
"14318",6,"M",4,"White","High",2,0,0,0,0,0,0,0,0,0,3,NA,FALSE,0
"14319",9,"M",6,"Hispanic","High",1,0,1,0,0,0,0,0,0,0,4,NA,TRUE,0
"14320",8,"F",5,"Black","High",2,0,0,0,0,0,0,0,0,0,4,NA,FALSE,0
"14321",8,"F",5,"White","High",2,0,0,0,0,0,0,0,0,0,4,NA,FALSE,0
"14322",8,"F",5,"White","High",2,0,0,0,0,0,0,0,0,0,1,NA,FALSE,1
"14323",7,"M",5,"White","High",1,0,0,0,0,0,0,0,0,0,4,"1",FALSE,0
"14324",8,"M",5,"White","High",2,0,0,0,0,0,0,0,0,0,2,NA,FALSE,1
"14325",10,"M",7,"Hispanic","High",2,0,0,0,0,0,0,0,0,0,4,"1",FALSE,0
"14326",9,"F",7,"White","High",2,0,0,0,0,0,0,0,0,0,2,"1",FALSE,1
"14327",10,"F",7,"White","High",2,0,0,0,0,0,0,0,0,0,4,"1",FALSE,0
"14328",10,"F",7,"White","High",1,0,0,0,0,0,0,0,0,0,3,NA,FALSE,0
"14329",10,"M",7,"White","High",1,0,0,0,0,0,0,0,0,0,4,NA,FALSE,0
"14330",9,"M",7,"White","High",1,0,0,0,0,0,0,0,0,1,3,NA,TRUE,0
"14331",10,"M",7,"White","High",1,0,NA,0,0,0,0,0,0,0,4,"1",NA,0
"14332",10,"M",7,"White","High",2,0,0,0,0,0,0,0,0,0,2,"1",FALSE,1
"14333",7,"F",4,"White","High",2,0,0,0,0,0,0,0,0,0,2,"1",FALSE,1
"14334",6,"F",3,"White","Middle",2,0,0,0,0,0,0,0,0,0,3,"1",FALSE,0
"14335",6,"F",3,"White","Middle",2,0,0,0,0,0,0,0,0,0,2,"1",FALSE,1
"14336",6,"F",3,"White","Middle",2,0,0,0,0,0,0,0,0,0,3,NA,FALSE,0
"14337",5,"F",3,"White","Middle",2,0,0,0,0,0,0,0,0,0,4,"1",FALSE,0
"14338",5,"F",3,"White","Middle",2,0,0,0,0,0,0,0,0,0,4,"1",FALSE,0
"14339",6,"F",3,"Hispanic","Middle",2,0,0,0,0,0,0,0,0,0,4,"1",FALSE,0
"14340",6,"F",3,"White","Middle",2,0,0,0,0,0,0,0,0,0,4,"1",FALSE,0
"14341",5,"F",3,"White","Middle",2,0,0,0,0,0,0,0,0,0,4,"1",FALSE,0
"14342",5,"F",3,"White","Middle",2,0,0,0,0,0,0,0,0,0,2,"1",FALSE,1
"14343",6,"M",3,"White","Middle",2,0,0,0,0,0,0,0,0,0,4,"1",FALSE,0
"14344",5,"M",3,"White","Middle",2,0,0,0,0,0,0,0,0,0,3,"1",FALSE,0
"14345",6,"M",3,"White","Middle",1,0,0,0,0,0,0,0,0,1,2,NA,TRUE,1
"14346",6,"M",3,"Hispanic","Middle",2,0,0,0,0,0,0,0,0,0,4,NA,FALSE,0
"14347",5,"M",3,"NHOPI","Middle",2,0,0,0,0,0,0,0,0,0,4,"1",FALSE,0
"14348",6,"M",3,"White","Middle",2,0,0,0,0,0,0,0,0,0,2,"1",FALSE,1
"14349",6,"M",3,"Black","Middle",2,0,0,0,0,0,0,0,0,0,4,"1",FALSE,0
"14350",5,"M",3,"AI/AN","Middle",2,0,0,0,0,0,0,0,0,0,4,"1",FALSE,0
"14351",5,"M",3,"White","Middle",2,0,0,0,0,0,0,0,0,1,3,NA,TRUE,0
"14352",6,"M",3,"White","Middle",2,0,0,0,0,0,0,0,0,0,NA,NA,FALSE,NA
"14353",6,"F",3,NA,"Middle",2,0,0,0,0,0,0,0,0,0,4,"1",FALSE,0
"14354",6,"M",3,"Black","Middle",1,1,NA,0,0,0,0,0,0,1,1,NA,TRUE,1
"14355",6,"M",3,"White","Middle",2,0,0,0,0,0,0,0,0,0,1,NA,FALSE,1
"14356",6,NA,3,"White","Middle",2,0,0,0,0,0,0,0,0,1,3,NA,TRUE,0
"14357",5,"M",3,"White","Middle",2,0,0,0,0,0,0,0,0,0,4,"1",FALSE,0
"14358",6,"M",3,"White","Middle",2,0,0,0,0,0,0,0,0,0,3,NA,FALSE,0
"14359",6,"M",3,"White","Middle",2,0,0,0,0,0,0,0,0,0,2,"1",FALSE,1
"14360",7,"F",3,"White","Middle",2,1,0,0,0,0,0,0,0,1,4,"1",TRUE,0
"14361",5,"F",3,"White","Middle",2,0,0,0,0,0,0,0,0,0,4,NA,FALSE,0
"14362",6,"M",3,"White","Middle",2,0,0,0,0,0,0,0,0,0,4,"1",FALSE,0
"14363",6,"F",3,"White","Middle",2,0,0,0,0,0,0,0,0,0,3,NA,FALSE,0
"14364",5,"F",3,"White","Middle",1,0,1,0,0,0,0,0,0,1,2,NA,TRUE,1
"14365",5,"F",3,"White","Middle",2,0,0,0,0,0,0,0,0,0,2,NA,FALSE,1
"14366",6,"M",3,"Hispanic","Middle",2,0,0,0,0,0,0,0,0,0,2,"1",FALSE,1
"14367",6,"F",3,"White","Middle",2,0,0,0,0,0,0,0,0,1,4,NA,TRUE,0
"14368",5,"F",3,"White","Middle",2,0,0,0,0,0,0,0,0,0,4,"1",FALSE,0
"14369",6,"F",3,"White","Middle",2,0,0,0,0,0,0,0,0,0,4,"1",FALSE,0
"14370",5,"F",3,"NHOPI","Middle",2,0,0,0,0,0,0,0,0,0,4,NA,FALSE,0
"14371",5,"F",3,"White","Middle",2,0,0,0,0,0,0,0,0,0,2,NA,FALSE,1
"14372",6,"F",3,"Hispanic","Middle",2,0,0,0,0,0,0,0,0,1,3,"1",TRUE,0
"14373",6,"M",3,"AI/AN","Middle",2,0,0,0,0,0,0,0,0,0,4,NA,FALSE,0
"14374",5,"F",3,"White","Middle",2,0,0,0,0,0,0,0,0,0,2,NA,FALSE,1
"14375",6,"M",3,"White","Middle",2,0,0,0,0,0,0,0,0,0,3,NA,FALSE,0
"14376",6,"F",3,"White","Middle",2,0,0,0,0,0,0,0,0,0,4,NA,FALSE,0
"14377",6,"F",3,"White","Middle",1,0,0,0,0,0,0,0,0,1,2,NA,TRUE,1
"14378",5,"M",3,"Black","Middle",2,0,0,0,0,0,0,0,0,0,4,NA,FALSE,0
"14379",7,"M",3,"White","Middle",1,1,1,1,0,1,1,0,1,1,2,NA,TRUE,1
"14380",6,"M",3,"AI/AN","Middle",1,0,0,0,0,0,NA,0,0,0,1,NA,NA,1
"14381",6,"M",3,"White","Middle",2,0,0,0,0,0,0,0,0,0,4,"1",FALSE,0
"14382",6,"M",3,"White","Middle",2,0,0,0,0,0,0,0,0,0,4,"1",FALSE,0
"14383",5,"M",3,NA,"Middle",2,0,0,0,0,0,0,0,0,0,3,"1",FALSE,0
"14384",6,"M",3,"AI/AN","Middle",1,1,1,NA,0,0,0,1,0,1,1,NA,TRUE,1
"14385",6,"F",3,"Hispanic","Middle",1,0,0,0,0,0,0,0,0,0,3,NA,FALSE,0
"14386",6,"F",3,"White","Middle",2,0,0,0,0,0,0,0,0,0,4,"1",FALSE,0
"14387",8,"M",4,"AI/AN","High",1,0,0,0,0,0,0,0,0,1,3,NA,TRUE,0
"14388",10,"M",7,"White","High",1,1,1,0,1,1,1,0,0,1,1,NA,TRUE,1
"14389",9,"F",7,"White","High",2,0,0,0,0,0,0,0,0,0,4,"1",FALSE,0
"14390",10,"M",7,"White","High",1,1,1,0,0,0,0,0,0,1,1,NA,TRUE,1
"14391",10,"M",7,"White","High",1,1,1,0,0,0,0,0,0,1,1,"1",TRUE,1
"14392",10,"M",7,"AI/AN","High",1,0,0,0,0,0,0,0,0,0,2,NA,FALSE,1
"14393",9,"F",7,"White","High",2,0,0,0,0,0,0,0,0,1,4,NA,TRUE,0
"14394",10,"F",7,"White","High",2,0,0,0,0,0,0,0,0,0,1,NA,FALSE,1
"14395",10,"F",7,"AI/AN","High",1,1,1,0,NA,NA,0,NA,NA,1,2,"1",TRUE,1
"14396",10,"F",7,"AI/AN","High",1,0,0,0,0,0,0,0,0,1,4,NA,TRUE,0
"14397",11,"M",7,"White","High",1,0,0,1,0,0,0,0,0,1,4,NA,TRUE,0
"14398",9,"M",7,"White","High",2,0,0,0,0,0,0,0,0,0,4,"1",FALSE,0
"14399",9,"F",7,"White","High",1,0,0,0,0,0,0,0,0,1,2,NA,TRUE,1
"14400",10,"F",7,"White","High",2,0,0,0,0,0,0,0,0,0,4,"1",FALSE,0
"14401",9,"F",7,"Hispanic","High",1,0,0,0,0,0,0,0,0,1,3,NA,TRUE,0
"14402",10,"M",7,"White","High",2,0,0,0,0,0,0,0,0,0,4,NA,FALSE,0
"14403",10,"F",7,"White","High",2,0,0,0,0,0,0,0,0,1,4,"1",TRUE,0
"14404",10,"M",7,"White","High",1,1,0,0,0,0,0,0,0,1,4,NA,TRUE,0
"14405",9,"F",7,"AI/AN","High",2,0,0,0,0,0,0,0,0,0,4,NA,FALSE,0
"14406",10,"M",7,"White","High",2,0,0,0,0,0,0,0,0,1,2,NA,TRUE,1
"14407",10,"M",7,"White","High",1,0,0,0,0,0,0,0,0,1,2,NA,TRUE,1
"14408",10,"M",7,"Hispanic","High",1,0,0,0,0,0,0,0,0,1,2,NA,TRUE,1
"14409",11,"F",7,"White","High",1,1,1,0,0,0,0,1,0,1,1,NA,TRUE,1
"14410",10,"M",7,"White","High",1,1,1,1,0,0,0,1,0,1,1,"1",TRUE,1
"14411",10,"M",7,"White","High",1,0,0,0,0,0,0,0,0,1,1,"1",TRUE,1
"14412",9,"F",7,"White","High",2,0,0,0,0,0,0,0,0,0,2,NA,FALSE,1
"14413",9,"M",6,"White","High",2,0,0,1,0,0,0,0,0,0,1,NA,TRUE,1
"14414",8,"F",6,"White","High",1,1,0,0,NA,NA,0,NA,NA,1,1,NA,TRUE,1
"14415",8,"F",6,"White","High",2,0,0,0,0,0,0,0,0,0,4,NA,FALSE,0
"14416",9,"M",6,"Hispanic","High",1,0,0,0,0,0,0,0,0,1,4,NA,TRUE,0
"14417",7,"M",4,"White","High",1,0,0,1,0,0,0,0,0,0,4,"1",TRUE,0
"14418",7,"F",4,"White","High",2,0,0,0,0,0,0,0,0,0,4,NA,FALSE,0
"14419",6,"M",4,"White","High",2,0,0,0,0,0,0,0,0,0,3,NA,FALSE,0
"14420",7,"M",4,"White","High",2,0,0,1,0,0,0,0,0,0,4,"1",TRUE,0
"14421",7,"M",4,"White","High",2,0,0,0,0,0,0,0,0,0,4,NA,FALSE,0
"14422",7,"F",4,"Hispanic","High",2,0,0,0,0,0,0,0,0,1,2,"1",TRUE,1
"14423",7,"M",4,"Hispanic","High",2,0,0,0,0,0,0,0,0,0,2,NA,FALSE,1
"14424",7,"F",4,"AI/AN","High",2,0,0,0,0,0,0,0,0,0,3,"1",FALSE,0
"14425",7,"F",4,"AI/AN","High",2,0,0,0,0,0,0,0,0,1,4,NA,TRUE,0
"14426",8,"F",5,"White","High",2,0,0,0,0,0,0,0,0,0,4,NA,FALSE,0
"14427",8,"F",5,"Hispanic","High",2,0,0,0,0,0,0,0,0,0,4,"1",FALSE,0
"14428",7,"M",4,"White","High",2,0,0,0,0,0,0,0,0,0,2,NA,FALSE,1
"14429",7,"F",4,"White","High",2,0,0,0,0,0,0,0,0,0,2,NA,FALSE,1
"14430",7,"F",4,"Black","High",2,0,0,0,0,0,0,0,0,0,3,NA,FALSE,0
"14431",8,"F",4,"White","High",2,NA,0,0,0,0,0,0,0,0,4,"1",NA,0
"14432",6,"F",4,"White","High",1,0,0,0,0,0,0,0,0,1,1,NA,TRUE,1
"14433",10,"M",6,"White","High",1,0,0,1,0,0,0,0,0,1,4,"1",TRUE,0
"14434",8,"M",6,"AI/AN","High",1,1,1,1,0,0,0,0,0,1,1,"1",TRUE,1
"14435",9,"M",6,"White","High",2,0,0,1,0,0,0,0,0,0,4,NA,TRUE,0
"14436",9,"M",6,NA,"High",2,0,0,0,0,0,0,0,0,1,4,"1",TRUE,0
"14437",9,"M",6,"White","High",1,NA,1,1,0,0,1,1,0,1,2,NA,TRUE,1
"14438",9,"M",6,"Black","High",1,1,1,1,NA,NA,1,NA,NA,1,1,NA,TRUE,1
"14439",9,"M",6,"Hispanic","High",1,1,0,1,0,0,0,0,0,1,1,NA,TRUE,1
"14440",10,"F",6,"White","High",1,1,1,0,1,0,0,1,0,1,2,NA,TRUE,1
"14441",9,"M",6,"AI/AN","High",1,NA,1,1,1,0,1,0,0,1,1,NA,TRUE,1
"14442",8,"M",6,"White","High",2,0,0,0,0,0,0,0,0,1,3,NA,TRUE,0
"14443",9,"M",6,"White","High",1,0,1,0,0,0,0,0,0,1,2,NA,TRUE,1
"14444",9,"M",6,"White","High",1,0,0,1,0,0,0,0,0,0,4,NA,TRUE,0
"14445",9,"F",6,"White","High",1,0,1,0,0,0,0,0,0,1,4,NA,TRUE,0
"14446",9,"M",6,"White","High",1,0,0,0,0,0,0,0,0,1,2,NA,TRUE,1
"14447",9,"M",6,"White","High",1,0,0,1,0,0,0,0,0,1,2,"1",TRUE,1
"14448",9,"M",6,"White","High",1,0,1,0,0,0,0,0,0,1,2,NA,TRUE,1
"14449",8,"F",6,"White","High",2,0,0,0,0,0,0,0,0,0,3,"1",FALSE,0
"14450",8,"M",5,"White","High",1,0,0,0,0,0,0,1,0,1,4,NA,TRUE,0
"14451",8,"M",5,"White","High",2,0,0,0,0,0,0,0,0,1,3,"1",TRUE,0
"14452",8,"F",5,"Hispanic","High",2,0,0,0,0,0,0,0,0,0,4,NA,FALSE,0
"14453",8,"M",5,"White","High",2,0,0,0,0,0,0,0,0,0,2,NA,FALSE,1
"14454",8,"F",5,"White","High",2,1,0,0,0,0,0,0,0,0,2,NA,TRUE,1
"14455",8,"M",5,"White","High",2,0,0,0,0,0,0,0,0,0,2,NA,FALSE,1
"14456",8,"M",5,"White","High",1,1,1,0,0,0,0,0,0,1,1,NA,TRUE,1
"14457",7,"M",5,"AI/AN","High",1,1,1,1,0,0,0,1,0,1,1,NA,TRUE,1
"14458",9,"M",5,"White","High",2,0,0,0,0,0,0,0,0,1,4,NA,TRUE,0
"14459",8,"F",5,"White","High",2,0,0,0,0,0,0,0,0,0,4,"1",FALSE,0
"14460",7,"F",5,"White","High",2,0,0,0,0,0,0,0,0,0,4,NA,FALSE,0
"14461",7,"F",5,"White","High",2,0,0,0,0,0,0,0,0,0,2,NA,FALSE,1
"14462",8,"F",5,"White","High",2,0,0,0,0,0,0,0,0,0,2,NA,FALSE,1
"14463",10,"M",7,"White","High",2,0,0,0,0,0,0,0,0,1,4,NA,TRUE,0
"14464",8,"F",6,"AI/AN","High",2,NA,0,0,0,0,0,0,0,1,4,NA,TRUE,0
"14465",10,"M",7,"White","High",2,0,0,0,0,0,0,0,0,1,4,"1",TRUE,0
"14466",8,"F",5,"White","High",2,0,0,0,0,0,0,0,0,0,4,"1",FALSE,0
"14467",7,"F",5,"White","High",2,0,0,0,0,0,0,0,0,0,4,NA,FALSE,0
"14468",7,"F",5,"White","High",1,0,0,0,0,0,0,0,0,0,2,NA,FALSE,1
"14469",9,"M",6,"AI/AN","High",1,0,NA,1,0,0,1,1,0,1,2,NA,TRUE,1
"14470",9,"M",6,"AI/AN","High",2,0,0,0,0,0,NA,0,0,0,3,NA,NA,0
"14471",10,"M",6,"White","High",2,0,0,0,0,0,0,0,0,0,4,NA,FALSE,0
"14472",9,"F",6,"White","High",1,1,0,0,0,0,0,1,0,1,2,NA,TRUE,1
"14473",NA,NA,NA,NA,NA,2,NA,0,0,0,0,0,0,0,0,NA,"1",NA,NA
"14474",8,"M",6,"White","High",2,0,0,0,0,0,0,0,0,0,3,NA,FALSE,0
"14475",9,"M",6,"AI/AN","High",1,1,0,1,0,0,0,0,0,1,1,NA,TRUE,1
"14476",9,"M",6,"Black","High",2,NA,0,0,0,0,0,0,0,0,4,"1",NA,0
"14477",9,"M",6,"White","High",2,0,0,0,0,0,0,0,0,0,3,NA,FALSE,0
"14478",8,"F",6,"White","High",2,0,0,0,0,0,0,0,0,1,4,NA,TRUE,0
"14479",10,"M",6,"White","High",2,0,0,0,0,0,0,0,0,0,4,"1",FALSE,0
"14480",9,"F",6,"White","High",2,0,0,0,0,0,0,0,0,0,2,NA,FALSE,1
"14481",8,"F",6,"Hispanic","High",2,0,0,0,0,0,0,0,0,1,4,NA,TRUE,0
"14482",9,"M",6,NA,"High",1,0,0,0,0,0,0,0,0,1,2,NA,TRUE,1
"14483",9,"M",6,"White","High",1,0,0,0,0,0,0,0,0,1,1,NA,TRUE,1
"14484",7,"F",5,"White","High",2,0,0,0,0,0,0,0,0,0,4,NA,FALSE,0
"14485",8,"F",5,"White","High",2,0,0,0,0,0,0,0,0,1,4,NA,TRUE,0
"14486",8,"F",5,"White","High",1,1,0,0,0,0,0,1,0,1,1,NA,TRUE,1
"14487",7,"F",5,"White","High",2,0,0,0,0,0,0,0,0,0,4,NA,FALSE,0
"14488",8,"F",5,"White","High",2,0,0,0,0,0,0,0,0,0,2,NA,FALSE,1
"14489",8,"M",7,NA,"High",2,NA,NA,NA,NA,NA,NA,NA,NA,NA,4,NA,NA,0
"14490",8,"F",5,"White","High",2,0,0,0,0,0,0,0,0,0,4,"1",FALSE,0
"14491",7,"F",5,"White","High",2,0,0,0,0,0,0,0,0,0,4,"1",FALSE,0
"14492",8,"M",5,"White","High",1,0,0,1,0,0,0,1,0,1,2,NA,TRUE,1
"14493",7,"F",4,"White","High",2,0,0,0,0,0,0,0,0,0,4,NA,FALSE,0
"14494",7,"F",4,"White","High",2,0,0,0,0,0,0,0,0,0,4,"1",FALSE,0
"14495",6,"F",4,"White","High",2,0,0,0,NA,NA,0,NA,NA,0,3,NA,NA,0
"14496",6,"M",4,"Black","High",2,0,0,0,0,0,0,0,0,0,4,NA,FALSE,0
"14497",6,"F",4,"White","High",2,0,0,0,0,0,0,0,0,0,2,NA,FALSE,1
"14498",6,"F",4,"White","High",2,0,0,0,0,0,0,0,0,0,4,NA,FALSE,0
"14499",7,"M",4,"White","High",2,0,0,0,0,0,0,0,0,0,4,"1",FALSE,0
"14500",7,"F",4,"White","High",2,0,0,0,0,0,0,0,0,0,3,"1",FALSE,0
"14501",7,"M",4,"White","High",2,0,0,0,0,0,0,0,0,0,3,"1",FALSE,0
"14502",7,"M",4,"White","High",2,0,0,0,0,0,0,0,0,0,2,"1",FALSE,1
"14503",7,"F",4,"White","High",2,0,0,0,0,0,0,0,0,0,4,"1",FALSE,0
"14504",7,"M",4,"AI/AN","High",2,0,0,0,0,0,0,0,0,0,1,NA,FALSE,1
"14505",6,"M",4,"Hispanic","High",2,0,0,0,0,0,0,0,0,0,4,NA,FALSE,0
"14506",6,"F",4,"White","High",2,0,0,0,0,0,0,0,0,0,4,"1",FALSE,0
"14507",8,"M",5,"White","High",2,0,0,0,0,0,0,0,0,1,4,NA,TRUE,0
"14508",7,"F",4,"White","High",2,0,0,0,0,0,0,0,0,0,4,NA,FALSE,0
"14509",7,"F",4,"Hispanic","High",1,1,1,0,1,0,1,1,0,1,1,NA,TRUE,1
"14510",9,"M",7,"White","High",1,0,0,0,0,0,0,0,0,1,2,NA,TRUE,1
"14511",11,"F",7,"Hispanic","High",2,0,0,0,0,0,0,0,0,0,NA,NA,FALSE,NA
"14512",10,"M",7,"White","High",1,1,1,1,0,0,0,1,0,1,2,NA,TRUE,1
"14513",10,"M",7,"White","High",2,0,0,0,0,0,0,0,0,0,3,NA,FALSE,0
"14514",9,"M",7,"White","High",1,0,1,1,0,0,0,0,0,1,3,NA,TRUE,0
"14515",10,"F",7,"White","High",1,1,0,0,0,0,0,0,0,1,1,NA,TRUE,1
"14516",9,"F",7,"White","High",1,1,0,0,0,0,0,0,0,1,2,NA,TRUE,1
"14517",9,"M",7,"White","High",1,0,0,0,0,0,0,0,0,0,4,"1",FALSE,0
"14518",10,"M",7,"White","High",2,0,0,0,0,0,0,0,0,0,4,"1",FALSE,0
"14519",9,"M",7,"White","High",2,0,0,0,0,0,0,0,0,0,4,NA,FALSE,0
"14520",10,"M",7,NA,"High",2,0,0,NA,0,0,0,0,0,0,4,"1",NA,0
"14521",10,"M",7,"White","High",1,NA,0,0,0,0,0,0,0,1,2,"1",TRUE,1
"14522",9,"M",7,"White","High",1,1,0,1,0,0,0,0,0,0,2,"1",TRUE,1
"14523",9,"F",7,"White","High",1,1,1,0,0,0,0,0,0,1,1,NA,TRUE,1
"14524",10,"F",7,"Hispanic","High",2,0,0,0,0,0,0,0,0,0,1,NA,FALSE,1
"14525",10,"F",7,"White","High",2,0,0,0,0,0,0,0,0,0,4,"1",FALSE,0
"14526",10,"F",7,"White","High",1,0,0,0,0,0,0,0,0,1,2,NA,TRUE,1
"14527",10,"F",7,"White","High",2,0,0,0,0,0,0,0,0,0,4,"1",FALSE,0
"14528",8,"M",5,"Hispanic","High",1,1,1,1,1,0,1,0,0,1,1,NA,TRUE,1
"14529",8,"M",5,"White","High",2,0,0,0,0,0,0,0,0,0,4,"1",FALSE,0
"14530",8,"F",5,"AI/AN","High",2,NA,0,0,0,0,0,0,0,0,2,NA,NA,1
"14531",8,"M",5,"Hispanic","High",2,0,0,0,0,0,0,0,0,0,4,"1",FALSE,0
"14532",9,"M",5,"White","High",2,0,0,0,0,0,0,0,0,1,2,NA,TRUE,1
"14533",8,"M",5,"AI/AN","High",2,0,0,0,0,0,0,0,0,1,1,NA,TRUE,1
"14534",8,"F",5,"White","High",1,0,0,0,0,0,0,0,0,1,2,"1",TRUE,1
"14535",8,"M",5,"White","High",1,1,1,0,0,0,0,0,0,1,1,"1",TRUE,1
"14536",7,"M",5,"Hispanic","High",2,0,0,0,NA,NA,0,NA,NA,0,3,NA,NA,0
"14537",9,"M",5,"White","High",1,1,0,1,0,0,0,0,0,1,1,NA,TRUE,1
"14538",8,"F",5,"White","High",2,0,0,0,0,0,0,0,0,0,3,NA,FALSE,0
"14539",9,"F",5,"White","High",2,0,0,NA,0,0,0,0,0,1,3,"1",TRUE,0
"14540",8,"M",5,"AI/AN","High",2,0,0,1,0,0,0,0,0,1,2,NA,TRUE,1
"14541",8,"F",5,"White","High",1,1,0,0,0,0,0,0,0,1,1,"1",TRUE,1
"14542",7,"M",5,"Black","High",2,0,0,0,0,0,0,0,0,0,2,NA,FALSE,1
"14543",7,"M",4,NA,"High",2,0,0,0,0,0,0,0,0,1,3,NA,TRUE,0
"14544",8,"M",4,"Black","High",2,0,0,1,0,0,0,0,0,1,4,"1",TRUE,0
"14545",7,"M",4,"White","High",2,0,0,0,0,0,0,0,0,0,3,"1",FALSE,0
"14546",7,"M",4,"White","High",1,0,0,0,0,0,0,0,0,0,2,NA,FALSE,1
"14547",7,"F",4,"White","High",2,0,0,0,0,0,0,0,0,0,4,NA,FALSE,0
"14548",7,"F",4,"White","High",2,0,0,0,0,0,0,0,0,1,4,NA,TRUE,0
"14549",7,"M",4,"AI/AN","High",1,0,0,1,0,0,0,0,0,0,2,NA,TRUE,1
"14550",9,"M",4,"AI/AN","High",2,0,0,0,0,0,0,0,0,0,3,"1",FALSE,0
"14551",7,"F",4,"White","High",2,0,0,0,0,0,0,0,0,0,2,"1",FALSE,1
"14552",7,"F",4,"White","High",2,0,0,0,0,0,0,0,0,0,3,"1",FALSE,0
"14553",7,"M",4,"White","High",2,0,0,0,0,0,0,0,0,0,4,NA,FALSE,0
"14554",6,"M",4,NA,"High",2,0,0,NA,0,0,0,0,0,1,4,NA,TRUE,0
"14555",7,"F",4,"White","High",1,0,0,0,0,0,0,0,0,0,4,NA,FALSE,0
"14556",6,"M",4,"Hispanic","High",2,0,0,0,0,0,0,0,0,0,4,NA,FALSE,0
"14557",7,"M",4,"White","High",2,0,0,0,0,0,0,0,0,0,3,NA,FALSE,0
"14558",7,"F",4,"White","High",2,0,0,0,0,0,0,0,0,0,4,NA,FALSE,0
"14559",7,"F",4,"White","High",2,0,0,0,0,0,0,0,0,0,2,NA,FALSE,1
"14560",7,"F",4,NA,"High",2,0,0,0,0,0,0,0,0,0,2,NA,FALSE,1
"14561",6,"F",4,"White","High",2,0,0,0,0,0,0,0,0,0,4,"1",FALSE,0
"14562",7,"F",4,"White","High",1,0,1,0,0,0,1,0,0,1,1,NA,TRUE,1
"14563",8,"M",4,"White","High",2,1,0,0,0,0,0,0,0,1,1,NA,TRUE,1
"14564",7,"F",4,"White","High",2,0,0,0,0,0,0,0,0,0,4,"1",FALSE,0
"14565",8,"F",5,"White","High",1,0,0,0,0,0,0,0,0,1,3,NA,TRUE,0
"14566",8,"F",5,"White","High",1,0,0,0,0,0,0,0,0,1,2,NA,TRUE,1
"14567",8,"F",5,"White","High",2,0,0,0,0,0,0,0,0,0,4,"1",FALSE,0
"14568",9,"F",5,"Black","High",1,1,1,0,0,0,0,1,0,1,1,NA,TRUE,1
"14569",8,"F",5,"White","High",1,0,0,0,0,0,0,0,0,1,1,NA,TRUE,1
"14570",8,"F",5,"White","High",1,0,0,0,0,0,0,0,0,1,1,NA,TRUE,1
"14571",8,"F",5,"White","High",2,0,0,0,0,0,0,0,0,1,2,NA,TRUE,1
"14572",7,"M",4,"White","High",1,0,0,0,0,0,0,0,0,1,3,NA,TRUE,0
"14573",8,"M",6,"White","High",1,0,0,0,0,0,0,0,0,0,1,NA,FALSE,1
"14574",8,"F",5,"White","High",1,0,0,0,0,0,0,0,0,1,1,"1",TRUE,1
"14575",8,"M",5,NA,"High",2,0,0,0,0,0,0,0,0,0,3,NA,FALSE,0
"14576",8,"F",5,"White","High",1,0,0,0,0,0,0,0,0,1,3,"1",TRUE,0
"14577",7,"F",5,"Hispanic","High",2,0,0,0,0,0,0,0,0,1,3,"1",TRUE,0
"14578",9,"M",5,"White","High",1,0,0,0,0,0,0,0,0,0,1,NA,FALSE,1
"14579",10,"M",5,"White","High",1,1,1,1,0,0,0,1,1,1,4,NA,TRUE,0
"14580",8,"M",5,"White","High",2,0,0,NA,0,0,0,0,0,0,3,NA,NA,0
"14581",9,"M",5,"AI/AN","High",2,0,0,0,0,0,0,0,0,0,4,NA,FALSE,0
"14582",8,"M",5,"White","High",2,0,0,0,0,0,0,0,0,0,4,"1",FALSE,0
"14583",8,"M",5,"AI/AN","High",2,0,0,0,0,0,0,0,0,0,4,NA,FALSE,0
"14584",9,"M",5,"Hispanic","High",1,1,0,1,0,0,0,1,1,1,1,NA,TRUE,1
"14585",8,"F",5,"White","High",2,0,0,0,0,0,0,0,0,1,4,NA,TRUE,0
"14586",8,"F",5,"Hispanic","High",2,0,0,0,0,0,0,0,0,0,2,NA,FALSE,1
"14587",8,"F",5,"White","High",2,0,0,0,0,0,0,0,0,0,4,"1",FALSE,0
"14588",10,"M",7,"White","High",2,0,0,0,0,0,0,0,0,1,2,NA,TRUE,1
"14589",10,"M",6,"White","High",2,0,0,0,0,0,0,0,0,0,4,NA,FALSE,0
"14590",9,"M",6,"White","High",1,0,1,1,0,0,0,0,0,1,1,NA,TRUE,1
"14591",9,"F",6,"White","High",1,1,1,0,0,0,0,0,0,1,1,NA,TRUE,1
"14592",9,"M",6,"White","High",1,1,0,0,0,0,0,0,0,1,1,NA,TRUE,1
"14593",8,"F",6,"White","High",2,0,0,0,0,0,0,0,0,0,4,NA,FALSE,0
"14594",9,"F",6,"White","High",2,0,0,0,0,0,0,0,0,1,4,NA,TRUE,0
"14595",10,"M",6,"White","High",2,0,0,0,0,0,0,0,0,0,4,NA,FALSE,0
"14596",9,"M",6,"White","High",1,0,1,1,0,0,0,1,0,1,1,NA,TRUE,1
"14597",10,"M",6,"White","High",1,1,1,1,0,1,1,1,0,1,1,NA,TRUE,1
"14598",9,"F",6,"White","High",2,0,0,0,0,0,0,0,0,0,2,NA,FALSE,1
"14599",8,"F",6,"White","High",1,1,1,0,0,0,0,0,0,0,2,NA,TRUE,1
"14600",10,"F",7,"White","High",1,0,0,0,0,0,0,0,0,0,2,"1",FALSE,1
"14601",10,"M",6,"White","High",2,0,0,0,0,0,0,0,0,1,3,NA,TRUE,0
"14602",8,"F",6,"White","High",2,0,0,0,0,0,0,0,0,0,2,"1",FALSE,1
"14603",10,"M",6,"White","High",1,1,1,1,0,0,0,0,0,1,1,NA,TRUE,1
"14604",9,"M",6,"White","High",1,0,0,1,0,0,0,0,0,0,2,NA,TRUE,1
"14605",9,"F",6,NA,"High",2,0,0,0,0,0,0,0,0,0,4,NA,FALSE,0
"14606",9,"F",6,NA,"High",1,NA,0,0,0,0,0,0,0,0,2,NA,NA,1
"14607",9,"M",6,"White","High",1,NA,0,1,0,0,0,0,0,1,2,NA,TRUE,1
"14608",9,"M",6,"Hispanic","High",2,0,0,0,0,0,0,0,0,0,4,"1",FALSE,0
"14609",9,"F",6,"White","High",1,1,1,0,0,0,0,0,0,0,1,NA,TRUE,1
"14610",9,"M",6,"AI/AN","High",2,0,0,0,0,0,0,0,0,0,4,NA,FALSE,0
"14611",9,"F",6,"White","High",2,0,0,0,0,0,0,0,0,0,4,"1",FALSE,0
"14612",8,"F",6,"White","High",2,0,0,0,0,0,0,0,0,0,4,NA,FALSE,0
"14613",9,"M",6,"Black","High",2,0,0,0,0,0,0,0,0,0,4,"1",FALSE,0
"14614",10,"M",7,"White","High",1,1,1,0,0,0,0,0,0,1,1,"1",TRUE,1
"14615",11,"F",7,"White","High",2,1,0,0,0,0,0,0,0,0,1,NA,TRUE,1
"14616",11,"M",7,"White","High",2,0,0,0,0,0,0,0,0,0,3,NA,FALSE,0
"14617",10,"F",7,"Hispanic","High",1,0,0,0,0,0,0,0,0,0,3,NA,FALSE,0
"14618",10,"F",7,"White","High",2,0,0,0,0,0,0,0,0,0,4,"1",FALSE,0
"14619",11,"M",7,"Hispanic","High",2,0,0,0,0,0,0,0,0,0,4,NA,FALSE,0
"14620",9,"F",7,"White","High",2,0,0,0,0,0,0,0,0,0,4,NA,FALSE,0
"14621",10,"F",7,"White","High",2,0,0,0,0,0,0,0,0,0,4,"1",FALSE,0
"14622",10,"F",7,"White","High",1,1,0,0,0,0,0,1,0,1,1,NA,TRUE,1
"14623",5,"M",1,"AI/AN","Middle",2,0,0,0,0,0,0,0,0,0,2,NA,FALSE,1
"14624",4,"M",1,"AI/AN","Middle",2,0,0,NA,0,0,0,0,0,0,2,NA,NA,1
"14625",4,"M",1,NA,"Middle",2,0,0,0,NA,NA,0,NA,NA,0,4,"1",NA,0
"14626",4,"F",1,"White","Middle",2,0,0,0,0,0,0,0,0,0,4,NA,FALSE,0
"14627",3,"F",1,"White","Middle",2,0,0,0,0,0,0,0,0,0,3,NA,FALSE,0
"14628",3,"F",1,"White","Middle",2,0,0,0,0,0,0,0,0,0,3,NA,FALSE,0
"14629",4,"F",1,"White","Middle",2,0,0,0,0,0,0,0,0,0,4,NA,FALSE,0
"14630",3,"F",1,"AI/AN","Middle",2,0,0,0,0,0,0,0,0,0,3,"1",FALSE,0
"14631",4,"F",1,"White","Middle",NA,0,NA,NA,0,0,0,0,0,NA,4,"1",NA,0
"14632",4,"F",1,"White","Middle",2,0,0,0,0,0,0,0,0,0,3,"1",FALSE,0
"14633",4,"F",1,"Hispanic","Middle",2,0,0,0,NA,NA,NA,NA,NA,0,1,NA,NA,1
"14634",4,"M",1,"AI/AN","Middle",2,0,0,0,0,0,0,0,0,0,4,NA,FALSE,0
"14635",5,"M",1,"White","Middle",1,1,NA,0,NA,NA,0,NA,NA,1,2,NA,TRUE,1
"14636",4,"F",1,"White","Middle",2,0,0,0,0,0,0,0,0,0,4,NA,FALSE,0
"14637",3,"M",1,NA,"Middle",2,0,0,0,0,0,0,0,0,0,3,NA,FALSE,0
"14638",4,"M",1,"White","Middle",2,0,0,0,0,0,0,0,0,0,4,NA,FALSE,0
"14639",5,"M",1,"White","Middle",2,0,0,0,0,0,0,0,0,0,4,NA,FALSE,0
"14640",4,"F",1,NA,"Middle",1,1,1,0,1,0,0,1,0,0,2,NA,TRUE,1
"14641",3,"M",1,"Hispanic","Middle",2,0,0,0,0,0,0,0,0,0,4,NA,FALSE,0
"14642",6,"M",2,"White","Middle",2,0,0,0,0,0,0,0,0,0,4,NA,FALSE,0
"14643",3,"F",1,"Black","Middle",2,0,0,0,0,0,0,0,0,0,4,"1",FALSE,0
"14644",5,"M",1,"AI/AN","Middle",2,0,0,0,0,0,0,0,0,0,4,"1",FALSE,0
"14645",4,"M",1,"Hispanic","Middle",2,0,0,0,0,0,0,0,0,0,4,"1",FALSE,0
"14646",3,"M",1,"White","Middle",2,0,0,0,0,0,0,0,0,0,4,"1",FALSE,0
"14647",5,"M",1,NA,"Middle",2,0,0,0,0,0,0,0,0,0,4,"1",FALSE,0
"14648",4,"M",1,"White","Middle",2,0,0,0,0,0,0,0,0,0,4,"1",FALSE,0
"14649",4,"M",1,"White","Middle",2,0,0,0,0,0,0,0,0,0,4,NA,FALSE,0
"14650",4,"M",1,"White","Middle",2,0,0,0,0,0,0,0,0,0,4,"1",FALSE,0
"14651",4,"F",1,"White","Middle",2,0,0,0,0,0,0,0,0,0,3,"1",FALSE,0
"14652",5,"M",1,"Hispanic","Middle",1,1,0,1,0,0,0,1,0,1,2,NA,TRUE,1
"14653",5,"F",1,NA,"Middle",NA,0,NA,NA,0,0,0,0,0,NA,3,NA,NA,0
"14654",4,"F",1,"AI/AN","Middle",2,0,0,0,0,0,0,0,0,0,4,"1",FALSE,0
"14655",3,"F",1,"AI/AN","Middle",2,0,0,0,0,0,0,0,0,0,4,"1",FALSE,0
"14656",3,"F",1,"White","Middle",2,0,0,0,0,0,0,0,0,0,4,"1",FALSE,0
"14657",3,"F",1,"White","Middle",2,0,0,0,0,0,0,0,0,0,4,"1",FALSE,0
"14658",4,"F",1,"White","Middle",2,0,0,0,0,0,0,0,0,0,4,"1",FALSE,0
"14659",4,"F",1,"White","Middle",2,0,0,0,0,0,0,0,0,0,4,"1",FALSE,0
"14660",4,"M",1,"White","Middle",2,0,0,0,0,0,0,0,0,0,4,"1",FALSE,0
"14661",3,"M",1,"White","Middle",2,0,0,0,NA,NA,NA,NA,NA,0,4,NA,NA,0
"14662",5,"F",2,"White","Middle",2,0,0,0,0,0,0,0,0,0,4,NA,FALSE,0
"14663",5,"F",2,"White","Middle",2,0,0,0,0,0,0,0,0,0,2,"1",FALSE,1
"14664",5,"F",2,"White","Middle",2,0,0,0,0,0,1,0,1,1,1,"1",TRUE,1
"14665",4,"F",1,"White","Middle",2,0,0,0,0,0,0,0,0,0,3,"1",FALSE,0
"14666",4,"M",2,"Hispanic","Middle",2,0,0,0,0,0,0,0,0,0,4,"1",FALSE,0
"14667",5,"M",2,"AI/AN","Middle",2,0,0,0,0,0,0,0,0,0,4,NA,FALSE,0
"14668",4,"M",2,"White","Middle",1,0,0,1,0,0,0,0,0,1,4,NA,TRUE,0
"14669",5,"M",2,"White","Middle",2,0,0,0,0,0,0,0,0,0,4,NA,FALSE,0
"14670",5,"M",2,"Hispanic","Middle",2,0,0,0,0,0,0,0,0,0,4,"1",FALSE,0
"14671",5,"M",2,"White","Middle",2,0,0,0,0,0,0,0,0,0,2,"1",FALSE,1
"14672",4,"F",2,"Hispanic","Middle",2,0,0,0,0,0,0,0,0,0,4,"1",FALSE,0
"14673",NA,"F",2,"White","Middle",2,0,0,0,0,0,0,0,0,0,4,"1",FALSE,0
"14674",4,"F",2,"White","Middle",2,0,0,0,0,0,0,0,0,0,4,"1",FALSE,0
"14675",5,"F",2,"Hispanic","Middle",1,1,0,0,0,0,0,0,0,1,2,NA,TRUE,1
"14676",4,"F",2,"Asian","Middle",2,0,0,0,0,0,0,0,0,0,4,"1",FALSE,0
"14677",5,"M",2,"White","Middle",2,NA,0,0,0,0,0,0,0,0,4,NA,NA,0
"14678",6,"M",2,"White","Middle",2,0,0,0,NA,NA,0,NA,NA,0,2,NA,NA,1
"14679",5,"F",2,"White","Middle",1,0,0,0,1,0,1,0,0,0,1,NA,TRUE,1
"14680",4,"F",2,NA,"Middle",2,0,0,0,0,0,0,0,0,0,3,"1",FALSE,0
"14681",4,"F",2,"White","Middle",2,0,0,0,0,0,0,0,0,0,4,NA,FALSE,0
"14682",4,"F",2,NA,"Middle",2,0,0,0,0,0,0,0,0,0,4,NA,FALSE,0
"14683",5,"F",2,"AI/AN","Middle",2,0,0,0,0,0,0,0,0,1,2,"1",TRUE,1
"14684",5,"F",2,"Hispanic","Middle",2,0,0,0,0,0,0,0,0,0,3,NA,FALSE,0
"14685",5,"F",2,"White","Middle",2,0,0,0,0,0,0,0,0,0,4,"1",FALSE,0
"14686",5,"F",2,"Hispanic","Middle",2,0,0,0,0,0,0,0,0,1,3,NA,TRUE,0
"14687",4,"F",2,"White","Middle",2,0,0,0,0,0,0,0,0,0,3,NA,FALSE,0
"14688",6,"M",2,"Hispanic","Middle",2,0,0,0,0,0,0,0,0,0,4,NA,FALSE,0
"14689",4,"M",2,"White","Middle",2,0,0,0,0,0,0,0,0,0,4,"1",FALSE,0
"14690",5,"M",2,"Black","Middle",2,0,0,0,0,0,0,0,0,0,4,"1",FALSE,0
"14691",5,"F",2,"White","Middle",2,0,0,0,0,0,0,0,0,0,4,"1",FALSE,0
"14692",5,"M",2,NA,"Middle",2,NA,0,0,NA,NA,0,NA,NA,1,NA,NA,TRUE,NA
"14693",5,"F",2,"White","Middle",2,0,0,0,0,0,0,0,0,0,3,NA,FALSE,0
"14694",4,"M",1,"Hispanic","Middle",2,0,0,0,0,0,0,0,0,0,4,NA,FALSE,0
"14695",4,"F",1,NA,"Middle",2,0,0,0,0,0,0,0,0,0,4,NA,FALSE,0
"14696",3,"F",1,"White","Middle",2,0,0,0,0,0,0,0,0,0,4,"1",FALSE,0
"14697",4,"F",1,"White","Middle",2,0,0,0,0,0,0,0,0,0,4,NA,FALSE,0
"14698",3,"F",1,"AI/AN","Middle",2,0,0,0,0,0,0,0,0,0,4,NA,FALSE,0
"14699",6,"M",1,"White","Middle",2,0,0,0,0,0,0,0,0,0,1,NA,FALSE,1
"14700",4,"M",1,"White","Middle",2,0,0,0,0,0,0,0,0,0,4,"1",FALSE,0
"14701",4,"M",1,"AI/AN","Middle",2,0,0,0,0,0,0,0,0,0,2,NA,FALSE,1
"14702",3,"M",1,"White","Middle",2,0,0,0,0,0,0,0,0,0,2,"1",FALSE,1
"14703",5,"M",1,"White","Middle",2,0,0,0,0,0,0,0,0,0,4,"1",FALSE,0
"14704",3,"F",1,"AI/AN","Middle",2,0,0,0,0,0,0,0,0,0,4,"1",FALSE,0
"14705",4,"F",1,"White","Middle",2,0,0,0,0,0,0,0,0,0,4,"1",FALSE,0
"14706",4,"F",1,NA,"Middle",2,0,0,0,0,0,0,0,0,0,4,NA,FALSE,0
"14707",4,"F",1,"White","Middle",1,0,0,0,0,0,0,0,0,1,2,NA,TRUE,1
"14708",4,"F",1,"White","Middle",2,0,0,0,0,0,0,0,0,0,4,"1",FALSE,0
"14709",3,"F",1,"White","Middle",2,0,0,0,0,0,0,0,0,0,1,NA,FALSE,1
"14710",4,"M",2,"White","Middle",2,0,0,0,0,0,0,0,0,0,3,"1",FALSE,0
"14711",6,"M",2,"White","Middle",2,0,0,0,0,0,0,0,0,0,4,"1",FALSE,0
"14712",5,"M",2,"White","Middle",2,0,0,0,0,0,0,0,0,0,3,NA,FALSE,0
"14713",5,"M",2,"White","Middle",2,0,0,0,0,0,0,0,0,0,3,"1",FALSE,0
"14714",5,"M",2,"White","Middle",2,0,0,0,0,0,0,0,0,0,4,"1",FALSE,0
"14715",5,"M",2,"White","Middle",2,0,0,0,0,0,0,0,0,0,4,NA,FALSE,0
"14716",6,"M",2,"White","Middle",2,0,0,0,0,0,0,0,0,0,3,"1",FALSE,0
"14717",4,"M",2,"White","Middle",2,0,0,NA,0,0,0,0,0,0,4,"1",NA,0
"14718",6,"F",2,"AI/AN","Middle",2,0,0,0,0,0,0,0,0,0,2,"1",FALSE,1
"14719",6,"F",2,"White","Middle",2,0,0,0,0,0,0,0,0,0,4,"1",FALSE,0
"14720",5,"M",2,"White","Middle",2,0,0,0,0,0,0,0,0,0,4,NA,FALSE,0
"14721",6,"F",2,"White","Middle",2,0,0,0,0,0,0,0,0,0,4,"1",FALSE,0
"14722",6,"M",3,"Hispanic","Middle",1,NA,0,0,0,0,0,0,0,0,1,"1",NA,1
"14723",7,"F",3,"Hispanic","Middle",2,0,0,0,0,0,0,0,0,0,4,NA,FALSE,0
"14724",6,"F",3,"White","Middle",2,0,0,0,0,0,0,0,0,0,4,NA,FALSE,0
"14725",7,"M",3,"White","Middle",2,0,0,0,0,0,0,0,0,0,4,"1",FALSE,0
"14726",6,"M",3,"White","Middle",2,0,0,0,0,0,0,0,0,0,4,NA,FALSE,0
"14727",5,"M",3,"White","Middle",2,0,0,0,0,0,0,0,0,0,4,"1",FALSE,0
"14728",6,"F",3,"White","Middle",2,0,0,0,0,0,0,0,0,0,1,"1",FALSE,1
"14729",5,"M",3,"Black","Middle",2,0,0,0,0,0,0,0,0,0,3,"1",FALSE,0
"14730",6,"F",3,"White","Middle",2,1,0,0,0,0,0,1,0,0,2,NA,TRUE,1
"14731",5,"M",3,"White","Middle",2,0,0,0,0,0,0,0,0,0,4,NA,FALSE,0
"14732",6,"F",3,"White","Middle",2,0,0,0,0,0,0,0,0,0,1,"1",FALSE,1
"14733",6,"M",3,"White","Middle",2,0,0,0,0,0,0,0,0,0,4,"1",FALSE,0
"14734",5,"M",3,"AI/AN","Middle",2,0,0,0,0,0,0,0,0,0,1,"1",FALSE,1
"14735",6,"F",3,"White","Middle",2,0,0,0,0,0,0,0,0,0,4,NA,FALSE,0
"14736",6,"F",3,"White","Middle",2,0,0,0,0,0,0,0,0,0,4,"1",FALSE,0
"14737",5,"M",3,"Hispanic","Middle",2,1,0,0,0,0,0,0,0,1,1,NA,TRUE,1
"14738",5,"F",3,"White","Middle",2,0,0,0,0,0,0,0,0,0,4,"1",FALSE,0
"14739",5,"M",3,"Hispanic","Middle",2,0,0,0,0,0,0,0,0,0,3,"1",FALSE,0
"14740",5,"F",2,"White","Middle",2,0,0,0,0,0,0,0,0,0,4,NA,FALSE,0
"14741",6,"F",2,"White","Middle",2,0,0,0,0,0,0,0,0,0,4,"1",FALSE,0
"14742",6,"F",2,"White","Middle",2,0,0,0,0,0,0,0,0,0,4,NA,FALSE,0
"14743",5,"F",2,"Black","Middle",2,0,0,0,0,0,0,0,0,0,2,"1",FALSE,1
"14744",5,"M",2,"White","Middle",2,0,0,0,0,0,0,0,0,0,4,"1",FALSE,0
"14745",5,"M",2,"Hispanic","Middle",2,0,0,0,0,0,0,0,0,0,3,"1",FALSE,0
"14746",5,"F",2,"White","Middle",2,0,0,0,0,0,0,0,0,0,4,NA,FALSE,0
"14747",4,"M",2,"White","Middle",2,0,0,0,0,0,0,0,0,0,3,"1",FALSE,0
"14748",5,"M",2,"White","Middle",2,0,0,0,0,0,0,0,0,1,4,NA,TRUE,0
"14749",6,"F",2,"White","Middle",2,0,0,0,0,0,0,0,0,0,4,"1",FALSE,0
"14750",NA,NA,NA,NA,NA,2,0,NA,NA,NA,NA,NA,NA,NA,0,NA,NA,NA,NA
"14751",5,"M",3,"White","Middle",2,0,0,0,0,0,0,0,0,0,4,"1",FALSE,0
"14752",5,"M",3,"White","Middle",2,0,0,0,0,0,0,0,0,0,4,NA,FALSE,0
"14753",6,"M",3,"White","Middle",2,0,0,0,0,0,0,0,0,0,4,NA,FALSE,0
"14754",5,"M",2,"White","Middle",2,0,0,0,0,0,0,0,0,0,4,"1",FALSE,0
"14755",5,"M",2,"White","Middle",2,0,0,0,0,0,0,0,0,0,4,"1",FALSE,0
"14756",5,"M",2,"White","Middle",2,0,0,0,0,0,0,0,0,0,1,"1",FALSE,1
"14757",5,"F",2,"White","Middle",2,0,0,0,0,0,0,0,0,0,2,NA,FALSE,1
"14758",4,"F",2,"White","Middle",2,0,0,0,0,0,0,0,0,0,4,"1",FALSE,0
"14759",4,"F",2,"White","Middle",2,0,0,0,0,0,0,0,0,0,4,"1",FALSE,0
"14760",4,"M",2,"Hispanic","Middle",2,0,0,0,NA,NA,NA,NA,NA,0,3,"1",NA,0
"14761",5,"F",2,"White","Middle",2,0,0,0,0,0,0,0,0,0,4,"1",FALSE,0
"14762",5,"M",2,"Asian","Middle",2,0,0,0,0,0,0,0,0,0,3,"1",FALSE,0
"14763",4,"M",2,"Asian","Middle",2,0,0,0,0,0,0,0,0,0,4,"1",FALSE,0
"14764",4,"M",2,"White","Middle",2,0,0,0,0,0,0,0,0,0,4,"1",FALSE,0
"14765",5,"M",2,"White","Middle",2,0,0,0,0,0,0,0,0,0,4,"1",FALSE,0
"14766",4,"F",2,"White","Middle",2,0,0,0,0,0,0,0,0,0,3,"1",FALSE,0
"14767",5,"M",2,"White","Middle",2,0,0,0,0,0,0,0,0,0,2,"1",FALSE,1
"14768",5,"M",2,"White","Middle",2,0,0,0,0,0,0,0,0,0,1,NA,FALSE,1
"14769",5,"M",2,"White","Middle",2,0,0,0,0,0,0,0,0,0,4,"1",FALSE,0
"14770",5,"M",2,"White","Middle",2,0,0,0,0,0,0,0,0,0,2,"1",FALSE,1
"14771",5,"F",2,"White","Middle",2,0,0,0,0,0,0,0,0,0,4,"1",FALSE,0
"14772",4,"M",2,"Asian","Middle",2,0,0,0,0,0,0,0,0,0,3,NA,FALSE,0
"14773",5,"M",2,"White","Middle",2,0,0,0,0,0,0,0,0,0,4,NA,FALSE,0
"14774",5,"M",2,"White","Middle",2,0,0,0,0,0,0,0,0,0,4,NA,FALSE,0
"14775",4,"M",2,"White","Middle",2,0,0,0,0,0,0,0,0,0,4,"1",FALSE,0
"14776",5,"F",2,"White","Middle",2,0,0,0,0,0,0,0,0,0,4,NA,FALSE,0
"14777",4,"F",2,"White","Middle",2,0,0,0,0,0,0,0,0,0,4,"1",FALSE,0
"14778",5,"M",2,"Asian","Middle",2,0,0,0,0,0,0,0,0,0,3,"1",FALSE,0
"14779",5,"M",2,"White","Middle",2,0,0,0,0,0,0,0,0,0,4,"1",FALSE,0
"14780",5,"M",2,"White","Middle",2,0,0,0,0,0,0,0,0,0,3,"1",FALSE,0
"14781",5,"M",2,"White","Middle",2,0,0,0,0,0,0,0,0,0,4,"1",FALSE,0
"14782",5,"M",2,"Hispanic","Middle",2,0,0,0,0,0,0,0,0,0,4,NA,FALSE,0
"14783",5,"M",2,"White","Middle",2,0,0,0,0,0,0,0,0,0,4,NA,FALSE,0
"14784",5,"F",2,"White","Middle",2,0,0,0,0,0,0,0,0,0,4,NA,FALSE,0
"14785",5,"M",3,"White","Middle",2,0,0,0,0,0,0,0,0,0,2,"1",FALSE,1
"14786",6,"M",3,"Asian","Middle",2,0,0,0,0,0,0,0,0,0,2,"1",FALSE,1
"14787",6,"M",3,"White","Middle",2,0,0,0,0,0,0,0,0,0,3,"1",FALSE,0
"14788",6,"M",3,"White","Middle",2,0,0,0,0,0,0,0,0,0,4,"1",FALSE,0
"14789",5,"F",3,"White","Middle",2,0,0,0,0,0,NA,0,0,0,4,"1",NA,0
"14790",5,"F",3,"Asian","Middle",2,0,0,0,0,0,0,0,0,0,4,"1",FALSE,0
"14791",6,"F",3,"Asian","Middle",2,0,0,0,0,0,0,0,0,0,4,"1",FALSE,0
"14792",6,"F",3,"White","Middle",2,0,0,0,0,0,0,0,0,0,4,"1",FALSE,0
"14793",6,"M",3,"White","Middle",2,0,0,NA,0,0,NA,0,0,0,4,"1",NA,0
"14794",5,"F",3,"White","Middle",2,0,0,0,0,0,0,0,0,0,4,"1",FALSE,0
"14795",6,"M",3,"White","Middle",2,0,0,0,0,0,0,0,0,0,3,"1",FALSE,0
"14796",6,"M",3,"White","Middle",2,0,0,0,0,0,0,0,0,0,3,"1",FALSE,0
"14797",6,"M",3,"White","Middle",2,0,0,0,0,0,0,0,0,0,4,"1",FALSE,0
"14798",5,"M",3,"White","Middle",2,0,0,0,0,0,0,0,0,0,4,"1",FALSE,0
"14799",6,"M",3,"White","Middle",2,0,0,0,0,0,0,0,0,0,4,"1",FALSE,0
"14800",6,"M",3,"White","Middle",2,0,0,0,0,0,0,0,0,0,1,"1",FALSE,1
"14801",6,"F",3,"White","Middle",2,0,0,0,NA,NA,NA,NA,NA,0,4,NA,NA,0
"14802",5,"F",3,"White","Middle",2,0,0,0,0,0,0,0,0,0,1,NA,FALSE,1
"14803",6,"M",3,"White","Middle",2,0,0,0,0,0,0,0,0,0,3,"1",FALSE,0
"14804",6,"M",3,"White","Middle",2,0,0,0,0,0,0,0,0,0,3,"1",FALSE,0
"14805",6,"M",3,"White","Middle",2,0,0,0,0,0,0,0,0,0,3,NA,FALSE,0
"14806",6,"M",3,"White","Middle",2,0,0,0,0,0,0,0,0,0,3,"1",FALSE,0
"14807",6,"M",3,"White","Middle",2,0,0,0,0,0,0,0,0,0,4,NA,FALSE,0
"14808",6,"M",3,NA,"Middle",2,0,0,0,0,0,0,0,0,0,4,"1",FALSE,0
"14809",6,"F",3,"White","Middle",2,0,0,0,0,0,0,0,0,0,4,"1",FALSE,0
"14810",6,"M",3,"White","Middle",2,0,0,0,0,0,0,0,0,0,1,NA,FALSE,1
"14811",6,"M",3,"Hispanic","Middle",2,0,0,NA,0,0,0,0,0,0,3,NA,NA,0
"14812",6,"M",3,"Asian","Middle",2,0,0,0,0,0,0,0,0,0,4,"1",FALSE,0
"14813",5,"M",3,"Black","Middle",2,0,0,0,0,0,0,0,0,0,4,"1",FALSE,0
"14814",6,"M",3,"Black","Middle",2,0,0,0,0,0,0,0,0,0,4,"1",FALSE,0
"14815",6,"F",3,"White","Middle",2,0,0,0,0,0,0,0,0,0,4,NA,FALSE,0
"14816",6,"M",3,"White","Middle",2,0,0,0,0,0,0,0,0,0,4,"1",FALSE,0
"14817",5,"F",3,"White","Middle",2,0,0,0,0,0,0,0,0,0,4,"1",FALSE,0
"14818",6,"F",3,"White","Middle",2,0,0,0,0,0,0,0,0,0,4,"1",FALSE,0
"14819",6,"M",3,"White","Middle",2,0,0,0,0,0,0,0,0,0,4,"1",FALSE,0
"14820",6,"M",3,"White","Middle",2,0,0,0,0,0,0,0,0,0,2,"1",FALSE,1
"14821",6,"M",3,"Hispanic","Middle",2,0,0,0,0,0,0,0,0,0,4,"1",FALSE,0
"14822",5,"M",3,"Asian","Middle",2,0,0,0,0,0,0,0,0,0,4,"1",FALSE,0
"14823",6,"M",3,"Asian","Middle",2,0,0,0,0,0,0,0,0,0,4,"1",FALSE,0
"14824",6,"M",3,"White","Middle",2,0,0,0,0,0,0,0,0,0,4,"1",FALSE,0
"14825",5,"M",3,NA,"Middle",2,0,0,0,0,0,0,0,0,0,4,NA,FALSE,0
"14826",6,"M",3,"White","Middle",2,0,0,0,0,0,0,0,0,0,3,"1",FALSE,0
"14827",5,"M",3,"White","Middle",2,0,0,0,0,0,0,0,0,0,4,"1",FALSE,0
"14828",6,"M",3,"White","Middle",2,0,0,0,0,0,0,0,0,0,4,"1",FALSE,0
"14829",6,"M",3,"White","Middle",2,0,0,0,0,0,0,0,0,0,4,"1",FALSE,0
"14830",6,"M",3,"Asian","Middle",2,0,0,0,0,0,0,0,0,0,4,"1",FALSE,0
"14831",6,"F",3,"Asian","Middle",2,0,0,0,0,0,0,0,0,0,4,"1",FALSE,0
"14832",6,"M",3,"Asian","Middle",2,0,0,0,0,0,0,0,0,0,4,"1",FALSE,0
"14833",5,"F",3,"White","Middle",2,0,0,0,0,0,0,0,0,0,4,"1",FALSE,0
"14834",4,"F",2,"White","Middle",2,0,0,0,0,0,0,0,0,0,4,NA,FALSE,0
"14835",5,"F",2,"White","Middle",2,0,0,0,0,0,0,0,0,0,4,"1",FALSE,0
"14836",4,"M",2,"White","Middle",2,0,0,0,0,0,0,0,0,0,4,NA,FALSE,0
"14837",5,"M",2,"White","Middle",2,0,0,0,0,0,0,0,0,0,4,"1",FALSE,0
"14838",5,"M",2,"White","Middle",2,0,0,0,0,0,0,0,0,0,4,"1",FALSE,0
"14839",5,"M",2,"White","Middle",2,0,0,0,0,0,0,0,0,0,4,"1",FALSE,0
"14840",5,"M",2,"White","Middle",2,0,0,0,0,0,0,0,0,0,4,"1",FALSE,0
"14841",5,"M",2,"White","Middle",2,0,0,0,0,0,0,0,0,0,4,"1",FALSE,0
"14842",5,"M",2,"White","Middle",2,0,0,0,0,0,0,0,0,0,3,"1",FALSE,0
"14843",4,"M",2,"White","Middle",2,0,0,0,0,0,0,0,0,0,4,NA,FALSE,0
"14844",5,"M",2,"White","Middle",2,0,0,0,0,0,0,0,0,0,2,"1",FALSE,1
"14845",4,"M",2,"White","Middle",2,0,0,0,0,0,0,0,0,0,4,"1",FALSE,0
"14846",4,"F",2,"White","Middle",2,0,0,0,0,0,0,0,0,0,3,"1",FALSE,0
"14847",5,"F",2,"White","Middle",2,0,0,0,0,0,0,0,0,0,4,"1",FALSE,0
"14848",5,"F",2,"White","Middle",2,0,0,0,0,0,0,0,0,0,4,"1",FALSE,0
"14849",4,"F",2,"White","Middle",2,0,0,0,0,0,0,0,0,0,4,NA,FALSE,0
"14850",5,"F",2,"White","Middle",2,0,0,0,0,0,0,0,0,0,4,"1",FALSE,0
"14851",5,"M",2,"White","Middle",2,0,0,0,0,0,0,0,0,0,4,"1",FALSE,0
"14852",5,"F",2,"White","Middle",2,0,0,0,0,0,0,0,0,0,4,"1",FALSE,0
"14853",5,"F",2,"White","Middle",2,0,0,0,0,0,0,0,0,0,4,NA,FALSE,0
"14854",5,"F",2,"White","Middle",2,0,0,0,0,0,0,0,0,0,4,"1",FALSE,0
"14855",5,"F",2,"White","Middle",2,0,0,0,0,0,0,0,0,0,4,"1",FALSE,0
"14856",5,"M",2,NA,"Middle",2,0,0,0,0,0,0,0,0,0,4,"1",FALSE,0
"14857",5,"F",2,"White","Middle",2,0,0,0,0,0,0,0,0,0,4,"1",FALSE,0
"14858",5,"F",2,"White","Middle",2,0,0,0,0,0,0,0,0,0,4,"1",FALSE,0
"14859",4,"F",2,"White","Middle",2,0,0,0,0,0,0,0,0,0,4,"1",FALSE,0
"14860",6,"F",3,"White","Middle",2,0,0,0,0,0,0,0,0,0,4,"1",FALSE,0
"14861",6,"F",3,"Asian","Middle",2,0,0,0,0,0,0,0,0,0,2,NA,FALSE,1
"14862",7,"M",4,"White","High",2,0,0,0,0,0,0,0,0,0,4,"1",FALSE,0
"14863",6,"F",4,"White","High",2,1,0,0,0,0,0,0,0,1,NA,NA,TRUE,NA
"14864",6,"M",4,"Asian","High",2,0,0,0,0,0,0,0,0,0,3,"1",FALSE,0
"14865",7,"F",4,"White","High",2,0,0,0,0,0,0,0,0,1,2,"1",TRUE,1
"14866",6,"M",4,"White","High",NA,0,NA,NA,0,0,0,0,0,NA,4,"1",NA,0
"14867",7,"F",4,"Asian","High",2,0,0,0,0,0,0,0,0,0,3,"1",FALSE,0
"14868",7,"M",4,"White","High",1,0,0,0,0,0,0,0,0,1,3,"1",TRUE,0
"14869",8,"M",5,"White","High",2,0,0,0,0,0,0,0,0,0,2,"1",FALSE,1
"14870",6,"F",4,"White","High",2,0,0,0,0,0,0,0,0,1,1,"1",TRUE,1
"14871",6,"M",4,"White","High",2,0,0,0,0,0,0,0,0,0,4,"1",FALSE,0
"14872",7,"M",4,"White","High",2,0,0,0,0,0,0,0,0,1,2,"1",TRUE,1
"14873",10,"F",7,"White","High",1,0,0,0,0,0,0,0,0,0,2,"1",FALSE,1
"14874",10,"F",7,"White","High",2,0,0,0,0,0,0,0,0,0,4,"1",FALSE,0
"14875",10,"F",7,"White","High",2,0,0,0,0,0,0,0,0,0,3,"1",FALSE,0
"14876",10,"F",7,"Hispanic","High",2,0,0,0,0,0,0,0,0,0,4,"1",FALSE,0
"14877",9,"F",7,"White","High",2,0,0,0,0,0,0,0,0,0,4,NA,FALSE,0
"14878",10,"F",7,"White","High",1,0,0,0,0,0,0,0,0,1,4,NA,TRUE,0
"14879",10,"M",7,"White","High",1,1,1,0,0,0,0,0,0,1,1,NA,TRUE,1
"14880",10,"F",7,"White","High",2,1,0,0,0,0,0,0,1,1,1,"1",TRUE,1
"14881",9,"M",7,"White","High",1,0,0,0,0,0,0,0,0,0,4,"1",FALSE,0
"14882",10,"M",7,"White","High",2,0,0,0,0,0,0,0,0,0,2,"1",FALSE,1
"14883",10,"M",7,"White","High",2,0,0,0,0,0,0,0,0,0,4,"1",FALSE,0
"14884",10,"F",7,"White","High",2,0,0,0,0,0,0,0,0,0,4,"1",FALSE,0
"14885",10,"F",7,"White","High",2,0,0,0,0,0,0,0,0,0,4,"1",FALSE,0
"14886",10,"M",7,"White","High",1,0,1,0,0,0,0,0,0,1,3,"1",TRUE,0
"14887",10,"F",7,"White","High",1,0,0,0,0,0,0,0,0,1,4,NA,TRUE,0
"14888",9,"F",7,"White","High",1,0,0,0,0,0,0,0,0,0,4,"1",FALSE,0
"14889",9,"M",7,"AI/AN","High",2,0,0,0,0,0,0,0,0,0,4,NA,FALSE,0
"14890",9,"F",7,"White","High",2,0,0,0,0,0,0,0,0,0,2,"1",FALSE,1
"14891",8,"M",6,"White","High",1,0,1,0,0,0,0,0,0,1,2,"1",TRUE,1
"14892",8,"M",6,"White","High",2,0,0,0,0,0,0,0,0,0,3,"1",FALSE,0
"14893",10,"F",7,"White","High",2,0,0,0,0,0,0,0,0,0,3,NA,FALSE,0
"14894",8,"F",5,"White","High",2,0,0,NA,0,0,0,0,0,0,4,"1",NA,0
"14895",10,"M",7,"Asian","High",2,0,0,0,0,0,0,0,0,1,2,"1",TRUE,1
"14896",9,"F",7,"White","High",2,0,0,0,0,0,0,0,0,0,3,NA,FALSE,0
"14897",10,"M",7,"Hispanic","High",2,0,0,0,0,0,0,0,0,0,4,"1",FALSE,0
"14898",10,"M",7,"White","High",2,0,0,0,0,0,0,0,0,0,4,"1",FALSE,0
"14899",9,"M",6,"White","High",2,0,0,0,0,0,0,0,0,0,2,"1",FALSE,1
"14900",9,"M",6,"Black","High",2,0,0,0,0,0,0,0,0,1,2,"1",TRUE,1
"14901",10,"M",7,"White","High",2,0,0,0,0,0,0,0,0,0,4,"1",FALSE,0
"14902",10,"F",7,"White","High",2,0,0,0,0,0,0,0,0,0,1,NA,FALSE,1
"14903",10,"M",7,"Asian","High",2,NA,0,0,0,0,0,0,0,1,1,NA,TRUE,1
"14904",10,"M",7,"Hispanic","High",1,0,0,0,0,0,0,0,0,0,1,"1",FALSE,1
"14905",9,"F",7,"White","High",2,0,0,NA,0,0,0,0,0,0,4,"1",NA,0
"14906",8,"M",6,"White","High",2,0,0,0,0,0,0,0,0,0,2,"1",FALSE,1
"14907",9,"M",6,"White","High",1,1,0,0,0,0,0,0,0,1,2,"1",TRUE,1
"14908",10,"M",7,"White","High",2,0,0,0,0,0,0,0,0,0,2,"1",FALSE,1
"14909",8,"M",6,"White","High",2,0,0,0,0,0,0,0,0,0,3,"1",FALSE,0
"14910",8,"M",6,"White","High",2,0,0,0,0,0,0,0,0,1,3,"1",TRUE,0
"14911",9,"M",6,"Asian","High",2,0,0,0,0,0,0,0,0,0,2,"1",FALSE,1
"14912",9,"M",6,"White","High",2,0,0,0,0,0,0,0,0,0,3,"1",FALSE,0
"14913",9,"M",6,"White","High",1,0,1,0,0,0,0,0,0,0,3,NA,TRUE,0
"14914",9,"M",6,"White","High",2,0,0,0,0,0,0,0,0,0,3,"1",FALSE,0
"14915",9,"M",6,"Hispanic","High",2,0,0,0,0,0,0,0,0,1,2,"1",TRUE,1
"14916",9,"M",6,"White","High",1,0,0,0,0,0,0,0,0,0,4,"1",FALSE,0
"14917",9,"F",6,"White","High",2,0,0,0,0,0,0,0,0,0,4,"1",FALSE,0
"14918",8,"F",6,"White","High",2,0,0,0,0,0,0,0,0,1,4,"1",TRUE,0
"14919",9,"M",6,"White","High",2,0,0,0,0,0,0,0,0,1,3,"1",TRUE,0
"14920",9,"M",6,"White","High",2,0,0,0,0,0,0,0,0,1,4,"1",TRUE,0
"14921",9,"M",6,"White","High",2,0,0,0,0,0,0,0,0,0,4,"1",FALSE,0
"14922",8,"M",6,"White","High",2,0,0,0,0,0,0,0,0,0,2,"1",FALSE,1
"14923",9,"M",6,"White","High",2,0,0,0,0,0,0,0,0,1,4,NA,TRUE,0
"14924",9,"M",6,"Asian","High",2,0,0,0,0,0,0,0,0,1,3,"1",TRUE,0
"14925",9,"M",6,"White","High",1,0,0,0,0,0,0,0,0,0,4,NA,FALSE,0
"14926",9,"F",6,"White","High",2,0,0,0,0,0,0,0,0,0,4,"1",FALSE,0
"14927",8,"F",6,"Black","High",2,0,0,0,0,0,0,0,0,0,4,"1",FALSE,0
"14928",9,"M",6,"White","High",2,0,0,0,0,0,0,0,0,0,2,NA,FALSE,1
"14929",9,"M",6,"White","High",2,0,0,0,0,0,0,0,0,1,4,"1",TRUE,0
"14930",9,"F",6,"White","High",2,0,0,0,0,0,0,0,0,0,4,"1",FALSE,0
"14931",9,"F",6,"White","High",1,0,0,0,0,0,0,0,0,0,3,"1",FALSE,0
"14932",9,"F",6,"White","High",2,1,0,0,1,0,0,0,0,1,1,NA,TRUE,1
"14933",9,"F",6,"White","High",2,0,0,0,0,0,0,0,0,1,3,"1",TRUE,0
"14934",9,NA,6,"White","High",2,0,0,0,0,0,0,0,0,1,4,"1",TRUE,0
"14935",9,"F",6,"White","High",2,0,0,0,0,0,0,0,0,0,4,"1",FALSE,0
"14936",8,"F",6,"White","High",2,0,0,0,0,0,0,0,0,0,4,"1",FALSE,0
"14937",9,"F",6,"White","High",2,0,0,0,0,0,0,0,0,0,2,NA,FALSE,1
"14938",9,"F",6,"White","High",2,0,0,0,0,0,0,0,0,0,3,"1",FALSE,0
"14939",8,"F",6,"White","High",2,0,0,0,0,0,0,0,0,1,2,"1",TRUE,1
"14940",9,"F",6,"White","High",2,0,0,0,0,0,0,0,0,0,4,"1",FALSE,0
"14941",9,"F",6,"White","High",2,0,0,0,0,0,0,0,0,0,4,"1",FALSE,0
"14942",8,"F",6,"White","High",1,0,0,0,0,0,0,0,0,1,2,"1",TRUE,1
"14943",9,"F",6,"White","High",2,0,0,0,0,0,0,0,0,0,3,NA,FALSE,0
"14944",8,"F",6,"White","High",2,0,0,0,0,0,0,0,0,0,2,"1",FALSE,1
"14945",8,"F",6,"White","High",2,0,0,0,0,0,0,0,0,0,3,"1",FALSE,0
"14946",9,"F",6,"White","High",2,NA,0,0,0,0,0,0,0,1,2,"1",TRUE,1
"14947",9,"F",6,"White","High",2,0,0,0,0,0,0,0,0,0,3,NA,FALSE,0
"14948",9,"F",6,NA,"High",2,0,0,0,0,0,0,0,0,0,3,"1",FALSE,0
"14949",8,"F",6,"White","High",2,0,0,0,0,0,0,0,0,1,4,NA,TRUE,0
"14950",8,"F",6,"White","High",2,0,0,0,0,0,0,0,0,0,4,"1",FALSE,0
"14951",9,"F",6,"Asian","High",2,0,0,0,0,0,0,0,0,0,4,NA,FALSE,0
"14952",9,"F",6,"White","High",2,0,0,0,0,0,0,0,0,0,4,"1",FALSE,0
"14953",10,"F",6,"Asian","High",2,0,0,0,0,0,0,0,0,0,4,"1",FALSE,0
"14954",9,"F",6,"White","High",2,0,0,0,0,0,0,0,0,0,3,"1",FALSE,0
"14955",6,"M",4,"Asian","High",2,0,0,0,0,0,0,0,0,0,4,"1",FALSE,0
"14956",6,"F",4,"White","High",2,0,0,0,0,0,0,0,0,0,4,"1",FALSE,0
"14957",7,"F",4,"White","High",2,0,0,0,0,0,0,0,0,0,4,"1",FALSE,0
"14958",7,"M",4,"White","High",2,0,0,0,0,0,0,0,0,0,2,NA,FALSE,1
"14959",6,"F",4,"White","High",2,0,0,0,0,0,0,0,0,1,2,"1",TRUE,1
"14960",7,"F",4,"White","High",2,0,0,0,0,0,0,0,0,1,3,"1",TRUE,0
"14961",7,"M",4,"White","High",2,0,0,0,0,0,0,0,0,0,4,"1",FALSE,0
"14962",7,"F",4,"White","High",2,NA,0,0,0,0,0,0,0,1,2,NA,TRUE,1
"14963",7,"M",4,"White","High",2,0,0,0,0,0,0,0,0,0,4,NA,FALSE,0
"14964",7,"M",4,"White","High",2,0,0,0,0,0,0,0,0,0,1,"1",FALSE,1
"14965",6,"M",4,"White","High",2,0,0,0,0,0,0,0,0,0,4,"1",FALSE,0
"14966",6,"F",4,"White","High",2,0,0,0,0,0,0,0,0,0,4,"1",FALSE,0
"14967",7,"F",4,"White","High",2,0,0,0,0,0,0,0,0,1,4,"1",TRUE,0
"14968",7,"F",4,"White","High",NA,1,0,0,0,0,0,0,1,1,3,NA,TRUE,0
"14969",8,"M",4,"White","High",2,0,0,0,0,0,0,0,0,0,3,"1",FALSE,0
"14970",7,"M",4,"White","High",1,0,1,0,0,0,0,0,0,1,1,NA,TRUE,1
"14971",7,"M",4,"White","High",2,0,0,0,0,0,0,0,0,0,4,"1",FALSE,0
"14972",7,"M",4,"White","High",2,0,0,NA,0,0,0,0,0,0,2,"1",NA,1
"14973",7,"M",4,"White","High",1,0,0,0,0,0,0,0,0,0,3,"1",FALSE,0
"14974",6,"M",4,"White","High",2,0,0,0,0,0,0,0,0,0,3,"1",FALSE,0
"14975",7,"M",4,"White","High",2,0,0,0,0,0,NA,0,0,1,4,NA,TRUE,0
"14976",7,"F",4,"White","High",2,0,0,0,0,0,0,0,0,0,4,"1",FALSE,0
"14977",6,"M",4,"White","High",1,0,0,0,0,0,0,0,0,1,2,"1",TRUE,1
"14978",6,"M",4,"White","High",2,0,0,0,0,0,0,0,0,1,1,"1",TRUE,1
"14979",7,"F",4,"White","High",2,0,0,0,0,0,0,0,0,1,2,"1",TRUE,1
"14980",7,"F",4,"White","High",2,0,0,0,0,0,0,0,0,0,4,"1",FALSE,0
"14981",7,"M",4,"Black","High",2,0,0,0,0,0,0,0,0,0,4,"1",FALSE,0
"14982",6,"F",4,"White","High",2,0,0,0,0,0,0,0,0,0,3,"1",FALSE,0
"14983",7,"M",4,"White","High",2,0,0,0,0,0,0,0,0,0,3,"1",FALSE,0
"14984",6,"M",4,"White","High",2,0,0,0,0,0,0,0,0,1,4,"1",TRUE,0
"14985",7,"M",4,"White","High",2,0,0,0,0,0,0,0,0,1,4,NA,TRUE,0
"14986",6,"F",4,"Asian","High",2,0,0,0,0,0,0,0,0,0,4,"1",FALSE,0
"14987",7,"F",4,"White","High",2,0,0,0,0,0,0,0,0,0,3,"1",FALSE,0
"14988",6,"M",4,"White","High",2,0,0,0,0,0,0,0,0,1,4,NA,TRUE,0
"14989",7,"F",4,"White","High",2,0,0,0,0,0,0,0,0,1,3,NA,TRUE,0
"14990",7,"M",4,"White","High",2,0,0,0,0,0,0,0,0,0,4,"1",FALSE,0
"14991",8,"M",4,"White","High",2,0,0,0,0,0,0,0,0,1,3,"1",TRUE,0
"14992",4,"F",1,NA,"Middle",2,0,0,0,0,0,0,0,0,0,4,"1",FALSE,0
"14993",3,"F",1,"Black","Middle",2,0,0,0,0,0,0,0,0,0,2,NA,FALSE,1
"14994",3,"M",1,"Hispanic","Middle",1,0,0,0,0,0,0,0,0,0,4,NA,FALSE,0
"14995",4,"M",1,"Black","Middle",2,0,0,0,0,0,0,0,0,0,4,"1",FALSE,0
"14996",4,"F",1,"Black","Middle",2,0,0,0,0,0,0,0,0,0,1,"1",FALSE,1
"14997",4,"F",1,"Hispanic","Middle",2,0,0,0,0,0,0,0,0,0,4,"1",FALSE,0
"14998",4,"F",1,"Black","Middle",2,0,0,0,0,0,0,0,0,0,4,"1",FALSE,0
"14999",4,"M",1,"Black","Middle",2,NA,0,0,0,0,0,0,0,0,1,NA,NA,1
"15000",4,"M",1,"White","Middle",2,NA,0,0,0,0,0,0,0,1,3,NA,TRUE,0
"15001",3,"M",1,"White","Middle",NA,NA,NA,0,0,1,0,0,0,0,4,"1",TRUE,0
"15002",4,"M",1,"Black","Middle",2,NA,0,0,0,0,0,0,0,0,3,"1",NA,0
"15003",3,"F",1,"Black","Middle",2,0,0,0,0,0,0,0,0,0,1,NA,FALSE,1
"15004",3,"F",1,"Black","Middle",2,0,0,0,0,0,0,0,0,0,4,NA,FALSE,0
"15005",4,"F",1,"Black","Middle",2,0,0,0,0,0,0,0,0,0,3,NA,FALSE,0
"15006",3,"F",1,"Black","Middle",2,0,0,0,0,0,0,0,0,0,2,NA,FALSE,1
"15007",4,"M",1,NA,"Middle",2,0,0,0,0,0,0,0,0,0,2,NA,FALSE,1
"15008",4,"F",1,"White","Middle",2,0,0,0,0,0,0,0,0,0,4,NA,FALSE,0
"15009",3,"M",1,NA,"Middle",2,0,0,0,NA,NA,0,NA,NA,0,3,NA,NA,0
"15010",3,"F",1,"Black","Middle",2,0,0,0,0,0,0,0,0,0,4,"1",FALSE,0
"15011",4,"F",1,"Black","Middle",2,0,0,NA,0,0,0,0,0,0,NA,"1",NA,NA
"15012",4,"F",1,"Black","Middle",2,0,0,0,0,0,0,0,0,0,4,NA,FALSE,0
"15013",4,"M",1,"Black","Middle",2,0,0,0,0,0,0,0,0,0,4,NA,FALSE,0
"15014",4,"F",1,"Black","Middle",2,0,0,0,0,0,0,0,0,0,4,"1",FALSE,0
"15015",4,"M",1,"Hispanic","Middle",2,0,0,0,0,0,0,0,0,0,2,"1",FALSE,1
"15016",4,"F",1,"AI/AN","Middle",2,0,0,0,NA,NA,0,NA,NA,0,4,NA,NA,0
"15017",4,"F",1,"Black","Middle",2,0,0,0,0,0,0,0,0,0,2,NA,FALSE,1
"15018",3,"M",1,"Black","Middle",2,0,0,0,0,0,0,0,0,0,1,"1",FALSE,1
"15019",4,"F",1,"Black","Middle",2,0,0,0,0,0,0,0,0,0,4,"1",FALSE,0
"15020",3,"M",1,"Black","Middle",2,0,0,0,0,0,0,0,0,0,4,NA,FALSE,0
"15021",4,"M",1,"Black","Middle",2,0,0,0,0,0,0,0,0,0,2,NA,FALSE,1
"15022",4,"M",1,"Hispanic","Middle",NA,0,0,0,0,0,0,0,0,0,4,NA,FALSE,0
"15023",4,"F",1,"Black","Middle",2,0,0,0,0,0,0,0,0,0,4,"1",FALSE,0
"15024",3,"F",1,"Black","Middle",2,0,0,0,NA,NA,0,NA,NA,0,3,NA,NA,0
"15025",3,"M",1,NA,"Middle",2,0,0,0,0,0,0,0,0,0,4,NA,FALSE,0
"15026",3,"M",1,"Black","Middle",2,0,0,0,NA,NA,0,NA,NA,0,3,"1",NA,0
"15027",4,"F",1,"Black","Middle",2,0,0,0,0,0,0,0,0,0,4,"1",FALSE,0
"15028",4,"F",1,"Black","Middle",2,0,0,0,0,0,0,0,0,0,4,"1",FALSE,0
"15029",4,"F",1,"Hispanic","Middle",2,0,0,0,0,0,0,0,0,0,4,"1",FALSE,0
"15030",4,"F",1,"Black","Middle",2,0,0,0,0,0,0,0,0,0,4,"1",FALSE,0
"15031",4,"F",1,"Hispanic","Middle",2,0,0,0,0,0,0,0,0,0,4,"1",FALSE,0
"15032",4,"F",1,"Black","Middle",2,0,0,0,0,0,0,0,0,0,4,"1",FALSE,0
"15033",4,"F",1,"Black","Middle",2,0,0,0,0,0,0,0,0,0,2,"1",FALSE,1
"15034",4,"M",1,"Black","Middle",2,0,0,0,0,0,0,0,0,0,2,NA,FALSE,1
"15035",2,"F",1,"Hispanic","Middle",2,0,0,0,0,0,0,0,0,0,4,NA,FALSE,0
"15036",4,"M",1,"Hispanic","Middle",2,0,0,0,0,0,0,0,0,0,4,NA,FALSE,0
"15037",4,"M",1,"Hispanic","Middle",2,0,0,0,0,0,0,0,0,0,4,"1",FALSE,0
"15038",4,"M",1,"Black","Middle",2,0,0,NA,0,0,0,0,0,0,2,NA,NA,1
"15039",3,"F",1,"Black","Middle",2,0,0,0,0,0,0,0,0,0,1,NA,FALSE,1
"15040",3,"M",1,"Asian","Middle",2,0,0,0,0,0,0,0,0,0,4,"1",FALSE,0
"15041",10,"M",7,"Black","High",2,0,0,0,0,0,0,0,0,0,4,"1",FALSE,0
"15042",9,"M",7,"Hispanic","High",1,0,0,0,0,0,0,0,0,0,2,"1",FALSE,1
"15043",10,"F",7,"Hispanic","High",2,0,0,0,0,0,0,0,0,0,4,NA,FALSE,0
"15044",10,"M",7,"Hispanic","High",2,0,0,0,0,0,0,0,0,0,4,"1",FALSE,0
"15045",9,"F",7,"Hispanic","High",2,0,0,0,0,0,0,0,0,0,4,"1",FALSE,0
"15046",10,"M",7,"Hispanic","High",1,0,0,0,0,0,0,0,0,0,1,"1",FALSE,1
"15047",10,"F",7,"Hispanic","High",2,0,0,0,0,0,0,0,0,0,4,NA,FALSE,0
"15048",10,"F",7,"Hispanic","High",2,0,0,0,0,0,0,0,0,0,4,"1",FALSE,0
"15049",10,"M",7,"Black","High",NA,1,NA,NA,NA,NA,NA,NA,NA,NA,1,NA,TRUE,1
"15050",10,"M",7,"Hispanic","High",1,0,0,0,0,0,0,0,0,0,4,"1",FALSE,0
"15051",10,"M",7,"White","High",2,0,0,0,0,0,0,0,0,0,2,NA,FALSE,1
"15052",6,"F",4,"Hispanic","High",2,0,0,0,0,0,0,0,0,0,4,"1",FALSE,0
"15053",7,"M",4,"White","High",2,NA,0,0,0,0,1,0,0,0,2,"1",TRUE,1
"15054",6,"M",4,"White","High",2,0,0,0,0,0,0,0,0,0,4,NA,FALSE,0
"15055",7,"M",4,"Hispanic","High",1,0,0,0,0,0,0,0,0,0,4,"1",FALSE,0
"15056",7,"M",4,"Hispanic","High",2,0,0,0,0,0,0,0,0,0,4,NA,FALSE,0
"15057",7,"F",4,"Hispanic","High",NA,0,NA,NA,0,0,0,0,0,NA,4,"1",NA,0
"15058",7,"F",4,"Hispanic","High",2,0,0,0,0,0,0,0,0,0,4,NA,FALSE,0
"15059",7,"F",4,"White","High",2,0,0,0,0,0,0,0,0,0,4,"1",FALSE,0
"15060",6,"M",4,"Hispanic","High",2,0,0,0,0,0,0,0,0,0,4,"1",FALSE,0
"15061",6,"M",4,"Black","High",2,0,0,0,0,0,0,0,0,0,4,"1",FALSE,0
"15062",6,"F",4,"White","High",2,0,0,0,0,0,0,0,0,0,3,NA,FALSE,0
"15063",7,"F",4,"Hispanic","High",2,0,NA,0,0,0,0,0,0,0,4,"1",NA,0
"15064",6,"M",4,"Hispanic","High",2,0,0,0,0,0,0,0,0,0,3,NA,FALSE,0
"15065",7,"M",4,"Black","High",2,0,0,0,0,0,0,0,0,0,4,NA,FALSE,0
"15066",7,"M",4,"Hispanic","High",2,0,0,0,0,0,0,0,0,0,4,"1",FALSE,0
"15067",6,"F",4,"Hispanic","High",2,0,0,0,0,0,0,0,0,0,4,NA,FALSE,0
"15068",9,"M",6,"Hispanic","High",2,0,0,0,0,0,0,0,0,0,4,"1",FALSE,0
"15069",9,"M",6,"Hispanic","High",2,0,0,0,0,0,0,0,0,0,4,NA,FALSE,0
"15070",9,"F",6,"Hispanic","High",2,0,0,NA,0,0,0,0,0,0,1,"1",NA,1
"15071",11,"M",6,"White","High",2,0,0,0,0,0,0,0,0,0,4,"1",FALSE,0
"15072",8,"F",6,"Hispanic","High",2,0,0,0,0,0,0,0,0,0,2,"1",FALSE,1
"15073",8,"F",6,"Hispanic","High",2,0,NA,0,0,0,0,0,0,0,4,"1",NA,0
"15074",8,"M",5,"Hispanic","High",2,0,0,0,0,0,0,0,0,0,4,NA,FALSE,0
"15075",11,"F",7,"Hispanic","High",NA,NA,NA,NA,0,0,0,0,0,0,4,"1",NA,0
"15076",9,"M",6,"Hispanic","High",2,0,0,0,0,0,NA,0,0,0,1,"1",NA,1
"15077",9,"M",6,"Hispanic","High",2,0,0,NA,0,0,0,0,0,0,4,"1",NA,0
"15078",8,"F",6,"Hispanic","High",2,0,0,0,0,0,0,0,0,0,4,NA,FALSE,0
"15079",8,"F",5,"Hispanic","High",2,0,0,0,NA,NA,0,NA,NA,0,4,"1",NA,0
"15080",9,"M",6,"Black","High",2,0,0,0,0,0,0,0,0,0,4,"1",FALSE,0
"15081",8,"F",5,"Hispanic","High",2,0,0,0,0,0,0,0,0,0,4,"1",FALSE,0
"15082",7,"F",5,"White","High",2,NA,0,0,0,0,0,0,0,0,2,"1",NA,1
"15083",7,"F",5,"Hispanic","High",2,1,0,0,0,0,0,0,0,1,2,NA,TRUE,1
"15084",8,"M",5,"Black","High",2,0,0,0,0,0,0,0,0,0,2,NA,FALSE,1
"15085",8,"M",5,NA,"High",2,0,0,0,0,0,0,0,0,0,4,NA,FALSE,0
"15086",7,"M",4,"White","High",2,0,0,0,0,0,0,0,0,0,2,NA,FALSE,1
"15087",8,"F",6,"White","High",2,0,0,0,0,0,0,0,0,0,3,"1",FALSE,0
"15088",8,"F",6,"White","High",1,0,0,0,0,0,0,0,0,0,4,"1",FALSE,0
"15089",9,"M",6,"White","High",2,0,0,0,0,0,0,0,0,0,1,"1",FALSE,1
"15090",8,"F",6,"White","High",2,0,0,0,0,0,0,0,0,0,4,NA,FALSE,0
"15091",9,"F",6,"White","High",NA,1,NA,NA,0,0,0,0,0,NA,2,"1",TRUE,1
"15092",9,"F",6,"White","High",2,0,0,0,0,0,0,0,0,0,3,"1",FALSE,0
"15093",8,"M",6,"Black","High",2,0,0,0,0,0,0,0,0,0,3,"1",FALSE,0
"15094",8,"M",6,"White","High",2,0,0,0,0,0,0,0,0,0,3,"1",FALSE,0
"15095",8,"F",6,"White","High",2,0,0,0,0,0,0,0,0,0,4,"1",FALSE,0
"15096",8,"F",6,"White","High",2,0,0,0,0,0,0,0,0,0,4,"1",FALSE,0
"15097",8,"M",6,"Black","High",2,0,0,0,0,0,0,0,0,0,4,"1",FALSE,0
"15098",9,"M",6,"White","High",2,0,0,0,0,0,0,0,0,1,2,"1",TRUE,1
"15099",8,"F",6,"Black","High",2,0,0,0,0,0,0,0,0,0,2,"1",FALSE,1
"15100",8,"F",6,"White","High",1,0,0,0,0,0,0,0,0,1,3,"1",TRUE,0
"15101",8,"M",6,"Hispanic","High",2,0,0,0,0,0,0,0,0,1,4,NA,TRUE,0
"15102",9,"F",6,"Asian","High",2,0,0,0,0,0,0,0,0,1,4,"1",TRUE,0
"15103",9,"F",6,"White","High",2,0,0,0,0,0,0,0,0,0,4,"1",FALSE,0
"15104",8,"M",6,"White","High",2,0,0,0,0,0,0,0,0,0,4,NA,FALSE,0
"15105",8,"F",6,"White","High",1,1,0,0,0,0,0,0,0,1,1,"1",TRUE,1
"15106",9,"M",6,"White","High",2,0,0,0,0,0,0,0,0,0,3,"1",FALSE,0
"15107",8,"M",6,"White","High",1,1,1,1,1,1,1,0,1,1,4,"1",TRUE,0
"15108",6,"F",4,"White","High",2,0,0,0,0,0,0,0,0,0,4,"1",FALSE,0
"15109",7,"M",4,"White","High",2,0,0,0,0,0,0,0,0,0,3,NA,FALSE,0
"15110",6,"F",4,"Asian","High",2,0,0,0,0,0,0,0,0,0,3,"1",FALSE,0
"15111",7,"F",4,"White","High",2,0,0,0,0,0,0,0,0,0,4,NA,FALSE,0
"15112",7,"F",4,"Black","High",2,0,0,0,0,0,0,0,0,0,4,"1",FALSE,0
"15113",7,"M",4,"Hispanic","High",2,0,0,0,0,0,0,0,0,0,4,"1",FALSE,0
"15114",6,"M",4,"Asian","High",2,0,0,0,0,0,0,0,0,0,3,NA,FALSE,0
"15115",6,"F",4,"White","High",2,0,0,0,0,0,0,0,0,0,2,"1",FALSE,1
"15116",6,"M",4,"White","High",2,0,0,0,0,0,0,0,0,0,4,NA,FALSE,0
"15117",6,"M",4,"Black","High",2,0,0,0,0,0,0,0,0,0,2,"1",FALSE,1
"15118",7,"M",4,"White","High",2,0,0,0,0,0,0,0,0,0,3,"1",FALSE,0
"15119",7,"M",4,"White","High",1,0,0,0,0,0,0,0,0,1,4,"1",TRUE,0
"15120",6,"M",4,"White","High",2,0,0,0,0,0,0,0,0,0,4,"1",FALSE,0
"15121",6,"M",4,"Hispanic","High",2,0,0,0,0,0,0,0,0,0,4,"1",FALSE,0
"15122",4,"M",4,"White","High",2,0,0,0,0,0,0,0,0,0,2,"1",FALSE,1
"15123",7,"M",4,"White","High",NA,NA,NA,0,0,0,NA,0,0,1,3,"1",TRUE,0
"15124",6,"M",4,"White","High",1,NA,0,0,0,0,0,0,0,1,2,NA,TRUE,1
"15125",6,"M",4,"White","High",2,0,0,0,0,0,0,0,0,0,2,"1",FALSE,1
"15126",9,"F",7,"White","High",2,0,0,0,0,0,0,0,0,1,4,"1",TRUE,0
"15127",8,"F",5,"White","High",2,0,0,0,0,0,0,0,0,0,4,NA,FALSE,0
"15128",7,"F",5,"White","High",1,1,0,0,0,0,0,1,0,1,2,NA,TRUE,1
"15129",7,"M",5,"White","High",2,0,0,0,0,0,0,0,0,0,2,"1",FALSE,1
"15130",8,"M",5,"White","High",1,0,1,0,0,0,0,0,0,1,1,"1",TRUE,1
"15131",7,"M",5,"White","High",1,0,1,0,NA,NA,0,NA,NA,1,4,NA,TRUE,0
"15132",8,"F",5,"White","High",1,0,0,0,0,0,0,0,0,1,2,NA,TRUE,1
"15133",8,"M",6,"Asian","High",2,0,0,0,0,0,0,0,0,0,3,"1",FALSE,0
"15134",7,"M",5,"White","High",2,0,0,0,0,0,0,0,0,0,2,NA,FALSE,1
"15135",8,"F",5,"White","High",2,0,0,0,0,0,0,0,0,0,4,"1",FALSE,0
"15136",7,"F",5,"Black","High",2,0,0,0,0,0,0,0,0,0,4,NA,FALSE,0
"15137",7,"M",5,"White","High",2,0,0,0,0,0,0,0,0,0,4,"1",FALSE,0
"15138",8,"F",5,"White","High",2,0,0,0,0,0,0,0,0,0,4,"1",FALSE,0
"15139",7,"F",5,"Hispanic","High",2,0,0,0,0,0,0,0,0,0,4,NA,FALSE,0
"15140",8,"F",5,"White","High",1,0,0,0,0,0,0,0,0,1,3,NA,TRUE,0
"15141",7,"F",5,"White","High",2,0,0,0,0,0,0,0,0,0,3,"1",FALSE,0
"15142",8,"M",5,"White","High",2,0,0,0,0,0,0,0,0,0,3,"1",FALSE,0
"15143",8,"F",5,"Black","High",2,0,0,0,0,0,0,0,0,0,4,"1",FALSE,0
"15144",8,"F",5,"White","High",2,0,0,0,0,0,0,0,0,0,4,"1",FALSE,0
"15145",7,"F",5,"White","High",2,0,0,0,0,0,0,0,0,1,4,"1",TRUE,0
"15146",8,"M",5,"White","High",2,0,0,0,0,0,0,0,0,0,4,"1",FALSE,0
"15147",8,"M",5,"Black","High",2,0,0,0,0,0,0,0,0,0,4,"1",FALSE,0
"15148",8,"F",5,"White","High",1,0,0,0,0,0,0,0,0,1,3,"1",TRUE,0
"15149",8,"M",5,"White","High",1,0,0,0,0,0,NA,0,0,1,4,"1",TRUE,0
"15150",8,"M",5,"White","High",2,0,0,0,0,0,0,0,0,0,2,"1",FALSE,1
"15151",8,"F",5,"White","High",2,0,0,0,0,0,0,0,0,0,2,"1",FALSE,1
"15152",8,"F",5,"White","High",2,0,0,0,0,0,0,0,0,0,1,"1",FALSE,1
"15153",7,"M",5,"Black","High",2,0,0,0,0,0,0,0,0,0,4,"1",FALSE,0
"15154",7,"M",5,"Black","High",2,0,0,0,0,0,0,0,0,0,4,"1",FALSE,0
"15155",8,"M",5,NA,"High",2,0,0,0,0,0,0,0,0,0,4,"1",FALSE,0
"15156",7,"F",5,"White","High",1,0,1,0,0,0,1,0,0,1,2,NA,TRUE,1
"15157",8,"M",5,"White","High",2,0,0,0,0,0,0,0,0,0,4,"1",FALSE,0
"15158",8,"M",5,"Black","High",2,0,0,0,0,0,0,0,0,0,4,"1",FALSE,0
"15159",8,"F",5,"White","High",2,1,0,0,0,0,0,1,0,0,2,NA,TRUE,1
"15160",8,"F",5,"White","High",1,0,0,0,0,0,1,0,0,1,1,NA,TRUE,1
"15161",8,"F",5,"White","High",2,0,0,0,0,0,0,0,0,0,4,"1",FALSE,0
"15162",7,"F",5,"White","High",2,0,0,0,0,0,0,0,0,0,4,NA,FALSE,0
"15163",7,"M",5,"White","High",2,0,0,0,0,0,0,0,0,1,3,"1",TRUE,0
"15164",8,"M",5,"White","High",2,0,0,0,0,0,0,0,0,0,4,NA,FALSE,0
"15165",8,"M",5,"Black","High",2,0,0,0,0,0,0,0,0,0,2,NA,FALSE,1
"15166",8,"F",5,"White","High",1,0,0,0,0,0,0,0,0,1,3,NA,TRUE,0
"15167",7,"M",5,"Black","High",2,0,0,0,0,0,0,0,0,0,3,NA,FALSE,0
"15168",7,"F",5,"White","High",2,0,0,0,0,0,0,0,0,1,1,NA,TRUE,1
"15169",9,"F",7,"White","High",2,0,0,0,0,0,0,0,0,0,1,"1",FALSE,1
"15170",10,"F",7,"White","High",2,0,0,0,0,0,0,0,0,0,4,NA,FALSE,0
"15171",9,"F",7,"White","High",2,0,0,0,0,0,0,0,0,0,4,"1",FALSE,0
"15172",9,"M",7,"White","High",2,0,0,0,0,0,0,0,0,0,2,NA,FALSE,1
"15173",10,"F",7,"White","High",2,0,0,NA,0,0,0,0,0,0,4,"1",NA,0
"15174",10,"F",7,"White","High",2,0,0,NA,0,0,0,0,0,1,1,NA,TRUE,1
"15175",10,"M",7,"White","High",2,0,0,0,0,0,0,0,0,0,4,"1",FALSE,0
"15176",10,"F",7,"White","High",2,0,0,0,0,0,0,0,0,0,4,"1",FALSE,0
"15177",9,"F",7,"White","High",2,0,0,0,0,0,0,0,0,0,2,"1",FALSE,1
"15178",9,"F",7,"White","High",2,0,0,0,0,0,0,0,0,0,3,"1",FALSE,0
"15179",NA,NA,NA,NA,NA,2,NA,0,0,0,0,0,0,0,0,NA,"1",NA,NA
"15180",9,"F",7,"White","High",1,0,0,0,0,0,0,0,0,1,4,"1",TRUE,0
"15181",10,"M",7,"White","High",2,0,0,0,0,0,0,0,0,0,3,NA,FALSE,0
"15182",10,"F",7,"White","High",2,0,0,0,0,0,0,0,0,0,4,"1",FALSE,0
"15183",10,"F",7,"White","High",2,0,0,0,0,0,0,0,0,0,4,"1",FALSE,0
"15184",9,"M",7,"White","High",2,0,0,0,0,0,0,0,0,0,4,"1",FALSE,0
"15185",1,"M",8,"Hispanic",NA,2,0,0,0,0,0,0,0,0,0,1,NA,FALSE,1
"15186",9,"M",6,"White","High",2,0,0,0,0,0,0,0,0,0,4,"1",FALSE,0
"15187",9,"F",7,"White","High",1,1,1,0,0,0,0,0,0,1,1,"1",TRUE,1
"15188",10,"F",7,"White","High",1,1,0,0,0,0,0,0,0,1,1,NA,TRUE,1
"15189",9,"M",7,"White","High",2,0,0,0,0,0,0,0,0,0,4,"1",FALSE,0
"15190",9,"M",7,"White","High",2,0,0,0,0,0,0,0,0,0,2,"1",FALSE,1
"15191",10,"F",7,"White","High",2,0,0,0,0,0,0,0,0,0,3,"1",FALSE,0
"15192",9,"M",7,"White","High",2,0,0,0,0,0,0,0,0,1,3,"1",TRUE,0
"15193",1,"M",7,"Hispanic","High",NA,NA,NA,0,0,0,NA,1,0,NA,4,"1",TRUE,0
"15194",10,"M",7,"White","High",2,0,0,0,0,0,0,0,0,0,3,"1",FALSE,0
"15195",8,"M",5,"Hispanic","High",2,0,0,0,0,0,0,0,0,1,4,NA,TRUE,0
"15196",10,"M",7,"White","High",1,0,0,0,0,0,0,0,0,1,3,NA,TRUE,0
"15197",10,"M",7,"Asian","High",2,0,0,0,0,0,0,0,0,0,2,"1",FALSE,1
"15198",10,"F",7,"White","High",2,0,0,0,0,0,0,0,0,1,1,"1",TRUE,1
"15199",9,"F",7,"White","High",2,0,0,0,0,0,0,0,0,0,1,"1",FALSE,1
"15200",10,"M",7,"White","High",2,0,0,0,0,0,0,0,0,0,4,"1",FALSE,0
"15201",9,"F",7,"White","High",2,0,0,0,0,0,0,0,0,1,2,"1",TRUE,1
"15202",9,"F",7,"White","High",2,0,0,0,0,0,0,0,0,0,2,"1",FALSE,1
"15203",10,"M",7,"White","High",NA,0,1,0,0,0,0,0,0,1,1,"1",TRUE,1
"15204",9,"M",7,"White","High",1,1,1,1,0,0,0,0,0,1,1,NA,TRUE,1
"15205",10,"F",7,"White","High",1,0,0,0,0,0,0,0,0,0,4,NA,FALSE,0
"15206",9,"F",7,"White","High",1,NA,0,0,0,0,0,1,0,1,1,NA,TRUE,1
"15207",10,"M",7,NA,"High",1,0,0,0,0,0,0,0,0,0,2,NA,FALSE,1
"15208",9,"M",7,"Black","High",1,0,0,0,0,0,0,0,0,1,4,"1",TRUE,0
"15209",10,"F",7,"White","High",2,0,0,0,0,0,0,0,0,0,4,NA,FALSE,0
"15210",10,"M",7,"White","High",1,0,0,0,0,0,0,0,0,1,4,NA,TRUE,0
"15211",9,"M",7,"Hispanic","High",2,0,0,0,0,0,0,0,0,1,2,NA,TRUE,1
"15212",9,"M",7,"White","High",2,0,0,0,0,0,0,0,0,0,4,NA,FALSE,0
"15213",10,"M",7,"White","High",2,0,0,0,0,0,0,0,0,1,4,"1",TRUE,0
"15214",10,"F",7,"White","High",2,0,0,0,0,0,0,0,0,0,4,"1",FALSE,0
"15215",10,"M",7,"White","High",2,0,0,0,0,0,0,0,0,0,4,"1",FALSE,0
"15216",9,"M",6,"White","High",1,0,1,0,0,0,0,0,0,1,4,"1",TRUE,0
"15217",9,"M",6,"Asian","High",2,0,0,0,0,0,0,0,0,1,4,"1",TRUE,0
"15218",8,"M",6,"White","High",2,0,0,0,0,0,0,0,0,0,3,"1",FALSE,0
"15219",9,"M",6,"White","High",2,0,0,0,0,0,0,0,0,0,4,NA,FALSE,0
"15220",8,"M",6,"White","High",2,0,0,0,0,0,0,0,0,0,4,NA,FALSE,0
"15221",9,"M",6,"White","High",2,0,0,0,0,0,0,0,0,0,4,"1",FALSE,0
"15222",8,"M",6,"White","High",1,0,0,1,0,0,0,0,0,1,3,NA,TRUE,0
"15223",9,"M",6,"White","High",1,1,0,1,0,0,0,0,0,1,3,NA,TRUE,0
"15224",9,"M",6,"White","High",2,0,0,0,0,0,0,0,0,0,4,NA,FALSE,0
"15225",9,"M",6,"White","High",1,1,1,1,0,0,0,1,0,1,1,NA,TRUE,1
"15226",9,"M",6,"White","High",1,0,0,0,0,0,0,0,0,NA,4,"1",NA,0
"15227",9,"M",6,"White","High",2,0,0,0,0,0,0,0,0,0,4,"1",FALSE,0
"15228",8,"M",6,"White","High",2,0,0,0,0,0,0,0,0,0,4,"1",FALSE,0
"15229",9,"F",6,"White","High",1,0,0,0,0,0,0,0,0,1,2,"1",TRUE,1
"15230",9,"F",6,"White","High",2,0,0,0,0,0,0,0,0,0,4,"1",FALSE,0
"15231",8,"F",6,"White","High",2,0,0,0,0,0,0,0,0,0,3,"1",FALSE,0
"15232",9,"F",6,"White","High",2,0,0,0,0,0,0,0,0,1,4,"1",TRUE,0
"15233",8,"M",6,"White","High",2,0,0,0,0,0,0,0,0,0,4,"1",FALSE,0
"15234",9,"F",6,"White","High",2,0,0,0,0,0,0,0,0,0,4,NA,FALSE,0
"15235",7,"F",4,"White","High",2,0,0,0,0,0,0,0,0,0,4,"1",FALSE,0
"15236",7,"M",4,"Black","High",2,0,0,0,0,0,0,0,0,0,4,"1",FALSE,0
"15237",7,"F",4,"White","High",2,0,0,0,0,0,0,0,0,0,4,"1",FALSE,0
"15238",7,"M",4,"White","High",2,0,0,0,0,0,0,0,0,0,4,"1",FALSE,0
"15239",7,"M",4,"Hispanic","High",2,0,0,0,0,0,0,0,0,0,4,NA,FALSE,0
"15240",7,"F",4,"White","High",2,0,0,0,NA,NA,NA,NA,NA,1,2,NA,TRUE,1
"15241",6,"M",4,"White","High",2,0,0,0,0,0,0,0,0,0,4,"1",FALSE,0
"15242",7,"M",4,"White","High",2,0,0,0,0,0,0,0,0,0,4,"1",FALSE,0
"15243",7,"F",4,"White","High",2,0,0,0,0,0,0,0,0,0,4,"1",FALSE,0
"15244",6,"M",4,"White","High",2,0,0,0,0,0,0,0,0,0,4,NA,FALSE,0
"15245",7,"M",4,"White","High",2,0,0,0,0,0,0,0,0,0,4,NA,FALSE,0
"15246",6,"M",4,"White","High",2,0,0,0,0,0,0,0,0,0,4,"1",FALSE,0
"15247",6,"M",4,"White","High",2,0,0,0,0,0,0,0,0,1,3,"1",TRUE,0
"15248",7,"M",4,"White","High",2,0,0,0,0,0,0,0,0,0,1,"1",FALSE,1
"15249",7,"M",4,"Hispanic","High",2,0,0,0,0,0,0,0,0,0,3,"1",FALSE,0
"15250",6,"M",4,"White","High",2,0,0,0,0,0,0,0,0,0,2,NA,FALSE,1
"15251",7,"F",4,"White","High",2,0,0,0,0,0,0,0,0,1,2,NA,TRUE,1
"15252",6,"F",4,"White","High",2,0,0,0,0,0,0,0,0,0,4,NA,FALSE,0
"15253",6,"F",4,"White","High",2,0,0,0,0,0,0,0,0,0,4,NA,FALSE,0
"15254",7,"M",4,"White","High",2,0,0,0,0,0,0,0,0,1,1,NA,TRUE,1
"15255",7,"F",4,"White","High",2,0,0,0,0,0,0,0,0,0,3,"1",FALSE,0
"15256",7,"F",4,"White","High",2,0,0,0,0,0,0,0,0,0,4,"1",FALSE,0
"15257",7,"F",4,"White","High",2,0,0,0,0,0,0,0,0,0,4,NA,FALSE,0
"15258",10,"F",7,"White","High",1,1,1,0,0,0,0,0,0,1,1,NA,TRUE,1
"15259",6,"M",3,"White","Middle",2,0,0,0,0,0,0,0,0,0,4,"1",FALSE,0
"15260",6,"M",3,NA,"Middle",2,0,0,0,0,0,0,0,0,0,2,"1",FALSE,1
"15261",5,"F",3,"White","Middle",2,0,0,NA,0,0,0,0,0,0,2,NA,NA,1
"15262",6,"F",3,"Black","Middle",2,0,0,0,0,0,0,0,0,0,1,NA,FALSE,1
"15263",6,"M",3,"White","Middle",2,0,0,0,0,0,0,0,0,0,2,"1",FALSE,1
"15264",5,"M",3,"White","Middle",2,0,0,0,0,0,0,0,0,0,3,NA,FALSE,0
"15265",5,"F",3,"Asian","Middle",2,0,0,0,0,0,0,0,0,0,4,"1",FALSE,0
"15266",6,"F",3,"White","Middle",2,0,0,0,0,0,0,0,0,0,4,"1",FALSE,0
"15267",6,"M",3,"White","Middle",2,0,0,0,0,0,0,0,0,0,2,"1",FALSE,1
"15268",6,"F",3,"Hispanic","Middle",2,0,0,0,0,0,0,0,0,0,2,"1",FALSE,1
"15269",6,"F",3,"White","Middle",NA,0,NA,NA,NA,NA,NA,NA,NA,NA,4,NA,NA,0
"15270",5,"F",3,"White","Middle",2,0,0,0,0,0,0,0,0,0,3,"1",FALSE,0
"15271",6,"M",3,"White","Middle",2,0,0,0,0,0,0,0,0,1,2,"1",TRUE,1
"15272",5,"F",3,"White","Middle",2,0,0,0,0,0,0,0,0,0,4,"1",FALSE,0
"15273",5,"M",3,"White","Middle",2,0,0,0,0,0,0,0,0,0,4,NA,FALSE,0
"15274",6,"F",3,"Black","Middle",2,0,0,0,0,0,0,0,0,0,3,"1",FALSE,0
"15275",6,"F",3,"White","Middle",2,0,0,0,0,0,0,0,0,0,4,"1",FALSE,0
"15276",6,"M",3,"White","Middle",2,0,0,0,0,0,0,0,0,0,3,"1",FALSE,0
"15277",6,"F",3,"White","Middle",2,0,0,0,0,0,0,0,0,0,4,"1",FALSE,0
"15278",5,"M",3,NA,"Middle",2,0,0,0,0,0,0,0,0,0,3,"1",FALSE,0
"15279",6,"F",3,"White","Middle",2,0,0,0,0,0,0,0,0,0,4,"1",FALSE,0
"15280",6,"M",3,"White","Middle",2,0,0,0,0,0,0,0,0,0,3,NA,FALSE,0
"15281",6,"F",3,"White","Middle",2,0,0,0,0,0,0,0,0,0,2,"1",FALSE,1
"15282",5,"M",3,"White","Middle",2,0,0,0,0,0,0,0,0,0,4,"1",FALSE,0
"15283",5,"M",2,"White","Middle",2,0,0,0,0,0,0,0,0,0,4,"1",FALSE,0
"15284",4,"M",2,"White","Middle",2,0,0,0,0,0,0,0,0,0,2,"1",FALSE,1
"15285",5,"F",2,"White","Middle",2,0,0,0,0,0,0,0,0,0,4,NA,FALSE,0
"15286",4,"F",2,"White","Middle",2,0,0,0,0,0,0,0,0,0,4,"1",FALSE,0
"15287",4,"F",2,"White","Middle",2,0,0,0,0,0,0,0,0,0,4,NA,FALSE,0
"15288",5,"F",2,"White","Middle",2,0,0,0,0,0,0,0,0,0,2,"1",FALSE,1
"15289",5,"F",2,"White","Middle",2,0,0,0,0,0,0,0,0,0,4,"1",FALSE,0
"15290",5,"F",2,"White","Middle",2,0,0,0,0,0,0,0,0,0,4,"1",FALSE,0
"15291",4,"F",2,"White","Middle",2,0,0,0,0,0,0,0,0,0,4,NA,FALSE,0
"15292",5,"F",2,"White","Middle",2,0,0,0,0,0,0,0,0,0,4,NA,FALSE,0
"15293",4,"M",2,"Hispanic","Middle",2,0,0,0,0,0,0,0,0,0,4,"1",FALSE,0
"15294",5,"M",2,"White","Middle",2,0,0,0,0,0,0,0,0,0,3,NA,FALSE,0
"15295",5,"M",2,"White","Middle",2,0,0,0,0,0,0,0,0,0,2,NA,FALSE,1
"15296",4,"M",2,"White","Middle",2,0,0,0,0,0,0,0,0,0,4,"1",FALSE,0
"15297",5,"M",2,"White","Middle",2,0,0,0,0,0,0,0,0,0,4,"1",FALSE,0
"15298",5,"M",2,"White","Middle",2,0,0,0,0,0,0,0,0,0,4,NA,FALSE,0
"15299",5,"M",2,"White","Middle",2,0,0,0,0,0,0,0,0,0,4,NA,FALSE,0
"15300",4,"M",2,"White","Middle",2,0,0,0,0,0,0,0,0,0,4,NA,FALSE,0
"15301",5,"M",2,"White","Middle",2,0,0,0,0,0,0,0,0,0,4,"1",FALSE,0
"15302",6,"M",2,"White","Middle",2,0,0,0,0,0,0,0,0,0,4,"1",FALSE,0
"15303",4,"M",2,"White","Middle",2,0,0,0,0,0,0,0,0,0,4,"1",FALSE,0
"15304",5,"M",3,"White","Middle",2,0,0,0,0,0,0,0,0,0,2,NA,FALSE,1
"15305",3,"F",1,"White","Middle",2,0,0,0,0,0,0,0,0,0,4,"1",FALSE,0
"15306",4,"M",1,"White","Middle",2,0,0,0,0,0,0,0,0,0,4,"1",FALSE,0
"15307",4,"F",1,"White","Middle",2,0,0,0,0,0,0,0,0,0,4,"1",FALSE,0
"15308",3,"M",1,"White","Middle",2,0,0,0,0,0,0,0,0,0,4,NA,FALSE,0
"15309",3,"F",1,"White","Middle",2,0,0,0,0,0,0,0,0,0,4,"1",FALSE,0
"15310",4,"M",1,"White","Middle",2,0,0,0,0,0,0,0,0,0,4,"1",FALSE,0
"15311",3,"F",1,"White","Middle",2,0,0,0,0,0,0,0,0,0,4,NA,FALSE,0
"15312",4,"F",1,"Hispanic","Middle",2,0,0,0,0,0,0,0,0,0,3,NA,FALSE,0
"15313",4,"M",1,"White","Middle",2,0,0,0,0,0,0,0,0,0,NA,"1",FALSE,NA
"15314",4,"M",1,"Hispanic","Middle",2,0,0,0,0,0,0,0,0,0,4,"1",FALSE,0
"15315",4,"F",1,"Hispanic","Middle",2,0,0,0,0,0,0,0,0,0,4,"1",FALSE,0
"15316",4,"F",1,"White","Middle",2,0,0,0,0,0,0,0,0,0,4,NA,FALSE,0
"15317",4,"F",1,"Hispanic","Middle",2,0,0,0,0,0,0,0,0,0,4,"1",FALSE,0
"15318",4,"M",1,"White","Middle",2,0,0,0,0,0,0,0,0,0,4,"1",FALSE,0
"15319",4,"M",1,"Hispanic","Middle",2,0,0,0,0,0,0,0,0,0,4,"1",FALSE,0
"15320",3,"M",1,NA,"Middle",2,0,0,0,0,0,0,0,0,0,4,"1",FALSE,0
"15321",3,"F",1,"Hispanic","Middle",2,0,0,0,0,0,0,0,0,0,4,"1",FALSE,0
"15322",4,"F",1,"White","Middle",2,0,0,0,0,0,0,0,0,0,4,"1",FALSE,0
"15323",4,"M",1,"White","Middle",2,0,0,0,0,0,0,0,0,0,3,"1",FALSE,0
"15324",4,"M",1,"Hispanic","Middle",2,0,0,0,0,0,0,0,0,0,4,"1",FALSE,0
"15325",3,"M",1,"AI/AN","Middle",2,0,0,0,0,0,0,0,0,0,4,"1",FALSE,0
"15326",3,"M",1,"White","Middle",2,0,0,NA,0,0,0,0,0,0,4,"1",NA,0
"15327",3,"M",1,"White","Middle",2,0,0,0,0,0,0,0,0,0,3,NA,FALSE,0
"15328",3,"F",1,"White","Middle",2,0,0,0,0,0,0,0,0,0,4,"1",FALSE,0
"15329",3,"M",1,"White","Middle",2,0,0,0,0,0,0,0,0,0,4,NA,FALSE,0
"15330",4,"M",1,"White","Middle",2,0,0,0,0,0,0,0,0,0,4,"1",FALSE,0
"15331",4,"F",1,"AI/AN","Middle",2,0,0,0,0,0,0,0,0,0,4,NA,FALSE,0
"15332",5,"F",2,"White","Middle",2,0,0,0,0,0,0,0,0,0,3,"1",FALSE,0
"15333",4,"F",2,"White","Middle",2,0,0,0,0,0,0,0,0,0,4,"1",FALSE,0
"15334",4,"M",2,"White","Middle",2,0,0,0,0,0,0,0,0,0,4,"1",FALSE,0
"15335",5,"F",2,"White","Middle",2,0,0,0,0,0,0,0,0,0,3,"1",FALSE,0
"15336",5,"M",2,"White","Middle",1,0,1,0,0,0,0,0,0,0,1,"1",TRUE,1
"15337",4,"F",2,"White","Middle",2,0,0,0,0,0,0,0,0,0,4,"1",FALSE,0
"15338",4,"F",2,"Hispanic","Middle",2,0,0,0,0,0,0,0,0,0,4,"1",FALSE,0
"15339",4,"F",2,"Asian","Middle",2,0,0,0,0,0,0,0,0,0,4,NA,FALSE,0
"15340",5,"M",2,"White","Middle",2,0,0,0,0,0,0,0,0,0,4,"1",FALSE,0
"15341",5,"F",2,"White","Middle",2,0,0,0,0,0,0,0,0,0,4,"1",FALSE,0
"15342",4,"M",2,"White","Middle",2,0,0,0,0,0,0,0,0,0,1,NA,FALSE,1
"15343",5,"M",2,"White","Middle",2,0,0,0,0,0,0,0,0,0,4,NA,FALSE,0
"15344",5,"M",2,"White","Middle",2,0,0,0,0,0,0,0,0,0,4,"1",FALSE,0
"15345",5,"M",2,"White","Middle",2,0,0,0,0,0,0,0,0,0,4,NA,FALSE,0
"15346",5,"M",2,"White","Middle",2,0,0,0,0,0,0,0,0,0,4,"1",FALSE,0
"15347",5,"M",2,NA,"Middle",2,0,0,0,0,0,0,0,0,0,4,"1",FALSE,0
"15348",5,"F",2,"White","Middle",2,0,0,0,0,0,0,0,0,0,4,"1",FALSE,0
"15349",5,"F",2,"White","Middle",2,0,0,0,0,0,0,0,0,0,3,"1",FALSE,0
"15350",4,"F",2,"White","Middle",2,0,0,0,0,0,0,0,0,0,3,NA,FALSE,0
"15351",4,"F",2,"White","Middle",2,0,0,0,0,0,0,0,0,0,4,NA,FALSE,0
"15352",5,"F",2,"White","Middle",2,0,0,0,0,0,0,0,0,0,4,"1",FALSE,0
"15353",4,"F",2,"White","Middle",2,0,0,0,0,0,0,0,0,0,4,"1",FALSE,0
"15354",5,"M",2,"Asian","Middle",2,0,0,0,0,0,0,0,0,0,4,"1",FALSE,0
"15355",4,"M",2,"White","Middle",2,0,0,0,0,0,0,0,0,0,4,"1",FALSE,0
"15356",4,"M",2,NA,"Middle",2,0,0,0,0,0,0,0,0,0,3,NA,FALSE,0
"15357",4,"F",2,"Hispanic","Middle",2,0,0,0,0,0,0,0,0,0,3,"1",FALSE,0
"15358",4,"F",2,"White","Middle",2,0,0,0,0,0,0,0,0,0,3,"1",FALSE,0
"15359",5,"M",2,"Hispanic","Middle",2,0,0,0,0,0,0,0,0,0,4,"1",FALSE,0
"15360",5,"M",2,"White","Middle",2,0,0,0,0,0,0,0,0,0,4,"1",FALSE,0
"15361",5,"M",2,"White","Middle",2,0,0,0,0,0,0,0,0,0,4,"1",FALSE,0
"15362",5,"F",2,"White","Middle",2,0,0,0,0,0,0,0,0,0,1,"1",FALSE,1
"15363",5,"M",2,"White","Middle",2,0,0,0,0,0,0,0,0,0,4,"1",FALSE,0
"15364",4,"F",2,"Black","Middle",2,0,0,0,0,0,0,0,0,0,4,NA,FALSE,0
"15365",5,"M",2,"White","Middle",2,0,0,0,0,0,0,0,0,0,3,"1",FALSE,0
"15366",4,"F",2,"White","Middle",2,0,0,0,0,0,0,0,0,0,4,NA,FALSE,0
"15367",5,"M",2,"White","Middle",2,0,0,0,0,0,0,0,0,0,3,"1",FALSE,0
"15368",6,"F",3,"White","Middle",2,0,0,0,0,0,0,0,0,0,1,NA,FALSE,1
"15369",5,"F",3,"White","Middle",2,NA,0,0,0,0,0,0,0,1,1,NA,TRUE,1
"15370",6,"F",3,"White","Middle",2,0,0,0,0,0,0,0,0,0,4,"1",FALSE,0
"15371",5,"F",2,"White","Middle",2,0,0,0,0,0,0,0,0,0,2,NA,FALSE,1
"15372",4,"F",2,"White","Middle",2,0,0,0,0,0,0,0,0,0,3,NA,FALSE,0
"15373",5,"F",3,"White","Middle",2,0,0,0,0,0,0,0,0,0,4,"1",FALSE,0
"15374",5,"F",3,"White","Middle",2,0,0,0,0,0,0,0,0,0,1,"1",FALSE,1
"15375",6,"M",3,"White","Middle",2,0,0,0,0,0,0,0,0,0,4,"1",FALSE,0
"15376",6,"F",3,"White","Middle",2,0,0,0,0,0,0,0,0,0,2,"1",FALSE,1
"15377",6,"F",3,"White","Middle",2,0,0,0,0,0,0,0,0,1,2,NA,TRUE,1
"15378",5,"F",3,"Asian","Middle",2,0,0,0,0,0,0,0,0,0,4,"1",FALSE,0
"15379",5,"M",3,"White","Middle",2,0,0,0,0,0,0,0,0,0,3,"1",FALSE,0
"15380",6,"F",3,"White","Middle",2,0,0,0,0,0,0,0,0,0,4,"1",FALSE,0
"15381",6,"M",3,"White","Middle",2,0,0,0,0,0,0,0,0,0,3,"1",FALSE,0
"15382",6,"M",3,"White","Middle",2,0,0,0,0,0,0,0,0,0,4,"1",FALSE,0
"15383",6,"F",3,"White","Middle",2,0,0,0,0,0,0,0,0,0,4,NA,FALSE,0
"15384",6,"M",3,"White","Middle",2,0,0,NA,0,0,0,0,0,1,3,"1",TRUE,0
"15385",5,"M",3,"White","Middle",2,0,0,0,0,0,0,0,0,0,3,"1",FALSE,0
"15386",5,"F",3,"White","Middle",2,0,0,0,0,0,0,0,0,0,4,NA,FALSE,0
"15387",5,"M",3,"White","Middle",1,0,0,0,0,0,0,0,0,0,3,"1",FALSE,0
"15388",6,"M",3,"White","Middle",2,0,0,0,0,0,0,0,0,0,4,"1",FALSE,0
"15389",6,"M",3,"White","Middle",2,0,0,0,0,0,0,0,0,0,2,"1",FALSE,1
"15390",6,"F",3,"White","Middle",2,0,0,0,0,0,0,0,0,0,3,"1",FALSE,0
"15391",5,"F",3,"White","Middle",2,0,0,0,0,0,0,0,0,0,3,"1",FALSE,0
"15392",5,"F",3,"White","Middle",2,0,0,0,0,0,0,0,0,0,4,"1",FALSE,0
"15393",6,"M",3,"White","Middle",2,0,0,0,0,0,0,0,0,0,4,"1",FALSE,0
"15394",5,"F",3,"White","Middle",2,0,0,0,0,0,0,0,0,0,4,"1",FALSE,0
"15395",6,"M",3,"White","Middle",2,0,0,0,0,0,0,0,0,1,4,NA,TRUE,0
"15396",6,"F",3,"White","Middle",2,0,0,0,0,0,0,0,0,0,3,NA,FALSE,0
"15397",6,"M",3,"White","Middle",2,0,0,0,0,0,0,0,0,0,4,"1",FALSE,0
"15398",6,"M",3,"White","Middle",2,0,0,0,0,0,0,0,0,0,4,NA,FALSE,0
"15399",6,"F",3,"White","Middle",2,0,0,0,0,0,0,0,0,0,3,"1",FALSE,0
"15400",6,"F",3,"White","Middle",2,0,0,0,0,0,0,0,0,0,3,"1",FALSE,0
"15401",6,"M",3,"White","Middle",2,0,0,0,0,0,0,0,0,0,4,"1",FALSE,0
"15402",6,"M",3,NA,"Middle",2,0,0,0,0,0,0,0,0,0,2,NA,FALSE,1
"15403",6,"M",3,"White","Middle",2,0,0,0,0,0,0,0,0,0,1,"1",FALSE,1
"15404",6,"F",3,"White","Middle",2,0,0,0,0,0,0,0,0,0,3,NA,FALSE,0
"15405",6,"M",3,"Hispanic","Middle",2,0,0,0,0,0,0,0,0,0,2,NA,FALSE,1
"15406",5,"F",3,"White","Middle",2,0,0,0,0,0,0,0,0,0,2,NA,FALSE,1
"15407",5,"F",3,"White","Middle",2,0,0,0,0,0,0,0,0,0,3,NA,FALSE,0
"15408",5,"M",3,"White","Middle",2,0,0,0,0,0,0,0,0,0,2,"1",FALSE,1
"15409",6,"M",3,"White","Middle",2,0,0,0,0,0,0,0,0,0,4,"1",FALSE,0
"15410",5,"F",3,"White","Middle",2,0,0,0,0,0,0,0,0,0,2,"1",FALSE,1
"15411",6,"M",3,"White","Middle",2,0,0,0,0,0,0,0,0,0,2,NA,FALSE,1
"15412",6,"F",3,"White","Middle",2,0,0,0,0,0,0,0,0,0,4,"1",FALSE,0
"15413",5,"F",3,"White","Middle",2,0,0,0,0,0,0,0,0,0,4,"1",FALSE,0
"15414",6,"F",3,"White","Middle",2,0,0,0,0,0,0,0,0,0,3,NA,FALSE,0
"15415",6,"F",3,"White","Middle",2,0,0,0,0,0,0,0,0,0,4,"1",FALSE,0
"15416",5,"F",3,"White","Middle",2,0,0,0,0,0,0,0,0,0,3,"1",FALSE,0
"15417",6,"F",3,"White","Middle",2,0,0,0,0,0,0,0,0,0,4,"1",FALSE,0
"15418",6,"F",3,"White","Middle",2,0,0,0,0,0,0,0,0,0,4,"1",FALSE,0
"15419",6,"M",3,"White","Middle",1,0,0,0,0,0,0,0,0,0,2,"1",FALSE,1
"15420",6,"F",3,"Hispanic","Middle",2,0,0,0,0,0,0,0,0,0,4,"1",FALSE,0
"15421",5,"F",3,"White","Middle",2,0,0,0,0,0,0,0,0,0,4,NA,FALSE,0
"15422",6,"F",3,"White","Middle",2,0,0,0,0,0,0,0,0,0,4,NA,FALSE,0
"15423",6,"F",3,"White","Middle",2,0,0,0,0,0,0,0,0,0,4,NA,FALSE,0
"15424",4,"F",1,"White","Middle",2,0,0,0,0,0,0,0,0,0,4,"1",FALSE,0
"15425",3,"M",1,"White","Middle",2,0,0,0,0,0,0,0,0,0,4,"1",FALSE,0
"15426",3,"F",1,"White","Middle",2,0,0,0,0,0,0,0,0,0,4,NA,FALSE,0
"15427",3,"F",1,"White","Middle",2,0,0,0,0,0,0,0,0,0,4,"1",FALSE,0
"15428",4,"M",1,"White","Middle",2,0,0,0,0,0,0,0,0,0,4,NA,FALSE,0
"15429",4,"F",1,"White","Middle",2,0,0,0,0,0,0,0,0,0,3,"1",FALSE,0
"15430",4,"F",1,"White","Middle",2,0,0,0,0,0,0,0,0,0,4,"1",FALSE,0
"15431",4,"M",1,"White","Middle",2,0,0,0,0,0,0,0,0,0,2,"1",FALSE,1
"15432",4,"F",1,"White","Middle",2,0,0,0,0,0,0,0,0,0,4,"1",FALSE,0
"15433",3,"M",1,"White","Middle",2,0,0,0,0,0,0,0,0,0,4,"1",FALSE,0
"15434",4,"F",1,"White","Middle",2,0,0,0,0,0,0,0,0,0,4,"1",FALSE,0
"15435",4,"M",1,"White","Middle",2,0,0,0,0,0,0,0,0,0,3,"1",FALSE,0
"15436",3,"M",1,"White","Middle",2,0,0,0,0,0,0,0,0,0,3,"1",FALSE,0
"15437",4,"M",1,"White","Middle",2,0,0,NA,0,0,0,0,0,0,4,"1",NA,0
"15438",3,"F",1,"White","Middle",2,0,0,0,0,0,0,0,0,0,4,NA,FALSE,0
"15439",4,"M",1,"White","Middle",2,0,0,0,0,0,0,0,0,0,4,NA,FALSE,0
"15440",4,"M",1,"White","Middle",2,0,NA,0,0,0,0,0,0,0,4,"1",NA,0
"15441",3,"M",1,"Asian","Middle",2,0,0,0,0,0,0,0,0,0,4,"1",FALSE,0
"15442",3,"F",1,"White","Middle",2,0,0,0,0,0,0,0,0,0,3,"1",FALSE,0
"15443",5,"M",2,"White","Middle",2,0,0,0,0,0,0,0,0,0,1,NA,FALSE,1
"15444",5,"M",2,"White","Middle",2,0,0,0,0,0,0,0,0,0,4,"1",FALSE,0
"15445",5,"F",2,"White","Middle",2,0,0,0,0,0,0,0,0,0,4,NA,FALSE,0
"15446",6,"F",2,"Hispanic","Middle",2,0,0,0,0,0,0,0,0,0,4,"1",FALSE,0
"15447",4,"F",2,"White","Middle",2,0,0,0,0,0,0,0,0,0,2,NA,FALSE,1
"15448",4,"F",2,"Black","Middle",2,0,0,0,0,0,0,0,0,0,1,"1",FALSE,1
"15449",5,"F",2,"Hispanic","Middle",2,0,0,0,NA,NA,1,NA,NA,0,1,NA,TRUE,1
"15450",3,"M",1,"White","Middle",2,0,0,0,0,0,0,0,0,0,4,"1",FALSE,0
"15451",4,"F",1,"White","Middle",2,0,0,0,0,0,0,0,0,0,4,"1",FALSE,0
"15452",4,"M",1,"White","Middle",2,0,0,NA,0,0,0,0,0,0,4,"1",NA,0
"15453",5,"M",1,"White","Middle",2,0,0,0,NA,NA,0,NA,NA,0,3,"1",NA,0
"15454",4,"F",1,"White","Middle",2,0,0,0,0,0,0,0,0,0,4,"1",FALSE,0
"15455",4,"M",1,"White","Middle",2,0,0,0,0,0,0,0,0,0,2,"1",FALSE,1
"15456",3,"M",1,NA,"Middle",1,0,0,0,0,0,0,0,0,0,4,"1",FALSE,0
"15457",4,"F",1,"White","Middle",2,0,0,0,0,0,0,0,0,0,4,"1",FALSE,0
"15458",4,"M",1,"White","Middle",2,0,0,0,0,0,0,0,0,0,4,"1",FALSE,0
"15459",4,"M",1,"White","Middle",2,0,0,0,0,0,0,0,0,0,2,NA,FALSE,1
"15460",4,"M",1,"White","Middle",2,0,0,0,0,0,0,0,0,0,4,"1",FALSE,0
"15461",4,"F",1,"White","Middle",2,0,0,0,0,0,0,0,0,0,2,"1",FALSE,1
"15462",3,"F",1,"White","Middle",2,0,0,0,0,0,0,0,0,0,3,"1",FALSE,0
"15463",3,"M",1,"Asian","Middle",2,0,0,0,0,0,0,0,0,0,4,"1",FALSE,0
"15464",4,"F",1,"White","Middle",2,0,0,0,0,0,0,0,0,0,4,"1",FALSE,0
"15465",4,"F",1,"White","Middle",2,0,0,0,0,0,0,0,0,0,4,"1",FALSE,0
"15466",3,"F",1,"Black","Middle",2,0,0,0,0,0,0,0,0,0,4,"1",FALSE,0
"15467",3,"M",1,"White","Middle",2,0,0,0,0,0,0,0,0,0,4,"1",FALSE,0
"15468",4,"F",1,"Black","Middle",2,0,0,0,0,0,0,0,0,0,4,"1",FALSE,0
"15469",4,"F",1,"White","Middle",2,0,0,0,0,0,0,0,0,0,4,"1",FALSE,0
"15470",4,"F",1,"Hispanic","Middle",2,0,0,0,0,0,0,0,0,0,4,"1",FALSE,0
"15471",4,"F",1,"White","Middle",2,0,0,0,0,0,0,0,0,0,4,"1",FALSE,0
"15472",3,"M",1,"Hispanic","Middle",2,0,0,0,0,0,0,0,0,0,2,"1",FALSE,1
"15473",3,"M",1,"White","Middle",2,0,0,0,0,0,0,0,0,0,4,"1",FALSE,0
"15474",4,"M",1,"White","Middle",2,0,0,0,0,0,0,0,0,0,4,"1",FALSE,0
"15475",3,"M",1,"White","Middle",2,0,0,0,0,0,0,0,0,0,1,NA,FALSE,1
"15476",3,"M",1,"Hispanic","Middle",2,0,0,0,0,0,0,0,0,0,1,"1",FALSE,1
"15477",4,"M",1,"White","Middle",2,0,0,0,0,0,0,0,0,0,2,"1",FALSE,1
"15478",4,"M",1,"White","Middle",2,0,0,0,0,0,0,0,0,0,4,"1",FALSE,0
"15479",4,"M",1,"White","Middle",2,0,0,0,0,0,0,0,0,0,4,"1",FALSE,0
"15480",4,"F",1,"White","Middle",2,0,0,0,0,0,0,0,0,0,4,"1",FALSE,0
"15481",4,"M",1,"White","Middle",2,0,0,0,0,0,0,0,0,0,4,NA,FALSE,0
"15482",4,"M",1,"White","Middle",2,0,0,0,0,0,0,0,0,0,4,"1",FALSE,0
"15483",3,"M",1,"White","Middle",2,0,0,0,0,0,0,0,0,0,4,"1",FALSE,0
"15484",4,"F",2,"White","Middle",2,0,0,0,0,0,0,0,0,0,2,"1",FALSE,1
"15485",4,"F",2,"White","Middle",2,0,0,0,0,0,0,0,0,0,4,"1",FALSE,0
"15486",5,"F",2,"White","Middle",2,0,0,0,0,0,0,0,0,0,4,"1",FALSE,0
"15487",5,"F",2,NA,"Middle",2,0,0,0,0,0,0,0,0,0,4,"1",FALSE,0
"15488",5,"F",2,"White","Middle",2,0,0,0,0,0,0,0,0,0,4,"1",FALSE,0
"15489",5,"M",2,"White","Middle",2,0,0,0,0,0,0,0,0,0,4,NA,FALSE,0
"15490",4,"M",2,"White","Middle",2,0,0,0,0,0,0,0,0,0,4,NA,FALSE,0
"15491",4,"M",2,"White","Middle",1,0,1,0,0,0,0,0,0,1,3,"1",TRUE,0
"15492",10,"M",7,"Hispanic","High",2,0,0,0,0,0,0,0,0,0,4,"1",FALSE,0
"15493",6,"M",4,"Black","High",2,0,0,0,0,0,0,0,0,0,2,"1",FALSE,1
"15494",7,"F",4,"Black","High",2,0,0,0,0,0,0,0,0,0,4,NA,FALSE,0
"15495",7,"F",4,"Black","High",2,0,0,0,0,0,1,0,0,0,1,"1",TRUE,1
"15496",6,"M",4,"Hispanic","High",2,0,0,0,0,0,0,0,0,0,1,NA,FALSE,1
"15497",7,"F",4,"Black","High",1,0,1,0,0,0,0,0,0,0,4,NA,TRUE,0
"15498",6,"F",4,"Hispanic","High",2,0,0,0,0,0,0,0,0,0,4,NA,FALSE,0
"15499",7,"M",4,"Hispanic","High",2,0,0,0,0,0,0,0,0,0,4,NA,FALSE,0
"15500",6,"F",4,"Black","High",2,0,0,0,0,0,0,0,0,0,4,"1",FALSE,0
"15501",6,"M",4,"Black","High",2,0,0,0,0,0,0,0,0,0,4,NA,FALSE,0
"15502",7,"M",NA,"Black",NA,2,0,0,0,0,0,0,0,0,0,4,"1",FALSE,0
"15503",7,"F",4,"Black","High",1,0,0,0,0,0,0,0,0,0,4,"1",FALSE,0
"15504",6,"F",4,"Black","High",2,0,0,0,0,0,0,0,0,0,4,NA,FALSE,0
"15505",6,"F",4,"Black","High",2,0,0,0,0,0,0,0,0,0,4,"1",FALSE,0
"15506",8,"F",4,"White","High",1,0,1,0,0,1,0,0,0,0,1,"1",TRUE,1
"15507",7,"F",4,"Black","High",1,0,1,0,0,0,0,0,0,0,4,NA,TRUE,0
"15508",8,"F",4,"Black","High",2,0,0,0,0,0,0,0,0,0,4,"1",FALSE,0
"15509",7,"F",4,"Black","High",2,0,0,0,0,0,0,0,0,0,4,"1",FALSE,0
"15510",10,"F",7,"Black","High",2,0,0,0,0,0,0,0,0,0,4,NA,FALSE,0
"15511",10,"F",7,"Black","High",1,0,1,0,0,0,0,0,0,0,4,"1",TRUE,0
"15512",10,"F",7,"Black","High",1,0,1,0,0,1,1,0,0,0,4,NA,TRUE,0
"15513",10,"F",7,"Black","High",1,0,1,0,0,0,1,0,0,0,2,"1",TRUE,1
"15514",9,"M",7,"Hispanic","High",2,0,0,0,0,0,0,0,0,0,2,"1",FALSE,1
"15515",9,"F",7,"Black","High",2,0,0,0,0,0,0,0,0,0,4,"1",FALSE,0
"15516",9,"M",7,"Hispanic","High",2,0,0,0,0,0,0,0,0,0,4,"1",FALSE,0
"15517",10,"F",7,"Black","High",1,0,NA,0,0,0,0,0,0,0,4,"1",NA,0
"15518",10,"M",7,"Black","High",2,0,0,0,0,0,0,0,0,0,4,NA,FALSE,0
"15519",10,"F",7,"Black","High",2,0,0,0,0,0,0,0,0,0,4,"1",FALSE,0
"15520",10,"F",7,"Black","High",2,0,0,0,0,0,0,0,0,0,4,"1",FALSE,0
"15521",9,"F",7,"Black","High",2,0,0,0,0,0,1,0,0,0,4,NA,TRUE,0
"15522",10,"F",7,"Hispanic","High",2,0,0,0,0,0,0,0,0,0,4,"1",FALSE,0
"15523",10,"F",7,"Black","High",1,0,0,0,0,0,1,0,0,0,4,"1",TRUE,0
"15524",9,"F",7,"Black","High",2,0,0,0,0,0,1,0,0,0,4,"1",TRUE,0
"15525",10,"F",7,"Black","High",2,0,0,0,0,0,1,0,0,0,4,"1",TRUE,0
"15526",10,"F",7,"Black","High",1,0,1,0,1,0,0,0,0,0,4,"1",TRUE,0
"15527",9,"M",7,"Black","High",1,0,0,0,0,0,0,0,0,0,2,"1",FALSE,1
"15528",10,"F",7,"Black","High",2,0,0,0,0,0,0,0,0,0,4,"1",FALSE,0
"15529",9,"F",7,"Black","High",2,0,0,0,0,0,0,0,0,0,4,"1",FALSE,0
"15530",9,"F",6,"Black","High",2,0,0,0,0,0,0,0,0,0,4,"1",FALSE,0
"15531",9,"F",6,"Black","High",2,0,0,0,0,0,0,0,0,0,4,NA,FALSE,0
"15532",8,"F",6,"Black","High",2,0,0,0,0,0,0,0,0,0,4,"1",FALSE,0
"15533",9,"M",6,"Hispanic","High",2,0,0,0,0,0,0,0,0,0,4,"1",FALSE,0
"15534",8,"F",6,"Black","High",2,0,0,0,0,0,0,0,0,0,4,"1",FALSE,0
"15535",10,"F",6,"Black","High",2,0,0,0,0,0,0,0,0,0,4,NA,FALSE,0
"15536",8,"F",6,"Black","High",2,0,0,0,0,0,0,0,0,0,4,"1",FALSE,0
"15537",9,"M",6,"Black","High",2,0,0,0,0,0,0,0,0,0,4,"1",FALSE,0
"15538",9,"F",6,"Hispanic","High",2,0,0,0,0,0,0,0,0,0,4,"1",FALSE,0
"15539",9,"M",6,"Black","High",2,0,0,0,0,0,0,0,0,0,4,"1",FALSE,0
"15540",8,"F",6,"Black","High",1,0,0,0,0,0,0,0,0,0,2,NA,FALSE,1
"15541",8,"F",6,"Black","High",2,0,0,0,0,0,0,0,0,0,4,"1",FALSE,0
"15542",9,"M",6,"Black","High",2,0,0,0,0,0,0,0,0,0,2,"1",FALSE,1
"15543",8,"M",6,"Hispanic","High",1,0,0,0,0,0,1,0,0,0,4,NA,TRUE,0
"15544",9,"M",6,"Black","High",2,0,0,0,0,0,0,0,0,0,4,"1",FALSE,0
"15545",8,"F",6,"Black","High",1,0,0,0,0,0,0,0,0,0,4,"1",FALSE,0
"15546",9,"M",6,"Black","High",2,0,0,0,0,0,0,0,0,0,4,"1",FALSE,0
"15547",9,"F",6,"Black","High",2,0,0,0,0,0,0,0,0,0,4,"1",FALSE,0
"15548",9,"M",6,"Black","High",2,0,0,0,0,0,0,0,0,0,4,"1",FALSE,0
"15549",8,"F",6,"Black","High",1,0,0,0,0,0,0,0,0,0,4,NA,FALSE,0
"15550",8,"F",5,"Black","High",1,0,0,0,0,0,0,0,0,0,4,NA,FALSE,0
"15551",8,"F",5,"Black","High",2,0,0,0,0,0,0,0,0,0,4,NA,FALSE,0
"15552",8,"F",5,"Black","High",2,0,0,0,0,0,1,0,0,0,4,"1",TRUE,0
"15553",8,"M",5,"Hispanic","High",1,0,0,0,0,0,0,0,0,0,2,"1",FALSE,1
"15554",9,"F",7,"Black","High",2,0,0,0,0,0,0,0,0,0,4,"1",FALSE,0
"15555",8,"F",5,"Black","High",2,0,0,0,0,0,0,0,0,0,2,"1",FALSE,1
"15556",9,"F",5,"Hispanic","High",2,0,0,0,0,0,0,0,0,0,4,"1",FALSE,0
"15557",7,"F",5,"Hispanic","High",2,0,0,0,0,0,0,0,0,0,4,NA,FALSE,0
"15558",7,"F",5,"Black","High",2,0,0,0,0,0,0,0,0,0,2,"1",FALSE,1
"15559",9,"F",5,"Black","High",2,0,0,0,0,0,0,0,0,0,3,NA,FALSE,0
"15560",8,"M",5,"Black","High",2,0,0,0,0,0,0,0,0,0,4,"1",FALSE,0
"15561",8,"M",5,"Black","High",2,0,0,0,0,0,0,0,0,0,4,"1",FALSE,0
"15562",8,"M",5,"Black","High",2,0,0,0,0,0,0,0,0,0,4,NA,FALSE,0
"15563",8,"M",5,"Black","High",2,0,0,0,0,0,0,0,0,0,4,"1",FALSE,0
"15564",7,"F",5,"Black","High",2,0,0,0,0,0,0,0,0,0,4,"1",FALSE,0
"15565",8,"M",5,"Black","High",2,0,0,0,0,0,0,0,0,0,2,NA,FALSE,1
"15566",8,"M",5,"Black","High",2,0,0,0,0,0,0,0,0,0,3,"1",FALSE,0
"15567",7,"F",5,"Black","High",2,0,0,0,0,0,0,0,0,0,4,"1",FALSE,0
"15568",10,"F",7,"Black","High",2,0,0,0,0,0,0,0,0,0,4,"1",FALSE,0
"15569",9,"F",7,"Hispanic","High",1,0,0,0,0,0,0,0,0,0,3,"1",FALSE,0
"15570",10,"F",7,"Black","High",2,0,0,0,0,0,0,0,0,0,4,"1",FALSE,0
"15571",9,"F",6,"White","High",1,0,1,0,0,0,1,0,0,0,2,NA,TRUE,1
"15572",10,"F",7,"Hispanic","High",2,0,0,0,0,0,0,0,0,0,2,"1",FALSE,1
"15573",10,"F",7,"White","High",2,1,0,0,0,0,0,0,0,0,1,NA,TRUE,1
"15574",9,"F",7,"White","High",2,0,0,0,0,0,0,0,0,0,4,"1",FALSE,0
"15575",9,"F",7,"Black","High",2,0,0,NA,0,0,NA,0,0,0,2,NA,NA,1
"15576",10,"F",7,"Black","High",2,0,0,0,0,0,0,0,0,0,4,"1",FALSE,0
"15577",10,"M",7,"White","High",2,0,0,0,0,0,0,0,0,0,4,"1",FALSE,0
"15578",10,"M",7,"White","High",2,0,0,0,0,0,0,0,0,0,2,"1",FALSE,1
"15579",10,"F",7,"White","High",2,0,0,0,0,0,0,0,0,0,3,NA,FALSE,0
"15580",10,"F",7,"White","High",2,0,0,0,0,0,0,0,0,0,4,NA,FALSE,0
"15581",11,"M",7,"White","High",1,1,0,0,0,0,0,0,0,1,1,NA,TRUE,1
"15582",10,"F",7,"White","High",2,0,0,0,0,0,0,0,0,0,4,"1",FALSE,0
"15583",10,"F",7,"White","High",2,0,0,0,0,0,0,0,0,1,4,NA,TRUE,0
"15584",10,"F",7,"Hispanic","High",1,0,0,0,0,0,0,0,0,0,4,"1",FALSE,0
"15585",10,"F",7,"Black","High",2,0,0,NA,0,0,0,0,0,0,1,"1",NA,1
"15586",10,"F",7,"Black","High",1,0,0,0,0,0,0,0,0,0,4,NA,FALSE,0
"15587",10,"F",7,"White","High",2,0,0,0,0,0,0,0,0,0,4,"1",FALSE,0
"15588",9,"F",7,"White","High",2,0,0,0,0,0,0,0,0,0,4,"1",FALSE,0
"15589",10,"F",7,"Hispanic","High",2,0,0,0,0,0,0,0,0,0,4,"1",FALSE,0
"15590",10,"F",7,"White","High",2,0,0,0,0,0,0,0,0,0,1,"1",FALSE,1
"15591",10,"F",7,"Asian","High",2,0,0,0,0,0,1,0,0,0,4,NA,TRUE,0
"15592",7,"F",4,"White","High",2,0,0,NA,0,0,0,0,0,0,1,"1",NA,1
"15593",6,"F",4,"White","High",2,0,0,0,0,0,0,0,0,0,3,"1",FALSE,0
"15594",7,"M",4,"Black","High",2,0,0,0,0,0,0,0,0,0,2,NA,FALSE,1
"15595",6,"F",4,"Hispanic","High",2,0,0,0,0,0,0,0,0,0,4,"1",FALSE,0
"15596",7,"M",4,"White","High",2,0,0,0,0,0,0,0,0,0,4,"1",FALSE,0
"15597",7,"F",4,"Hispanic","High",1,0,0,0,0,0,0,0,0,0,4,"1",FALSE,0
"15598",7,"F",4,"Hispanic","High",2,0,0,NA,0,0,0,0,0,0,2,"1",NA,1
"15599",7,"F",4,"Hispanic","High",2,0,0,0,0,0,0,0,0,0,2,NA,FALSE,1
"15600",7,"F",4,"Hispanic","High",2,0,0,NA,0,0,0,0,0,0,2,"1",NA,1
"15601",7,"F",4,"Hispanic","High",2,0,0,0,0,0,0,0,0,0,4,NA,FALSE,0
"15602",6,"F",4,"Hispanic","High",2,0,0,0,0,0,0,0,0,0,3,"1",FALSE,0
"15603",7,"F",4,"White","High",2,0,0,0,0,0,0,0,0,0,2,NA,FALSE,1
"15604",7,"F",4,"White","High",2,0,0,0,0,0,0,0,0,0,4,"1",FALSE,0
"15605",7,"M",4,"Asian","High",2,0,0,0,0,0,0,0,0,0,4,NA,FALSE,0
"15606",7,"F",4,"Asian","High",2,0,0,0,0,0,0,0,0,0,4,"1",FALSE,0
"15607",7,"M",4,"Black","High",2,0,0,0,0,0,0,0,0,0,1,"1",FALSE,1
"15608",7,"F",4,"Asian","High",2,0,0,0,0,0,0,0,0,0,4,"1",FALSE,0
"15609",7,"F",4,"Hispanic","High",2,0,0,0,0,0,0,0,0,0,4,"1",FALSE,0
"15610",6,"F",4,"Hispanic","High",2,0,0,0,0,0,1,0,0,0,1,"1",TRUE,1
"15611",7,"F",4,"Hispanic","High",2,0,0,0,0,0,0,0,0,0,4,NA,FALSE,0
"15612",7,"F",4,"White","High",2,0,0,0,0,0,0,0,0,0,4,"1",FALSE,0
"15613",6,"M",4,"Asian","High",2,0,0,0,0,0,0,0,0,0,4,"1",FALSE,0
"15614",7,"M",4,"Asian","High",2,0,0,0,0,0,0,0,0,0,4,"1",FALSE,0
"15615",6,"F",4,"White","High",NA,0,NA,NA,0,0,0,0,0,NA,2,NA,NA,1
"15616",7,NA,4,"White","High",2,0,0,0,0,0,0,0,0,0,3,"1",FALSE,0
"15617",7,"F",4,"White","High",2,0,0,0,0,0,0,0,0,0,2,"1",FALSE,1
"15618",6,"F",4,"White","High",2,0,0,0,0,0,0,0,0,0,4,"1",FALSE,0
"15619",7,"M",4,"White","High",2,0,0,0,0,0,0,0,0,0,4,"1",FALSE,0
"15620",7,"F",4,"White","High",2,0,0,0,0,0,0,0,0,0,3,NA,FALSE,0
"15621",6,"F",4,"Black","High",2,0,0,0,0,0,0,0,0,0,3,NA,FALSE,0
"15622",7,"F",5,"Black","High",2,0,0,0,0,0,0,0,0,0,2,"1",FALSE,1
"15623",8,"F",5,"White","High",2,0,0,0,0,0,0,0,0,0,1,NA,FALSE,1
"15624",7,"F",5,NA,"High",2,0,0,0,0,0,0,0,0,0,4,"1",FALSE,0
"15625",8,"M",5,"White","High",1,0,1,0,0,0,0,0,0,0,1,"1",TRUE,1
"15626",8,"F",5,"White","High",1,1,1,0,0,0,0,1,0,1,2,"1",TRUE,1
"15627",7,"F",5,"White","High",2,0,0,0,0,0,0,0,0,0,2,"1",FALSE,1
"15628",8,"F",5,"White","High",2,0,0,0,0,0,0,0,0,0,4,"1",FALSE,0
"15629",8,"F",5,"White","High",2,0,0,0,0,0,0,0,0,0,4,"1",FALSE,0
"15630",8,"F",5,"Hispanic","High",2,0,0,0,0,0,0,0,0,0,4,"1",FALSE,0
"15631",8,"F",5,"White","High",2,0,0,0,0,0,0,0,0,0,4,"1",FALSE,0
"15632",7,"F",5,"White","High",2,0,0,0,0,0,0,0,0,0,4,"1",FALSE,0
"15633",8,"F",5,"Hispanic","High",2,0,0,0,0,0,0,0,0,0,4,NA,FALSE,0
"15634",8,"F",5,"White","High",2,0,0,0,0,0,0,0,0,0,1,NA,FALSE,1
"15635",8,"F",5,"Black","High",1,0,0,0,0,0,0,0,0,0,4,NA,FALSE,0
"15636",8,"F",5,"Hispanic","High",2,0,0,0,0,0,0,0,0,0,4,NA,FALSE,0
"15637",7,"F",5,"Hispanic","High",1,0,0,0,0,0,0,0,0,0,2,NA,FALSE,1
"15638",8,"M",5,"White","High",1,1,0,0,0,0,0,0,0,1,1,NA,TRUE,1
"15639",8,"M",5,"White","High",1,0,1,0,0,0,0,0,0,0,2,"1",TRUE,1
"15640",8,"F",5,"Hispanic","High",1,1,0,0,0,0,0,0,0,0,1,"1",TRUE,1
"15641",8,"F",5,"White","High",2,0,0,0,0,0,0,0,0,0,4,"1",FALSE,0
"15642",7,"F",5,"Hispanic","High",2,0,0,0,0,0,0,0,0,0,4,"1",FALSE,0
"15643",7,"F",5,"White","High",2,0,0,0,0,0,0,0,0,0,4,"1",FALSE,0
"15644",8,"F",5,"White","High",NA,0,NA,NA,0,0,0,0,0,NA,3,NA,NA,0
"15645",8,"M",5,"White","High",2,0,0,0,0,0,0,0,0,0,4,"1",FALSE,0
"15646",8,"M",5,"White","High",1,0,0,0,0,0,0,0,0,1,1,NA,TRUE,1
"15647",7,"M",5,"White","High",2,0,0,0,0,0,0,0,0,0,4,NA,FALSE,0
"15648",8,"F",5,"White","High",2,0,0,0,0,0,0,0,0,0,1,NA,FALSE,1
"15649",8,"M",5,"Hispanic","High",2,0,0,0,0,0,0,0,0,0,4,"1",FALSE,0
"15650",7,"M",5,"White","High",2,0,0,0,0,0,0,0,0,0,4,"1",FALSE,0
"15651",8,"F",5,"Hispanic","High",2,0,0,0,0,0,0,0,0,0,2,NA,FALSE,1
"15652",1,"M",5,"Black","High",2,0,0,0,0,0,0,0,0,0,2,"1",FALSE,1
"15653",7,"F",5,"White","High",1,0,0,0,0,0,0,0,0,0,1,"1",FALSE,1
"15654",8,"M",5,"White","High",2,0,0,0,0,0,0,0,0,0,4,"1",FALSE,0
"15655",8,"F",6,"White","High",2,0,0,0,0,0,0,0,0,0,2,"1",FALSE,1
"15656",9,"F",6,"White","High",2,0,0,0,0,0,0,0,0,0,3,"1",FALSE,0
"15657",9,"M",6,"White","High",1,0,1,0,0,0,0,0,0,1,1,NA,TRUE,1
"15658",9,"F",6,"White","High",2,0,0,0,0,0,0,0,0,0,4,NA,FALSE,0
"15659",8,"F",6,"White","High",2,0,0,0,0,0,0,0,0,0,3,"1",FALSE,0
"15660",8,"M",6,"Hispanic","High",2,0,0,0,0,0,0,0,0,0,4,"1",FALSE,0
"15661",9,"F",6,"White","High",2,0,0,0,0,0,0,0,0,0,2,NA,FALSE,1
"15662",8,"M",6,"Hispanic","High",2,0,0,0,0,0,1,0,0,0,3,"1",TRUE,0
"15663",8,"F",6,"Hispanic","High",2,0,0,0,0,0,0,0,0,0,2,"1",FALSE,1
"15664",9,"F",6,"Hispanic","High",1,1,1,0,0,0,0,0,0,0,1,NA,TRUE,1
"15665",9,"M",6,"White","High",2,0,0,0,0,0,0,0,0,0,2,NA,FALSE,1
"15666",8,"F",6,"Black","High",2,0,0,0,0,0,0,0,0,0,1,NA,FALSE,1
"15667",8,"F",6,"White","High",1,0,0,0,0,0,0,0,0,0,4,"1",FALSE,0
"15668",8,"F",6,"Black","High",2,0,0,0,0,0,0,0,0,0,3,"1",FALSE,0
"15669",8,"F",6,"Black","High",2,0,0,0,0,0,0,0,0,0,4,NA,FALSE,0
"15670",8,"M",6,"White","High",1,0,1,0,0,0,0,0,0,0,1,NA,TRUE,1
"15671",9,"F",6,"Hispanic","High",1,0,NA,0,0,0,0,0,0,0,2,"1",NA,1
"15672",9,"F",6,"White","High",2,0,0,0,0,0,0,0,0,0,3,"1",FALSE,0
"15673",9,"F",6,"Hispanic","High",2,0,0,0,0,0,0,0,0,0,1,"1",FALSE,1
"15674",9,"F",6,"White","High",1,1,0,0,0,0,0,0,0,1,1,NA,TRUE,1
"15675",9,"F",6,"Hispanic","High",1,0,0,0,0,0,0,0,0,0,1,NA,FALSE,1
"15676",8,"F",6,"White","High",2,0,0,0,0,0,0,0,0,0,2,"1",FALSE,1
"15677",9,"F",6,"Black","High",2,0,0,0,0,0,0,0,0,0,2,"1",FALSE,1
"15678",9,"M",6,"Black","High",2,0,0,0,0,0,0,0,0,0,3,"1",FALSE,0
"15679",9,"F",6,"Hispanic","High",2,0,0,0,0,0,0,0,0,0,4,"1",FALSE,0
"15680",8,"F",6,"Hispanic","High",2,0,0,0,0,0,0,0,0,0,4,"1",FALSE,0
"15681",9,"F",6,"White","High",2,0,0,0,0,0,0,0,0,0,3,NA,FALSE,0
"15682",8,"F",6,"White","High",2,0,0,0,0,0,0,0,0,0,2,NA,FALSE,1
"15683",9,"M",6,"White","High",1,1,0,0,0,0,0,0,0,1,1,NA,TRUE,1
"15684",8,"F",6,"White","High",2,0,0,0,0,0,0,0,0,0,4,NA,FALSE,0
"15685",8,"F",6,"White","High",1,0,1,0,0,0,0,0,0,1,2,NA,TRUE,1
"15686",9,"F",6,"Hispanic","High",2,0,0,0,0,0,0,0,0,0,4,"1",FALSE,0
"15687",9,"M",6,"White","High",2,0,0,0,0,0,0,0,0,0,2,NA,FALSE,1
"15688",8,"M",6,"White","High",1,1,1,0,0,0,0,0,0,1,1,NA,TRUE,1
"15689",8,"F",6,"White","High",2,1,0,0,0,0,0,0,0,0,1,NA,TRUE,1
"15690",9,"F",6,"White","High",1,0,0,0,0,0,0,0,0,1,1,"1",TRUE,1
"15691",9,"F",6,"White","High",2,0,0,0,0,0,0,0,0,0,1,"1",FALSE,1
"15692",8,"F",6,"Black","High",2,0,0,0,0,0,0,0,0,0,4,"1",FALSE,0
"15693",9,"F",6,"Hispanic","High",2,0,0,0,0,0,0,0,0,0,4,NA,FALSE,0
"15694",8,"F",6,"White","High",2,0,0,0,0,0,0,0,0,0,4,"1",FALSE,0
"15695",9,"F",6,"Black","High",2,0,0,0,0,0,0,0,0,0,4,"1",FALSE,0
"15696",9,"F",6,"Hispanic","High",2,0,0,0,0,0,0,0,0,0,4,"1",FALSE,0
"15697",8,"M",6,"Black","High",2,0,0,0,0,0,0,0,0,0,2,"1",FALSE,1
"15698",8,"F",6,"White","High",2,1,0,0,0,0,0,0,0,0,2,"1",TRUE,1
"15699",9,"F",6,"White","High",2,0,0,0,0,0,0,0,0,0,4,"1",FALSE,0
"15700",9,"F",6,"Hispanic","High",2,0,0,1,0,0,0,0,0,1,2,"1",TRUE,1
"15701",9,"M",6,"Hispanic","High",2,0,0,0,0,0,0,0,0,0,4,NA,FALSE,0
"15702",9,"M",6,"Hispanic","High",2,0,0,0,0,0,0,0,0,0,4,"1",FALSE,0
"15703",9,"F",6,"Black","High",2,0,0,0,0,0,0,0,0,0,1,"1",FALSE,1
"15704",9,"F",6,"White","High",2,0,0,0,0,0,0,0,0,1,2,NA,TRUE,1
"15705",9,"F",6,"Asian","High",2,0,0,0,0,0,0,0,0,0,3,"1",FALSE,0
"15706",9,"F",6,"White","High",2,0,0,0,0,0,0,0,0,0,2,"1",FALSE,1
"15707",8,"M",6,"White","High",2,0,0,0,0,0,0,0,0,0,1,NA,FALSE,1
"15708",9,"M",6,"White","High",2,0,0,0,0,0,0,0,0,0,4,NA,FALSE,0
"15709",9,"M",6,"Hispanic","High",1,1,0,0,0,0,1,0,0,1,2,"1",TRUE,1
"15710",9,"F",6,"White","High",2,1,0,0,0,0,0,0,0,0,2,"1",TRUE,1
"15711",9,"F",6,"Asian","High",2,0,0,0,0,0,0,0,0,0,4,NA,FALSE,0
"15712",8,"F",6,"White","High",1,0,0,0,0,0,0,0,0,0,1,NA,FALSE,1
"15713",10,"F",7,"Black","High",1,0,1,0,0,0,0,0,0,0,4,"1",TRUE,0
"15714",10,"F",7,"Black","High",2,0,0,0,0,0,0,0,0,0,4,"1",FALSE,0
"15715",9,"F",7,"White","High",2,0,0,0,0,0,0,0,0,0,2,"1",FALSE,1
"15716",9,"F",7,"Hispanic","High",2,0,0,0,0,0,0,0,0,0,4,"1",FALSE,0
"15717",10,"F",7,"Asian","High",2,0,0,0,0,0,0,0,0,0,4,"1",FALSE,0
"15718",9,"F",7,"Black","High",2,0,0,0,0,0,0,0,0,0,4,"1",FALSE,0
"15719",10,"M",7,"White","High",1,0,0,0,0,0,0,0,0,1,2,NA,TRUE,1
"15720",10,"F",7,"Black","High",1,0,0,0,0,0,0,0,0,0,2,NA,FALSE,1
"15721",9,"F",7,"Hispanic","High",1,0,1,0,0,0,1,0,0,0,2,"1",TRUE,1
"15722",9,"F",7,"Hispanic","High",2,0,0,0,0,0,0,0,0,0,4,NA,FALSE,0
"15723",10,"F",7,"Hispanic","High",2,0,0,0,0,0,0,0,0,0,2,"1",FALSE,1
"15724",10,"F",7,"White","High",2,0,0,0,0,0,0,0,0,0,4,"1",FALSE,0
"15725",9,NA,7,"White","High",2,1,0,NA,0,0,NA,0,0,1,1,NA,TRUE,1
"15726",10,"F",7,"Hispanic","High",2,0,0,0,0,0,0,0,0,1,3,NA,TRUE,0
"15727",9,"F",7,"White","High",2,0,0,0,0,0,0,0,0,1,1,NA,TRUE,1
"15728",9,"M",7,"Asian","High",2,0,0,0,0,0,0,0,0,0,4,"1",FALSE,0
"15729",9,"M",7,"White","High",2,0,0,0,0,0,0,0,0,0,1,"1",FALSE,1
"15730",9,"F",7,"White","High",2,0,0,0,NA,NA,0,NA,NA,1,1,NA,TRUE,1
"15731",10,"F",7,"White","High",2,0,0,0,0,0,0,0,0,0,4,"1",FALSE,0
"15732",10,"F",7,"Hispanic","High",1,0,0,0,0,0,0,0,0,0,4,NA,FALSE,0
"15733",10,"F",7,"White","High",2,0,0,0,0,0,0,0,0,0,4,NA,FALSE,0
"15734",9,"F",7,"Hispanic","High",2,0,0,0,0,0,0,0,0,0,4,"1",FALSE,0
"15735",9,"M",7,"White","High",2,0,0,0,0,0,0,0,0,0,4,NA,FALSE,0
"15736",9,"M",7,"White","High",2,0,0,0,0,0,0,0,0,0,2,NA,FALSE,1
"15737",9,"F",7,"Black","High",2,0,0,0,0,0,0,0,0,0,4,"1",FALSE,0
"15738",10,"F",7,"Black","High",2,0,0,0,0,0,0,0,0,0,4,NA,FALSE,0
"15739",10,"M",7,"Hispanic","High",2,0,0,0,0,0,1,0,0,0,3,"1",TRUE,0
"15740",9,"F",7,"Hispanic","High",2,0,0,0,0,0,0,0,0,0,4,"1",FALSE,0
"15741",10,"F",7,"Hispanic","High",2,0,0,0,0,0,0,0,0,0,2,"1",FALSE,1
"15742",7,"F",4,"Hispanic","High",2,0,0,0,0,0,0,0,0,0,4,NA,FALSE,0
"15743",7,"F",4,"Hispanic","High",1,0,0,0,0,0,0,0,0,0,1,"1",FALSE,1
"15744",7,"F",4,"Hispanic","High",2,0,0,0,0,0,0,0,0,0,4,NA,FALSE,0
"15745",6,"F",4,"Hispanic","High",2,0,0,0,0,0,0,0,0,0,2,NA,FALSE,1
"15746",6,"F",4,"White","High",2,0,0,0,0,0,0,0,0,0,3,"1",FALSE,0
"15747",7,"F",4,"White","High",2,0,0,0,0,0,0,0,0,0,4,NA,FALSE,0
"15748",7,"F",4,"White","High",2,0,0,0,0,0,0,0,0,0,3,NA,FALSE,0
"15749",7,"F",4,"White","High",2,0,0,0,0,0,0,0,0,0,4,"1",FALSE,0
"15750",6,"F",4,"Hispanic","High",2,0,0,0,0,0,0,0,0,0,3,"1",FALSE,0
"15751",6,"F",4,"White","High",2,0,0,0,0,0,0,0,0,0,4,NA,FALSE,0
"15752",6,"F",4,"White","High",2,0,0,0,0,0,0,0,0,0,4,"1",FALSE,0
"15753",7,"F",4,"Hispanic","High",2,0,0,0,0,0,0,0,0,0,4,"1",FALSE,0
"15754",7,"F",4,"White","High",2,0,0,0,0,0,0,0,0,0,4,NA,FALSE,0
"15755",7,"F",4,"Hispanic","High",2,0,0,0,0,0,0,0,0,1,4,NA,TRUE,0
"15756",6,"F",4,"White","High",2,0,0,0,0,0,0,0,0,0,4,NA,FALSE,0
"15757",7,"M",4,"Hispanic","High",2,0,0,0,0,0,0,0,0,0,4,"1",FALSE,0
"15758",7,"F",4,"Hispanic","High",2,0,0,0,0,0,0,0,0,0,4,"1",FALSE,0
"15759",7,"F",4,"Hispanic","High",2,0,0,0,0,0,0,0,0,0,3,NA,FALSE,0
"15760",7,"F",4,"White","High",2,0,0,0,0,0,0,0,0,0,4,"1",FALSE,0
"15761",6,"F",4,"Hispanic","High",2,0,0,0,0,0,0,0,0,0,4,"1",FALSE,0
"15762",6,"M",4,"White","High",2,0,0,0,0,0,0,0,0,0,3,"1",FALSE,0
"15763",8,"F",5,"White","High",2,0,0,0,0,0,0,0,0,0,4,NA,FALSE,0
"15764",8,"F",5,"Black","High",2,0,0,0,0,0,0,0,0,0,4,"1",FALSE,0
"15765",8,"M",5,"White","High",2,0,0,0,0,0,0,0,0,0,4,NA,FALSE,0
"15766",8,"F",5,"White","High",2,0,0,0,0,0,0,0,0,0,3,NA,FALSE,0
"15767",7,"M",5,"White","High",2,0,0,0,0,0,0,0,0,0,3,"1",FALSE,0
"15768",8,"M",5,"White","High",2,0,0,0,0,0,0,0,0,0,4,"1",FALSE,0
"15769",8,"M",5,"White","High",2,0,0,0,0,0,0,0,0,0,4,NA,FALSE,0
"15770",8,"M",5,"Asian","High",2,0,0,0,0,0,0,0,0,0,1,"1",FALSE,1
"15771",8,"F",5,"Black","High",2,0,0,0,0,0,0,0,0,1,4,"1",TRUE,0
"15772",8,"F",5,"White","High",2,0,0,0,0,0,0,0,0,1,2,NA,TRUE,1
"15773",8,"F",5,"White","High",2,0,0,0,0,0,0,0,0,1,4,"1",TRUE,0
"15774",8,"F",5,"Black","High",2,0,0,NA,0,0,0,0,0,0,4,"1",NA,0
"15775",8,"F",5,"White","High",2,0,0,0,0,0,0,0,0,0,1,"1",FALSE,1
"15776",7,"M",5,"White","High",1,1,0,0,0,0,0,0,0,0,2,NA,TRUE,1
"15777",8,"M",5,"White","High",2,0,0,0,0,0,0,0,0,0,2,NA,FALSE,1
"15778",7,"F",5,"White","High",2,0,0,0,0,0,0,0,0,0,4,"1",FALSE,0
"15779",8,"F",5,"White","High",2,0,0,0,0,0,0,0,0,0,2,"1",FALSE,1
"15780",8,"F",5,"Black","High",2,0,0,0,0,0,0,0,0,0,4,"1",FALSE,0
"15781",7,"F",5,"Black","High",2,0,0,0,0,0,0,0,0,0,4,"1",FALSE,0
"15782",7,"F",5,"White","High",2,0,0,0,0,0,0,0,0,0,4,"1",FALSE,0
"15783",8,"F",5,"Black","High",2,0,0,0,0,0,0,0,0,0,2,"1",FALSE,1
"15784",8,"F",5,"Hispanic","High",2,0,0,0,0,0,1,0,0,0,4,"1",TRUE,0
"15785",7,"F",5,"Black","High",2,0,0,0,0,0,0,0,0,0,4,"1",FALSE,0
"15786",7,"F",5,"Hispanic","High",2,0,0,0,0,0,0,0,0,0,4,"1",FALSE,0
"15787",7,"F",5,"White","High",2,0,0,0,0,0,0,0,0,0,1,"1",FALSE,1
"15788",8,"F",5,"White","High",2,0,0,0,0,0,0,0,0,0,4,NA,FALSE,0
"15789",8,"F",5,"White","High",2,0,0,0,0,0,0,0,0,0,3,"1",FALSE,0
"15790",7,"F",5,"White","High",2,0,0,0,0,0,0,0,0,0,4,"1",FALSE,0
"15791",8,"F",5,"Black","High",2,0,0,0,0,0,0,0,0,0,1,"1",FALSE,1
"15792",9,"F",7,"Black","High",2,0,0,0,0,0,0,0,0,0,2,"1",FALSE,1
"15793",9,"F",7,"Black","High",2,0,0,0,0,0,0,0,0,0,4,"1",FALSE,0
"15794",10,"F",7,"Hispanic","High",2,0,0,0,0,0,0,0,0,0,4,"1",FALSE,0
"15795",10,"M",7,"Black","High",2,0,0,0,0,0,0,0,0,0,4,"1",FALSE,0
"15796",9,"F",7,"Black","High",2,0,0,0,0,0,0,0,0,0,2,"1",FALSE,1
"15797",10,"M",7,"Black","High",2,0,0,0,0,0,0,0,0,0,3,"1",FALSE,0
"15798",10,"F",7,"Black","High",2,0,0,0,0,0,0,0,0,0,4,NA,FALSE,0
"15799",9,"M",7,"Black","High",2,1,0,0,0,0,0,0,0,0,2,"1",TRUE,1
"15800",10,"M",7,"Hispanic","High",2,0,0,0,0,0,1,0,0,0,4,"1",TRUE,0
"15801",9,"M",7,"Black","High",2,NA,0,0,0,0,0,0,0,0,1,NA,NA,1
"15802",9,"M",7,"Black","High",2,0,0,0,0,0,0,0,0,0,4,"1",FALSE,0
"15803",8,"F",5,"Black","High",2,0,0,0,0,0,0,0,0,0,4,"1",FALSE,0
"15804",7,"M",5,"Black","High",2,0,0,0,0,0,0,0,0,0,4,"1",FALSE,0
"15805",8,"M",5,"Black","High",2,0,0,0,0,0,0,0,0,0,4,NA,FALSE,0
"15806",8,"F",5,"Black","High",2,0,0,0,0,0,0,0,0,0,4,"1",FALSE,0
"15807",8,"M",5,"Black","High",1,0,0,0,0,0,0,0,0,0,4,"1",FALSE,0
"15808",8,"F",5,"Hispanic","High",1,0,0,0,0,0,0,0,0,0,1,NA,FALSE,1
"15809",8,"M",5,"Black","High",1,0,0,0,0,0,0,0,0,0,2,NA,FALSE,1
"15810",7,"M",5,"Black","High",2,0,0,0,0,0,0,0,0,0,2,NA,FALSE,1
"15811",7,"M",5,"Hispanic","High",1,0,1,0,0,0,0,0,0,1,1,NA,TRUE,1
"15812",7,"F",5,"Black","High",2,0,0,0,0,0,0,0,0,0,4,"1",FALSE,0
"15813",8,"F",5,"Black","High",1,0,0,0,0,0,0,0,0,0,4,NA,FALSE,0
"15814",7,"F",5,"Black","High",2,0,0,0,0,0,0,0,0,0,4,"1",FALSE,0
"15815",7,"F",5,"Hispanic","High",2,0,0,0,0,0,0,0,0,0,4,"1",FALSE,0
"15816",7,"F",5,"Black","High",2,0,0,0,0,0,0,0,0,0,4,NA,FALSE,0
"15817",7,"M",5,"Hispanic","High",2,0,0,0,0,0,0,0,0,0,4,"1",FALSE,0
"15818",7,"F",5,"Hispanic","High",2,0,0,0,0,0,0,0,0,0,4,"1",FALSE,0
"15819",8,"M",5,"Hispanic","High",2,0,0,0,0,0,1,0,0,0,2,NA,TRUE,1
"15820",7,"M",5,"Black","High",2,0,0,0,0,0,0,0,0,0,1,NA,FALSE,1
"15821",8,"M",5,"Black","High",2,0,0,0,0,0,0,0,0,0,4,"1",FALSE,0
"15822",7,"M",5,"Black","High",2,0,0,0,0,0,0,0,0,0,4,"1",FALSE,0
"15823",7,"M",5,"Black","High",2,0,0,0,NA,NA,NA,NA,NA,0,2,"1",NA,1
"15824",9,"F",6,"Black","High",2,0,0,0,0,0,0,0,0,0,4,NA,FALSE,0
"15825",8,"F",6,"Black","High",1,1,1,0,0,0,1,0,0,0,2,"1",TRUE,1
"15826",9,"F",6,"Black","High",1,0,0,0,0,0,0,0,0,0,1,NA,FALSE,1
"15827",9,"F",6,"Black","High",2,0,0,0,0,0,0,0,0,0,2,"1",FALSE,1
"15828",8,"F",6,"Hispanic","High",2,0,0,0,0,0,0,0,0,0,4,"1",FALSE,0
"15829",7,"M",6,"Black","High",2,0,0,0,0,0,0,0,0,0,2,"1",FALSE,1
"15830",9,"F",6,"Black","High",1,0,0,0,0,0,0,0,0,0,2,NA,FALSE,1
"15831",9,"M",6,"Black","High",2,0,0,0,0,0,0,0,0,0,4,"1",FALSE,0
"15832",9,"F",6,"Black","High",1,0,0,0,0,0,0,0,0,0,4,NA,FALSE,0
"15833",7,"M",4,"Black","High",2,0,0,0,0,0,0,0,0,0,4,"1",FALSE,0
"15834",7,"M",4,"Black","High",2,0,0,0,0,0,0,0,0,0,4,"1",FALSE,0
"15835",6,"M",4,"Black","High",2,0,0,0,0,0,0,0,0,0,4,"1",FALSE,0
"15836",6,"F",4,"Black","High",2,0,0,0,0,0,0,0,0,0,4,"1",FALSE,0
"15837",7,"M",4,"Black","High",2,0,0,0,0,0,0,0,0,0,3,NA,FALSE,0
"15838",7,"M",4,"Black","High",2,0,0,0,0,0,0,0,0,0,1,"1",FALSE,1
"15839",7,"M",4,"Black","High",2,0,0,0,0,0,0,0,0,0,1,"1",FALSE,1
"15840",7,"M",4,"Hispanic","High",1,0,1,0,NA,NA,1,NA,NA,0,4,NA,TRUE,0
"15841",9,"M",6,"Black","High",2,0,0,0,0,0,0,0,0,0,3,NA,FALSE,0
"15842",9,"M",6,"Asian","High",2,0,0,0,0,0,0,0,0,0,2,NA,FALSE,1
"15843",7,"F",4,"Black","High",2,0,0,0,0,0,0,0,0,0,3,"1",FALSE,0
"15844",7,"M",4,"Hispanic","High",2,0,0,0,0,0,0,0,0,0,4,NA,FALSE,0
"15845",7,"F",4,"Hispanic","High",2,0,0,0,0,0,0,0,0,0,4,"1",FALSE,0
"15846",7,"F",4,"Black","High",NA,0,NA,NA,0,0,0,0,0,0,2,NA,NA,1
"15847",6,"F",4,"Black","High",1,0,0,NA,0,0,0,0,0,0,4,NA,NA,0
"15848",9,"M",6,"Black","High",2,0,0,0,0,0,0,0,0,0,4,"1",FALSE,0
"15849",9,"M",6,"Black","High",2,0,0,0,0,0,0,0,0,0,4,"1",FALSE,0
"15850",9,"F",6,"Black","High",2,0,0,0,0,0,0,0,0,0,4,NA,FALSE,0
"15851",9,"F",6,"Black","High",2,0,0,0,0,0,0,0,0,0,2,NA,FALSE,1
"15852",8,"M",6,"Black","High",2,0,0,0,0,0,0,0,0,0,4,"1",FALSE,0
"15853",7,"F",4,"Black","High",1,1,0,0,0,0,1,0,0,1,2,NA,TRUE,1
"15854",7,"F",4,"Black","High",2,0,0,0,0,0,0,0,0,0,4,NA,FALSE,0
"15855",7,"F",4,"Black","High",1,0,0,0,0,0,0,0,0,0,4,NA,FALSE,0
"15856",6,"F",4,"Hispanic","High",1,0,0,0,0,0,0,0,0,0,4,"1",FALSE,0
"15857",9,"M",6,"Black","High",1,0,0,0,0,0,0,0,0,0,4,"1",FALSE,0
"15858",9,"M",6,"Black","High",2,0,0,0,0,0,0,0,0,0,4,"1",FALSE,0
"15859",9,"M",6,"Black","High",1,0,0,NA,0,0,0,0,0,0,2,"1",NA,1
"15860",8,"M",6,"Hispanic","High",2,0,0,0,0,0,0,0,0,0,2,"1",FALSE,1
"15861",7,"F",4,"Black","High",2,0,0,0,0,0,0,0,0,0,4,NA,FALSE,0
"15862",7,"M",4,"Black","High",2,0,0,0,NA,NA,0,NA,NA,0,4,NA,NA,0
"15863",6,"F",4,"Hispanic","High",2,0,0,0,0,0,0,0,0,1,3,"1",TRUE,0
"15864",7,"M",4,"Black","High",1,0,0,0,0,0,0,0,0,0,4,NA,FALSE,0
"15865",7,"M",4,NA,"High",2,0,0,0,0,0,0,0,0,0,4,"1",FALSE,0
"15866",4,"F",1,"White","Middle",2,0,0,0,0,0,0,0,0,0,4,NA,FALSE,0
"15867",4,"F",1,"White","Middle",2,0,0,0,0,0,0,0,0,0,4,NA,FALSE,0
"15868",4,"M",1,"White","Middle",2,0,0,0,0,0,0,0,0,0,4,NA,FALSE,0
"15869",3,"M",1,"White","Middle",2,0,0,0,0,0,0,0,0,0,4,"1",FALSE,0
"15870",3,"M",1,"White","Middle",2,0,0,0,0,0,0,0,0,0,3,NA,FALSE,0
"15871",4,"M",1,"White","Middle",2,0,0,0,0,0,0,0,0,0,4,NA,FALSE,0
"15872",4,"M",1,"White","Middle",2,0,0,0,0,0,0,0,0,0,2,NA,FALSE,1
"15873",4,"M",1,"White","Middle",2,0,0,0,0,0,0,0,0,0,4,"1",FALSE,0
"15874",4,"M",1,"White","Middle",2,0,0,0,0,0,0,0,0,0,4,"1",FALSE,0
"15875",NA,NA,NA,NA,NA,2,0,0,0,0,0,0,0,0,0,4,"1",FALSE,0
"15876",4,"M",1,"White","Middle",2,0,0,0,0,0,NA,0,0,0,4,"1",NA,0
"15877",4,"M",1,"White","Middle",2,0,0,0,0,0,0,0,0,0,4,NA,FALSE,0
"15878",4,"F",1,NA,"Middle",2,0,0,0,0,0,0,0,0,0,2,NA,FALSE,1
"15879",3,"F",1,"White","Middle",2,0,0,0,0,0,0,0,0,0,4,NA,FALSE,0
"15880",4,"F",1,"White","Middle",2,0,0,0,0,0,0,0,0,0,3,NA,FALSE,0
"15881",3,"F",1,"White","Middle",2,0,0,0,NA,NA,0,NA,NA,0,4,"1",NA,0
"15882",4,"M",1,"White","Middle",2,1,0,0,0,0,0,0,0,1,1,NA,TRUE,1
"15883",6,"M",3,"White","Middle",2,0,0,NA,0,0,0,0,0,0,4,NA,NA,0
"15884",5,"F",2,"White","Middle",2,0,0,0,0,0,0,0,0,0,3,NA,FALSE,0
"15885",5,"F",2,"White","Middle",2,0,0,0,0,0,0,0,0,0,4,"1",FALSE,0
"15886",5,"M",2,"Black","Middle",2,0,0,0,0,0,0,0,0,0,4,"1",FALSE,0
"15887",5,"M",2,"White","Middle",2,0,0,0,0,0,0,0,0,0,4,"1",FALSE,0
"15888",5,"M",2,"White","Middle",2,0,0,0,0,0,0,0,0,0,4,"1",FALSE,0
"15889",6,"M",2,"White","Middle",2,0,0,0,0,0,0,0,0,0,4,NA,FALSE,0
"15890",5,"M",2,"White","Middle",2,0,0,0,0,0,0,0,0,0,4,"1",FALSE,0
"15891",4,"M",2,"White","Middle",2,0,0,0,0,0,0,0,0,0,3,"1",FALSE,0
"15892",5,"F",2,"White","Middle",2,0,0,0,0,0,0,0,0,0,4,"1",FALSE,0
"15893",5,"M",2,"White","Middle",2,0,0,0,0,0,0,0,0,0,4,NA,FALSE,0
"15894",4,"M",2,"White","Middle",2,0,0,0,0,0,0,0,0,0,2,NA,FALSE,1
"15895",5,"M",2,"White","Middle",2,0,0,0,0,0,0,0,0,0,2,"1",FALSE,1
"15896",4,"F",2,"White","Middle",2,0,0,0,0,0,0,0,0,0,4,"1",FALSE,0
"15897",4,"M",2,"White","Middle",2,0,0,0,0,0,0,0,0,0,4,"1",FALSE,0
"15898",5,"F",2,"White","Middle",2,0,0,0,0,0,0,0,0,0,2,"1",FALSE,1
"15899",5,"M",2,"White","Middle",2,0,0,0,0,0,0,0,0,0,4,"1",FALSE,0
"15900",4,"F",2,"White","Middle",2,0,0,0,0,0,0,0,0,0,4,"1",FALSE,0
"15901",5,"M",2,"Black","Middle",2,0,0,0,0,0,0,0,0,0,2,"1",FALSE,1
"15902",5,"M",2,"Hispanic","Middle",2,0,0,0,0,0,0,0,0,0,2,"1",FALSE,1
"15903",6,"F",3,NA,"Middle",2,0,0,0,0,0,0,0,0,0,4,"1",FALSE,0
"15904",5,"F",3,"White","Middle",2,0,0,0,0,0,0,0,0,0,4,NA,FALSE,0
"15905",6,"F",3,"White","Middle",2,0,0,0,0,0,0,0,0,0,2,"1",FALSE,1
"15906",3,"F",1,"White","Middle",2,0,0,0,0,0,0,0,0,0,4,"1",FALSE,0
"15907",4,"F",1,"White","Middle",2,0,0,0,0,0,0,0,0,0,4,"1",FALSE,0
"15908",4,"F",1,"White","Middle",2,0,0,0,0,0,0,0,0,0,4,"1",FALSE,0
"15909",4,"F",1,"White","Middle",2,0,0,0,0,0,0,0,0,0,2,"1",FALSE,1
"15910",4,"M",1,NA,"Middle",2,0,0,0,0,0,0,0,0,0,3,"1",FALSE,0
"15911",3,"F",1,"White","Middle",2,0,0,NA,0,0,0,0,0,0,2,NA,NA,1
"15912",4,"M",1,"White","Middle",2,0,0,0,0,0,0,0,0,0,4,"1",FALSE,0
"15913",4,"M",1,"Hispanic","Middle",2,0,0,0,0,0,0,0,0,0,4,NA,FALSE,0
"15914",4,"M",1,"Black","Middle",NA,0,0,0,0,0,0,0,0,0,4,"1",FALSE,0
"15915",3,"M",1,"White","Middle",2,0,0,0,0,0,0,0,0,0,4,NA,FALSE,0
"15916",3,"F",1,"White","Middle",2,0,0,0,0,0,0,0,0,0,4,"1",FALSE,0
"15917",4,"M",1,"White","Middle",2,0,0,0,0,0,0,0,0,0,4,"1",FALSE,0
"15918",4,"F",1,"Hispanic","Middle",2,0,0,0,0,0,0,0,0,0,4,"1",FALSE,0
"15919",NA,"F",1,"White","Middle",2,0,0,0,0,0,0,0,0,0,4,NA,FALSE,0
"15920",3,"M",1,"White","Middle",2,0,0,0,0,0,0,0,0,0,4,NA,FALSE,0
"15921",3,"M",1,"White","Middle",2,0,0,0,0,0,0,0,0,0,2,"1",FALSE,1
"15922",4,"M",1,"White","Middle",2,0,0,0,0,0,0,0,0,0,2,NA,FALSE,1
"15923",4,"F",1,"White","Middle",2,0,0,0,0,0,0,0,0,0,3,"1",FALSE,0
"15924",6,"M",3,"White","Middle",2,0,0,0,0,0,0,0,0,0,4,"1",FALSE,0
"15925",6,"M",3,"White","Middle",2,0,0,0,0,0,0,0,0,0,4,"1",FALSE,0
"15926",6,"F",3,"White","Middle",2,0,0,0,0,0,0,0,0,0,4,"1",FALSE,0
"15927",6,"M",3,"White","Middle",2,0,0,0,0,0,0,0,0,0,4,"1",FALSE,0
"15928",5,"M",3,"White","Middle",2,0,0,0,0,0,0,0,0,0,4,"1",FALSE,0
"15929",6,"M",3,"Black","Middle",2,0,0,0,0,0,0,0,0,0,3,"1",FALSE,0
"15930",5,"F",3,"White","Middle",2,0,0,0,0,0,0,0,0,0,4,"1",FALSE,0
"15931",6,"M",3,"White","Middle",2,0,0,0,0,0,0,0,0,0,4,"1",FALSE,0
"15932",6,"M",3,"White","Middle",2,0,0,0,0,0,0,0,0,0,3,"1",FALSE,0
"15933",6,"F",3,"Hispanic","Middle",2,0,0,0,0,0,0,0,0,0,1,"1",FALSE,1
"15934",7,"M",3,"White","Middle",2,0,0,0,0,0,0,0,0,0,4,NA,FALSE,0
"15935",5,"M",3,"Hispanic","Middle",2,0,0,0,0,0,0,0,0,0,3,"1",FALSE,0
"15936",6,"M",3,"Black","Middle",2,0,0,0,0,0,0,0,0,0,1,"1",FALSE,1
"15937",7,"F",4,"White","High",2,0,0,0,0,0,0,0,0,0,4,"1",FALSE,0
"15938",8,"F",5,"White","High",2,0,0,0,0,0,0,0,0,0,4,"1",FALSE,0
"15939",7,"F",4,"White","High",2,1,0,0,0,0,0,1,0,0,1,NA,TRUE,1
"15940",9,"M",7,"AI/AN","High",2,0,0,0,0,0,0,0,0,0,1,NA,FALSE,1
"15941",8,"F",6,"White","High",2,0,0,0,0,0,0,0,0,0,2,"1",FALSE,1
"15942",9,"F",6,"White","High",2,0,0,0,0,0,0,0,0,0,3,"1",FALSE,0
"15943",9,"F",6,"White","High",2,0,0,0,0,0,0,0,0,0,2,"1",FALSE,1
"15944",8,"F",6,"Hispanic","High",2,0,0,0,0,0,0,0,0,0,4,NA,FALSE,0
"15945",9,"F",6,"White","High",1,0,0,0,0,0,0,0,0,0,3,"1",FALSE,0
"15946",9,"M",6,"White","High",2,1,0,0,0,0,0,0,0,1,2,"1",TRUE,1
"15947",7,"F",5,NA,"High",2,0,0,0,0,0,0,0,0,0,4,"1",FALSE,0
"15948",8,"F",5,"Black","High",2,0,0,0,0,0,0,0,0,0,4,"1",FALSE,0
"15949",7,"F",5,"White","High",2,0,0,0,0,0,0,0,0,0,4,NA,FALSE,0
"15950",8,"M",5,"White","High",2,0,0,0,0,0,0,0,0,0,1,NA,FALSE,1
"15951",7,"F",4,"White","High",2,0,0,0,0,0,0,0,0,0,2,NA,FALSE,1
"15952",7,"F",5,"Hispanic","High",2,0,0,0,0,0,0,0,0,0,3,NA,FALSE,0
"15953",8,"F",5,"White","High",2,0,0,0,0,0,0,0,0,0,4,"1",FALSE,0
"15954",8,"F",5,"White","High",1,0,0,0,0,0,0,0,0,0,4,"1",FALSE,0
"15955",7,"M",5,"White","High",2,0,0,0,0,0,0,0,0,0,2,NA,FALSE,1
"15956",7,"M",5,"Black","High",2,0,0,0,0,0,0,0,0,0,4,"1",FALSE,0
"15957",7,"F",5,"Black","High",2,0,0,0,0,0,0,0,0,0,4,"1",FALSE,0
"15958",7,"F",5,"White","High",2,0,0,0,0,0,0,0,0,0,4,"1",FALSE,0
"15959",8,"F",5,"Hispanic","High",2,0,0,0,0,0,0,0,0,0,4,"1",FALSE,0
"15960",8,"F",5,"Black","High",1,0,0,0,0,0,0,0,0,0,4,NA,FALSE,0
"15961",7,"M",5,"White","High",2,0,0,0,0,0,0,0,0,0,4,NA,FALSE,0
"15962",8,"M",5,"Hispanic","High",2,0,0,0,0,0,0,0,0,0,4,"1",FALSE,0
"15963",7,"F",5,"White","High",2,0,0,0,0,0,0,0,0,0,1,NA,FALSE,1
"15964",7,"F",5,"White","High",2,0,0,NA,0,0,0,0,0,0,4,NA,NA,0
"15965",10,"F",7,NA,"High",1,0,1,0,0,0,0,0,0,0,4,NA,TRUE,0
"15966",7,"M",5,"Hispanic","High",2,0,0,0,0,0,0,0,0,0,4,"1",FALSE,0
"15967",8,"M",4,"Hispanic","High",2,0,0,0,0,0,0,0,0,0,4,"1",FALSE,0
"15968",7,"F",4,"White","High",2,0,0,0,0,0,0,0,0,0,3,NA,FALSE,0
"15969",6,"M",4,"White","High",2,0,0,0,0,0,0,0,0,0,3,NA,FALSE,0
"15970",7,"F",4,"White","High",2,0,0,0,0,0,0,0,0,0,4,"1",FALSE,0
"15971",7,"F",4,"White","High",2,0,0,0,0,0,0,0,0,0,2,NA,FALSE,1
"15972",6,"F",4,"White","High",2,0,0,0,0,0,0,0,0,0,4,"1",FALSE,0
"15973",6,"M",4,"White","High",1,0,0,0,0,0,0,0,0,1,2,NA,TRUE,1
"15974",7,"F",4,"White","High",1,0,1,0,0,0,0,0,0,1,1,NA,TRUE,1
"15975",7,"M",4,"Black","High",2,0,0,0,0,0,0,0,0,0,4,"1",FALSE,0
"15976",8,"F",6,NA,"High",2,0,0,0,0,0,0,0,0,0,4,"1",FALSE,0
"15977",7,"F",4,"Hispanic","High",2,0,0,0,1,0,1,0,0,1,4,"1",TRUE,0
"15978",6,"M",4,"Hispanic","High",2,0,0,0,0,0,0,0,0,0,4,"1",FALSE,0
"15979",7,"F",5,"Asian","High",2,0,0,0,0,0,0,0,0,0,4,"1",FALSE,0
"15980",10,"M",7,"Black","High",2,0,0,0,0,0,0,0,0,0,4,NA,FALSE,0
"15981",9,"F",7,"White","High",2,0,0,0,0,0,0,0,0,1,4,NA,TRUE,0
"15982",9,"F",7,"White","High",2,0,0,0,0,0,0,0,0,1,3,"1",TRUE,0
"15983",7,"F",4,"White","High",2,0,0,0,0,0,0,0,0,0,3,"1",FALSE,0
"15984",7,"F",4,"White","High",2,0,0,0,0,0,0,0,0,0,3,NA,FALSE,0
"15985",9,"F",6,"White","High",2,0,0,0,0,0,0,0,0,0,4,"1",FALSE,0
"15986",9,"F",7,"White","High",2,0,0,0,0,0,0,0,0,0,3,NA,FALSE,0
"15987",6,"M",4,"NHOPI","High",2,0,0,0,0,0,0,0,0,0,4,NA,FALSE,0
"15988",10,"F",7,"Black","High",2,0,0,0,0,0,1,0,0,0,2,NA,TRUE,1
"15989",7,"F",4,"White","High",1,0,1,0,0,0,0,0,0,0,4,"1",TRUE,0
"15990",6,"M",4,"White","High",1,0,1,0,0,0,0,0,0,0,4,NA,TRUE,0
"15991",10,"M",7,"White","High",2,0,0,NA,0,0,0,0,0,0,4,NA,NA,0
"15992",10,"M",7,"White","High",2,0,0,0,0,0,0,0,0,0,4,"1",FALSE,0
"15993",6,"M",4,"White","High",2,0,0,0,0,0,0,0,0,0,4,NA,FALSE,0
"15994",7,"M",5,"Hispanic","High",2,0,0,0,0,0,0,0,0,0,4,"1",FALSE,0
"15995",10,"M",6,"White","High",1,1,0,0,0,0,0,0,0,1,1,NA,TRUE,1
"15996",9,"F",6,"Hispanic","High",2,0,0,0,0,0,0,0,0,0,4,NA,FALSE,0
"15997",6,"F",4,"White","High",2,0,0,0,0,0,0,0,0,0,3,NA,FALSE,0
"15998",9,"F",7,"Hispanic","High",2,0,0,0,0,0,0,0,0,0,4,"1",FALSE,0
"15999",7,"F",5,"Black","High",2,0,0,0,0,0,NA,0,0,0,4,NA,NA,0
"16000",8,"M",6,"Hispanic","High",2,0,0,0,0,0,0,0,0,1,3,NA,TRUE,0
"16001",9,"M",6,"Hispanic","High",1,0,0,0,0,0,0,0,0,1,3,"1",TRUE,0
"16002",9,"M",7,"White","High",1,1,0,0,1,0,0,0,0,0,1,NA,TRUE,1
"16003",11,"M",7,"White","High",2,0,0,0,0,0,0,0,0,0,4,"1",FALSE,0
"16004",9,"F",6,"White","High",2,0,0,0,0,0,0,0,0,NA,4,"1",NA,0
"16005",8,"M",6,"White","High",2,0,0,0,0,0,0,0,0,0,4,NA,FALSE,0
"16006",7,"F",4,NA,"High",2,0,0,0,0,0,0,0,0,0,4,"1",FALSE,0
"16007",10,NA,NA,NA,NA,2,0,0,0,0,0,0,0,0,0,4,NA,FALSE,0
"16008",6,"F",4,"White","High",2,0,0,0,0,0,0,0,0,0,4,NA,FALSE,0
"16009",9,"M",7,"White","High",2,0,0,0,0,0,0,0,0,0,4,NA,FALSE,0
"16010",10,"M",7,"White","High",2,0,0,0,0,0,0,0,0,0,4,"1",FALSE,0
"16011",10,"M",7,"White","High",2,0,0,0,0,0,0,0,0,0,4,NA,FALSE,0
"16012",8,"M",6,"White","High",2,0,0,0,0,0,0,0,0,1,3,"1",TRUE,0
"16013",9,"M",6,"Hispanic","High",2,0,0,0,NA,NA,0,NA,NA,0,3,"1",NA,0
"16014",1,"F",1,"Hispanic","Middle",1,1,1,1,NA,NA,1,NA,NA,1,1,NA,TRUE,1
"16015",8,"M",5,"White","High",2,0,0,NA,0,0,0,0,0,0,4,NA,NA,0
"16016",9,"M",7,"Hispanic","High",NA,NA,NA,NA,NA,NA,NA,NA,NA,NA,1,NA,NA,1
"16017",9,"F",4,"Hispanic","High",2,0,0,0,0,0,0,0,0,0,4,"1",FALSE,0
"16018",8,"F",6,"White","High",2,0,0,0,0,0,0,0,0,0,4,NA,FALSE,0
"16019",8,"F",6,"Black","High",2,0,0,0,0,0,0,0,0,0,3,"1",FALSE,0
"16020",8,"F",6,NA,"High",2,0,0,0,0,0,0,0,0,0,4,NA,FALSE,0
"16021",8,"F",6,"Hispanic","High",2,0,0,0,0,0,0,0,0,0,4,"1",FALSE,0
"16022",10,"M",6,"White","High",1,1,1,0,0,0,1,0,0,0,3,NA,TRUE,0
"16023",8,"M",5,"White","High",1,NA,NA,0,0,0,0,0,0,1,3,"1",TRUE,0
"16024",7,"M",4,"White","High",1,0,0,0,NA,NA,0,NA,NA,1,1,NA,TRUE,1
"16025",7,"F",3,"Hispanic","Middle",2,0,0,0,0,0,0,0,0,0,4,"1",FALSE,0
"16026",7,"F",3,"Hispanic","Middle",2,0,0,0,0,0,0,0,0,0,4,"1",FALSE,0
"16027",5,"F",3,"Hispanic","Middle",2,0,0,0,0,0,0,0,0,0,4,NA,FALSE,0
"16028",6,"F",3,"Hispanic","Middle",2,0,0,0,0,0,0,0,0,0,4,NA,FALSE,0
"16029",5,"F",3,"Hispanic","Middle",2,0,0,0,0,0,0,0,0,0,4,"1",FALSE,0
"16030",6,"F",3,"Hispanic","Middle",2,NA,0,0,NA,NA,0,NA,NA,0,NA,NA,NA,NA
"16031",6,"M",3,"Hispanic","Middle",2,0,0,NA,0,0,0,0,0,0,4,"1",NA,0
"16032",5,"M",3,"Hispanic","Middle",NA,NA,NA,0,0,0,1,1,0,NA,NA,NA,TRUE,NA
"16033",5,"M",3,"Hispanic","Middle",2,0,0,0,0,0,0,0,0,0,4,"1",FALSE,0
"16034",5,"F",3,"Hispanic","Middle",2,0,0,0,0,0,0,0,0,0,4,"1",FALSE,0
"16035",6,"F",3,"Hispanic","Middle",2,0,0,0,0,0,0,0,0,1,4,NA,TRUE,0
"16036",6,"F",3,"Hispanic","Middle",2,0,0,0,0,0,0,0,0,0,4,"1",FALSE,0
"16037",6,"F",3,"Hispanic","Middle",2,0,0,0,0,0,0,0,0,0,4,"1",FALSE,0
"16038",6,"M",3,"Hispanic","Middle",2,0,0,0,0,0,0,0,0,0,4,"1",FALSE,0
"16039",5,"F",3,"Hispanic","Middle",2,0,0,0,0,0,0,0,0,0,4,"1",FALSE,0
"16040",6,"M",3,"Hispanic","Middle",2,NA,0,0,NA,NA,0,NA,NA,0,2,NA,NA,1
"16041",6,"M",3,"Hispanic","Middle",NA,0,0,0,0,0,0,0,0,0,4,"1",FALSE,0
"16042",7,"M",3,"Hispanic","Middle",2,0,0,0,0,0,0,0,0,NA,4,"1",NA,0
"16043",6,"M",3,"Hispanic","Middle",2,0,0,0,0,0,0,0,0,0,4,"1",FALSE,0
"16044",7,"M",3,"Hispanic","Middle",2,0,0,0,0,0,0,0,0,0,4,"1",FALSE,0
"16045",6,"M",3,"Hispanic","Middle",2,0,0,0,0,0,0,0,0,0,4,"1",FALSE,0
"16046",7,"M",3,"Hispanic","Middle",2,0,0,0,0,0,0,0,0,0,4,"1",FALSE,0
"16047",7,"F",3,"Hispanic","Middle",2,0,0,0,0,0,0,0,0,0,4,"1",FALSE,0
"16048",6,"F",3,"Hispanic","Middle",2,0,0,0,0,0,0,0,0,0,4,"1",FALSE,0
"16049",6,"F",3,"Hispanic","Middle",NA,0,0,0,0,0,0,0,0,0,4,"1",FALSE,0
"16050",6,"M",2,NA,"Middle",2,0,0,NA,0,0,0,0,0,0,4,"1",NA,0
"16051",5,"M",2,"Hispanic","Middle",2,0,0,0,0,0,NA,0,0,0,4,NA,NA,0
"16052",6,"F",2,"Black","Middle",2,0,0,0,0,0,0,0,0,0,4,"1",FALSE,0
"16053",5,"F",2,"Black","Middle",1,NA,NA,0,0,0,0,0,0,0,4,"1",NA,0
"16054",6,"F",2,"Hispanic","Middle",2,0,0,0,0,0,0,0,0,0,4,NA,FALSE,0
"16055",4,"F",2,"Hispanic","Middle",2,0,0,0,0,0,0,0,0,0,4,"1",FALSE,0
"16056",6,"F",2,"Hispanic","Middle",2,0,0,0,0,0,0,0,0,0,3,"1",FALSE,0
"16057",6,"F",2,"Hispanic","Middle",1,0,0,0,0,0,0,0,0,0,4,NA,FALSE,0
"16058",4,"F",2,"Hispanic","Middle",2,0,0,0,0,0,0,0,0,0,4,"1",FALSE,0
"16059",5,"F",2,NA,"Middle",2,0,0,0,0,0,0,0,0,0,1,NA,FALSE,1
"16060",4,"M",2,"Hispanic","Middle",2,0,0,0,0,0,0,0,0,0,4,"1",FALSE,0
"16061",4,"M",2,"Hispanic","Middle",2,0,0,0,NA,NA,NA,NA,NA,0,4,NA,NA,0
"16062",5,"M",2,"Hispanic","Middle",2,0,0,0,0,0,0,0,0,0,4,"1",FALSE,0
"16063",4,"F",2,"Hispanic","Middle",2,0,0,0,0,0,0,0,0,0,4,"1",FALSE,0
"16064",5,"M",2,"Black","Middle",2,0,0,0,0,0,0,0,0,0,4,NA,FALSE,0
"16065",5,"M",2,"Hispanic","Middle",2,0,0,0,0,0,0,0,0,0,4,NA,FALSE,0
"16066",6,"M",2,"Hispanic","Middle",2,0,0,0,0,0,0,0,0,0,4,"1",FALSE,0
"16067",5,"M",2,"Hispanic","Middle",2,0,0,0,0,0,0,0,0,0,4,"1",FALSE,0
"16068",5,"M",2,"Hispanic","Middle",2,0,0,0,0,0,0,0,0,0,1,NA,FALSE,1
"16069",5,"M",2,"Hispanic","Middle",2,0,0,0,NA,NA,0,NA,NA,0,4,NA,NA,0
"16070",NA,NA,NA,"Hispanic",NA,2,0,0,0,NA,NA,0,NA,NA,0,4,NA,NA,0
"16071",4,"M",2,"Hispanic","Middle",1,0,0,0,0,0,0,0,0,0,4,NA,FALSE,0
"16072",4,"M",2,"Hispanic","Middle",1,0,0,0,0,0,0,0,0,0,1,"1",FALSE,1
"16073",4,"M",2,"Hispanic","Middle",2,0,0,0,0,0,0,0,0,0,2,NA,FALSE,1
"16074",5,"M",2,"Hispanic","Middle",2,0,0,0,0,0,0,0,0,0,4,"1",FALSE,0
"16075",5,"M",2,"Hispanic","Middle",2,0,0,0,0,0,0,0,0,0,3,"1",FALSE,0
"16076",4,"F",1,"Hispanic","Middle",2,0,0,0,0,0,0,0,0,0,4,"1",FALSE,0
"16077",4,"M",1,"Hispanic","Middle",2,0,0,0,0,0,0,0,0,0,4,NA,FALSE,0
"16078",4,"F",1,"Hispanic","Middle",2,0,0,0,0,0,0,0,0,0,4,"1",FALSE,0
"16079",3,"M",1,"Black","Middle",2,0,0,NA,0,0,0,0,0,0,4,"1",NA,0
"16080",3,"F",1,"Black","Middle",2,0,0,NA,0,0,0,0,0,0,4,"1",NA,0
"16081",3,"F",1,"Hispanic","Middle",2,0,0,0,0,0,0,0,0,0,4,"1",FALSE,0
"16082",3,"F",1,"Hispanic","Middle",2,0,0,0,0,0,0,0,0,0,4,"1",FALSE,0
"16083",4,"M",1,"Hispanic","Middle",2,0,0,0,0,0,0,0,0,0,4,"1",FALSE,0
"16084",3,"F",1,"Hispanic","Middle",2,0,0,0,0,0,0,0,0,0,4,"1",FALSE,0
"16085",4,"M",1,"White","Middle",2,0,0,0,0,0,0,0,0,0,2,NA,FALSE,1
"16086",4,"F",1,"White","Middle",2,0,0,0,0,0,0,0,0,0,3,NA,FALSE,0
"16087",4,"M",1,"Hispanic","Middle",2,0,0,0,0,0,0,0,0,0,4,"1",FALSE,0
"16088",4,"M",1,"Hispanic","Middle",2,0,0,0,0,0,0,0,0,0,4,"1",FALSE,0
"16089",3,"F",1,"Hispanic","Middle",2,0,0,0,NA,NA,0,NA,NA,0,4,NA,NA,0
"16090",6,"M",3,"Hispanic","Middle",2,0,0,1,0,0,1,0,0,0,2,NA,TRUE,1
"16091",3,"F",1,"Hispanic","Middle",2,0,0,0,0,0,0,0,0,0,4,NA,FALSE,0
"16092",3,"M",1,NA,"Middle",2,0,0,0,0,0,0,0,0,0,4,NA,FALSE,0
"16093",4,"F",1,"Hispanic","Middle",2,0,0,0,0,0,0,0,0,0,4,"1",FALSE,0
"16094",4,"F",1,"Hispanic","Middle",2,0,0,0,0,0,0,0,0,0,4,NA,FALSE,0
"16095",4,"F",1,"White","Middle",2,0,0,0,0,0,0,0,0,0,4,NA,FALSE,0
"16096",4,NA,NA,"Hispanic",NA,2,0,0,0,0,0,0,0,0,0,4,NA,FALSE,0
"16097",4,"M",1,"Hispanic","Middle",2,0,0,0,0,0,0,0,0,0,4,NA,FALSE,0
"16098",10,"F",7,"Black","High",2,0,0,0,0,0,0,0,0,0,2,NA,FALSE,1
"16099",10,"F",7,"Black","High",2,0,0,0,0,0,0,0,0,0,4,NA,FALSE,0
"16100",10,"F",7,"Black","High",2,0,0,0,0,0,0,0,0,0,4,"1",FALSE,0
"16101",10,"F",7,"Black","High",1,0,1,0,0,0,0,0,0,0,4,NA,TRUE,0
"16102",10,"F",7,NA,"High",2,0,0,0,0,0,0,0,0,0,NA,NA,FALSE,NA
"16103",8,"F",6,"Black","High",2,0,0,0,0,0,0,0,0,0,4,"1",FALSE,0
"16104",10,"M",7,"Hispanic","High",2,0,0,0,0,0,0,0,0,0,4,"1",FALSE,0
"16105",10,"M",7,"Black","High",2,0,0,0,0,0,0,0,0,0,4,"1",FALSE,0
"16106",9,"M",7,NA,"High",2,0,0,0,0,0,0,0,0,0,4,"1",FALSE,0
"16107",9,"M",7,"White","High",1,0,0,0,0,0,0,0,0,1,1,NA,TRUE,1
"16108",10,"M",7,"Black","High",NA,NA,NA,NA,NA,NA,NA,NA,NA,NA,NA,NA,NA,NA
"16109",9,"F",7,"Black","High",1,0,0,0,0,0,0,0,0,1,NA,NA,TRUE,NA
"16110",10,"M",7,"Black","High",1,0,1,NA,0,0,0,0,0,0,4,"1",TRUE,0
"16111",10,"M",7,NA,"High",2,0,0,0,0,0,0,0,0,0,4,"1",FALSE,0
"16112",11,"M",7,"White","High",2,0,0,0,0,0,0,0,0,0,1,"1",FALSE,1
"16113",10,"M",7,"Black","High",1,0,0,0,0,0,0,0,0,0,4,"1",FALSE,0
"16114",10,"F",7,"White","High",2,0,0,0,0,0,NA,0,0,0,4,NA,NA,0
"16115",10,"F",7,"Black","High",1,NA,1,0,0,0,NA,0,0,0,4,NA,TRUE,0
"16116",9,"M",7,"Black","High",2,0,0,0,0,0,0,0,0,0,4,NA,FALSE,0
"16117",10,"F",7,"White","High",1,1,0,0,0,0,0,0,0,0,1,"1",TRUE,1
"16118",10,"M",7,"Black","High",2,0,0,0,NA,NA,NA,NA,NA,0,4,NA,NA,0
"16119",9,"M",7,"Black","High",1,0,1,0,0,0,0,0,0,0,2,NA,TRUE,1
"16120",10,"F",7,"Black","High",1,0,0,0,0,0,0,0,0,0,4,"1",FALSE,0
"16121",9,"F",7,"Black","High",NA,NA,NA,NA,NA,NA,NA,NA,NA,NA,2,NA,NA,1
"16122",10,"M",7,"White","High",2,0,0,0,0,0,0,0,0,1,4,"1",TRUE,0
"16123",9,"M",7,"White","High",1,0,0,0,0,0,0,0,0,1,1,NA,TRUE,1
"16124",11,"M",7,"White","High",2,0,0,0,0,0,0,0,0,0,4,NA,FALSE,0
"16125",10,"F",7,"Black","High",2,0,0,0,0,0,0,0,0,0,4,"1",FALSE,0
"16126",10,NA,7,"Hispanic","High",2,0,0,0,0,0,0,0,0,1,4,"1",TRUE,0
"16127",11,"F",7,"White","High",1,1,0,0,0,0,0,0,0,0,4,NA,TRUE,0
"16128",10,"F",7,"Black","High",2,0,0,0,0,0,0,0,0,0,4,NA,FALSE,0
"16129",8,"F",6,"Black","High",1,0,0,0,0,0,0,0,0,0,4,"1",FALSE,0
"16130",9,"F",6,"Black","High",2,0,0,NA,0,0,0,0,0,0,4,NA,NA,0
"16131",9,"F",6,"Black","High",1,0,0,0,0,0,0,0,0,0,4,NA,FALSE,0
"16132",9,"M",6,"Black","High",1,0,0,0,NA,NA,0,NA,NA,0,4,"1",NA,0
"16133",9,"M",6,"Black","High",1,0,1,0,0,0,0,0,0,0,4,"1",TRUE,0
"16134",7,"F",5,"Black","High",2,0,0,0,0,0,0,0,0,0,4,"1",FALSE,0
"16135",8,"M",6,"Black","High",2,0,0,0,0,0,0,0,0,0,4,"1",FALSE,0
"16136",8,"F",6,"Black","High",2,0,0,0,0,0,0,0,0,0,4,"1",FALSE,0
"16137",8,"F",6,"Black","High",1,0,1,0,0,0,0,0,0,0,3,NA,TRUE,0
"16138",8,"F",6,"Hispanic","High",1,0,1,0,0,0,0,0,0,0,4,NA,TRUE,0
"16139",9,"M",6,"Black","High",2,0,0,0,0,0,0,0,0,0,4,NA,FALSE,0
"16140",8,"F",6,"White","High",2,1,0,0,0,0,0,1,0,1,1,NA,TRUE,1
"16141",8,"M",6,"White","High",1,1,1,0,0,0,0,0,0,1,1,NA,TRUE,1
"16142",8,"M",6,"Hispanic","High",2,0,0,0,0,0,0,0,0,0,3,"1",FALSE,0
"16143",8,"M",6,"White","High",2,0,0,0,0,0,0,0,0,0,4,"1",FALSE,0
"16144",8,"F",6,"Black","High",1,0,1,0,0,0,0,0,0,0,2,NA,TRUE,1
"16145",9,"M",6,"White","High",2,0,0,0,0,0,0,0,0,1,4,NA,TRUE,0
"16146",8,"F",6,"White","High",2,0,0,0,0,0,0,0,0,0,4,"1",FALSE,0
"16147",8,"M",5,"Black","High",2,0,0,0,0,0,0,0,0,0,4,"1",FALSE,0
"16148",9,"F",6,"Black","High",1,0,0,0,0,0,0,0,0,0,4,"1",FALSE,0
"16149",9,"F",6,"Black","High",1,0,0,0,0,0,0,0,0,0,3,"1",FALSE,0
"16150",9,"M",6,NA,"High",2,0,0,0,0,0,0,0,0,1,4,"1",TRUE,0
"16151",9,"M",6,"Black","High",2,0,0,0,0,0,0,0,0,0,4,"1",FALSE,0
"16152",9,"M",6,"White","High",1,1,1,1,0,0,0,0,0,1,1,NA,TRUE,1
"16153",8,"F",6,"Black","High",1,0,1,0,0,0,0,0,0,0,2,"1",TRUE,1
"16154",10,"M",7,"Black","High",2,0,0,0,0,0,0,0,0,0,2,"1",FALSE,1
"16155",10,"M",7,"White","High",2,0,0,0,0,0,0,0,0,1,4,"1",TRUE,0
"16156",10,"F",7,"White","High",1,1,1,0,0,0,0,1,0,1,NA,NA,TRUE,NA
"16157",10,NA,7,"Black","High",2,0,0,0,0,0,0,0,0,0,1,NA,FALSE,1
"16158",10,"F",7,NA,"High",2,0,0,0,0,0,0,0,0,0,4,"1",FALSE,0
"16159",10,"F",7,"White","High",1,1,1,0,0,0,0,0,0,1,1,NA,TRUE,1
"16160",10,"M",7,NA,"High",2,0,0,0,0,0,0,0,0,0,4,"1",FALSE,0
"16161",7,"F",5,"Black","High",2,0,0,NA,0,0,0,0,0,0,4,"1",NA,0
"16162",9,"M",7,"White","High",1,1,0,1,0,0,1,0,0,1,1,NA,TRUE,1
"16163",9,"M",7,"Hispanic","High",2,0,0,0,0,0,0,0,0,0,4,"1",FALSE,0
"16164",1,"F",8,"Hispanic",NA,1,1,1,0,1,0,0,0,0,1,1,NA,TRUE,1
"16165",7,"M",5,"White","High",2,0,0,0,0,0,0,0,0,0,4,"1",FALSE,0
"16166",8,"M",5,"Black","High",2,0,0,0,0,0,0,0,0,0,4,"1",FALSE,0
"16167",8,"F",5,NA,"High",2,0,0,0,0,0,0,0,0,0,3,NA,FALSE,0
"16168",6,"F",4,"White","High",2,0,0,0,0,0,0,0,0,0,1,"1",FALSE,1
"16169",6,"M",4,"White","High",2,0,0,0,0,0,0,0,0,0,4,"1",FALSE,0
"16170",7,"M",4,"Black","High",1,0,1,0,0,0,0,0,0,0,1,NA,TRUE,1
"16171",6,"F",4,"White","High",2,0,0,0,0,0,0,0,0,0,4,NA,FALSE,0
"16172",6,"M",4,"Hispanic","High",1,0,0,0,0,0,0,0,0,0,2,"1",FALSE,1
"16173",7,"F",4,"White","High",1,0,1,0,0,0,0,0,0,1,2,NA,TRUE,1
"16174",7,"F",4,NA,"High",2,0,0,0,0,0,0,0,0,0,2,NA,FALSE,1
"16175",6,"M",4,"Black","High",2,0,0,0,0,0,0,0,0,1,1,NA,TRUE,1
"16176",8,"M",4,"White","High",2,0,0,0,0,0,0,0,0,0,4,NA,FALSE,0
"16177",6,"F",4,"White","High",2,0,0,0,0,0,0,0,0,0,2,"1",FALSE,1
"16178",6,"F",4,"White","High",2,0,0,0,0,0,0,0,0,0,4,"1",FALSE,0
"16179",6,"M",4,"White","High",2,0,0,0,0,0,0,0,0,0,4,"1",FALSE,0
"16180",7,"M",4,"White","High",2,0,0,0,0,0,0,0,0,1,4,"1",TRUE,0
"16181",6,"F",4,"White","High",2,0,0,0,0,0,0,0,0,1,2,NA,TRUE,1
"16182",6,"M",4,"Black","High",2,0,0,0,0,0,0,0,0,0,4,NA,FALSE,0
"16183",7,"M",4,"Black","High",2,0,0,0,0,0,0,0,0,0,4,"1",FALSE,0
"16184",7,"F",4,"Black","High",2,0,0,0,0,0,0,0,0,0,1,NA,FALSE,1
"16185",7,"F",4,"White","High",NA,0,NA,NA,0,0,0,0,0,NA,4,NA,NA,0
"16186",6,"F",4,"Black","High",1,0,0,0,0,0,0,0,0,0,4,NA,FALSE,0
"16187",7,"M",4,"White","High",2,0,0,1,0,0,0,0,0,1,4,"1",TRUE,0
"16188",7,"M",4,"White","High",2,0,0,0,0,0,0,0,0,0,4,"1",FALSE,0
"16189",6,"M",4,"White","High",1,1,0,1,0,0,0,0,0,1,1,NA,TRUE,1
"16190",7,"F",4,"White","High",2,0,0,0,0,0,0,0,0,0,4,"1",FALSE,0
"16191",7,"M",4,"Black","High",2,0,0,0,0,0,0,0,0,0,4,"1",FALSE,0
"16192",6,"M",4,"White","High",2,0,0,0,0,0,0,0,0,0,4,"1",FALSE,0
"16193",7,"F",5,NA,"High",NA,NA,NA,0,0,0,0,1,0,0,NA,NA,TRUE,NA
"16194",8,"M",5,"White","High",2,0,0,0,0,0,0,0,0,0,4,"1",FALSE,0
"16195",9,"F",4,"White","High",1,NA,1,1,0,0,1,0,0,1,1,NA,TRUE,1
"16196",8,"M",5,NA,"High",NA,1,NA,NA,NA,NA,NA,NA,NA,NA,2,NA,TRUE,1
"16197",8,"F",5,"Black","High",2,0,0,0,0,0,0,0,0,0,4,"1",FALSE,0
"16198",9,"F",5,NA,"High",1,1,0,0,0,0,0,0,0,0,1,NA,TRUE,1
"16199",7,"F",5,"White","High",2,0,0,0,0,0,NA,0,0,0,3,NA,NA,0
"16200",8,"M",5,"White","High",2,0,0,0,NA,NA,0,NA,NA,1,2,"1",TRUE,1
"16201",8,"M",5,"Black","High",2,0,0,0,0,0,0,0,0,0,4,"1",FALSE,0
"16202",7,"F",5,"Hispanic","High",2,0,0,0,0,0,0,0,0,0,4,"1",FALSE,0
"16203",8,"M",5,"White","High",2,0,0,0,0,0,0,0,0,0,4,"1",FALSE,0
"16204",7,"M",5,"Black","High",2,0,0,0,0,0,0,0,0,0,4,"1",FALSE,0
"16205",8,"M",5,"White","High",1,1,0,0,0,0,0,1,0,0,1,NA,TRUE,1
"16206",8,"F",5,"White","High",2,0,0,0,0,0,0,0,0,0,4,"1",FALSE,0
"16207",7,"M",5,NA,"High",2,0,0,0,0,0,NA,0,0,0,4,"1",NA,0
"16208",8,"M",5,NA,"High",2,0,0,0,0,0,0,0,0,0,1,"1",FALSE,1
"16209",8,"F",5,"Black","High",1,0,0,0,0,0,0,0,0,0,4,NA,FALSE,0
"16210",7,"M",5,"Black","High",2,0,0,0,0,0,0,0,0,0,4,"1",FALSE,0
"16211",7,"M",4,"Hispanic","High",1,1,0,0,0,0,0,0,0,0,2,"1",TRUE,1
"16212",7,"F",4,"Black","High",2,0,0,0,0,0,0,0,0,0,4,"1",FALSE,0
"16213",6,"M",4,"AI/AN","High",2,0,0,0,0,0,0,0,0,0,3,"1",FALSE,0
"16214",7,"F",4,"Hispanic","High",2,0,0,0,0,0,0,0,0,0,4,NA,FALSE,0
"16215",6,"F",4,"Black","High",2,0,0,0,0,0,0,0,0,0,3,NA,FALSE,0
"16216",6,"M",4,"White","High",2,0,0,0,0,0,0,0,0,0,1,"1",FALSE,1
"16217",7,"F",4,NA,"High",2,0,0,0,0,0,0,0,0,0,4,"1",FALSE,0
"16218",7,"F",4,"Hispanic","High",1,0,NA,0,0,0,0,0,0,0,4,NA,NA,0
"16219",7,"F",4,"Hispanic","High",2,0,0,0,0,0,0,0,0,0,3,NA,FALSE,0
"16220",7,"F",4,"Black","High",2,0,0,0,0,0,0,0,0,0,4,"1",FALSE,0
"16221",8,"M",4,NA,"High",2,0,0,0,NA,NA,0,NA,NA,0,4,"1",NA,0
"16222",6,"F",4,"White","High",2,0,0,0,0,0,0,0,0,0,4,NA,FALSE,0
"16223",6,"M",4,"Black","High",2,0,0,0,0,0,0,0,0,0,2,NA,FALSE,1
"16224",6,"F",4,"Hispanic","High",2,0,0,0,0,0,0,0,0,1,2,"1",TRUE,1
"16225",7,"M",4,"White","High",2,0,0,0,0,0,0,0,0,0,4,NA,FALSE,0
"16226",7,"M",4,"White","High",2,0,0,0,0,0,0,0,0,0,2,NA,FALSE,1
"16227",7,"M",4,"Black","High",1,0,1,0,0,0,0,0,0,0,4,"1",TRUE,0
"16228",7,"M",4,"Hispanic","High",2,0,0,0,0,0,0,0,0,0,4,NA,FALSE,0
"16229",7,"F",4,"Black","High",2,0,0,0,0,0,0,0,0,0,4,"1",FALSE,0
"16230",8,"F",6,"Black","High",2,0,0,0,0,0,0,0,0,0,2,NA,FALSE,1
"16231",8,"F",6,"Black","High",2,0,0,0,0,0,0,0,0,0,4,"1",FALSE,0
"16232",9,"F",6,"Black","High",2,0,0,0,0,0,0,0,0,0,4,"1",FALSE,0
"16233",9,"M",6,"Black","High",2,0,0,0,0,0,0,0,0,0,4,"1",FALSE,0
"16234",9,"M",6,"Hispanic","High",2,0,0,0,0,0,0,0,0,0,2,"1",FALSE,1
"16235",10,"M",6,"Hispanic","High",2,0,0,0,0,0,0,0,0,0,4,NA,FALSE,0
"16236",9,"M",6,NA,"High",2,0,0,0,0,0,0,0,0,0,4,NA,FALSE,0
"16237",9,"M",6,"Black","High",1,0,1,0,0,0,0,0,0,1,2,NA,TRUE,1
"16238",9,"M",6,"White","High",1,0,1,0,1,1,1,0,0,1,2,NA,TRUE,1
"16239",10,"M",6,"Black","High",1,0,0,0,0,0,0,0,0,0,4,"1",FALSE,0
"16240",9,"M",6,"Black","High",1,0,1,0,0,0,0,0,0,1,2,NA,TRUE,1
"16241",9,"F",6,"White","High",1,0,1,0,0,0,0,0,0,0,3,"1",TRUE,0
"16242",7,"M",5,"White","High",2,0,0,0,0,0,0,0,0,0,4,"1",FALSE,0
"16243",9,"F",7,"White","High",1,0,0,0,0,0,0,0,0,1,1,"1",TRUE,1
"16244",9,"F",6,NA,"High",2,0,0,0,0,0,0,0,0,0,4,NA,FALSE,0
"16245",9,"F",6,"Black","High",1,0,0,0,0,0,0,0,0,0,4,NA,FALSE,0
"16246",8,"M",6,"White","High",2,0,0,0,0,0,0,0,0,1,4,"1",TRUE,0
"16247",9,"F",6,"White","High",2,0,0,0,0,0,0,0,0,1,4,"1",TRUE,0
"16248",8,"M",6,"White","High",2,0,0,0,0,0,0,0,0,1,2,NA,TRUE,1
"16249",7,"M",6,"Hispanic","High",2,0,0,0,0,0,0,0,0,0,2,NA,FALSE,1
"16250",8,"M",6,"AI/AN","High",1,0,0,0,0,0,0,0,0,0,4,NA,FALSE,0
"16251",9,"F",6,"Black","High",2,0,0,0,0,0,0,0,0,0,4,NA,FALSE,0
"16252",8,"M",6,"Black","High",1,NA,NA,0,0,0,0,0,0,0,4,"1",NA,0
"16253",8,"M",6,"Black","High",2,0,0,0,0,0,0,0,0,0,4,"1",FALSE,0
"16254",7,"F",4,"Black","High",1,0,1,0,0,0,0,0,0,0,4,NA,TRUE,0
"16255",5,"M",3,"White","Middle",2,0,0,0,0,0,0,0,0,0,4,"1",FALSE,0
"16256",4,"F",1,"White","Middle",2,0,0,0,0,0,0,0,0,0,1,"1",FALSE,1
"16257",6,"M",3,"White","Middle",2,0,0,0,0,0,0,0,0,0,4,"1",FALSE,0
"16258",5,"F",3,"White","Middle",2,0,0,0,0,0,0,0,0,0,2,NA,FALSE,1
"16259",5,"M",3,"White","Middle",2,0,0,0,0,0,0,0,0,0,2,"1",FALSE,1
"16260",5,"M",3,"White","Middle",2,0,0,0,0,0,0,0,0,0,4,NA,FALSE,0
"16261",6,"M",3,"Hispanic","Middle",2,0,0,0,0,0,0,0,0,0,4,"1",FALSE,0
"16262",6,"M",3,"White","Middle",2,0,0,0,0,0,0,0,0,0,3,"1",FALSE,0
"16263",5,"F",3,"Hispanic","Middle",1,1,NA,NA,0,0,0,0,0,1,3,NA,TRUE,0
"16264",NA,"M",1,"White","Middle",2,0,0,0,0,0,0,0,0,0,4,NA,FALSE,0
"16265",5,"M",3,NA,"Middle",2,0,0,0,0,0,0,0,0,0,4,"1",FALSE,0
"16266",5,"F",3,"White","Middle",2,0,0,0,0,0,0,0,0,1,1,NA,TRUE,1
"16267",6,"M",3,"White","Middle",2,0,0,0,0,0,0,0,0,0,4,"1",FALSE,0
"16268",7,"M",3,"AI/AN","Middle",2,0,0,0,0,0,0,0,0,1,4,NA,TRUE,0
"16269",6,"M",3,"Black","Middle",2,0,0,0,0,0,0,0,0,0,4,"1",FALSE,0
"16270",6,"M",3,"White","Middle",2,0,0,0,0,0,0,0,0,0,2,"1",FALSE,1
"16271",5,"M",3,"Asian","Middle",2,0,0,0,0,0,0,0,0,1,4,"1",TRUE,0
"16272",5,"M",3,"AI/AN","Middle",2,0,0,0,0,0,0,0,0,1,4,NA,TRUE,0
"16273",6,"F",3,"White","Middle",2,0,0,0,0,0,0,0,0,1,1,"1",TRUE,1
"16274",5,"F",3,"White","Middle",2,0,0,0,0,0,0,0,0,0,3,"1",FALSE,0
"16275",6,"M",3,"White","Middle",2,0,0,0,0,0,0,0,0,0,4,"1",FALSE,0
"16276",6,"M",3,"White","Middle",2,0,0,0,0,0,0,0,0,0,4,"1",FALSE,0
"16277",6,"M",3,"White","Middle",2,0,0,0,0,0,0,0,0,0,3,"1",FALSE,0
"16278",6,"M",3,"White","Middle",2,0,0,0,0,0,0,0,0,0,2,"1",FALSE,1
"16279",5,"F",3,"Black","Middle",2,0,0,0,0,0,0,0,0,0,4,"1",FALSE,0
"16280",6,"F",3,"Hispanic","Middle",2,0,0,0,0,0,0,0,0,0,4,"1",FALSE,0
"16281",6,"F",3,"Black","Middle",1,0,1,0,0,0,0,0,0,1,4,NA,TRUE,0
"16282",5,"M",3,"Asian","Middle",2,0,0,0,0,0,0,0,0,0,4,"1",FALSE,0
"16283",5,"M",3,"White","Middle",2,0,0,0,0,0,0,0,0,0,2,NA,FALSE,1
"16284",6,"M",3,"White","Middle",2,0,0,0,0,0,0,0,0,0,4,"1",FALSE,0
"16285",6,"F",3,"White","Middle",2,0,0,0,0,0,0,0,0,0,4,"1",FALSE,0
"16286",6,"F",3,"White","Middle",2,0,0,0,0,0,0,0,0,0,4,"1",FALSE,0
"16287",6,"F",3,"White","Middle",2,0,0,0,0,0,0,0,0,0,4,"1",FALSE,0
"16288",6,"F",3,"White","Middle",2,0,0,0,0,0,0,0,0,0,4,"1",FALSE,0
"16289",6,"M",3,"White","Middle",2,0,0,0,0,0,0,0,0,0,4,NA,FALSE,0
"16290",5,"M",3,"Black","Middle",2,0,0,0,0,0,0,0,0,0,4,NA,FALSE,0
"16291",6,"M",3,"White","Middle",2,0,0,0,0,0,0,0,0,0,4,"1",FALSE,0
"16292",5,"M",3,"Asian","Middle",2,0,0,0,0,0,0,0,0,0,4,"1",FALSE,0
"16293",6,"F",3,"Hispanic","Middle",2,0,0,0,0,0,0,0,0,0,2,"1",FALSE,1
"16294",5,"M",3,"Asian","Middle",2,0,0,0,0,0,0,0,0,0,3,"1",FALSE,0
"16295",6,"F",3,"White","Middle",2,0,0,0,0,0,0,0,0,0,4,"1",FALSE,0
"16296",5,"M",3,"White","Middle",2,0,0,0,0,0,0,0,0,0,3,"1",FALSE,0
"16297",6,"M",3,"White","Middle",2,0,0,0,0,0,0,0,0,0,3,"1",FALSE,0
"16298",5,"M",3,"White","Middle",2,0,0,0,0,0,0,0,0,0,4,"1",FALSE,0
"16299",NA,NA,NA,"White",NA,2,0,0,0,0,0,0,0,0,0,4,"1",FALSE,0
"16300",6,"F",3,"White","Middle",2,0,0,0,0,0,0,0,0,0,4,"1",FALSE,0
"16301",3,"M",1,"Hispanic","Middle",2,0,0,0,0,0,NA,0,0,0,4,"1",NA,0
"16302",4,"M",1,"White","Middle",2,0,0,0,0,0,0,0,0,0,4,"1",FALSE,0
"16303",5,"M",1,"White","Middle",2,0,0,0,0,0,0,0,0,0,2,NA,FALSE,1
"16304",4,"F",1,"White","Middle",2,0,0,0,0,0,0,0,0,0,4,"1",FALSE,0
"16305",5,"M",3,"Black","Middle",2,0,0,0,0,0,0,0,0,0,4,"1",FALSE,0
"16306",4,"F",1,"White","Middle",2,0,0,0,0,0,0,0,0,0,4,"1",FALSE,0
"16307",5,"M",3,"White","Middle",2,0,0,0,0,0,0,0,0,0,4,"1",FALSE,0
"16308",6,"M",3,"Hispanic","Middle",2,0,0,0,0,0,0,0,0,0,NA,NA,FALSE,NA
"16309",4,"F",1,"White","Middle",2,0,0,0,NA,NA,0,NA,NA,0,4,"1",NA,0
"16310",6,"F",3,"White","Middle",2,NA,0,0,0,0,0,0,0,1,1,"1",TRUE,1
"16311",6,"F",3,"White","Middle",2,0,0,0,0,0,0,0,0,0,2,"1",FALSE,1
"16312",6,"M",3,"White","Middle",2,0,0,0,0,0,0,0,0,0,4,NA,FALSE,0
"16313",6,"M",3,"White","Middle",2,0,0,0,0,0,0,0,0,0,4,"1",FALSE,0
"16314",3,"M",1,NA,"Middle",2,0,0,0,0,0,0,0,0,0,4,NA,FALSE,0
"16315",4,"M",1,"Black","Middle",2,0,0,0,0,0,0,0,0,0,4,"1",FALSE,0
"16316",4,"F",2,"White","Middle",2,0,0,0,0,0,0,0,0,0,4,"1",FALSE,0
"16317",4,"M",2,"White","Middle",2,0,0,0,0,0,0,0,0,0,3,"1",FALSE,0
"16318",11,"F",7,"Hispanic","High",NA,NA,NA,1,1,0,NA,0,0,1,4,NA,TRUE,0
"16319",3,"M",1,"Hispanic","Middle",2,0,0,0,0,0,0,0,0,0,4,NA,FALSE,0
"16320",5,"M",2,"White","Middle",1,0,0,0,0,0,0,0,0,1,2,NA,TRUE,1
"16321",5,"F",2,"Hispanic","Middle",2,0,0,0,0,0,0,0,0,0,3,"1",FALSE,0
"16322",5,"F",2,"White","Middle",2,0,0,0,0,0,0,0,0,0,4,"1",FALSE,0
"16323",5,"M",2,"White","Middle",2,0,0,0,0,0,0,0,0,0,4,"1",FALSE,0
"16324",4,"M",2,"White","Middle",2,0,0,0,0,0,0,0,0,0,4,"1",FALSE,0
"16325",5,"M",2,"Asian","Middle",2,0,0,0,0,0,0,0,0,0,4,NA,FALSE,0
"16326",4,"M",2,NA,"Middle",2,0,0,NA,0,0,0,0,0,0,NA,"1",NA,NA
"16327",5,"M",2,"Hispanic","Middle",2,0,0,0,NA,NA,0,NA,NA,0,NA,NA,NA,NA
"16328",4,"F",2,"White","Middle",2,0,0,0,0,0,0,0,0,0,4,NA,FALSE,0
"16329",5,"M",2,"White","Middle",2,0,0,NA,0,0,0,0,0,0,4,NA,NA,0
"16330",4,"F",2,"Black","Middle",2,0,0,0,0,0,0,0,0,0,4,NA,FALSE,0
"16331",5,"M",2,"White","Middle",2,0,0,0,0,0,0,0,0,0,4,"1",FALSE,0
"16332",5,"M",2,"White","Middle",2,0,0,0,0,0,0,0,0,0,1,"1",FALSE,1
"16333",4,"M",2,"White","Middle",2,0,0,0,0,0,0,0,0,0,4,NA,FALSE,0
"16334",5,"F",2,"White","Middle",2,0,0,0,0,0,0,0,0,0,4,NA,FALSE,0
"16335",5,"M",2,"White","Middle",2,0,0,0,0,0,0,0,0,0,3,"1",FALSE,0
"16336",5,"F",2,"Hispanic","Middle",2,0,0,0,0,0,0,0,0,0,2,"1",FALSE,1
"16337",5,"M",2,"Black","Middle",2,0,0,0,0,0,0,0,0,0,4,"1",FALSE,0
"16338",5,NA,2,"White","Middle",2,0,0,0,0,0,0,0,0,NA,4,"1",NA,0
"16339",5,"M",2,"White","Middle",2,0,0,0,0,0,0,0,0,0,4,"1",FALSE,0
"16340",4,"M",2,"White","Middle",2,0,0,0,0,0,0,0,0,0,4,"1",FALSE,0
"16341",4,"F",2,"White","Middle",2,0,0,0,0,0,0,0,0,0,1,NA,FALSE,1
"16342",5,"M",2,"White","Middle",1,1,NA,1,1,1,0,1,1,1,2,NA,TRUE,1
"16343",5,"F",2,"White","Middle",1,NA,0,0,0,0,0,0,0,1,1,NA,TRUE,1
"16344",4,"F",2,"Black","Middle",2,0,0,0,0,0,0,0,0,0,2,NA,FALSE,1
"16345",4,"F",2,"Black","Middle",2,0,0,0,0,0,0,0,0,0,3,"1",FALSE,0
"16346",5,"F",2,"White","Middle",2,0,0,0,0,0,0,0,0,0,4,"1",FALSE,0
"16347",5,"F",2,NA,"Middle",2,0,0,0,0,0,0,0,0,0,3,"1",FALSE,0
"16348",5,"F",2,"White","Middle",2,0,0,0,0,0,0,0,0,0,4,"1",FALSE,0
"16349",4,"F",2,"White","Middle",2,0,0,0,0,0,0,0,0,0,1,NA,FALSE,1
"16350",5,"F",2,"White","Middle",2,0,0,0,0,0,0,0,0,0,4,"1",FALSE,0
"16351",5,"F",2,"White","Middle",2,0,0,0,0,0,0,0,0,0,4,"1",FALSE,0
"16352",4,"M",2,"White","Middle",2,0,0,NA,0,0,0,0,0,0,4,"1",NA,0
"16353",4,"F",2,"White","Middle",2,0,0,0,0,0,0,0,0,0,4,NA,FALSE,0
"16354",4,"F",2,"Black","Middle",2,0,0,0,0,0,0,0,0,0,4,"1",FALSE,0
"16355",4,"M",2,"White","Middle",2,0,0,0,0,0,0,0,0,0,4,"1",FALSE,0
"16356",3,"M",1,"White","Middle",2,0,0,0,0,0,0,0,0,0,2,"1",FALSE,1
"16357",3,"F",1,"White","Middle",2,0,0,0,0,0,0,0,0,0,4,"1",FALSE,0
"16358",4,"M",1,"White","Middle",2,0,0,0,0,0,0,0,0,0,4,"1",FALSE,0
"16359",4,"M",1,"White","Middle",2,0,0,0,0,0,0,0,0,0,4,"1",FALSE,0
"16360",4,"F",1,"White","Middle",2,0,0,0,0,0,0,0,0,0,4,NA,FALSE,0
"16361",4,"F",1,"White","Middle",2,0,0,0,0,0,0,0,0,0,3,NA,FALSE,0
"16362",4,"M",2,"White","Middle",2,0,0,0,0,0,0,0,0,0,2,"1",FALSE,1
"16363",4,"M",2,"White","Middle",2,0,0,0,0,0,0,0,0,0,2,"1",FALSE,1
"16364",5,"F",2,"White","Middle",2,0,0,0,0,0,0,0,0,0,4,"1",FALSE,0
"16365",5,"F",2,"Black","Middle",2,0,0,0,0,0,0,0,0,0,4,"1",FALSE,0
"16366",4,"M",2,"White","Middle",2,0,0,0,0,0,0,0,0,0,4,"1",FALSE,0
"16367",5,"F",2,"White","Middle",2,0,0,0,0,0,0,0,0,0,4,"1",FALSE,0
"16368",4,"F",2,"White","Middle",2,0,0,0,0,0,0,0,0,0,4,"1",FALSE,0
"16369",5,"F",2,"White","Middle",2,0,0,0,0,0,0,0,0,0,4,"1",FALSE,0
"16370",4,"F",2,"Hispanic","Middle",2,0,0,0,0,0,0,0,0,0,4,"1",FALSE,0
"16371",5,"M",2,"White","Middle",2,0,0,0,0,0,0,0,0,0,4,NA,FALSE,0
"16372",4,"M",2,"White","Middle",2,0,0,0,0,0,0,0,0,0,4,NA,FALSE,0
"16373",5,"M",2,"White","Middle",2,NA,NA,NA,0,0,NA,0,0,NA,4,"1",NA,0
"16374",4,"F",2,"Black","Middle",2,0,0,0,0,0,0,0,0,0,3,NA,FALSE,0
"16375",5,"F",2,"White","Middle",2,0,0,0,0,0,0,0,0,1,2,NA,TRUE,1
"16376",5,"F",2,"NHOPI","Middle",2,0,0,0,0,0,0,0,0,0,4,"1",FALSE,0
"16377",5,"F",2,"White","Middle",2,0,0,0,0,0,0,0,0,0,3,"1",FALSE,0
"16378",4,"F",1,"White","Middle",2,0,0,0,0,0,0,0,0,0,4,"1",FALSE,0
"16379",3,"F",1,"White","Middle",2,0,0,0,0,0,0,0,0,0,3,"1",FALSE,0
"16380",3,"F",1,"White","Middle",2,0,0,0,0,0,0,0,0,0,4,"1",FALSE,0
"16381",4,"M",1,"White","Middle",2,0,0,0,0,0,0,0,0,0,4,"1",FALSE,0
"16382",4,"M",1,"White","Middle",2,0,0,0,0,0,0,0,0,0,4,"1",FALSE,0
"16383",4,"F",1,"White","Middle",2,0,0,0,0,0,0,0,0,0,4,"1",FALSE,0
"16384",3,"M",1,"Asian","Middle",2,0,0,0,0,0,0,0,0,0,4,"1",FALSE,0
"16385",4,"M",1,"White","Middle",2,0,0,0,0,0,0,0,0,0,2,"1",FALSE,1
"16386",3,"F",1,"White","Middle",2,0,0,0,0,0,0,0,0,0,4,"1",FALSE,0
"16387",4,"F",1,NA,"Middle",2,0,0,0,0,0,0,0,0,0,4,"1",FALSE,0
"16388",4,"M",1,"White","Middle",2,0,0,0,0,0,0,0,0,0,2,NA,FALSE,1
"16389",3,"M",1,"Black","Middle",2,0,0,0,0,0,0,0,0,0,4,"1",FALSE,0
"16390",3,"M",1,"White","Middle",2,0,0,0,0,0,0,0,0,0,4,"1",FALSE,0
"16391",4,"F",1,"White","Middle",2,0,0,0,0,0,0,0,0,0,4,"1",FALSE,0
"16392",4,"M",1,"Black","Middle",2,0,0,0,0,0,0,0,0,0,4,NA,FALSE,0
"16393",3,"F",1,"White","Middle",2,0,0,0,0,0,0,0,0,0,4,NA,FALSE,0
"16394",4,"F",1,"White","Middle",2,0,0,0,0,0,0,0,0,0,3,"1",FALSE,0
"16395",3,"F",1,"Black","Middle",2,0,0,0,0,0,0,0,0,0,3,NA,FALSE,0
"16396",3,"F",1,"White","Middle",2,0,0,0,0,0,0,0,0,0,4,NA,FALSE,0
"16397",4,"M",1,"White","Middle",2,0,0,NA,0,0,0,0,0,0,4,NA,NA,0
"16398",4,"M",1,"White","Middle",2,0,0,0,0,0,0,0,0,0,4,"1",FALSE,0
"16399",4,"M",1,"Hispanic","Middle",2,0,0,NA,0,0,0,0,0,0,4,"1",NA,0
"16400",3,"M",1,"White","Middle",2,0,0,0,0,0,0,0,0,0,4,NA,FALSE,0
"16401",3,"F",1,"White","Middle",2,0,0,0,0,0,0,0,0,0,4,"1",FALSE,0
"16402",3,"F",1,"Hispanic","Middle",2,0,0,0,0,0,0,0,0,0,4,"1",FALSE,0
"16403",4,"M",1,"White","Middle",2,0,0,0,0,0,0,0,0,0,4,"1",FALSE,0
"16404",3,"M",1,"White","Middle",2,0,0,0,0,0,0,0,0,0,4,"1",FALSE,0
"16405",4,"M",1,"White","Middle",2,0,0,0,0,0,0,0,0,0,4,"1",FALSE,0
"16406",4,"F",1,"White","Middle",2,0,0,0,0,0,NA,0,0,0,4,"1",NA,0
"16407",3,"F",1,"White","Middle",2,0,0,0,0,0,0,0,0,0,4,"1",FALSE,0
"16408",4,"F",1,"White","Middle",2,0,0,0,0,0,0,0,0,0,4,"1",FALSE,0
"16409",4,"F",1,"White","Middle",2,0,0,0,0,0,0,0,0,0,4,NA,FALSE,0
"16410",4,"M",1,"White","Middle",2,0,0,0,0,0,0,0,0,0,4,"1",FALSE,0
"16411",3,"F",1,"Black","Middle",2,0,0,0,0,0,0,0,0,1,2,NA,TRUE,1
"16412",4,"M",1,NA,"Middle",2,0,0,0,0,0,0,0,0,0,4,"1",FALSE,0
"16413",3,"F",1,"White","Middle",2,0,0,0,0,0,0,0,0,0,4,"1",FALSE,0
"16414",4,"F",1,"White","Middle",2,0,0,0,0,0,0,0,0,0,4,"1",FALSE,0
"16415",3,"F",1,"White","Middle",2,0,0,0,0,0,0,0,0,0,4,"1",FALSE,0
"16416",3,"M",1,"White","Middle",2,0,0,0,0,0,0,0,0,0,1,NA,FALSE,1
"16417",4,"M",1,"White","Middle",2,0,0,0,0,0,0,0,0,0,4,"1",FALSE,0
"16418",4,"M",1,"White","Middle",2,0,0,0,0,0,0,0,0,0,4,"1",FALSE,0
"16419",3,"F",1,"White","Middle",2,0,0,0,0,0,0,0,0,0,2,"1",FALSE,1
"16420",4,"F",1,"White","Middle",2,0,0,0,0,0,0,0,0,0,2,"1",FALSE,1
"16421",3,"M",1,"White","Middle",2,0,0,0,0,0,0,0,0,0,4,"1",FALSE,0
"16422",4,"F",1,"AI/AN","Middle",2,0,0,0,0,0,0,0,0,0,2,NA,FALSE,1
"16423",4,"F",1,"White","Middle",2,0,0,0,0,0,0,0,0,0,4,"1",FALSE,0
"16424",4,"M",1,"White","Middle",2,0,0,0,0,0,0,0,0,0,3,"1",FALSE,0
"16425",4,"F",1,"Black","Middle",2,0,0,0,0,0,0,0,0,0,3,NA,FALSE,0
"16426",6,"F",4,"White","High",2,1,0,0,0,0,0,0,0,0,1,NA,TRUE,1
"16427",7,"F",4,NA,"High",2,0,0,0,0,0,0,0,0,0,4,NA,FALSE,0
"16428",7,"F",4,"White","High",2,0,0,0,0,0,0,0,0,0,3,NA,FALSE,0
"16429",6,"M",4,"White","High",2,0,0,0,0,0,0,0,0,0,4,"1",FALSE,0
"16430",6,"F",4,"White","High",2,0,0,0,NA,NA,0,NA,NA,0,2,"1",NA,1
"16431",7,"M",4,"White","High",2,0,0,0,0,0,0,0,0,0,4,"1",FALSE,0
"16432",8,"M",4,"White","High",2,0,0,0,0,0,0,0,0,0,4,"1",FALSE,0
"16433",6,"F",4,"White","High",2,0,0,0,0,0,0,0,0,0,3,"1",FALSE,0
"16434",7,"F",4,"White","High",2,NA,0,0,0,0,0,0,0,0,3,"1",NA,0
"16435",6,"F",4,"White","High",2,0,0,0,0,0,0,0,0,0,4,"1",FALSE,0
"16436",8,"M",4,"White","High",2,0,0,0,0,0,0,0,0,0,4,"1",FALSE,0
"16437",8,"M",5,"White","High",1,1,0,0,0,0,0,0,0,1,1,NA,TRUE,1
"16438",7,"M",4,"White","High",2,0,0,0,0,0,0,0,0,0,4,NA,FALSE,0
"16439",6,"M",4,"White","High",2,0,0,0,0,0,0,0,0,0,2,NA,FALSE,1
"16440",7,"M",4,NA,"High",2,0,0,0,0,0,0,0,0,0,4,NA,FALSE,0
"16441",6,"M",4,"White","High",2,0,0,0,0,0,0,0,0,0,2,NA,FALSE,1
"16442",7,"M",4,"White","High",2,0,0,0,0,0,0,0,0,0,3,NA,FALSE,0
"16443",7,"M",4,"White","High",2,0,0,0,0,0,0,0,0,0,4,NA,FALSE,0
"16444",9,"M",6,"White","High",1,0,0,0,0,0,0,0,0,0,4,NA,FALSE,0
"16445",9,"F",6,"White","High",2,0,0,0,0,0,0,0,0,1,4,NA,TRUE,0
"16446",9,"F",6,"White","High",2,0,0,0,0,0,0,0,0,1,2,NA,TRUE,1
"16447",9,"F",7,"White","High",2,0,0,0,0,0,0,0,0,0,2,NA,FALSE,1
"16448",9,"M",6,"White","High",2,0,0,0,0,0,0,0,0,1,2,NA,TRUE,1
"16449",8,"F",6,"White","High",2,0,0,0,0,0,0,0,0,0,4,"1",FALSE,0
"16450",9,"F",6,"White","High",1,0,1,0,0,0,0,0,0,0,1,NA,TRUE,1
"16451",8,"M",6,"White","High",2,0,0,0,0,0,0,0,0,0,4,"1",FALSE,0
"16452",8,"F",6,"Hispanic","High",2,0,0,0,0,0,0,0,0,0,4,"1",FALSE,0
"16453",8,"F",6,"White","High",2,0,0,0,0,0,0,0,0,1,2,NA,TRUE,1
"16454",10,"F",6,"White","High",1,1,0,0,0,0,0,0,0,0,2,NA,TRUE,1
"16455",9,"F",6,"White","High",2,0,0,0,0,0,0,0,0,0,4,"1",FALSE,0
"16456",9,"F",6,"White","High",2,0,0,0,0,0,0,0,0,1,4,"1",TRUE,0
"16457",8,"F",6,"White","High",2,0,0,0,0,0,0,0,0,0,4,"1",FALSE,0
"16458",9,"M",6,"White","High",1,0,NA,1,0,0,0,1,0,1,1,NA,TRUE,1
"16459",8,"F",6,"Hispanic","High",2,0,0,0,0,0,0,0,0,0,4,"1",FALSE,0
"16460",10,"F",7,"White","High",1,0,0,0,0,0,0,0,0,0,1,NA,FALSE,1
"16461",9,"F",7,"White","High",2,0,0,0,0,0,0,0,0,0,3,"1",FALSE,0
"16462",10,"F",7,"White","High",2,0,0,0,0,0,0,0,0,0,4,NA,FALSE,0
"16463",8,"F",5,"Asian","High",2,0,0,0,0,0,0,0,0,0,4,NA,FALSE,0
"16464",10,"F",7,"White","High",2,0,0,0,0,0,0,0,0,0,4,NA,FALSE,0
"16465",10,"M",7,"White","High",2,0,0,0,0,0,0,0,0,0,3,NA,FALSE,0
"16466",9,"M",7,"White","High",2,0,0,0,0,0,0,0,0,1,2,NA,TRUE,1
"16467",10,"M",7,"White","High",2,0,0,0,0,0,0,0,0,0,4,NA,FALSE,0
"16468",8,"M",5,"Black","High",2,0,NA,NA,NA,NA,NA,NA,NA,0,1,"1",NA,1
"16469",10,"F",7,"White","High",1,1,1,0,0,1,0,1,0,1,1,"1",TRUE,1
"16470",11,"M",7,"White","High",2,0,0,0,0,0,0,0,0,0,4,NA,FALSE,0
"16471",10,"F",7,"White","High",2,0,0,0,0,0,0,0,0,0,4,"1",FALSE,0
"16472",10,"M",7,"White","High",2,0,0,0,0,0,0,0,0,0,4,"1",FALSE,0
"16473",10,"M",7,"White","High",2,0,0,0,0,0,0,0,0,0,4,NA,FALSE,0
"16474",9,"M",7,"White","High",2,0,0,0,0,0,0,0,0,0,4,NA,FALSE,0
"16475",7,"F",4,"White","High",2,0,0,0,0,0,0,0,0,0,3,NA,FALSE,0
"16476",7,"M",4,"White","High",2,0,0,0,0,0,0,0,0,1,1,NA,TRUE,1
"16477",6,"F",4,"White","High",1,1,0,0,0,0,0,1,0,1,2,"1",TRUE,1
"16478",6,"M",4,"Black","High",1,1,1,0,0,0,0,0,0,1,1,"1",TRUE,1
"16479",7,"F",4,"White","High",2,0,0,0,0,0,0,0,0,0,4,NA,FALSE,0
"16480",8,"F",4,NA,"High",1,0,0,0,0,0,0,0,0,0,3,"1",FALSE,0
"16481",7,"M",4,"White","High",2,0,0,0,0,0,0,0,0,0,4,"1",FALSE,0
"16482",6,"M",4,"White","High",2,0,0,0,0,0,0,0,0,0,3,NA,FALSE,0
"16483",7,"F",4,"White","High",2,1,0,0,0,0,0,1,0,0,2,NA,TRUE,1
"16484",6,"M",4,"White","High",2,0,0,0,0,0,0,0,0,1,3,NA,TRUE,0
"16485",6,"F",4,"White","High",2,0,0,0,0,0,0,0,0,0,4,"1",FALSE,0
"16486",7,"M",4,"White","High",2,0,0,0,0,0,0,1,0,1,2,NA,TRUE,1
"16487",8,"F",4,"White","High",2,0,0,0,0,0,0,0,0,1,2,NA,TRUE,1
"16488",6,"M",4,"Hispanic","High",1,NA,0,0,0,0,0,0,0,0,4,"1",NA,0
"16489",7,"M",4,"White","High",1,0,0,0,0,0,0,0,0,0,4,NA,FALSE,0
"16490",8,"F",5,"White","High",2,0,0,0,0,0,0,0,0,1,2,NA,TRUE,1
"16491",8,"M",5,"White","High",2,0,0,0,0,0,0,0,0,0,3,NA,FALSE,0
"16492",8,"F",5,"White","High",2,0,0,0,0,0,0,0,0,0,4,NA,FALSE,0
"16493",8,"M",5,"White","High",2,0,0,0,0,0,0,0,0,0,4,NA,FALSE,0
"16494",8,"F",5,"White","High",2,0,0,0,0,0,0,0,0,0,4,"1",FALSE,0
"16495",7,"F",5,"White","High",2,0,0,0,0,0,0,0,0,0,4,NA,FALSE,0
"16496",8,"F",5,"White","High",2,0,0,0,0,0,0,0,0,0,3,"1",FALSE,0
"16497",8,"M",5,"White","High",2,0,0,0,0,0,0,0,0,0,4,"1",FALSE,0
"16498",7,"F",5,"White","High",2,0,0,0,0,0,0,0,0,0,3,"1",FALSE,0
"16499",8,"F",5,"Hispanic","High",2,0,0,0,0,0,0,0,0,0,4,"1",FALSE,0
"16500",8,"M",5,"White","High",2,0,0,0,0,0,0,0,0,0,3,"1",FALSE,0
"16501",8,"F",5,"White","High",2,0,0,0,0,0,0,0,0,0,4,"1",FALSE,0
"16502",8,"M",5,"White","High",2,0,0,0,0,0,0,0,0,0,3,"1",FALSE,0
"16503",8,"M",5,"White","High",2,0,0,0,0,0,0,0,0,0,2,NA,FALSE,1
"16504",7,"F",5,"White","High",2,0,0,0,0,0,0,0,0,0,4,"1",FALSE,0
"16505",8,"F",5,"White","High",2,0,0,0,0,0,0,0,0,0,4,NA,FALSE,0
"16506",7,"F",5,"White","High",2,0,0,0,0,0,0,0,0,0,4,NA,FALSE,0
"16507",8,"F",5,"White","High",2,0,0,0,0,0,0,0,0,0,4,NA,FALSE,0
"16508",8,"F",5,"White","High",1,1,1,0,0,0,0,0,0,0,1,NA,TRUE,1
"16509",8,"M",5,"Hispanic","High",2,0,0,0,0,0,0,0,0,0,4,NA,FALSE,0
"16510",7,"F",5,"White","High",2,0,0,0,0,0,0,0,0,0,4,NA,FALSE,0
"16511",7,"F",5,"White","High",2,0,0,0,0,0,0,0,0,0,3,"1",FALSE,0
"16512",9,"M",5,"White","High",2,0,0,0,0,0,0,0,0,0,4,NA,FALSE,0
"16513",7,"F",5,"White","High",2,0,0,0,0,0,0,0,0,1,4,"1",TRUE,0
"16514",8,"M",5,"White","High",2,0,0,0,0,0,0,0,0,1,2,NA,TRUE,1
"16515",8,"M",5,"White","High",2,0,0,0,0,0,0,0,0,0,4,"1",FALSE,0
"16516",8,"F",5,"White","High",2,0,0,0,0,0,0,0,0,0,4,NA,FALSE,0
"16517",11,"M",1,"Hispanic","Middle",1,1,1,1,1,0,1,0,0,1,1,"1",TRUE,1
"16518",8,"M",5,"White","High",1,0,0,0,0,0,0,0,0,0,4,"1",FALSE,0
"16519",9,"M",5,"White","High",1,0,0,0,0,0,0,0,0,0,2,NA,FALSE,1
"16520",8,"F",5,"White","High",2,0,0,0,0,0,0,0,0,0,4,NA,FALSE,0
"16521",8,"M",5,"White","High",1,0,1,0,0,0,1,0,0,1,2,"1",TRUE,1
"16522",1,"M",1,"Hispanic","Middle",NA,0,0,0,0,0,0,0,0,0,4,NA,FALSE,0
"16523",8,"F",5,"White","High",2,0,0,0,0,0,0,0,0,0,2,"1",FALSE,1
"16524",7,"F",5,"White","High",1,NA,0,0,0,0,0,0,0,0,4,NA,NA,0
"16525",8,"M",1,"Hispanic","Middle",1,1,1,0,0,0,NA,0,0,0,2,NA,TRUE,1
"16526",7,"F",5,"Black","High",1,0,1,0,0,0,0,0,0,1,4,NA,TRUE,0
"16527",7,"M",5,"White","High",2,0,0,0,0,0,0,0,0,0,3,NA,FALSE,0
"16528",9,"F",5,NA,"High",1,1,1,1,1,0,NA,0,0,1,1,NA,TRUE,1
"16529",11,"F",1,"White","Middle",NA,1,NA,NA,NA,NA,NA,NA,NA,NA,1,NA,TRUE,1
"16530",7,"M",5,"Hispanic","High",NA,1,NA,NA,NA,NA,NA,NA,NA,NA,1,NA,TRUE,1
"16531",9,"F",6,"White","High",2,0,0,0,0,0,0,0,0,1,2,NA,TRUE,1
"16532",8,"F",6,"White","High",2,0,0,0,0,0,0,0,0,0,3,"1",FALSE,0
"16533",9,"M",6,"White","High",1,1,1,1,0,0,0,1,0,1,2,NA,TRUE,1
"16534",9,"M",6,"White","High",2,0,0,0,0,0,0,0,0,0,3,"1",FALSE,0
"16535",9,"M",6,"White","High",1,1,0,0,0,0,0,1,0,1,3,"1",TRUE,0
"16536",8,"M",6,"White","High",1,1,0,1,0,0,0,1,0,0,1,NA,TRUE,1
"16537",9,"F",6,"White","High",2,0,0,0,0,0,0,0,0,0,2,NA,FALSE,1
"16538",9,"F",6,"White","High",2,0,0,0,0,0,0,0,0,0,2,NA,FALSE,1
"16539",8,"F",6,"Black","High",1,0,0,0,0,0,0,0,0,0,4,NA,FALSE,0
"16540",9,"M",6,NA,"High",2,0,0,0,0,0,0,0,0,0,4,NA,FALSE,0
"16541",10,"F",6,"White","High",2,0,0,0,0,0,0,0,0,0,4,"1",FALSE,0
"16542",8,"M",6,"Black","High",2,0,0,0,0,0,0,0,0,0,4,NA,FALSE,0
"16543",9,"F",6,"White","High",2,1,0,0,0,0,0,0,1,0,1,NA,TRUE,1
"16544",9,"M",6,"White","High",1,0,0,0,0,0,0,0,0,0,1,NA,FALSE,1
"16545",8,"M",6,"White","High",2,0,0,0,0,0,0,0,0,0,3,"1",FALSE,0
"16546",9,"M",6,"White","High",2,0,0,0,0,0,0,0,0,1,1,NA,TRUE,1
"16547",10,"M",6,"White","High",2,0,0,0,0,0,0,0,0,0,4,"1",FALSE,0
"16548",9,"F",6,"White","High",2,0,0,0,0,0,0,0,0,0,4,NA,FALSE,0
"16549",8,"F",6,"White","High",2,0,0,1,0,0,0,0,0,0,3,NA,TRUE,0
"16550",8,"M",6,"White","High",2,0,0,0,0,0,0,0,0,0,3,NA,FALSE,0
"16551",9,"F",6,"White","High",2,0,0,0,0,0,0,0,0,0,4,"1",FALSE,0
"16552",9,"F",6,"White","High",2,0,0,0,0,0,0,0,0,0,2,NA,FALSE,1
"16553",9,"F",6,"White","High",2,0,0,0,0,0,1,0,0,1,1,NA,TRUE,1
"16554",9,"F",7,"White","High",2,0,0,0,0,0,0,0,0,0,4,"1",FALSE,0
"16555",9,"F",7,"White","High",2,0,0,0,0,0,0,0,0,0,2,NA,FALSE,1
"16556",10,"M",7,"White","High",1,1,0,0,0,0,0,0,0,1,1,NA,TRUE,1
"16557",9,"M",7,"White","High",2,0,0,1,0,0,0,0,0,1,4,"1",TRUE,0
"16558",9,"F",7,"White","High",1,0,0,0,0,0,0,0,0,0,2,"1",FALSE,1
"16559",11,"M",7,"White","High",2,0,0,0,0,0,0,0,0,0,4,"1",FALSE,0
"16560",10,"M",7,"AI/AN","High",2,NA,0,1,NA,NA,0,NA,NA,0,4,NA,TRUE,0
"16561",10,"F",7,"White","High",2,0,0,0,0,0,0,0,0,0,4,"1",FALSE,0
"16562",10,"M",7,"White","High",NA,0,NA,NA,NA,NA,NA,NA,NA,NA,1,NA,NA,1
"16563",9,"F",7,"White","High",2,0,0,0,0,0,0,0,0,0,2,NA,FALSE,1
"16564",9,"F",7,"White","High",2,0,0,0,0,0,0,0,0,0,4,"1",FALSE,0
"16565",10,"M",7,"Black","High",1,1,0,0,0,0,0,0,0,1,2,NA,TRUE,1
"16566",8,"M",6,"White","High",1,0,1,0,0,0,0,0,0,1,2,NA,TRUE,1
"16567",9,"F",6,"White","High",2,0,0,0,0,0,0,0,0,1,1,NA,TRUE,1
"16568",3,"M",1,"White","Middle",2,0,0,0,0,0,0,0,0,0,4,NA,FALSE,0
"16569",4,"M",1,"White","Middle",2,0,0,0,0,0,0,0,0,0,4,NA,FALSE,0
"16570",3,"M",1,"White","Middle",2,0,0,0,0,0,0,0,0,0,4,NA,FALSE,0
"16571",3,"M",1,"White","Middle",2,0,0,0,0,0,0,0,0,0,3,NA,FALSE,0
"16572",4,"F",1,"White","Middle",2,0,0,0,0,0,0,0,0,0,3,"1",FALSE,0
"16573",3,"F",1,"White","Middle",2,0,0,0,0,0,0,0,0,0,4,"1",FALSE,0
"16574",4,"M",1,"Hispanic","Middle",2,0,0,0,0,0,0,0,0,0,3,NA,FALSE,0
"16575",4,"M",1,"Hispanic","Middle",2,0,0,0,0,0,NA,0,0,0,2,NA,NA,1
"16576",4,"M",1,"White","Middle",2,0,0,0,0,0,0,0,0,0,4,NA,FALSE,0
"16577",3,"F",1,"White","Middle",2,0,0,0,0,0,0,0,0,0,4,"1",FALSE,0
"16578",3,"F",1,"White","Middle",2,0,0,0,0,0,0,0,0,0,4,"1",FALSE,0
"16579",3,"F",1,"White","Middle",2,0,0,0,0,0,0,0,0,0,1,NA,FALSE,1
"16580",4,"F",1,"White","Middle",2,0,0,0,0,0,0,0,0,0,1,NA,FALSE,1
"16581",4,"F",1,"White","Middle",2,0,0,0,0,0,0,0,0,0,4,NA,FALSE,0
"16582",4,"F",1,"White","Middle",2,0,0,0,0,0,0,0,0,0,4,"1",FALSE,0
"16583",4,"M",1,"White","Middle",2,0,0,0,0,0,0,0,0,0,4,NA,FALSE,0
"16584",3,"M",1,"White","Middle",2,0,0,0,0,0,0,0,0,0,4,"1",FALSE,0
"16585",5,"M",1,"AI/AN","Middle",2,0,0,0,0,0,0,0,0,0,4,NA,FALSE,0
"16586",5,"M",1,"White","Middle",2,0,0,0,0,0,0,0,0,0,4,"1",FALSE,0
"16587",4,"F",1,"White","Middle",2,0,0,0,0,0,0,0,0,0,4,"1",FALSE,0
"16588",5,"F",1,"White","Middle",2,0,0,0,0,0,0,0,0,0,4,NA,FALSE,0
"16589",4,"F",1,"White","Middle",2,0,0,0,0,0,0,0,0,0,4,"1",FALSE,0
"16590",5,"F",1,"AI/AN","Middle",2,0,0,0,0,0,0,0,0,0,4,"1",FALSE,0
"16591",5,"F",1,"White","Middle",2,0,0,0,0,0,0,0,0,0,4,NA,FALSE,0
"16592",4,"M",1,"White","Middle",2,0,0,0,0,0,0,0,0,0,4,NA,FALSE,0
"16593",4,"M",1,"White","Middle",2,0,0,0,0,0,0,0,0,0,3,NA,FALSE,0
"16594",3,"F",1,"White","Middle",2,0,0,0,0,0,0,0,0,0,4,NA,FALSE,0
"16595",4,"F",1,"White","Middle",2,0,0,0,0,0,0,0,0,0,4,"1",FALSE,0
"16596",4,"F",1,"White","Middle",2,0,0,0,0,0,0,0,0,0,4,NA,FALSE,0
"16597",3,"F",1,"White","Middle",2,0,0,0,0,0,0,0,0,0,4,NA,FALSE,0
"16598",4,"F",1,"White","Middle",2,0,0,0,0,0,0,0,0,0,4,"1",FALSE,0
"16599",4,"M",1,"White","Middle",2,0,0,0,0,0,0,0,0,0,3,NA,FALSE,0
"16600",3,"M",1,"White","Middle",2,0,0,0,0,0,0,0,0,0,4,NA,FALSE,0
"16601",4,"M",1,"White","Middle",1,0,0,1,0,0,0,0,0,1,4,NA,TRUE,0
"16602",3,"F",1,"AI/AN","Middle",2,0,0,0,0,0,0,0,0,0,3,"1",FALSE,0
"16603",3,"M",1,"White","Middle",2,0,0,0,0,0,0,0,0,0,1,NA,FALSE,1
"16604",3,"F",1,"White","Middle",2,0,0,0,0,0,0,0,0,0,4,NA,FALSE,0
"16605",5,"M",1,"Hispanic","Middle",2,0,0,0,0,0,0,0,0,0,4,NA,FALSE,0
"16606",4,"F",1,"White","Middle",2,0,0,0,0,0,0,0,0,0,4,NA,FALSE,0
"16607",5,"F",1,"White","Middle",2,0,0,0,0,0,0,0,0,0,4,NA,FALSE,0
"16608",4,"M",1,"White","Middle",2,0,0,0,0,0,0,0,0,0,2,"1",FALSE,1
"16609",3,"F",1,"White","Middle",2,0,0,0,0,0,0,0,0,0,4,NA,FALSE,0
"16610",3,"F",1,"White","Middle",2,0,0,0,0,0,0,0,0,0,4,"1",FALSE,0
"16611",3,"M",1,"White","Middle",2,0,0,0,0,0,0,0,0,0,4,"1",FALSE,0
"16612",4,"F",1,"White","Middle",2,0,0,0,0,0,0,0,0,0,3,NA,FALSE,0
"16613",4,"M",1,"Hispanic","Middle",NA,1,NA,1,0,0,NA,0,0,1,1,NA,TRUE,1
"16614",5,"M",1,"White","Middle",2,0,0,0,0,0,0,0,0,0,3,NA,FALSE,0
"16615",4,"F",1,"Hispanic","Middle",2,0,0,0,0,0,0,0,0,0,2,NA,FALSE,1
"16616",6,"M",3,"White","Middle",2,0,0,0,0,0,0,0,0,0,3,NA,FALSE,0
"16617",6,"M",3,"White","Middle",2,0,0,0,0,0,NA,0,0,0,3,NA,NA,0
"16618",6,"F",3,"White","Middle",2,0,0,0,0,0,0,0,0,0,4,NA,FALSE,0
"16619",6,"F",3,"White","Middle",2,0,0,0,0,0,0,0,0,0,3,NA,FALSE,0
"16620",5,"F",3,"White","Middle",1,1,0,0,0,0,0,1,0,1,1,NA,TRUE,1
"16621",6,"M",3,"White","Middle",2,0,0,0,0,0,0,0,0,0,4,NA,FALSE,0
"16622",5,"F",3,NA,"Middle",2,0,0,0,0,0,0,0,0,0,4,NA,FALSE,0
"16623",6,"M",3,"White","Middle",2,0,0,0,0,0,0,0,0,0,4,"1",FALSE,0
"16624",5,"F",3,"White","Middle",2,0,0,0,0,0,0,0,0,0,4,NA,FALSE,0
"16625",6,"M",3,NA,"Middle",2,0,0,0,0,0,0,0,0,0,4,"1",FALSE,0
"16626",6,"F",3,"White","Middle",1,1,0,0,1,0,NA,0,0,NA,1,NA,TRUE,1
"16627",6,"M",3,"White","Middle",2,0,0,0,0,0,0,0,0,0,3,NA,FALSE,0
"16628",5,"F",3,NA,"Middle",2,0,0,0,NA,NA,0,NA,NA,1,1,NA,TRUE,1
"16629",7,"F",3,NA,"Middle",2,0,0,0,0,0,0,0,0,1,2,NA,TRUE,1
"16630",6,"M",3,"White","Middle",2,0,0,0,0,0,0,0,0,0,4,NA,FALSE,0
"16631",5,"F",2,NA,"Middle",2,0,0,0,0,0,0,0,0,0,3,"1",FALSE,0
"16632",4,"F",2,"White","Middle",2,0,0,0,0,0,0,0,0,0,4,"1",FALSE,0
"16633",5,"F",2,"White","Middle",2,0,0,0,0,0,0,0,0,0,4,NA,FALSE,0
"16634",5,"F",2,"White","Middle",2,0,0,0,0,0,0,0,0,0,4,NA,FALSE,0
"16635",4,"F",2,"White","Middle",2,0,0,0,0,0,0,0,0,0,2,NA,FALSE,1
"16636",5,"F",2,NA,"Middle",2,0,0,0,0,0,0,0,0,0,4,"1",FALSE,0
"16637",5,"F",2,"White","Middle",2,0,0,0,0,0,0,0,0,0,4,"1",FALSE,0
"16638",5,"F",2,"White","Middle",2,0,0,0,0,0,0,0,0,0,3,NA,FALSE,0
"16639",5,"F",2,"White","Middle",2,0,0,0,0,0,0,0,0,0,4,"1",FALSE,0
"16640",5,"F",2,"White","Middle",2,0,0,0,0,0,0,0,0,0,2,NA,FALSE,1
"16641",5,"F",2,"White","Middle",2,0,0,0,0,0,0,0,0,0,4,"1",FALSE,0
"16642",5,"F",2,"White","Middle",2,0,0,0,0,0,0,0,0,0,2,"1",FALSE,1
"16643",5,"M",2,"White","Middle",2,0,0,0,0,0,0,0,0,0,2,"1",FALSE,1
"16644",4,"F",2,"White","Middle",2,0,0,0,0,0,0,0,0,0,4,NA,FALSE,0
"16645",5,"M",2,NA,"Middle",2,1,0,1,0,0,0,0,0,0,2,NA,TRUE,1
"16646",5,"M",2,NA,"Middle",1,0,NA,1,0,0,0,0,0,0,4,NA,TRUE,0
"16647",4,"M",2,"White","Middle",1,0,NA,0,0,0,0,0,0,0,4,"1",NA,0
"16648",4,"M",2,"White","Middle",2,0,0,0,0,0,0,0,0,0,4,"1",FALSE,0
"16649",4,"M",2,"Hispanic","Middle",2,0,0,0,0,0,0,0,0,0,4,"1",FALSE,0
"16650",5,"M",2,"White","Middle",2,0,0,0,0,0,0,0,0,0,4,NA,FALSE,0
"16651",4,"M",2,"White","Middle",2,0,0,0,0,0,0,0,0,0,4,"1",FALSE,0
"16652",5,"M",2,NA,"Middle",2,0,0,0,0,0,0,0,0,0,4,"1",FALSE,0
"16653",5,"M",2,"Black","Middle",2,0,0,0,0,0,0,0,0,0,2,NA,FALSE,1
"16654",5,"F",2,"White","Middle",2,0,0,0,0,0,0,0,0,0,1,"1",FALSE,1
"16655",5,"F",2,"White","Middle",2,0,0,0,0,0,0,0,0,0,4,NA,FALSE,0
"16656",5,"M",2,"White","Middle",2,0,0,0,0,0,0,0,0,0,3,"1",FALSE,0
"16657",5,"M",2,"White","Middle",2,0,0,0,0,0,0,0,0,0,2,"1",FALSE,1
"16658",5,"F",2,"White","Middle",2,0,0,NA,0,0,0,0,0,0,4,"1",NA,0
"16659",5,"F",2,"White","Middle",2,0,0,0,0,0,0,0,0,0,4,"1",FALSE,0
"16660",5,"M",2,"White","Middle",2,0,0,0,0,0,0,0,0,0,2,NA,FALSE,1
"16661",5,"F",2,"White","Middle",2,0,0,0,0,0,0,0,0,0,4,"1",FALSE,0
"16662",4,"F",2,"White","Middle",2,0,0,0,0,0,0,0,0,0,4,"1",FALSE,0
"16663",4,"F",2,"White","Middle",2,0,0,0,0,0,0,0,0,0,4,"1",FALSE,0
"16664",4,"F",2,"White","Middle",2,0,0,0,0,0,0,0,0,0,4,"1",FALSE,0
"16665",4,"F",2,"White","Middle",2,0,0,0,0,0,0,0,0,0,2,NA,FALSE,1
"16666",6,"F",2,"White","Middle",2,0,0,0,0,0,0,0,0,0,1,NA,FALSE,1
"16667",5,"M",2,"White","Middle",2,1,0,0,0,0,0,0,0,0,3,NA,TRUE,0
"16668",4,"F",2,"White","Middle",2,0,0,NA,0,0,0,0,0,0,4,NA,NA,0
"16669",5,"M",2,"White","Middle",2,0,0,0,0,0,0,0,0,0,4,NA,FALSE,0
"16670",5,"M",2,"White","Middle",2,0,0,0,0,0,0,0,0,1,4,"1",TRUE,0
"16671",5,"M",3,"Hispanic","Middle",2,0,0,0,0,0,0,0,0,0,2,NA,FALSE,1
"16672",6,"M",3,NA,"Middle",2,0,0,0,0,0,0,0,0,0,1,NA,FALSE,1
"16673",7,"M",3,"White","Middle",NA,NA,0,0,0,0,0,0,0,0,2,"1",NA,1
"16674",7,"M",3,"White","Middle",2,0,0,0,0,0,0,0,0,0,2,"1",FALSE,1
"16675",6,"F",3,"White","Middle",2,0,0,0,0,0,0,0,0,0,3,"1",FALSE,0
"16676",6,"M",3,"White","Middle",1,0,0,0,0,0,0,0,0,0,2,NA,FALSE,1
"16677",5,"F",3,"White","Middle",2,0,0,0,0,0,0,0,0,0,4,"1",FALSE,0
"16678",6,"M",3,"White","Middle",2,0,0,0,0,0,0,0,0,0,4,NA,FALSE,0
"16679",6,"F",3,"White","Middle",2,0,0,0,0,0,0,0,0,0,3,NA,FALSE,0
"16680",6,"F",3,"White","Middle",2,0,0,0,0,0,0,0,0,0,4,NA,FALSE,0
"16681",6,"M",3,"White","Middle",2,0,0,0,0,0,0,0,0,0,4,NA,FALSE,0
"16682",7,"F",3,"White","Middle",2,0,0,0,0,0,0,0,0,0,3,NA,FALSE,0
"16683",6,"M",3,"White","Middle",2,0,0,0,0,0,0,0,0,0,4,NA,FALSE,0
"16684",6,"M",3,"White","Middle",2,0,0,1,0,0,0,0,0,0,4,"1",TRUE,0
"16685",6,"F",3,"White","Middle",2,0,0,0,0,0,0,0,0,0,3,NA,FALSE,0
"16686",6,"M",3,"White","Middle",2,0,0,0,0,0,0,0,0,0,4,NA,FALSE,0
"16687",5,"F",3,"White","Middle",2,0,0,0,0,0,0,0,0,0,4,"1",FALSE,0
"16688",6,"F",3,"White","Middle",2,0,0,0,0,0,0,0,0,0,4,"1",FALSE,0
"16689",6,"M",3,"AI/AN","Middle",2,0,0,0,0,0,0,0,0,0,4,"1",FALSE,0
"16690",5,"M",3,"Black","Middle",2,0,0,0,0,0,0,0,0,0,2,NA,FALSE,1
"16691",5,"M",3,"White","Middle",2,0,0,0,0,0,0,0,0,0,2,"1",FALSE,1
"16692",5,"M",3,"White","Middle",2,0,0,0,0,0,0,0,0,0,4,NA,FALSE,0
"16693",6,"F",3,"White","Middle",2,0,0,0,0,0,0,0,0,0,4,NA,FALSE,0
"16694",6,"M",3,"Black","Middle",2,0,0,0,0,0,0,0,0,0,4,"1",FALSE,0
"16695",5,"F",3,"White","Middle",1,0,0,0,0,0,0,0,0,1,1,NA,TRUE,1
"16696",6,"M",3,NA,"Middle",NA,0,NA,NA,0,0,0,0,0,NA,4,NA,NA,0
"16697",5,"F",3,"White","Middle",2,0,0,0,0,0,0,0,0,0,3,"1",FALSE,0
"16698",5,"F",3,"White","Middle",2,0,0,0,0,0,0,0,0,1,3,NA,TRUE,0
"16699",6,"M",2,"Hispanic","Middle",1,0,1,1,0,0,NA,0,0,1,1,NA,TRUE,1
"16700",4,"F",2,"Asian","Middle",2,0,0,0,0,0,0,0,0,0,4,NA,FALSE,0
"16701",5,"F",2,"Black","Middle",2,0,0,NA,0,0,0,0,0,0,4,"1",NA,0
"16702",4,"F",2,"White","Middle",2,0,0,0,0,0,0,0,0,0,4,"1",FALSE,0
"16703",4,"M",2,"Hispanic","Middle",2,0,0,0,0,0,0,0,0,0,4,"1",FALSE,0
"16704",5,"F",2,"Hispanic","Middle",2,0,0,0,0,0,0,0,0,0,4,"1",FALSE,0
"16705",4,"F",2,"White","Middle",2,0,0,0,0,0,0,0,0,0,4,"1",FALSE,0
"16706",5,"M",2,NA,"Middle",2,0,0,0,0,0,0,0,0,0,4,NA,FALSE,0
"16707",4,"F",2,"Black","Middle",2,0,0,0,0,0,0,0,0,0,4,"1",FALSE,0
"16708",4,"F",2,"Black","Middle",2,0,0,0,0,0,0,0,0,0,3,"1",FALSE,0
"16709",4,"F",2,"Black","Middle",2,0,0,0,0,0,0,0,0,0,2,"1",FALSE,1
"16710",4,"F",2,"Black","Middle",2,0,0,0,0,0,0,0,0,0,4,"1",FALSE,0
"16711",4,"F",2,NA,"Middle",2,0,0,0,0,0,0,0,0,1,2,NA,TRUE,1
"16712",4,"M",2,"White","Middle",2,0,0,NA,0,0,0,0,0,0,4,NA,NA,0
"16713",4,"M",2,"White","Middle",2,0,0,0,0,0,0,0,0,0,4,NA,FALSE,0
"16714",4,"M",2,NA,"Middle",2,0,0,0,0,0,NA,0,0,0,4,"1",NA,0
"16715",5,"F",2,"Black","Middle",1,0,0,NA,0,0,0,0,0,1,2,NA,TRUE,1
"16716",5,"F",3,"White","Middle",2,0,0,0,0,0,0,0,0,0,2,"1",FALSE,1
"16717",5,"F",3,"White","Middle",2,0,0,0,0,0,NA,0,0,0,2,"1",NA,1
"16718",6,"F",3,"Hispanic","Middle",2,0,0,0,0,0,0,0,0,0,3,"1",FALSE,0
"16719",6,"M",3,"White","Middle",2,0,0,0,0,0,0,0,0,0,4,NA,FALSE,0
"16720",5,"M",3,"White","Middle",2,0,0,0,0,0,0,0,0,0,4,"1",FALSE,0
"16721",5,"M",3,"Black","Middle",2,0,0,0,0,0,0,0,0,0,4,"1",FALSE,0
"16722",6,"M",3,"Hispanic","Middle",1,NA,1,NA,1,0,NA,0,0,NA,4,"1",TRUE,0
"16723",6,"F",3,"Hispanic","Middle",2,0,0,0,0,0,0,0,0,0,4,"1",FALSE,0
"16724",5,"M",3,"Hispanic","Middle",1,NA,0,0,0,1,0,0,0,0,3,"1",TRUE,0
"16725",6,"M",3,"White","Middle",2,0,0,0,0,0,0,0,0,0,4,"1",FALSE,0
"16726",5,"F",3,"Black","Middle",2,0,0,0,0,0,0,0,0,0,4,"1",FALSE,0
"16727",5,NA,3,"Hispanic","Middle",NA,0,NA,NA,NA,NA,NA,NA,NA,NA,1,NA,NA,1
"16728",6,"F",3,"White","Middle",2,0,0,0,0,0,0,0,0,0,4,"1",FALSE,0
"16729",5,"F",3,"Black","Middle",2,0,0,0,0,0,0,0,0,0,4,"1",FALSE,0
"16730",5,"M",3,"White","Middle",2,0,0,0,0,0,0,0,0,1,4,NA,TRUE,0
"16731",5,"F",3,NA,"Middle",2,0,0,0,0,0,0,0,0,0,4,NA,FALSE,0
"16732",6,"F",3,"Black","Middle",2,0,0,0,0,0,0,0,0,0,4,"1",FALSE,0
"16733",5,"F",3,"White","Middle",2,0,0,0,0,0,0,0,0,0,3,NA,FALSE,0
"16734",6,"F",3,"White","Middle",2,0,0,0,0,0,0,0,0,0,3,"1",FALSE,0
"16735",5,"F",3,NA,"Middle",2,0,0,0,0,0,0,0,0,0,2,"1",FALSE,1
"16736",6,"F",3,"Hispanic","Middle",2,0,0,0,0,0,0,0,0,0,2,"1",FALSE,1
"16737",6,"M",3,"White","Middle",2,0,0,0,0,0,0,0,0,0,2,NA,FALSE,1
"16738",5,"M",3,"Hispanic","Middle",2,0,0,0,0,0,0,0,0,0,4,"1",FALSE,0
"16739",6,"M",3,"Hispanic","Middle",2,0,0,0,0,0,0,0,0,0,4,"1",FALSE,0
"16740",5,"M",3,"Black","Middle",1,0,1,NA,0,0,0,0,0,0,4,"1",TRUE,0
"16741",6,"F",3,"White","Middle",2,0,0,0,0,0,0,0,0,0,3,"1",FALSE,0
"16742",5,"M",3,"White","Middle",2,0,0,0,0,0,0,0,0,0,4,NA,FALSE,0
"16743",6,"M",3,"White","Middle",2,0,0,0,0,0,0,0,0,0,4,"1",FALSE,0
"16744",5,"F",3,"White","Middle",2,0,0,0,0,0,0,0,0,0,4,NA,FALSE,0
"16745",4,"F",1,"White","Middle",2,0,0,0,0,0,0,0,0,0,4,NA,FALSE,0
"16746",6,"F",3,"White","Middle",2,0,0,0,0,0,0,0,0,0,4,"1",FALSE,0
"16747",5,"M",3,"White","Middle",2,0,0,0,0,0,0,0,0,0,4,"1",FALSE,0
"16748",6,NA,3,"Hispanic","Middle",NA,0,NA,NA,NA,NA,NA,NA,NA,NA,4,NA,NA,0
"16749",6,"F",3,"Hispanic","Middle",2,0,0,0,0,0,NA,0,0,0,4,NA,NA,0
"16750",5,"M",3,"White","Middle",2,0,0,0,0,0,0,0,0,0,4,"1",FALSE,0
"16751",6,"M",3,"NHOPI","Middle",1,NA,1,NA,0,0,NA,0,1,NA,1,NA,TRUE,1
"16752",5,"M",3,"White","Middle",2,0,0,0,0,0,0,0,0,0,4,NA,FALSE,0
"16753",6,"M",3,"Black","Middle",2,0,0,0,0,0,0,0,0,0,4,"1",FALSE,0
"16754",5,"M",3,"Hispanic","Middle",2,0,0,0,0,0,0,0,0,0,4,"1",FALSE,0
"16755",6,"F",3,"Hispanic","Middle",2,0,0,NA,NA,NA,NA,NA,NA,NA,1,NA,NA,1
"16756",5,"F",3,"Asian","Middle",2,0,0,0,0,0,0,0,0,0,2,"1",FALSE,1
"16757",6,"M",3,"White","Middle",2,0,0,0,0,0,0,0,0,0,3,"1",FALSE,0
"16758",6,"F",3,"White","Middle",2,0,0,0,0,0,0,0,0,0,4,"1",FALSE,0
"16759",5,"F",3,"White","Middle",2,0,0,0,0,0,0,0,0,0,4,"1",FALSE,0
"16760",5,"F",3,"White","Middle",2,0,0,0,0,0,0,0,0,0,4,"1",FALSE,0
"16761",6,"F",3,"White","Middle",2,0,0,0,0,0,0,0,0,0,2,"1",FALSE,1
"16762",6,"F",3,NA,"Middle",2,0,0,0,0,0,0,0,0,0,2,NA,FALSE,1
"16763",6,"F",3,"White","Middle",2,0,0,0,0,0,0,0,0,0,4,"1",FALSE,0
"16764",6,"F",3,"White","Middle",2,0,0,0,0,0,0,0,0,0,4,"1",FALSE,0
"16765",5,"F",3,"White","Middle",2,0,0,0,0,0,0,0,0,0,4,"1",FALSE,0
"16766",3,"F",1,"White","Middle",2,0,0,0,0,0,0,0,0,0,4,"1",FALSE,0
"16767",3,"F",1,"White","Middle",2,0,0,0,0,0,0,0,0,0,2,NA,FALSE,1
"16768",3,"M",1,NA,"Middle",2,0,0,0,0,0,0,0,0,0,4,"1",FALSE,0
"16769",5,"M",3,"White","Middle",2,0,0,0,0,0,0,0,0,0,4,"1",FALSE,0
"16770",6,"F",3,"White","Middle",2,0,0,0,0,0,0,0,0,0,4,"1",FALSE,0
"16771",4,"M",1,"Black","Middle",2,0,0,0,0,0,0,0,0,0,4,"1",FALSE,0
"16772",4,"F",1,"White","Middle",2,0,0,0,0,0,0,0,0,0,4,NA,FALSE,0
"16773",4,"F",1,"White","Middle",2,0,0,0,0,0,0,0,0,0,4,"1",FALSE,0
"16774",3,"F",1,"White","Middle",2,0,0,0,0,0,0,0,0,0,2,"1",FALSE,1
"16775",3,"F",1,"White","Middle",2,0,0,0,0,0,0,0,0,0,4,"1",FALSE,0
"16776",5,"F",1,"White","Middle",2,0,0,0,0,0,0,0,0,0,4,"1",FALSE,0
"16777",4,"M",1,"White","Middle",2,0,0,0,0,0,0,0,0,0,2,"1",FALSE,1
"16778",3,"F",1,"Black","Middle",2,0,0,0,0,0,0,0,0,0,4,NA,FALSE,0
"16779",4,"F",1,"Hispanic","Middle",2,0,0,0,0,0,0,0,0,0,4,NA,FALSE,0
"16780",4,"M",1,"White","Middle",2,0,0,0,0,0,0,0,0,0,3,NA,FALSE,0
"16781",3,"F",1,"White","Middle",2,0,0,0,0,0,0,0,0,0,3,NA,FALSE,0
"16782",3,"M",1,"Black","Middle",2,0,0,0,0,0,0,0,0,0,4,"1",FALSE,0
"16783",4,"M",1,"White","Middle",2,0,0,0,0,0,0,0,0,0,3,"1",FALSE,0
"16784",5,"M",3,"White","Middle",2,0,0,0,0,0,0,0,0,0,4,"1",FALSE,0
"16785",6,"F",3,"White","Middle",2,0,0,0,0,0,0,0,0,0,4,"1",FALSE,0
"16786",5,"F",3,"Black","Middle",2,0,0,0,0,0,0,0,0,0,2,NA,FALSE,1
"16787",5,"F",3,"Black","Middle",1,0,0,0,0,0,0,0,0,0,4,"1",FALSE,0
"16788",6,"F",3,"Hispanic","Middle",2,0,0,0,0,0,0,0,0,0,4,"1",FALSE,0
"16789",6,"M",3,"White","Middle",2,0,0,0,0,0,0,0,0,0,4,"1",FALSE,0
"16790",6,"F",3,"White","Middle",2,0,0,0,0,0,0,0,0,0,2,"1",FALSE,1
"16791",5,"M",3,"White","Middle",2,0,0,0,0,0,0,0,0,0,4,"1",FALSE,0
"16792",3,"F",1,"White","Middle",2,0,0,0,0,0,0,0,0,0,4,"1",FALSE,0
"16793",4,"F",1,"Black","Middle",2,0,0,0,0,0,0,0,0,0,3,"1",FALSE,0
"16794",3,"M",1,"White","Middle",2,0,0,0,0,0,0,0,0,0,4,"1",FALSE,0
"16795",4,"M",1,"White","Middle",2,0,0,0,0,0,0,0,0,0,4,"1",FALSE,0
"16796",4,"F",1,"White","Middle",2,0,0,0,0,0,0,0,0,0,4,"1",FALSE,0
"16797",4,"M",1,"White","Middle",2,0,0,0,0,0,0,0,0,0,4,"1",FALSE,0
"16798",3,"F",1,"Hispanic","Middle",2,0,0,0,0,0,0,0,0,0,4,"1",FALSE,0
"16799",4,"F",1,"White","Middle",2,0,0,0,0,0,0,0,0,0,4,"1",FALSE,0
"16800",4,"F",1,"White","Middle",2,0,0,0,0,0,0,0,0,0,4,"1",FALSE,0
"16801",4,"F",1,"White","Middle",2,0,0,0,0,0,0,0,0,0,4,"1",FALSE,0
"16802",3,"F",1,"Hispanic","Middle",2,0,0,0,0,0,0,0,0,0,4,"1",FALSE,0
"16803",6,"F",2,"Asian","Middle",2,0,0,0,0,0,0,0,0,0,4,"1",FALSE,0
"16804",5,"F",2,"White","Middle",2,0,0,0,0,0,0,0,0,0,3,"1",FALSE,0
"16805",4,"F",2,"Asian","Middle",2,0,0,0,0,0,1,0,0,1,3,NA,TRUE,0
"16806",5,"F",2,"Black","Middle",1,0,0,0,0,0,0,0,0,0,4,"1",FALSE,0
"16807",4,"M",1,"Black","Middle",1,0,0,0,0,0,0,0,0,0,4,"1",FALSE,0
"16808",3,"F",1,"Black","Middle",2,0,0,0,0,0,0,0,0,0,4,NA,FALSE,0
"16809",3,"F",1,"Black","Middle",2,0,0,0,0,0,0,0,0,0,4,NA,FALSE,0
"16810",5,"M",1,"Asian","Middle",1,0,NA,0,0,0,0,0,0,0,4,"1",NA,0
"16811",3,"F",1,"Hispanic","Middle",2,0,0,0,0,0,0,0,0,0,4,NA,FALSE,0
"16812",3,"F",1,"White","Middle",2,0,0,0,0,0,0,0,0,0,4,"1",FALSE,0
"16813",4,"F",1,"White","Middle",2,0,0,0,0,0,0,0,0,0,4,"1",FALSE,0
"16814",3,"F",1,"White","Middle",2,0,0,0,0,0,0,0,0,0,4,"1",FALSE,0
"16815",4,"F",1,"White","Middle",2,0,0,0,0,0,0,0,0,0,4,"1",FALSE,0
"16816",4,"F",1,"White","Middle",2,0,0,0,0,0,0,0,0,0,4,NA,FALSE,0
"16817",4,"F",1,"White","Middle",2,0,0,0,0,0,0,0,0,0,4,NA,FALSE,0
"16818",4,"F",1,"White","Middle",2,0,0,0,0,0,0,0,0,0,4,"1",FALSE,0
"16819",3,"F",1,"White","Middle",2,0,0,0,0,0,0,0,0,0,4,NA,FALSE,0
"16820",4,"F",1,"White","Middle",2,0,0,0,0,0,0,0,0,0,3,"1",FALSE,0
"16821",4,"F",1,"White","Middle",2,0,0,0,0,0,0,0,0,0,4,"1",FALSE,0
"16822",4,"F",1,"White","Middle",2,0,0,0,0,0,0,0,0,0,4,"1",FALSE,0
"16823",3,"F",1,"White","Middle",2,0,0,0,0,0,0,0,0,0,3,"1",FALSE,0
"16824",3,"F",1,"White","Middle",2,0,0,0,0,0,0,0,0,0,4,"1",FALSE,0
"16825",3,"F",1,"White","Middle",2,0,0,0,0,0,0,0,0,0,3,"1",FALSE,0
"16826",4,"F",1,"White","Middle",2,0,0,0,0,0,0,0,0,0,2,"1",FALSE,1
"16827",4,"F",1,"White","Middle",2,0,0,0,0,0,0,0,0,0,3,"1",FALSE,0
"16828",3,"M",1,"White","Middle",2,0,0,0,0,0,0,0,0,0,4,NA,FALSE,0
"16829",3,"M",1,"White","Middle",2,0,0,0,0,0,0,0,0,0,4,"1",FALSE,0
"16830",4,"F",2,"White","Middle",2,0,0,0,0,0,0,0,0,0,2,"1",FALSE,1
"16831",5,"F",2,"White","Middle",2,0,0,0,0,0,0,0,0,0,4,NA,FALSE,0
"16832",5,"M",2,"White","Middle",2,NA,NA,NA,NA,NA,NA,NA,NA,NA,2,NA,NA,1
"16833",5,"M",2,"Hispanic","Middle",NA,0,NA,NA,NA,NA,NA,NA,NA,NA,4,NA,NA,0
"16834",4,"M",2,"Hispanic","Middle",NA,0,NA,NA,NA,NA,NA,NA,NA,NA,4,NA,NA,0
"16835",5,"F",2,"White","Middle",2,0,0,0,0,0,0,0,0,0,4,NA,FALSE,0
"16836",4,"M",2,"White","Middle",NA,0,NA,NA,0,0,NA,0,0,NA,4,"1",NA,0
"16837",5,"M",2,"White","Middle",2,0,0,NA,0,0,0,0,0,0,4,NA,NA,0
"16838",5,"M",2,"Hispanic","Middle",2,0,0,0,0,0,0,0,0,0,3,"1",FALSE,0
"16839",5,"M",2,"White","Middle",2,0,0,0,0,0,0,0,0,0,4,"1",FALSE,0
"16840",5,"M",2,"Black","Middle",2,0,0,NA,0,0,0,0,0,0,3,NA,NA,0
"16841",5,"M",2,"White","Middle",2,0,0,0,0,0,0,0,0,0,4,"1",FALSE,0
"16842",5,"M",2,"Black","Middle",2,0,0,0,0,0,NA,0,0,0,1,"1",NA,1
"16843",4,"F",2,"Black","Middle",2,0,0,0,0,0,0,0,0,0,4,"1",FALSE,0
"16844",5,"M",2,"Hispanic","Middle",2,0,0,0,0,0,0,0,0,0,3,"1",FALSE,0
"16845",5,"F",2,"White","Middle",2,0,NA,NA,0,0,0,0,0,0,3,NA,NA,0
"16846",5,"F",2,"Black","Middle",2,0,0,0,0,0,0,0,0,0,3,"1",FALSE,0
"16847",5,"F",2,"Black","Middle",2,0,0,0,0,0,0,0,0,0,4,NA,FALSE,0
"16848",4,"F",2,"White","Middle",2,0,0,NA,0,0,0,0,0,0,2,NA,NA,1
"16849",4,"M",2,"White","Middle",2,0,0,0,0,0,0,0,0,0,4,"1",FALSE,0
"16850",5,"M",2,"White","Middle",2,0,0,0,0,0,0,0,0,0,4,"1",FALSE,0
"16851",5,"F",2,"Black","Middle",2,0,0,0,0,0,0,0,0,0,3,"1",FALSE,0
"16852",5,"F",2,"White","Middle",2,0,0,0,0,0,0,0,0,0,4,NA,FALSE,0
"16853",6,"F",3,"Black","Middle",2,0,0,0,0,0,0,0,0,0,2,"1",FALSE,1
"16854",7,"F",5,"White","High",2,0,0,0,0,0,0,0,0,0,4,"1",FALSE,0
"16855",8,"F",5,"White","High",2,0,0,0,0,0,0,0,0,0,4,"1",FALSE,0
"16856",8,"F",5,"White","High",2,1,0,1,0,0,0,0,0,0,1,"1",TRUE,1
"16857",10,"M",5,"White","High",1,0,0,1,0,0,0,0,0,0,1,"1",TRUE,1
"16858",10,"M",5,"White","High",1,1,1,1,0,0,0,0,1,1,1,NA,TRUE,1
"16859",9,"M",6,"White","High",2,0,0,0,0,0,0,0,0,0,2,NA,FALSE,1
"16860",7,"M",5,"White","High",2,0,0,0,0,0,0,0,0,0,4,NA,FALSE,0
"16861",8,"M",5,"White","High",2,0,0,0,0,0,0,0,0,0,4,"1",FALSE,0
"16862",8,"M",5,"White","High",1,0,0,0,0,0,0,0,0,0,4,NA,FALSE,0
"16863",9,"M",5,"White","High",2,0,0,0,0,0,0,0,0,0,3,NA,FALSE,0
"16864",8,"M",5,"White","High",2,0,0,0,0,0,0,0,0,1,4,NA,TRUE,0
"16865",8,"M",5,"White","High",2,0,0,0,0,0,0,0,0,0,4,NA,FALSE,0
"16866",7,"F",4,"White","High",2,0,0,0,0,0,0,0,0,0,4,"1",FALSE,0
"16867",7,"F",4,"White","High",2,0,0,0,0,0,0,0,0,0,4,"1",FALSE,0
"16868",7,"F",4,"White","High",2,0,0,0,0,0,0,0,0,0,4,NA,FALSE,0
"16869",1,"M",4,"White","High",1,0,0,1,0,0,0,0,0,0,1,NA,TRUE,1
"16870",6,"F",4,"White","High",2,0,0,0,0,0,0,0,0,0,2,"1",FALSE,1
"16871",7,"F",4,"White","High",2,0,0,0,0,0,0,0,0,0,2,"1",FALSE,1
"16872",7,"M",4,"White","High",1,0,0,0,0,0,0,0,0,0,3,NA,FALSE,0
"16873",8,"M",4,"White","High",1,0,0,1,0,0,0,1,0,1,3,"1",TRUE,0
"16874",6,"M",4,"White","High",1,0,0,0,0,0,0,0,0,0,4,"1",FALSE,0
"16875",7,"M",4,"White","High",1,0,0,0,0,0,0,0,0,1,4,"1",TRUE,0
"16876",7,"F",4,"White","High",2,0,0,0,0,0,0,0,0,0,4,"1",FALSE,0
"16877",7,"F",4,"White","High",NA,0,0,0,0,0,0,0,0,0,3,"1",FALSE,0
"16878",7,"M",4,"White","High",1,0,0,1,0,0,0,0,0,1,2,NA,TRUE,1
"16879",8,"M",4,"White","High",2,0,0,0,0,0,0,0,0,0,1,"1",FALSE,1
"16880",6,"M",4,"White","High",2,0,0,0,0,0,0,0,0,0,3,NA,FALSE,0
"16881",7,"M",4,"Hispanic","High",1,0,NA,NA,0,0,0,0,0,0,3,NA,NA,0
"16882",8,"F",4,"White","High",2,0,0,0,0,0,0,0,0,0,4,"1",FALSE,0
"16883",10,"M",7,"White","High",2,0,NA,NA,0,0,NA,0,0,1,4,"1",TRUE,0
"16884",10,"M",7,"White","High",1,NA,1,1,0,0,0,1,0,0,3,NA,TRUE,0
"16885",10,"M",7,"White","High",2,0,0,0,0,0,0,0,0,0,4,"1",FALSE,0
"16886",11,"F",7,"White","High",2,1,0,0,0,0,0,0,0,0,1,NA,TRUE,1
"16887",9,"M",6,"White","High",2,0,0,1,0,0,0,0,0,1,4,NA,TRUE,0
"16888",7,"F",4,NA,"High",2,1,0,0,0,0,0,0,0,0,2,NA,TRUE,1
"16889",10,"M",7,"White","High",2,0,0,0,0,0,0,0,0,0,4,"1",FALSE,0
"16890",10,"M",7,"White","High",2,1,0,0,0,0,0,0,0,1,1,NA,TRUE,1
"16891",10,"M",7,"White","High",2,0,0,0,0,0,0,0,0,0,4,"1",FALSE,0
"16892",10,"M",7,"Hispanic","High",1,0,NA,0,0,0,0,0,0,1,2,"1",TRUE,1
"16893",11,"M",7,"White","High",1,0,1,0,0,0,NA,0,0,1,1,"1",TRUE,1
"16894",10,"M",7,"White","High",2,0,0,0,0,0,0,0,0,0,4,"1",FALSE,0
"16895",9,"M",7,NA,"High",NA,0,0,0,0,0,0,0,0,1,2,NA,TRUE,1
"16896",9,"F",6,"White","High",2,0,0,0,0,0,0,0,0,0,4,NA,FALSE,0
"16897",9,"F",6,"White","High",2,0,0,0,0,0,0,0,0,0,4,NA,FALSE,0
"16898",9,"F",6,"White","High",2,0,0,0,0,0,0,0,0,0,4,NA,FALSE,0
"16899",9,"F",6,"White","High",1,NA,0,0,0,0,0,0,0,0,1,"1",NA,1
"16900",9,"M",6,"White","High",NA,1,0,1,0,0,0,0,0,0,1,NA,TRUE,1
"16901",9,"M",6,"White","High",2,0,0,0,0,0,0,0,0,0,2,"1",FALSE,1
"16902",8,"M",6,"White","High",2,0,0,0,0,0,0,0,0,0,4,"1",FALSE,0
"16903",8,"F",6,"White","High",1,1,1,0,0,0,0,1,0,1,1,"1",TRUE,1
"16904",1,"M",1,"AI/AN","Middle",1,0,0,0,0,0,0,0,0,0,1,NA,FALSE,1
"16905",8,"F",5,"White","High",2,0,0,0,0,0,0,0,0,0,4,NA,FALSE,0
"16906",7,"F",5,"White","High",2,0,0,0,0,0,0,0,0,1,4,NA,TRUE,0
"16907",7,"F",5,"White","High",2,0,0,0,0,0,0,0,0,1,4,NA,TRUE,0
"16908",9,"F",6,"White","High",1,0,0,0,0,0,0,0,0,0,1,NA,FALSE,1
"16909",NA,NA,6,"White","High",2,0,0,0,0,0,0,0,0,1,2,NA,TRUE,1
"16910",NA,NA,6,"White","High",2,0,0,0,0,0,0,0,0,1,3,NA,TRUE,0
"16911",9,"F",6,"White","High",1,0,0,0,0,0,0,0,0,0,4,NA,FALSE,0
"16912",10,"F",6,"White","High",2,0,0,0,0,0,0,0,0,0,4,"1",FALSE,0
"16913",9,"M",6,"White","High",1,0,0,0,0,0,0,0,0,0,2,NA,FALSE,1
"16914",9,"M",6,"White","High",2,0,0,0,0,0,0,0,0,0,4,"1",FALSE,0
"16915",9,"M",6,"White","High",2,0,0,0,0,0,0,0,0,0,4,NA,FALSE,0
"16916",9,"M",6,"White","High",2,0,0,1,0,0,0,0,0,1,1,NA,TRUE,1
"16917",10,"M",6,"White","High",2,0,0,0,0,0,0,0,0,0,3,"1",FALSE,0
"16918",11,"M",6,"White","High",2,0,0,0,0,0,0,0,0,0,4,NA,FALSE,0
"16919",9,"M",6,"White","High",2,0,0,0,0,0,0,0,0,0,2,"1",FALSE,1
"16920",9,"M",6,NA,"High",1,0,0,0,0,0,0,0,0,0,3,"1",FALSE,0
"16921",9,"M",6,"White","High",2,1,0,1,0,0,0,1,0,0,1,NA,TRUE,1
"16922",9,"F",6,"White","High",2,0,0,0,0,0,0,0,0,0,4,"1",FALSE,0
"16923",10,"M",7,"White","High",2,0,0,0,0,0,0,0,0,0,3,NA,FALSE,0
"16924",10,"M",7,"White","High",1,0,1,0,0,0,0,0,0,1,2,"1",TRUE,1
"16925",11,"M",7,"White","High",2,0,0,0,0,0,0,0,0,0,4,"1",FALSE,0
"16926",10,"M",7,"White","High",1,0,0,1,0,0,0,0,0,1,1,NA,TRUE,1
"16927",10,"F",7,"White","High",2,0,0,0,0,0,0,0,0,0,2,NA,FALSE,1
"16928",10,"M",7,"White","High",2,0,0,0,0,0,0,0,0,0,4,"1",FALSE,0
"16929",8,"M",4,"White","High",1,0,0,1,0,0,0,1,0,1,2,"1",TRUE,1
"16930",7,"M",4,"White","High",1,0,NA,1,NA,NA,0,NA,NA,1,1,NA,TRUE,1
"16931",7,"F",4,"White","High",2,0,0,0,0,0,0,0,0,0,4,NA,FALSE,0
"16932",6,"F",4,"White","High",2,0,0,0,0,0,0,0,0,0,2,"1",FALSE,1
"16933",6,"F",4,"White","High",2,0,0,0,0,0,0,0,0,0,4,"1",FALSE,0
"16934",8,"F",4,"White","High",2,1,0,0,0,0,0,0,1,0,1,NA,TRUE,1
"16935",8,"M",4,"White","High",2,0,0,0,0,0,0,0,0,0,4,"1",FALSE,0
"16936",7,"M",4,"White","High",1,0,0,1,0,0,0,0,0,0,1,NA,TRUE,1
"16937",7,"M",4,"White","High",2,0,0,1,0,0,0,0,0,1,1,NA,TRUE,1
"16938",7,"M",4,"White","High",1,0,0,0,0,0,0,0,0,1,3,NA,TRUE,0
"16939",6,"F",4,"White","High",2,0,0,0,0,0,0,0,0,0,3,"1",FALSE,0
"16940",8,"F",5,"White","High",2,0,0,0,0,0,0,0,0,0,4,NA,FALSE,0
"16941",8,"F",5,"White","High",NA,1,NA,0,0,0,0,0,0,1,2,NA,TRUE,1
"16942",7,"F",5,"White","High",2,0,0,0,0,0,0,0,0,0,4,"1",FALSE,0
"16943",8,"F",5,"White","High",2,0,0,0,0,0,0,0,0,0,1,NA,FALSE,1
"16944",8,"F",5,"White","High",2,0,0,0,0,0,0,0,0,0,2,"1",FALSE,1
"16945",8,"F",5,"White","High",2,0,0,0,0,0,0,0,0,0,4,NA,FALSE,0
"16946",8,"M",5,"White","High",2,0,0,0,0,0,0,0,0,0,1,NA,FALSE,1
"16947",9,"M",5,"White","High",2,0,0,0,0,0,0,0,0,0,4,"1",FALSE,0
"16948",8,"F",5,"White","High",2,0,0,0,0,0,0,0,0,0,4,NA,FALSE,0
"16949",8,"F",5,"White","High",1,0,0,0,0,0,0,0,0,1,3,"1",TRUE,0
"16950",8,"M",5,"White","High",2,0,0,0,0,0,0,0,0,0,1,NA,FALSE,1
"16951",8,"F",5,"White","High",1,0,0,0,0,0,0,0,0,0,3,NA,FALSE,0
"16952",8,"M",5,"White","High",2,0,0,0,0,0,0,0,0,0,4,"1",FALSE,0
"16953",9,"M",5,"White","High",2,0,0,0,0,0,0,0,0,0,4,NA,FALSE,0
"16954",8,"M",5,"White","High",1,0,0,1,0,0,0,0,0,0,4,"1",TRUE,0
"16955",11,"M",1,"White","Middle",1,1,0,1,0,0,0,1,0,0,1,NA,TRUE,1
"16956",9,"M",5,NA,"High",1,NA,0,0,0,0,0,1,0,1,1,NA,TRUE,1
"16957",8,"M",5,NA,"High",2,0,0,0,0,0,0,0,0,0,2,NA,FALSE,1
"16958",8,"M",5,"White","High",1,0,0,1,0,0,0,0,0,1,1,NA,TRUE,1
"16959",8,"M",5,"White","High",1,0,0,0,0,0,0,1,0,1,2,NA,TRUE,1
"16960",11,"F",7,"White","High",2,0,0,0,0,0,0,0,0,0,4,"1",FALSE,0
"16961",10,"M",7,"White","High",NA,0,NA,NA,0,0,0,0,0,1,4,NA,TRUE,0
"16962",10,"F",7,"White","High",2,0,0,0,0,0,0,0,0,1,4,NA,TRUE,0
"16963",7,"M",4,"White","High",2,0,0,0,0,0,0,0,0,0,4,"1",FALSE,0
"16964",7,"M",4,"White","High",2,0,0,0,0,0,0,0,0,0,4,NA,FALSE,0
"16965",7,"M",4,"White","High",2,0,0,0,0,0,0,0,0,0,2,NA,FALSE,1
"16966",7,"M",4,"White","High",2,0,0,0,0,0,0,0,0,0,4,NA,FALSE,0
"16967",7,"M",4,"White","High",2,0,0,NA,0,0,0,0,0,0,4,"1",NA,0
"16968",7,"M",4,"White","High",2,0,0,0,0,0,0,0,0,0,4,"1",FALSE,0
"16969",7,"F",4,"White","High",2,0,0,0,0,0,0,0,0,0,4,NA,FALSE,0
"16970",9,"F",4,"White","High",2,0,0,0,0,0,0,0,0,0,4,NA,FALSE,0
"16971",8,"M",4,"White","High",2,NA,0,1,0,0,0,0,0,0,4,NA,TRUE,0
"16972",8,"M",4,"White","High",2,1,0,1,0,0,1,1,0,1,1,NA,TRUE,1
"16973",7,"F",4,"White","High",1,1,1,0,0,0,0,0,0,1,1,NA,TRUE,1
"16974",6,"M",4,"White","High",1,0,0,0,0,0,0,0,0,0,1,NA,FALSE,1
"16975",7,"M",4,"White","High",2,0,0,0,0,0,0,0,0,0,3,"1",FALSE,0
"16976",7,"M",4,"White","High",2,0,0,0,0,0,0,0,0,0,2,NA,FALSE,1
"16977",4,"M",2,"Black","Middle",2,0,0,0,0,0,0,0,0,0,4,"1",FALSE,0
"16978",6,"M",2,"White","Middle",2,0,0,0,0,0,0,0,0,0,2,"1",FALSE,1
"16979",5,"F",2,"White","Middle",2,0,0,0,0,0,0,0,0,0,4,"1",FALSE,0
"16980",4,"F",2,"Black","Middle",2,0,0,0,0,0,0,0,0,0,2,"1",FALSE,1
"16981",4,"F",2,"Black","Middle",2,0,0,0,0,0,0,0,0,0,4,"1",FALSE,0
"16982",4,"M",2,"White","Middle",2,0,0,0,0,0,0,0,0,0,3,"1",FALSE,0
"16983",4,"M",2,"White","Middle",2,0,0,0,0,0,0,0,0,0,4,NA,FALSE,0
"16984",4,"M",2,"White","Middle",2,0,0,0,0,0,0,0,0,0,3,"1",FALSE,0
"16985",5,"F",2,"White","Middle",2,0,0,0,0,0,0,0,0,0,2,NA,FALSE,1
"16986",5,"F",2,"Asian","Middle",2,0,0,0,0,0,0,0,0,0,4,"1",FALSE,0
"16987",4,"F",2,"White","Middle",2,0,0,0,0,0,0,0,0,0,4,"1",FALSE,0
"16988",5,"M",2,NA,"Middle",2,0,0,0,0,0,0,0,0,0,3,"1",FALSE,0
"16989",5,"M",2,"White","Middle",2,0,0,0,0,0,0,0,0,0,4,NA,FALSE,0
"16990",5,"M",2,"Black","Middle",2,0,0,0,0,0,0,0,0,0,4,"1",FALSE,0
"16991",5,"M",2,"White","Middle",2,0,0,0,0,0,0,0,0,0,4,"1",FALSE,0
"16992",4,"M",2,NA,"Middle",2,0,0,0,0,0,0,0,0,0,4,"1",FALSE,0
"16993",4,"F",2,"White","Middle",2,0,0,0,0,0,0,0,0,0,4,"1",FALSE,0
"16994",4,"F",2,"White","Middle",2,0,0,0,0,0,0,0,0,0,3,"1",FALSE,0
"16995",3,"F",1,"White","Middle",2,0,0,0,0,0,0,0,0,0,2,NA,FALSE,1
"16996",4,"F",1,"Black","Middle",2,0,0,0,0,0,0,0,0,0,2,NA,FALSE,1
"16997",4,"F",1,"White","Middle",2,0,0,0,0,0,0,0,0,0,4,"1",FALSE,0
"16998",4,"M",1,"AI/AN","Middle",2,0,0,0,0,0,0,0,0,0,4,NA,FALSE,0
"16999",4,"M",1,"White","Middle",2,0,0,0,0,0,0,0,0,0,3,"1",FALSE,0
"17000",3,"M",1,"Hispanic","Middle",2,0,0,0,0,0,0,0,0,0,3,"1",FALSE,0
"17001",4,"M",1,NA,"Middle",2,0,0,0,0,0,0,0,0,0,4,"1",FALSE,0
"17002",4,"F",1,"Hispanic","Middle",2,0,0,0,0,0,0,0,0,0,1,NA,FALSE,1
"17003",4,"F",1,"White","Middle",2,0,0,0,0,0,0,0,0,0,4,NA,FALSE,0
"17004",4,"F",1,"White","Middle",2,0,0,0,0,0,0,0,0,0,4,"1",FALSE,0
"17005",3,"F",1,"White","Middle",2,0,0,0,0,0,0,0,0,0,4,"1",FALSE,0
"17006",4,"F",1,"White","Middle",2,0,0,0,0,0,0,0,0,0,4,"1",FALSE,0
"17007",5,"M",3,"Hispanic","Middle",2,0,0,NA,0,0,0,0,0,0,3,NA,NA,0
"17008",3,"F",1,"Black","Middle",1,0,0,0,0,0,0,0,0,0,3,NA,FALSE,0
"17009",3,"F",1,"Hispanic","Middle",2,0,0,0,0,0,0,0,0,0,4,NA,FALSE,0
"17010",5,"F",3,"Hispanic","Middle",2,0,0,0,0,0,0,0,0,0,4,NA,FALSE,0
"17011",5,"F",3,"White","Middle",2,0,0,0,0,0,0,0,0,0,2,NA,FALSE,1
"17012",6,"M",3,"White","Middle",2,0,0,0,0,0,0,0,0,0,4,NA,FALSE,0
"17013",6,"F",3,"White","Middle",2,0,0,0,0,0,0,0,0,0,4,"1",FALSE,0
"17014",5,"F",3,"White","Middle",2,0,0,0,0,0,0,0,0,0,4,"1",FALSE,0
"17015",6,"F",3,"White","Middle",2,0,0,0,0,0,0,0,0,0,3,"1",FALSE,0
"17016",6,"F",3,"White","Middle",2,0,0,0,0,0,0,0,0,0,4,NA,FALSE,0
"17017",6,"F",3,"White","Middle",2,0,0,0,0,0,0,0,0,0,4,"1",FALSE,0
"17018",5,"F",3,"White","Middle",2,0,0,0,0,0,0,0,0,0,4,NA,FALSE,0
"17019",6,"F",3,"White","Middle",2,0,0,0,0,0,0,0,0,0,2,"1",FALSE,1
"17020",6,"F",3,"White","Middle",2,0,0,0,0,0,0,0,0,0,4,"1",FALSE,0
"17021",6,"F",3,"White","Middle",2,0,0,0,0,0,0,0,0,0,2,"1",FALSE,1
"17022",5,"F",3,NA,"Middle",2,0,0,0,0,0,0,0,0,0,3,NA,FALSE,0
"17023",10,"F",7,"Black","High",1,1,1,0,0,0,0,0,0,0,1,NA,TRUE,1
"17024",9,"F",6,"Black","High",2,0,0,0,0,0,0,0,0,0,4,"1",FALSE,0
"17025",8,"M",4,"Black","High",2,0,0,0,0,0,0,0,0,0,3,"1",FALSE,0
"17026",7,"M",4,"Hispanic","High",NA,NA,NA,0,1,0,1,0,0,1,4,"1",TRUE,0
"17027",7,"M",4,"Black","High",2,0,0,0,0,0,0,0,0,0,4,"1",FALSE,0
"17028",7,"M",4,"Black","High",1,0,NA,0,0,0,0,0,0,0,3,"1",NA,0
"17029",7,"M",4,"Black","High",2,0,0,0,NA,NA,NA,NA,NA,0,1,NA,NA,1
"17030",8,"M",4,"Hispanic","High",2,0,0,0,0,0,0,0,0,0,1,NA,FALSE,1
"17031",6,"F",4,"Black","High",2,0,0,0,0,0,0,0,0,0,4,"1",FALSE,0
"17032",7,"M",4,"Black","High",2,0,0,0,0,0,0,0,0,0,4,"1",FALSE,0
"17033",7,"F",4,"Black","High",1,0,1,0,0,0,0,0,0,0,4,"1",TRUE,0
"17034",7,"F",4,"Black","High",1,0,0,0,0,0,0,0,0,0,4,"1",FALSE,0
"17035",7,"F",4,"Black","High",2,0,0,NA,0,0,0,0,0,0,4,"1",NA,0
"17036",7,"F",4,"Black","High",2,0,0,0,0,0,0,0,0,0,4,"1",FALSE,0
"17037",8,"F",4,"Hispanic","High",NA,NA,NA,1,1,0,NA,0,0,1,1,NA,TRUE,1
"17038",8,"F",5,"Black","High",1,NA,1,NA,0,0,NA,1,0,1,1,NA,TRUE,1
"17039",9,"M",5,NA,"High",1,0,0,0,NA,NA,NA,NA,NA,0,4,NA,NA,0
"17040",8,"F",5,"Hispanic","High",2,0,0,0,0,0,0,0,0,0,2,"1",FALSE,1
"17041",8,"M",5,"Hispanic","High",2,0,0,0,0,0,0,0,0,0,3,NA,FALSE,0
"17042",8,"F",5,"Black","High",1,0,1,0,0,0,0,0,0,0,4,NA,TRUE,0
"17043",8,"M",5,"Black","High",1,0,0,NA,NA,NA,NA,NA,NA,NA,4,NA,NA,0
"17044",9,"M",5,NA,"High",1,NA,NA,NA,NA,NA,NA,NA,NA,NA,NA,NA,NA,NA
"17045",7,"M",5,"Black","High",2,0,0,NA,NA,NA,NA,NA,NA,NA,4,NA,NA,0
"17046",8,"M",5,"Black","High",1,0,1,0,0,0,0,0,0,0,3,NA,TRUE,0
"17047",8,NA,3,"Hispanic","Middle",NA,0,0,0,NA,NA,NA,NA,NA,NA,4,NA,NA,0
"17048",4,"F",1,"Hispanic","Middle",NA,0,NA,NA,0,0,NA,0,0,NA,2,"1",NA,1
"17049",8,"M",5,"Hispanic","High",NA,0,NA,NA,NA,NA,0,NA,NA,NA,4,NA,NA,0
"17050",7,"M",5,"Black","High",2,0,0,0,0,0,0,0,0,0,4,NA,FALSE,0
"17051",7,"F",5,"Black","High",2,0,0,0,0,0,0,0,0,0,4,"1",FALSE,0
"17052",8,"M",5,"Hispanic","High",2,0,0,0,0,0,0,0,0,0,3,"1",FALSE,0
"17053",8,"M",5,"Black","High",1,0,1,0,0,0,0,0,0,0,4,NA,TRUE,0
"17054",7,"F",5,"Black","High",1,0,0,NA,0,0,0,0,0,0,4,NA,NA,0
"17055",9,"M",6,"Black","High",2,0,0,0,NA,NA,0,NA,NA,0,4,"1",NA,0
"17056",8,"F",5,"Black","High",2,0,0,0,0,0,0,0,0,0,4,"1",FALSE,0
"17057",9,"M",6,"Black","High",2,0,0,0,0,0,0,0,0,0,4,"1",FALSE,0
"17058",8,"F",5,"Black","High",1,0,0,0,0,0,0,0,0,0,4,"1",FALSE,0
"17059",8,"M",6,"Black","High",2,0,0,0,0,0,0,0,0,0,4,NA,FALSE,0
"17060",8,"M",6,"Hispanic","High",2,0,0,0,0,0,0,0,0,0,4,"1",FALSE,0
"17061",8,"M",6,"Hispanic","High",2,0,0,0,0,0,0,0,0,0,4,NA,FALSE,0
"17062",9,"M",6,"Black","High",2,0,0,0,0,0,0,0,0,0,4,"1",FALSE,0
"17063",9,"M",6,"Black","High",2,0,0,0,0,0,0,0,0,0,4,"1",FALSE,0
"17064",9,"M",6,"Black","High",2,0,0,0,0,0,0,0,0,0,4,"1",FALSE,0
"17065",9,"F",6,"Black","High",2,0,0,0,0,0,0,0,0,0,4,"1",FALSE,0
"17066",9,"M",6,"Black","High",2,0,0,0,0,0,0,0,0,0,4,"1",FALSE,0
"17067",8,"F",5,"Black","High",1,0,0,0,0,0,0,0,0,0,2,NA,FALSE,1
"17068",7,"M",4,"Black","High",1,0,1,0,0,0,0,0,0,0,4,NA,TRUE,0
"17069",7,"F",4,"Black","High",1,0,1,0,0,0,0,0,0,0,4,NA,TRUE,0
"17070",9,"F",7,"Black","High",2,0,0,0,0,0,0,0,0,0,4,"1",FALSE,0
"17071",10,"F",7,"Black","High",2,0,0,0,0,0,0,0,0,0,4,NA,FALSE,0
"17072",9,"M",7,"White","High",2,0,0,0,0,0,0,0,0,0,4,"1",FALSE,0
"17073",9,"F",7,"Hispanic","High",1,0,1,0,0,0,0,0,0,0,NA,"1",TRUE,NA
"17074",10,"M",7,NA,"High",NA,1,NA,1,0,0,1,1,0,1,4,NA,TRUE,0
"17075",10,"F",7,"Black","High",2,0,0,0,0,0,0,0,0,0,4,NA,FALSE,0
"17076",10,"M",7,"Black","High",1,0,1,0,0,0,0,0,0,0,2,NA,TRUE,1
"17077",10,"M",7,"Black","High",1,NA,0,0,0,0,0,0,0,0,1,NA,NA,1
"17078",9,"M",7,"Black","High",1,0,NA,0,0,0,0,0,0,0,4,NA,NA,0
"17079",10,"F",7,"Black","High",1,0,0,0,0,0,0,0,0,0,4,NA,FALSE,0
"17080",10,"M",7,"Black","High",1,0,0,0,0,0,0,0,0,0,4,"1",FALSE,0
"17081",10,"F",7,"Hispanic","High",NA,0,0,0,0,0,0,0,0,0,2,"1",FALSE,1
"17082",10,NA,7,"Black","High",2,0,0,0,0,0,0,0,0,1,4,"1",TRUE,0
"17083",9,"M",7,"Hispanic","High",2,0,NA,0,0,0,0,0,0,0,2,"1",NA,1
"17084",10,"M",7,"Black","High",1,1,1,0,0,1,1,1,0,0,1,NA,TRUE,1
"17085",10,"M",7,"Black","High",2,0,0,0,0,0,0,0,0,0,4,NA,FALSE,0
"17086",8,"M",4,"Black","High",2,0,0,NA,0,0,0,0,0,0,4,"1",NA,0
"17087",1,"M",4,"Hispanic","High",1,1,1,1,0,0,1,0,0,1,1,"1",TRUE,1
"17088",7,"F",4,"Hispanic","High",1,0,0,0,0,0,0,0,0,0,3,NA,FALSE,0
"17089",7,NA,4,"Black","High",2,0,0,0,0,0,0,0,0,0,3,"1",FALSE,0
"17090",7,"F",4,"Black","High",2,NA,0,0,0,0,0,0,0,0,4,"1",NA,0
"17091",7,"M",4,"AI/AN","High",2,0,0,0,0,0,0,0,0,0,4,"1",FALSE,0
"17092",7,"M",4,"Black","High",1,0,0,0,0,0,0,0,0,0,4,NA,FALSE,0
"17093",6,"F",4,"Black","High",2,0,0,NA,0,0,0,0,0,0,4,"1",NA,0
"17094",6,"M",4,"Hispanic","High",NA,1,NA,0,NA,NA,1,NA,NA,1,3,"1",TRUE,0
"17095",7,"M",4,"Hispanic","High",2,0,0,NA,0,0,1,0,0,0,4,NA,TRUE,0
"17096",6,"F",4,"Hispanic","High",1,0,1,0,0,0,1,0,0,0,4,NA,TRUE,0
"17097",6,"M",4,"Black","High",2,0,0,0,0,0,0,0,0,0,4,"1",FALSE,0
"17098",7,"M",4,"Black","High",1,0,0,0,0,0,0,0,0,0,4,NA,FALSE,0
"17099",7,"F",4,"Black","High",2,0,0,0,0,0,0,0,0,0,3,NA,FALSE,0
"17100",8,"F",4,"AI/AN","High",1,0,0,0,0,0,0,0,0,0,4,"1",FALSE,0
"17101",6,"F",4,"Black","High",NA,0,0,0,0,0,0,0,0,0,4,"1",FALSE,0
"17102",6,"F",4,"Black","High",1,0,1,0,0,0,1,0,0,0,4,NA,TRUE,0
"17103",8,"F",4,"Black","High",2,0,0,0,0,0,0,0,0,0,4,"1",FALSE,0
"17104",7,"F",4,"Black","High",1,0,1,1,0,0,1,0,0,1,4,NA,TRUE,0
"17105",7,"M",4,"Black","High",1,0,1,0,0,0,0,0,0,0,1,NA,TRUE,1
"17106",7,"M",4,"Black","High",2,0,0,0,0,0,0,0,0,0,4,"1",FALSE,0
"17107",7,"M",4,"Black","High",1,0,1,0,0,0,0,0,0,0,4,"1",TRUE,0
"17108",7,"M",4,"Black","High",2,0,0,0,0,0,0,0,0,0,4,"1",FALSE,0
"17109",9,"M",6,"White","High",2,0,0,0,0,0,0,0,0,0,4,"1",FALSE,0
"17110",7,"M",4,"Hispanic","High",1,0,1,0,0,0,0,0,0,0,4,"1",TRUE,0
"17111",7,"M",4,"Black","High",1,0,1,0,0,0,0,0,0,0,4,"1",TRUE,0
"17112",NA,NA,NA,NA,NA,1,NA,NA,0,0,0,0,0,0,0,NA,"1",NA,NA
"17113",8,"M",4,"Black","High",2,0,0,0,0,0,0,0,0,0,4,"1",FALSE,0
"17114",7,"M",5,"Black","High",2,0,0,0,0,0,1,0,0,1,4,"1",TRUE,0
"17115",7,"M",5,"Black","High",1,0,0,0,NA,NA,0,NA,NA,0,3,NA,NA,0
"17116",8,"F",5,"Black","High",1,0,0,0,0,0,0,0,0,0,4,NA,FALSE,0
"17117",8,"M",5,"Black","High",NA,0,NA,NA,NA,NA,NA,NA,NA,NA,4,NA,NA,0
"17118",7,"F",5,"Hispanic","High",2,0,0,0,0,0,0,0,0,0,4,"1",FALSE,0
"17119",8,"M",5,"Black","High",1,0,0,0,0,0,0,0,0,0,4,"1",FALSE,0
"17120",8,"F",5,"Black","High",2,0,0,NA,NA,NA,NA,NA,NA,NA,2,NA,NA,1
"17121",8,"M",5,"Hispanic","High",2,0,0,0,0,0,0,0,0,0,2,NA,FALSE,1
"17122",8,"M",5,"White","High",1,0,0,0,0,0,0,0,0,1,2,NA,TRUE,1
"17123",8,"M",5,"Black","High",1,0,0,0,0,0,NA,0,0,0,3,NA,NA,0
"17124",8,"M",5,NA,"High",2,0,0,0,0,0,0,0,0,0,NA,NA,FALSE,NA
"17125",8,"F",5,"Black","High",2,0,0,0,0,0,0,0,0,0,4,"1",FALSE,0
"17126",9,"M",5,"Black","High",1,NA,0,0,0,0,0,0,0,0,4,NA,NA,0
"17127",8,"F",5,"Hispanic","High",2,0,NA,0,0,0,0,0,0,0,4,"1",NA,0
"17128",8,"F",5,"Black","High",1,0,0,0,NA,NA,0,NA,NA,0,4,NA,NA,0
"17129",9,"F",5,"Black","High",NA,0,0,0,0,0,0,0,0,0,4,NA,FALSE,0
"17130",8,"M",5,"Black","High",NA,0,NA,NA,0,0,0,0,0,0,4,"1",NA,0
"17131",1,"F",7,"Hispanic","High",1,0,1,0,0,0,0,0,0,0,4,"1",TRUE,0
"17132",7,"F",5,"Black","High",2,0,0,0,0,0,0,0,0,0,4,"1",FALSE,0
"17133",8,"M",5,"White","High",NA,NA,NA,NA,0,0,NA,0,0,1,4,NA,TRUE,0
"17134",8,"F",5,"Black","High",1,0,0,0,0,0,0,0,0,0,4,"1",FALSE,0
"17135",7,"F",5,"Black","High",2,0,0,0,0,0,0,0,0,0,4,NA,FALSE,0
"17136",8,"M",5,NA,"High",2,0,0,0,0,0,0,0,0,0,4,NA,FALSE,0
"17137",8,"F",6,"Black","High",2,0,0,0,0,0,0,0,0,0,4,NA,FALSE,0
"17138",10,"M",7,"Black","High",2,0,0,0,0,0,0,0,0,0,4,"1",FALSE,0
"17139",10,"M",7,NA,"High",NA,NA,NA,NA,NA,NA,0,NA,NA,0,4,NA,NA,0
"17140",10,"M",7,"Black","High",2,0,0,0,0,0,0,0,0,0,1,"1",FALSE,1
"17141",10,"F",7,"Hispanic","High",NA,0,NA,NA,NA,NA,NA,NA,NA,NA,4,NA,NA,0
"17142",10,"F",7,"Black","High",2,0,0,0,0,0,0,0,0,0,4,"1",FALSE,0
"17143",9,"F",6,"Hispanic","High",2,0,0,0,0,0,0,0,0,0,4,"1",FALSE,0
"17144",10,"F",7,"Hispanic","High",1,0,1,NA,0,1,1,0,0,NA,4,NA,TRUE,0
"17145",9,"M",7,"Black","High",2,0,0,0,0,0,0,0,0,0,3,NA,FALSE,0
"17146",10,NA,7,"Black","High",2,0,0,0,NA,NA,0,NA,NA,0,4,NA,NA,0
"17147",8,"M",6,"Black","High",2,0,0,0,0,0,0,0,0,0,4,"1",FALSE,0
"17148",8,"M",6,"Black","High",2,0,0,0,0,0,0,0,0,0,4,"1",FALSE,0
"17149",9,"M",6,"Hispanic","High",2,0,0,0,NA,NA,NA,NA,NA,NA,4,NA,NA,0
"17150",9,"M",6,"Black","High",2,0,0,0,0,0,0,0,0,0,4,"1",FALSE,0
"17151",9,"M",6,"Hispanic","High",2,0,0,0,0,0,0,0,0,0,4,"1",FALSE,0
"17152",9,"F",6,"Black","High",2,0,0,0,0,0,0,0,0,0,4,"1",FALSE,0
"17153",10,"F",6,"Black","High",2,0,0,0,0,0,0,0,0,0,2,"1",FALSE,1
"17154",10,"M",6,NA,"High",2,0,0,0,NA,NA,NA,NA,NA,NA,2,NA,NA,1
"17155",9,"F",6,"Black","High",2,0,0,0,0,0,0,0,0,0,4,NA,FALSE,0
"17156",8,"F",6,"Black","High",2,0,0,0,0,0,0,0,0,0,4,"1",FALSE,0
"17157",10,"M",7,"Black","High",2,0,0,0,0,0,0,0,0,0,4,"1",FALSE,0
"17158",7,"F",4,"Hispanic","High",2,0,0,0,0,0,0,0,0,0,4,NA,FALSE,0
"17159",8,"F",4,"Black","High",2,0,0,0,0,0,0,0,0,0,4,"1",FALSE,0
"17160",6,"F",4,NA,"High",2,0,0,0,0,0,0,0,0,0,4,NA,FALSE,0
"17161",6,"F",3,"Black","Middle",2,0,0,0,0,0,0,0,0,0,3,"1",FALSE,0
"17162",6,"F",3,"Hispanic","Middle",2,0,0,0,0,0,0,0,0,0,4,"1",FALSE,0
"17163",6,"M",3,"Black","Middle",1,1,1,1,0,0,1,0,0,1,1,NA,TRUE,1
"17164",6,"F",3,"Black","Middle",1,0,1,0,0,0,0,0,0,0,4,NA,TRUE,0
"17165",6,"F",3,"Hispanic","Middle",2,0,0,0,0,0,0,0,0,0,3,NA,FALSE,0
"17166",6,"F",3,"Black","Middle",1,0,1,0,0,0,0,0,0,0,4,NA,TRUE,0
"17167",5,"F",3,"Black","Middle",2,0,0,0,0,0,0,0,0,0,4,NA,FALSE,0
"17168",6,"F",3,"White","Middle",2,0,0,0,0,0,0,0,0,0,3,"1",FALSE,0
"17169",6,"M",3,"White","Middle",2,0,0,0,0,0,0,0,0,0,4,"1",FALSE,0
"17170",6,"M",3,"White","Middle",2,0,0,0,0,0,0,0,0,0,3,NA,FALSE,0
"17171",5,"M",3,"Hispanic","Middle",2,0,0,0,0,0,0,0,0,0,2,"1",FALSE,1
"17172",6,"F",3,"Black","Middle",2,0,0,0,0,0,0,0,0,0,4,"1",FALSE,0
"17173",5,"F",3,"Black","Middle",2,0,0,0,0,0,0,0,0,0,2,"1",FALSE,1
"17174",6,"M",3,"Hispanic","Middle",1,0,0,0,0,0,0,0,0,0,2,NA,FALSE,1
"17175",6,"M",3,"Hispanic","Middle",2,0,0,0,0,0,0,0,0,0,4,NA,FALSE,0
"17176",5,"M",3,"Hispanic","Middle",2,0,0,0,NA,NA,0,NA,NA,0,4,NA,NA,0
"17177",5,"F",3,"Black","Middle",2,0,0,0,0,0,0,0,0,0,4,"1",FALSE,0
"17178",6,"F",3,"Hispanic","Middle",2,0,0,0,0,0,0,0,0,0,4,NA,FALSE,0
"17179",5,"M",3,"Black","Middle",2,0,0,0,0,0,0,0,0,0,2,NA,FALSE,1
"17180",5,"M",3,"Black","Middle",1,0,1,0,0,0,1,0,0,0,4,NA,TRUE,0
"17181",6,"F",3,"Black","Middle",2,0,0,0,0,0,0,0,0,0,4,"1",FALSE,0
"17182",6,"F",3,"Black","Middle",2,0,0,0,0,0,0,0,0,0,4,"1",FALSE,0
"17183",5,"M",3,"Hispanic","Middle",1,1,1,0,0,0,1,0,0,1,2,NA,TRUE,1
"17184",6,"F",3,"White","Middle",2,0,0,NA,0,0,0,0,0,0,4,"1",NA,0
"17185",5,"M",3,"Hispanic","Middle",2,0,0,0,0,0,0,0,0,0,4,"1",FALSE,0
"17186",6,"M",3,"White","Middle",2,0,0,0,0,0,0,0,0,1,4,NA,TRUE,0
"17187",6,"F",3,"White","Middle",2,0,0,0,0,0,0,0,0,0,4,"1",FALSE,0
"17188",5,"M",3,"Black","Middle",2,0,0,0,0,0,0,0,0,0,4,"1",FALSE,0
"17189",5,"F",3,"Black","Middle",2,0,0,0,0,0,0,0,0,0,4,"1",FALSE,0
"17190",5,"M",3,"White","Middle",2,0,0,0,0,0,0,0,0,0,2,NA,FALSE,1
"17191",6,"M",3,"Black","Middle",1,1,1,NA,NA,NA,NA,NA,NA,NA,1,NA,TRUE,1
"17192",6,"M",3,"Hispanic","Middle",2,0,0,0,NA,NA,0,NA,NA,0,4,NA,NA,0
"17193",6,"M",3,"Hispanic","Middle",2,0,0,0,0,0,0,0,0,0,4,NA,FALSE,0
"17194",6,"F",3,NA,"Middle",2,0,0,0,0,0,0,0,0,0,4,NA,FALSE,0
"17195",6,"F",3,"Black","Middle",2,0,0,0,0,0,0,0,0,0,4,"1",FALSE,0
"17196",6,"F",3,"Black","Middle",NA,0,0,0,0,0,0,0,0,0,4,"1",FALSE,0
"17197",6,"F",3,"Hispanic","Middle",2,0,0,0,0,0,0,0,0,0,3,"1",FALSE,0
"17198",5,"M",3,"Hispanic","Middle",2,0,0,0,0,0,0,0,0,0,3,NA,FALSE,0
"17199",5,"F",3,"Black","Middle",2,0,0,0,0,0,0,0,0,0,2,"1",FALSE,1
"17200",5,"F",2,"Hispanic","Middle",2,0,0,0,0,0,0,0,0,0,4,"1",FALSE,0
"17201",4,"M",2,"Asian","Middle",2,0,0,0,0,0,0,0,0,0,4,"1",FALSE,0
"17202",5,"M",2,"Black","Middle",2,0,0,0,0,0,0,0,0,0,2,NA,FALSE,1
"17203",5,"M",2,"White","Middle",2,0,0,0,0,0,0,0,0,0,4,NA,FALSE,0
"17204",5,"F",2,"Hispanic","Middle",2,0,0,0,0,0,0,0,0,0,4,NA,FALSE,0
"17205",4,"M",2,"Black","Middle",2,0,0,0,0,0,0,0,0,0,4,NA,FALSE,0
"17206",5,"F",2,"White","Middle",NA,0,0,0,0,0,0,0,0,0,3,NA,FALSE,0
"17207",4,"F",2,"Hispanic","Middle",2,0,0,0,0,0,0,0,0,0,4,NA,FALSE,0
"17208",5,"M",2,"Hispanic","Middle",2,0,0,0,0,0,0,0,0,0,4,"1",FALSE,0
"17209",4,"F",2,"Black","Middle",2,0,0,0,0,0,0,0,0,0,4,NA,FALSE,0
"17210",5,"F",2,"Hispanic","Middle",1,0,0,0,0,0,0,0,0,0,2,"1",FALSE,1
"17211",5,"F",2,"White","Middle",2,0,0,0,0,0,0,0,0,0,4,"1",FALSE,0
"17212",5,"F",2,"Black","Middle",2,0,0,0,0,0,0,0,0,0,3,"1",FALSE,0
"17213",4,"F",2,"Black","Middle",2,0,0,0,0,0,0,0,0,0,4,NA,FALSE,0
"17214",5,"F",2,"Hispanic","Middle",2,0,0,0,0,0,0,0,0,0,3,"1",FALSE,0
"17215",5,"M",2,"Hispanic","Middle",2,0,0,0,0,0,0,0,0,0,4,"1",FALSE,0
"17216",5,"M",2,"Hispanic","Middle",2,0,0,0,0,0,0,0,0,0,4,"1",FALSE,0
"17217",5,"M",2,"Black","Middle",2,0,0,0,0,0,0,0,0,0,2,"1",FALSE,1
"17218",6,"M",2,"Hispanic","Middle",2,0,0,0,0,0,0,0,0,0,2,"1",FALSE,1
"17219",5,"M",2,"Black","Middle",2,0,0,0,0,0,0,0,0,0,4,"1",FALSE,0
"17220",5,"M",2,"Hispanic","Middle",2,0,0,0,0,0,0,0,0,0,4,"1",FALSE,0
"17221",6,"M",2,NA,"Middle",2,0,0,0,0,0,0,0,0,0,4,"1",FALSE,0
"17222",5,"M",2,"Black","Middle",2,0,0,NA,0,0,0,0,0,0,3,NA,NA,0
"17223",4,"M",2,"Black","Middle",2,0,0,0,0,0,0,0,0,0,4,"1",FALSE,0
"17224",5,"F",2,"Black","Middle",2,0,0,0,0,0,0,0,0,0,4,"1",FALSE,0
"17225",5,"F",2,"White","Middle",2,0,0,0,0,0,0,0,0,0,3,NA,FALSE,0
"17226",4,"F",2,"Black","Middle",2,0,0,0,0,0,0,0,0,0,4,NA,FALSE,0
"17227",5,"F",2,"Black","Middle",2,0,0,0,0,0,0,0,0,0,3,"1",FALSE,0
"17228",4,"M",2,"Hispanic","Middle",2,0,0,0,0,0,0,0,0,0,3,NA,FALSE,0
"17229",5,"M",2,"Hispanic","Middle",2,0,0,0,0,0,0,0,0,0,4,NA,FALSE,0
"17230",5,"M",2,"Hispanic","Middle",2,0,0,NA,0,0,0,0,0,0,2,"1",NA,1
"17231",5,"F",2,"Hispanic","Middle",2,0,0,0,0,0,0,0,0,0,3,"1",FALSE,0
"17232",5,"F",2,"White","Middle",2,0,0,0,0,0,0,0,0,0,4,NA,FALSE,0
"17233",5,"M",2,"Black","Middle",1,NA,0,0,0,0,0,0,0,0,2,NA,NA,1
"17234",5,"F",2,"Black","Middle",2,0,0,0,0,0,0,0,0,0,3,"1",FALSE,0
"17235",4,"M",2,"Black","Middle",2,0,0,0,0,0,0,0,0,0,3,NA,FALSE,0
"17236",4,"F",2,"White","Middle",2,0,0,0,0,0,0,0,0,0,4,NA,FALSE,0
"17237",4,"F",2,"Black","Middle",2,0,0,0,0,0,0,0,0,0,4,"1",FALSE,0
"17238",4,"M",2,"Black","Middle",2,0,0,0,0,0,0,0,0,0,4,"1",FALSE,0
"17239",4,"M",2,NA,"Middle",2,0,0,0,0,0,1,0,0,0,3,"1",TRUE,0
"17240",5,"M",2,"Hispanic","Middle",1,NA,NA,0,0,0,0,0,0,0,2,NA,NA,1
"17241",8,"M",7,"Hispanic","High",1,NA,1,0,1,1,1,1,0,1,4,NA,TRUE,0
"17242",6,"M",2,"Hispanic","Middle",2,0,0,0,0,0,0,0,0,0,4,"1",FALSE,0
"17243",5,"M",2,"White","Middle",2,0,0,0,0,0,0,0,0,0,4,NA,FALSE,0
"17244",5,"M",2,"Hispanic","Middle",1,NA,NA,0,0,0,0,0,0,0,2,NA,NA,1
"17245",4,"M",1,"Black","Middle",2,0,0,0,0,0,0,0,0,0,2,"1",FALSE,1
"17246",3,"F",1,"White","Middle",2,0,0,0,0,0,0,0,0,0,2,NA,FALSE,1
"17247",4,"M",1,"Hispanic","Middle",1,1,1,0,0,0,0,1,0,1,1,"1",TRUE,1
"17248",4,"M",1,"Hispanic","Middle",2,0,0,0,0,0,0,0,0,0,4,NA,FALSE,0
"17249",5,"M",1,"Hispanic","Middle",2,0,0,0,0,0,0,0,0,0,4,"1",FALSE,0
"17250",3,"M",1,"Hispanic","Middle",2,0,0,0,NA,NA,0,NA,NA,0,2,NA,NA,1
"17251",4,"F",1,"Hispanic","Middle",2,0,0,0,0,0,0,0,0,0,2,"1",FALSE,1
"17252",4,"M",1,"Hispanic","Middle",2,0,0,0,0,0,0,0,0,0,4,"1",FALSE,0
"17253",4,"M",1,"Hispanic","Middle",NA,0,0,0,0,0,0,0,0,1,3,NA,TRUE,0
"17254",4,"F",1,"Black","Middle",2,0,0,0,0,0,0,0,0,0,4,"1",FALSE,0
"17255",4,"F",1,NA,"Middle",2,0,0,0,0,0,0,0,0,0,4,"1",FALSE,0
"17256",4,"M",1,"Hispanic","Middle",2,0,0,0,0,0,0,0,0,0,4,"1",FALSE,0
"17257",4,"F",1,"Hispanic","Middle",2,0,0,0,0,0,0,0,0,0,4,"1",FALSE,0
"17258",3,"M",1,"White","Middle",2,0,0,0,0,0,0,0,0,0,3,"1",FALSE,0
"17259",4,"M",1,"Hispanic","Middle",2,0,0,0,0,0,0,0,0,0,4,"1",FALSE,0
"17260",4,"M",1,"Black","Middle",2,0,0,0,0,0,0,0,0,0,4,NA,FALSE,0
"17261",4,"F",1,"White","Middle",2,0,0,0,0,0,0,0,0,0,4,NA,FALSE,0
"17262",4,"M",1,"Black","Middle",2,0,0,0,0,0,0,0,0,0,4,NA,FALSE,0
"17263",4,"F",1,"Black","Middle",2,0,0,0,0,0,0,0,0,0,2,"1",FALSE,1
"17264",4,"F",1,"White","Middle",2,0,0,0,0,0,0,0,0,0,2,NA,FALSE,1
"17265",4,"M",1,"Black","Middle",2,0,0,0,0,0,0,0,0,0,4,"1",FALSE,0
"17266",4,"F",1,"Hispanic","Middle",2,0,0,0,0,0,0,0,0,0,4,"1",FALSE,0
"17267",4,"F",1,"Black","Middle",2,0,0,0,0,0,0,0,0,0,2,"1",FALSE,1
"17268",4,"F",1,"White","Middle",2,0,0,0,0,0,0,0,0,0,4,"1",FALSE,0
"17269",4,"F",1,"Hispanic","Middle",2,0,0,0,0,0,0,0,0,0,4,"1",FALSE,0
"17270",4,"M",1,"Black","Middle",2,0,0,0,0,0,0,0,0,0,4,"1",FALSE,0
"17271",3,"M",1,"Hispanic","Middle",2,0,0,0,0,0,0,0,0,0,4,NA,FALSE,0
"17272",4,"M",1,"Black","Middle",1,0,0,0,0,0,0,0,0,0,4,"1",FALSE,0
"17273",3,"M",1,"Hispanic","Middle",1,0,0,0,0,0,0,0,0,0,2,"1",FALSE,1
"17274",NA,"F",NA,"Hispanic",NA,1,NA,NA,NA,NA,NA,NA,NA,NA,NA,2,NA,NA,1
"17275",3,"M",1,"Black","Middle",2,0,0,0,0,0,0,0,0,0,4,"1",FALSE,0
"17276",4,"M",1,"White","Middle",2,0,0,0,0,0,0,0,0,0,2,"1",FALSE,1
"17277",4,"M",1,"Hispanic","Middle",NA,0,0,0,0,0,0,0,0,0,2,"1",FALSE,1
"17278",4,"F",1,"Black","Middle",2,0,0,0,0,0,0,0,0,0,4,"1",FALSE,0
"17279",4,"F",1,"Black","Middle",2,0,0,0,0,0,0,0,0,0,4,NA,FALSE,0
"17280",4,"F",1,"Black","Middle",NA,0,0,0,0,0,0,0,0,0,4,NA,FALSE,0
"17281",4,"F",2,"Hispanic","Middle",2,0,0,0,0,0,0,0,0,0,4,NA,FALSE,0
"17282",5,"F",2,"Black","Middle",1,0,0,0,0,0,0,0,0,0,1,NA,FALSE,1
"17283",5,"M",2,"White","Middle",2,0,0,0,0,0,0,0,0,0,4,NA,FALSE,0
"17284",5,"F",2,"Black","Middle",2,0,0,0,0,0,0,0,0,0,4,NA,FALSE,0
"17285",4,"F",1,"Black","Middle",2,0,0,0,0,0,0,0,0,0,4,NA,FALSE,0
"17286",4,"F",1,"Hispanic","Middle",2,0,0,0,0,0,0,0,0,0,2,NA,FALSE,1
"17287",4,"F",1,"White","Middle",2,0,0,0,0,0,0,0,0,0,4,"1",FALSE,0
"17288",3,"F",1,"Black","Middle",2,0,0,0,0,0,0,0,0,0,4,"1",FALSE,0
"17289",3,"F",1,"Black","Middle",2,0,0,0,0,0,0,0,0,0,4,"1",FALSE,0
"17290",4,"F",1,NA,"Middle",2,0,0,0,0,0,0,0,0,0,4,"1",FALSE,0
"17291",3,"F",1,"Black","Middle",2,0,0,0,0,0,0,0,0,0,3,"1",FALSE,0
"17292",5,"F",2,"White","Middle",2,0,0,0,0,0,0,0,0,0,4,NA,FALSE,0
"17293",5,"F",2,"Black","Middle",2,0,0,0,0,0,0,0,0,0,4,NA,FALSE,0
"17294",5,"M",2,"Black","Middle",2,0,0,0,0,0,0,0,0,0,4,NA,FALSE,0
"17295",5,"F",2,"Black","Middle",2,0,0,0,0,0,0,0,0,0,4,NA,FALSE,0
"17296",5,"M",2,"Black","Middle",2,0,0,0,0,0,0,0,0,0,3,NA,FALSE,0
"17297",4,"F",1,"Black","Middle",2,0,0,0,0,0,0,0,0,0,2,"1",FALSE,1
"17298",3,"M",1,"Hispanic","Middle",2,0,0,0,0,0,0,0,0,0,4,"1",FALSE,0
"17299",3,"M",1,"White","Middle",2,0,0,0,0,0,0,0,0,0,3,NA,FALSE,0
"17300",4,"F",1,"White","Middle",2,0,0,0,0,0,0,0,0,0,4,"1",FALSE,0
"17301",3,"F",1,"Hispanic","Middle",2,0,0,0,0,0,0,0,0,0,4,NA,FALSE,0
"17302",6,"M",3,"White","Middle",2,0,0,0,0,0,0,0,0,0,3,"1",FALSE,0
"17303",6,"M",3,NA,"Middle",1,1,1,1,0,1,NA,0,0,1,NA,NA,TRUE,NA
"17304",6,"M",3,"White","Middle",2,0,0,0,0,0,0,0,0,0,4,NA,FALSE,0
"17305",6,"M",3,"White","Middle",2,0,0,0,0,0,0,0,0,1,2,NA,TRUE,1
"17306",5,"F",3,"Hispanic","Middle",2,0,0,0,0,0,0,0,0,0,4,NA,FALSE,0
"17307",7,"F",3,"White","Middle",2,0,0,0,0,0,0,0,0,0,4,NA,FALSE,0
"17308",6,"F",3,"White","Middle",2,0,0,0,0,0,0,0,0,0,4,NA,FALSE,0
"17309",6,"F",3,"AI/AN","Middle",2,1,0,0,0,0,0,0,0,1,1,NA,TRUE,1
"17310",5,"F",3,"White","Middle",2,0,0,0,0,0,0,0,0,0,4,NA,FALSE,0
"17311",6,"F",3,"White","Middle",1,0,0,0,0,0,0,0,0,0,4,NA,FALSE,0
"17312",6,"M",3,"White","Middle",2,0,0,0,0,0,0,0,0,0,4,NA,FALSE,0
"17313",5,"M",3,"White","Middle",2,0,0,0,0,0,0,0,0,0,4,NA,FALSE,0
"17314",6,"M",3,"White","Middle",2,0,0,NA,0,0,0,0,0,0,4,NA,NA,0
"17315",5,"M",3,"Hispanic","Middle",1,0,0,1,0,0,NA,0,0,0,2,NA,TRUE,1
"17316",5,"F",2,"White","Middle",2,0,0,0,0,0,0,0,0,0,2,"1",FALSE,1
"17317",5,"F",2,"Hispanic","Middle",2,0,0,0,0,0,0,0,0,0,3,"1",FALSE,0
"17318",5,"M",2,"Hispanic","Middle",2,0,0,0,0,0,0,0,0,0,3,NA,FALSE,0
"17319",5,"M",2,NA,"Middle",2,0,0,0,0,0,0,0,0,0,4,"1",FALSE,0
"17320",5,"F",2,"White","Middle",2,0,0,0,0,0,0,0,0,0,4,"1",FALSE,0
"17321",5,"F",2,"White","Middle",2,0,0,0,0,0,0,0,0,0,2,NA,FALSE,1
"17322",4,"M",2,"White","Middle",2,0,0,1,0,0,0,0,0,0,4,"1",TRUE,0
"17323",5,"M",2,"Hispanic","Middle",2,0,0,0,0,0,0,0,0,0,2,"1",FALSE,1
"17324",5,"M",2,"Hispanic","Middle",2,0,0,0,0,0,0,0,0,0,NA,"1",FALSE,NA
"17325",4,"F",2,"White","Middle",2,0,0,0,0,0,0,0,0,0,4,NA,FALSE,0
"17326",5,"F",2,"Hispanic","Middle",2,0,0,0,0,0,0,0,0,0,3,NA,FALSE,0
"17327",4,"M",2,"Hispanic","Middle",2,0,0,0,0,0,0,0,0,0,4,NA,FALSE,0
"17328",5,"M",NA,"Black",NA,2,0,0,0,0,0,0,0,0,0,4,"1",FALSE,0
"17329",5,"M",2,NA,"Middle",2,0,0,0,0,0,0,0,0,0,4,"1",FALSE,0
"17330",4,"M",2,"White","Middle",2,0,0,0,0,0,0,0,0,0,4,NA,FALSE,0
"17331",4,"M",1,"White","Middle",2,0,0,0,0,0,0,0,0,0,2,NA,FALSE,1
"17332",4,"F",1,"White","Middle",2,0,0,0,0,0,0,0,0,0,3,"1",FALSE,0
"17333",5,"M",1,NA,"Middle",2,NA,NA,NA,NA,NA,NA,NA,NA,NA,4,NA,NA,0
"17334",3,"M",1,"White","Middle",2,0,0,0,0,0,0,0,0,0,4,"1",FALSE,0
"17335",3,"F",1,"Hispanic","Middle",2,0,0,0,0,0,0,0,0,0,4,"1",FALSE,0
"17336",4,"M",1,"White","Middle",2,0,0,0,0,0,0,0,0,0,3,"1",FALSE,0
"17337",4,"F",1,"White","Middle",2,0,0,0,0,0,0,0,0,0,4,NA,FALSE,0
"17338",4,"F",1,"Hispanic","Middle",2,0,0,0,0,0,0,0,0,0,3,NA,FALSE,0
"17339",3,"F",1,"Hispanic","Middle",2,0,0,0,0,0,0,0,0,0,1,"1",FALSE,1
"17340",4,"M",1,"Black","Middle",2,0,0,0,0,0,0,0,0,0,4,"1",FALSE,0
"17341",4,"M",1,"White","Middle",2,0,0,0,0,0,0,0,0,0,1,"1",FALSE,1
"17342",3,"F",1,"White","Middle",2,0,0,0,0,0,0,0,0,0,4,NA,FALSE,0
"17343",3,"F",1,NA,"Middle",2,0,0,0,0,0,0,0,0,0,4,"1",FALSE,0
"17344",NA,NA,NA,"White",NA,2,0,0,0,0,0,0,0,0,0,4,"1",FALSE,0
"17345",6,"M",3,"White","Middle",2,0,0,0,0,0,0,0,0,0,3,NA,FALSE,0
"17346",6,"F",3,"White","Middle",2,0,0,0,0,0,0,0,0,0,4,"1",FALSE,0
"17347",6,"F",3,"White","Middle",2,0,0,0,0,0,0,0,0,1,4,NA,TRUE,0
"17348",5,"F",3,"White","Middle",1,0,1,0,0,0,0,0,0,1,4,NA,TRUE,0
"17349",5,"F",3,"White","Middle",2,0,0,0,0,0,0,0,0,0,4,NA,FALSE,0
"17350",7,"F",3,"Hispanic","Middle",NA,0,0,0,0,0,0,0,0,0,2,"1",FALSE,1
"17351",6,"F",3,"White","Middle",2,0,0,0,0,0,0,0,0,0,4,"1",FALSE,0
"17352",5,"F",3,"Black","Middle",2,0,0,0,0,0,0,0,0,0,1,NA,FALSE,1
"17353",5,"M",3,"Hispanic","Middle",1,0,0,0,0,0,0,0,0,0,2,NA,FALSE,1
"17354",5,"M",3,"White","Middle",2,0,0,0,0,0,0,0,0,0,2,NA,FALSE,1
"17355",5,"M",3,"White","Middle",2,0,0,0,0,0,0,0,0,0,4,NA,FALSE,0
"17356",7,"M",3,"Black","Middle",2,0,0,0,0,0,0,0,0,0,4,"1",FALSE,0
"17357",5,"M",3,"Black","Middle",2,0,0,0,0,0,0,0,0,0,3,NA,FALSE,0
"17358",6,"M",3,"Hispanic","Middle",2,0,0,0,0,0,0,0,0,0,4,"1",FALSE,0
"17359",6,"F",3,"Black","Middle",2,0,0,0,0,0,0,0,0,0,3,"1",FALSE,0
"17360",5,"M",3,"White","Middle",2,0,0,0,0,0,0,0,0,0,4,NA,FALSE,0
"17361",6,"F",3,"White","Middle",2,0,0,0,0,0,0,0,0,0,4,"1",FALSE,0
"17362",5,"M",3,"Hispanic","Middle",1,0,0,0,0,0,0,0,0,0,3,NA,FALSE,0
"17363",6,"M",3,"White","Middle",2,0,0,0,0,0,0,0,0,0,3,"1",FALSE,0
"17364",4,"M",1,"Hispanic","Middle",2,0,0,0,NA,NA,0,NA,NA,0,4,"1",NA,0
"17365",5,"M",3,"White","Middle",1,0,0,1,0,0,0,0,0,1,3,NA,TRUE,0
"17366",5,"M",3,"White","Middle",2,0,0,0,NA,NA,0,NA,NA,1,3,NA,TRUE,0
"17367",4,"M",1,"Black","Middle",2,0,0,0,0,0,0,0,0,0,4,"1",FALSE,0
"17368",5,"M",1,"Black","Middle",2,0,0,NA,NA,NA,NA,NA,NA,NA,4,NA,NA,0
"17369",4,"M",1,"White","Middle",2,0,0,NA,0,0,0,0,0,0,4,"1",NA,0
"17370",4,"M",1,"Black","Middle",2,0,0,0,0,0,0,0,0,0,2,NA,FALSE,1
"17371",5,"M",1,"Hispanic","Middle",2,0,0,0,0,0,0,0,0,0,4,NA,FALSE,0
"17372",3,"M",1,"Hispanic","Middle",2,0,0,0,0,0,0,0,0,0,4,"1",FALSE,0
"17373",4,"M",1,"Black","Middle",2,0,0,0,0,0,0,0,0,0,4,"1",FALSE,0
"17374",5,"M",1,"Black","Middle",2,0,0,0,0,0,0,0,0,0,4,"1",FALSE,0
"17375",4,"M",1,"White","Middle",2,0,0,0,0,0,0,0,0,0,4,"1",FALSE,0
"17376",3,"M",1,"White","Middle",2,0,0,NA,0,0,0,0,0,0,4,NA,NA,0
"17377",5,"M",1,"Black","Middle",2,0,0,0,0,0,0,0,0,0,4,"1",FALSE,0
"17378",4,"M",1,"Hispanic","Middle",2,0,0,0,NA,NA,0,NA,NA,0,4,NA,NA,0
"17379",4,"M",1,"Hispanic","Middle",2,0,0,0,0,0,NA,0,0,0,3,NA,NA,0
"17380",3,"M",1,"Hispanic","Middle",2,0,0,0,0,0,0,0,0,0,2,NA,FALSE,1
"17381",4,"M",1,"Hispanic","Middle",NA,1,0,0,0,0,0,0,0,1,2,NA,TRUE,1
"17382",5,"M",1,"Hispanic","Middle",2,0,0,1,0,0,0,0,0,0,4,NA,TRUE,0
"17383",4,"M",1,"Hispanic","Middle",1,0,NA,NA,NA,NA,NA,NA,NA,NA,NA,NA,NA,NA
"17384",NA,"M",NA,NA,NA,NA,NA,NA,NA,NA,NA,NA,NA,NA,NA,NA,NA,NA,NA
"17385",3,"M",1,"Hispanic","Middle",2,0,0,0,0,0,0,0,0,0,3,NA,FALSE,0
"17386",4,"M",1,"Hispanic","Middle",1,1,1,0,NA,NA,NA,NA,NA,1,2,NA,TRUE,1
"17387",3,"M",1,"Black","Middle",2,0,0,0,0,0,0,0,0,0,4,"1",FALSE,0
"17388",4,"M",1,"White","Middle",NA,0,0,0,0,0,0,0,0,0,3,"1",FALSE,0
"17389",4,"M",1,"Hispanic","Middle",2,0,0,0,0,0,NA,0,0,0,4,NA,NA,0
"17390",3,"M",1,"Hispanic","Middle",2,0,0,0,0,0,0,0,0,0,4,NA,FALSE,0
"17391",4,"M",1,"Hispanic","Middle",2,0,0,0,0,0,0,0,0,0,4,"1",FALSE,0
"17392",4,"M",1,"Hispanic","Middle",2,0,0,0,0,0,0,0,0,0,4,"1",FALSE,0
"17393",6,"F",2,"Asian","Middle",2,0,0,0,0,0,0,0,0,0,4,"1",FALSE,0
"17394",5,"F",2,"Hispanic","Middle",2,0,0,0,0,0,0,0,0,0,4,"1",FALSE,0
"17395",5,"F",2,"White","Middle",2,0,0,0,0,0,NA,0,0,0,3,"1",NA,0
"17396",4,"F",2,"White","Middle",2,0,0,0,0,0,0,0,0,0,4,"1",FALSE,0
"17397",5,"F",2,"White","Middle",2,0,0,0,0,0,0,0,0,0,4,"1",FALSE,0
"17398",4,"F",2,"White","Middle",2,0,0,0,0,0,0,0,0,0,4,"1",FALSE,0
"17399",5,"F",2,"White","Middle",2,0,0,0,0,0,0,0,0,0,4,NA,FALSE,0
"17400",4,"F",2,"White","Middle",2,0,0,0,0,0,0,0,0,0,1,"1",FALSE,1
"17401",4,"F",2,"White","Middle",2,0,0,0,0,0,0,0,0,0,3,"1",FALSE,0
"17402",5,"F",2,"White","Middle",2,0,0,0,0,0,0,0,0,0,4,"1",FALSE,0
"17403",4,"F",2,"Asian","Middle",2,0,0,0,0,0,0,0,0,0,4,NA,FALSE,0
"17404",5,"F",2,"Hispanic","Middle",2,0,0,0,0,0,0,0,0,0,4,"1",FALSE,0
"17405",5,"F",2,"White","Middle",2,0,0,0,0,0,NA,0,0,0,4,NA,NA,0
"17406",4,"F",2,"Hispanic","Middle",2,0,0,0,0,0,0,0,0,0,4,"1",FALSE,0
"17407",6,"F",2,NA,"Middle",2,0,0,0,0,0,0,0,0,0,3,NA,FALSE,0
"17408",5,"F",2,"White","Middle",2,0,0,0,0,0,0,0,0,0,3,NA,FALSE,0
"17409",5,"F",2,"Hispanic","Middle",2,0,0,0,0,0,0,0,0,0,3,"1",FALSE,0
"17410",4,"F",2,"White","Middle",2,0,0,0,0,0,0,0,0,0,1,NA,FALSE,1
"17411",5,"F",2,"Black","Middle",2,0,0,0,0,0,0,0,0,0,4,"1",FALSE,0
"17412",4,"F",2,"Black","Middle",2,0,0,0,0,0,0,0,0,0,4,"1",FALSE,0
"17413",5,"M",1,"Hispanic","Middle",2,0,0,NA,NA,NA,0,NA,NA,0,3,NA,NA,0
"17414",4,"M",1,"Hispanic","Middle",2,0,0,0,0,0,0,0,0,0,4,"1",FALSE,0
"17415",4,"M",2,"Hispanic","Middle",2,0,0,0,0,0,0,0,0,0,4,"1",FALSE,0
"17416",5,"M",2,"Hispanic","Middle",2,0,0,0,0,0,0,0,0,0,1,NA,FALSE,1
"17417",5,"M",2,"Hispanic","Middle",2,0,0,0,0,0,0,0,0,0,3,"1",FALSE,0
"17418",4,"M",2,"Hispanic","Middle",2,0,0,0,0,0,0,0,0,0,2,"1",FALSE,1
"17419",4,"F",2,"Hispanic","Middle",2,0,0,0,0,0,0,0,0,0,2,"1",FALSE,1
"17420",5,"F",2,"Hispanic","Middle",2,0,0,0,0,0,0,0,0,0,2,"1",FALSE,1
"17421",6,"F",2,NA,"Middle",2,0,0,0,0,0,0,0,0,0,3,NA,FALSE,0
"17422",5,"M",2,"White","Middle",2,0,0,NA,NA,NA,0,NA,NA,0,4,"1",NA,0
"17423",5,"F",2,"Hispanic","Middle",2,0,0,0,0,0,0,0,0,0,2,"1",FALSE,1
"17424",5,"F",2,"Hispanic","Middle",2,0,0,0,0,0,0,0,0,0,2,"1",FALSE,1
"17425",4,"F",2,"Hispanic","Middle",2,0,0,0,0,0,0,0,0,0,2,NA,FALSE,1
"17426",5,"M",2,"Hispanic","Middle",2,0,0,0,0,0,0,0,0,0,3,NA,FALSE,0
"17427",5,"F",2,"Hispanic","Middle",2,NA,0,0,0,0,0,0,0,0,1,NA,NA,1
"17428",4,"F",2,"Hispanic","Middle",2,0,0,0,0,0,0,0,0,0,4,NA,FALSE,0
"17429",5,"F",2,"Hispanic","Middle",2,0,0,0,0,0,0,0,0,0,4,"1",FALSE,0
"17430",4,"M",2,"Hispanic","Middle",2,0,0,0,0,0,0,0,0,0,4,"1",FALSE,0
"17431",4,"F",2,"Hispanic","Middle",2,0,0,0,0,0,0,0,0,0,4,NA,FALSE,0
"17432",5,"M",2,"Hispanic","Middle",1,0,0,NA,0,1,1,0,0,0,4,NA,TRUE,0
"17433",5,"F",2,NA,"Middle",2,0,0,0,0,0,0,0,0,0,2,"1",FALSE,1
"17434",6,"F",3,"Hispanic","Middle",1,0,0,0,0,0,0,0,0,0,2,"1",FALSE,1
"17435",6,"M",3,"Hispanic","Middle",NA,0,NA,NA,0,0,0,0,0,NA,2,NA,NA,1
"17436",6,"F",3,"Hispanic","Middle",2,0,0,0,0,0,0,0,0,0,2,NA,FALSE,1
"17437",6,"F",3,"Hispanic","Middle",2,0,0,0,0,0,0,0,0,0,2,"1",FALSE,1
"17438",4,"M",1,"Hispanic","Middle",2,0,0,0,0,0,0,0,0,0,4,"1",FALSE,0
"17439",6,"F",3,"Hispanic","Middle",2,0,0,0,0,0,0,0,0,0,2,"1",FALSE,1
"17440",6,"F",3,"Black","Middle",2,0,0,0,0,0,0,0,0,0,3,NA,FALSE,0
"17441",5,"F",3,"Hispanic","Middle",2,0,0,0,0,0,0,0,0,0,4,NA,FALSE,0
"17442",6,"F",3,"Hispanic","Middle",2,0,0,0,0,0,0,0,0,0,2,NA,FALSE,1
"17443",5,"F",3,"Hispanic","Middle",2,0,0,0,0,0,0,0,0,0,2,"1",FALSE,1
"17444",7,"F",3,"Hispanic","Middle",2,0,0,0,0,0,0,0,0,0,2,"1",FALSE,1
"17445",6,"M",3,"Hispanic","Middle",1,0,1,0,0,0,0,0,0,0,3,"1",TRUE,0
"17446",6,"F",3,"Hispanic","Middle",2,0,0,0,0,0,0,0,0,0,4,"1",FALSE,0
"17447",6,NA,NA,"Hispanic",NA,2,0,0,0,0,0,0,0,0,0,3,NA,FALSE,0
"17448",5,"F",3,"Hispanic","Middle",2,0,0,0,0,0,0,0,0,0,2,"1",FALSE,1
"17449",6,"M",3,"Hispanic","Middle",2,0,0,0,0,0,0,0,0,0,3,"1",FALSE,0
"17450",4,"M",1,NA,"Middle",2,0,0,0,0,0,0,0,0,0,4,"1",FALSE,0
"17451",4,"F",1,"Hispanic","Middle",2,0,0,0,0,0,0,0,0,0,2,NA,FALSE,1
"17452",4,"F",1,"Hispanic","Middle",2,0,0,0,0,0,0,0,0,0,4,"1",FALSE,0
"17453",3,"M",1,"Hispanic","Middle",2,0,0,0,0,0,0,0,0,0,3,NA,FALSE,0
"17454",4,"M",1,"Hispanic","Middle",2,0,0,0,0,0,0,0,0,0,4,"1",FALSE,0
"17455",4,"M",1,"Hispanic","Middle",2,0,0,0,0,0,0,0,0,0,4,"1",FALSE,0
"17456",3,"M",1,"White","Middle",2,0,0,0,0,0,0,0,0,0,2,NA,FALSE,1
"17457",4,"M",1,"Hispanic","Middle",2,0,0,NA,0,0,0,0,0,0,4,"1",NA,0
"17458",5,"M",1,"Hispanic","Middle",2,0,0,0,0,0,0,0,0,0,4,"1",FALSE,0
"17459",4,"F",1,"Hispanic","Middle",2,0,0,0,0,0,0,0,0,0,4,NA,FALSE,0
"17460",4,"M",1,"NHOPI","Middle",2,0,0,0,0,0,0,0,0,0,4,"1",FALSE,0
"17461",3,"M",1,"Hispanic","Middle",2,0,0,0,0,0,0,0,0,0,4,"1",FALSE,0
"17462",4,"M",1,"Hispanic","Middle",2,0,0,0,0,0,0,0,0,0,4,NA,FALSE,0
"17463",3,"F",1,"Hispanic","Middle",2,0,0,0,0,0,0,0,0,0,4,NA,FALSE,0
"17464",5,"F",1,"Hispanic","Middle",2,0,0,0,0,0,0,0,0,0,4,NA,FALSE,0
"17465",4,"F",1,"Hispanic","Middle",2,0,0,0,0,0,0,0,0,0,1,NA,FALSE,1
"17466",4,"F",1,"Hispanic","Middle",2,0,0,0,0,0,0,0,0,0,4,"1",FALSE,0
"17467",3,"M",1,"Hispanic","Middle",2,0,0,0,0,0,0,0,0,0,4,"1",FALSE,0
"17468",4,"M",1,"Hispanic","Middle",2,0,0,0,0,0,0,0,0,0,3,"1",FALSE,0
"17469",4,"F",1,"Hispanic","Middle",2,0,0,0,0,0,0,0,0,0,4,NA,FALSE,0
"17470",4,"M",1,"Hispanic","Middle",2,0,0,0,0,0,0,0,0,0,2,NA,FALSE,1
"17471",4,"M",1,NA,"Middle",2,0,0,0,0,0,0,0,0,0,3,"1",FALSE,0
"17472",5,"M",2,"White","Middle",2,0,0,0,0,0,0,0,0,0,4,"1",FALSE,0
"17473",5,"F",2,"Hispanic","Middle",2,0,0,0,0,0,0,0,0,0,3,"1",FALSE,0
"17474",6,"F",3,"Hispanic","Middle",1,1,1,0,0,0,0,0,1,1,2,NA,TRUE,1
"17475",4,"M",2,NA,"Middle",2,0,0,0,0,0,0,0,0,0,4,"1",FALSE,0
"17476",4,"M",1,NA,"Middle",2,0,0,0,0,0,0,0,0,0,4,"1",FALSE,0
"17477",4,"M",1,"White","Middle",2,0,0,0,0,0,0,0,0,0,4,"1",FALSE,0
"17478",4,"M",1,"Hispanic","Middle",2,0,0,0,0,0,0,0,0,0,4,"1",FALSE,0
"17479",4,"M",1,"White","Middle",2,0,0,0,0,0,0,0,0,0,4,NA,FALSE,0
"17480",3,"M",1,"Hispanic","Middle",2,0,0,0,0,0,0,0,0,0,4,"1",FALSE,0
"17481",4,"M",1,"White","Middle",2,0,0,0,0,0,0,0,0,0,4,"1",FALSE,0
"17482",4,"M",1,"Hispanic","Middle",2,0,0,0,0,0,0,0,0,0,4,"1",FALSE,0
"17483",4,"M",1,"White","Middle",2,0,0,0,0,0,0,0,0,0,2,"1",FALSE,1
"17484",3,"M",1,"Hispanic","Middle",2,0,0,0,0,0,0,0,0,0,2,"1",FALSE,1
"17485",4,"M",1,"Hispanic","Middle",2,0,0,NA,0,0,0,0,0,0,4,"1",NA,0
"17486",3,"F",1,"Hispanic","Middle",2,0,0,0,0,0,0,0,0,0,3,NA,FALSE,0
"17487",3,"F",1,"Hispanic","Middle",2,0,0,0,0,0,0,0,0,0,4,"1",FALSE,0
"17488",3,"F",1,"Hispanic","Middle",2,0,0,0,0,0,0,0,0,0,4,NA,FALSE,0
"17489",4,"F",1,"Hispanic","Middle",2,0,0,0,0,0,0,0,0,0,2,NA,FALSE,1
"17490",5,NA,2,"Hispanic","Middle",2,0,0,0,0,0,0,0,0,0,1,"1",FALSE,1
"17491",5,"F",2,"Hispanic","Middle",2,0,0,0,0,0,0,0,0,0,4,"1",FALSE,0
"17492",5,"F",2,"White","Middle",2,0,0,0,0,0,0,0,0,0,3,NA,FALSE,0
"17493",4,"F",2,"Hispanic","Middle",2,0,0,0,0,0,0,0,0,0,4,"1",FALSE,0
"17494",4,"F",2,"Hispanic","Middle",2,0,0,0,0,0,0,0,0,0,2,NA,FALSE,1
"17495",5,"F",2,"Hispanic","Middle",2,0,0,0,0,0,0,0,0,0,4,"1",FALSE,0
"17496",4,"F",2,"Asian","Middle",2,0,0,0,0,0,0,0,0,0,4,"1",FALSE,0
"17497",5,"F",2,"Hispanic","Middle",2,0,0,0,0,0,0,0,0,0,3,"1",FALSE,0
"17498",4,"F",2,"White","Middle",2,0,0,NA,0,0,0,0,0,0,4,NA,NA,0
"17499",5,"F",2,"Hispanic","Middle",2,0,0,0,0,0,0,0,0,0,2,"1",FALSE,1
"17500",5,"F",2,"Hispanic","Middle",2,0,0,0,0,0,0,0,0,0,3,"1",FALSE,0
"17501",5,"F",2,"Hispanic","Middle",2,0,0,0,0,0,0,0,0,0,4,NA,FALSE,0
"17502",4,"F",2,"Hispanic","Middle",1,0,0,0,0,0,0,0,0,0,1,"1",FALSE,1
"17503",4,"F",2,"Asian","Middle",2,0,0,0,0,0,0,0,0,0,4,NA,FALSE,0
"17504",4,"M",2,"Hispanic","Middle",2,0,0,0,0,0,0,0,0,0,4,"1",FALSE,0
"17505",4,"M",2,"Hispanic","Middle",2,0,0,0,0,0,0,0,0,0,1,NA,FALSE,1
"17506",6,"M",2,"Black","Middle",2,0,0,0,0,0,0,0,0,0,NA,"1",FALSE,NA
"17507",5,"M",2,"Hispanic","Middle",2,0,0,0,0,0,0,0,0,0,4,"1",FALSE,0
"17508",5,"M",2,"White","Middle",2,0,0,0,0,0,0,0,0,0,4,NA,FALSE,0
"17509",5,"M",2,"White","Middle",2,0,0,0,0,0,0,0,0,0,2,"1",FALSE,1
"17510",5,"M",2,"Asian","Middle",2,0,0,0,0,0,0,0,0,0,4,"1",FALSE,0
"17511",4,NA,2,NA,"Middle",2,0,0,0,0,0,0,0,0,0,4,"1",FALSE,0
"17512",5,"M",2,"White","Middle",2,0,0,0,0,0,0,0,0,0,4,"1",FALSE,0
"17513",5,"F",2,"Hispanic","Middle",2,0,0,0,0,0,0,0,0,0,4,"1",FALSE,0
"17514",4,"F",2,NA,"Middle",2,0,0,0,0,0,0,0,0,0,2,"1",FALSE,1
"17515",3,"F",1,"Asian","Middle",2,0,0,0,0,0,0,0,0,0,4,NA,FALSE,0
"17516",NA,NA,1,NA,"Middle",2,0,0,0,0,0,0,0,0,0,4,"1",FALSE,0
"17517",5,"M",3,NA,"Middle",2,0,0,0,0,0,0,0,0,0,2,"1",FALSE,1
"17518",6,"F",3,"Hispanic","Middle",2,0,0,0,0,0,0,0,0,0,3,NA,FALSE,0
"17519",7,"F",3,"Hispanic","Middle",2,0,0,0,0,0,0,0,0,0,2,"1",FALSE,1
"17520",5,"M",3,"Hispanic","Middle",2,0,0,1,0,0,0,0,0,1,2,NA,TRUE,1
"17521",5,"M",3,NA,"Middle",2,0,0,0,0,0,0,0,0,0,3,NA,FALSE,0
"17522",6,"F",3,"White","Middle",2,0,0,0,0,0,0,0,0,0,4,NA,FALSE,0
"17523",6,"F",3,"Hispanic","Middle",2,0,0,0,0,0,0,0,0,0,4,NA,FALSE,0
"17524",8,NA,3,"White","Middle",2,0,0,0,0,0,0,0,0,0,3,NA,FALSE,0
"17525",5,"M",3,"NHOPI","Middle",2,0,0,0,0,0,0,0,0,0,4,NA,FALSE,0
"17526",5,"F",3,"Asian","Middle",2,0,0,0,0,0,0,0,0,0,3,NA,FALSE,0
"17527",5,"F",3,"Hispanic","Middle",2,0,0,0,0,0,0,0,0,0,2,"1",FALSE,1
"17528",6,"F",3,"Hispanic","Middle",2,0,0,0,1,0,1,0,0,0,1,NA,TRUE,1
"17529",5,"F",3,"Hispanic","Middle",2,0,0,0,0,0,0,0,0,0,1,"1",FALSE,1
"17530",6,"F",3,"White","Middle",2,0,0,0,0,0,0,0,0,0,1,NA,FALSE,1
"17531",5,"M",3,"Asian","Middle",2,0,0,0,0,0,0,0,0,0,4,"1",FALSE,0
"17532",6,"M",3,"Hispanic","Middle",2,0,0,0,0,0,0,0,0,0,4,"1",FALSE,0
"17533",7,"M",3,"Hispanic","Middle",2,0,0,0,0,0,0,0,0,0,3,NA,FALSE,0
"17534",NA,"M",3,NA,"Middle",2,NA,0,0,0,0,0,0,0,0,1,"1",NA,1
"17535",6,"M",3,NA,"Middle",2,0,0,0,0,0,0,0,0,0,4,NA,FALSE,0
"17536",6,"M",3,"Hispanic","Middle",2,0,0,0,0,0,0,0,0,0,2,NA,FALSE,1
"17537",6,"M",3,"Hispanic","Middle",2,0,0,0,0,0,0,0,0,0,4,"1",FALSE,0
"17538",7,"M",3,"Hispanic","Middle",2,0,0,0,0,0,0,0,0,0,3,"1",FALSE,0
"17539",5,"M",3,"Hispanic","Middle",2,0,0,0,0,0,0,0,0,0,2,"1",FALSE,1
"17540",3,"F",1,"AI/AN","Middle",2,0,0,0,0,0,0,0,0,0,4,NA,FALSE,0
"17541",3,"M",1,"Hispanic","Middle",2,0,0,0,0,0,0,0,0,0,3,"1",FALSE,0
"17542",3,"F",1,"White","Middle",2,0,0,0,NA,NA,0,NA,NA,0,4,"1",NA,0
"17543",5,"M",1,"AI/AN","Middle",2,0,0,0,0,0,0,0,0,0,2,NA,FALSE,1
"17544",4,"M",1,NA,"Middle",2,0,0,0,0,0,0,0,0,0,3,NA,FALSE,0
"17545",3,"F",1,"Hispanic","Middle",2,0,0,0,0,0,0,0,0,0,4,NA,FALSE,0
"17546",4,"F",1,"Hispanic","Middle",2,0,0,0,0,0,0,0,0,0,4,"1",FALSE,0
"17547",4,"F",1,"Hispanic","Middle",2,0,0,0,0,0,0,0,0,0,4,"1",FALSE,0
"17548",3,"F",1,"Hispanic","Middle",2,0,0,0,0,0,0,0,0,0,4,"1",FALSE,0
"17549",4,"F",1,"Hispanic","Middle",2,0,0,0,0,0,0,0,0,1,2,NA,TRUE,1
"17550",4,"F",1,"Hispanic","Middle",2,0,0,0,0,0,0,0,0,0,4,NA,FALSE,0
"17551",3,"F",1,"Hispanic","Middle",2,0,0,0,0,0,0,0,0,0,3,"1",FALSE,0
"17552",5,"F",1,"White","Middle",2,0,0,0,0,0,0,0,0,0,3,NA,FALSE,0
"17553",4,"F",1,"Hispanic","Middle",2,0,0,0,0,0,NA,0,0,0,2,"1",NA,1
"17554",4,"F",1,"White","Middle",2,0,0,0,0,0,0,0,0,0,4,"1",FALSE,0
"17555",5,"F",1,"White","Middle",2,0,0,0,0,0,0,0,0,0,4,"1",FALSE,0
"17556",3,"F",1,"White","Middle",2,0,0,0,0,0,0,0,0,0,3,"1",FALSE,0
"17557",6,"F",2,NA,"Middle",2,0,0,0,0,0,0,0,0,0,4,"1",FALSE,0
"17558",6,"F",2,"White","Middle",2,0,0,0,0,0,0,0,0,0,2,NA,FALSE,1
"17559",5,"F",2,"White","Middle",2,0,0,0,0,0,0,0,0,0,4,"1",FALSE,0
"17560",5,"F",2,"Hispanic","Middle",2,0,0,0,0,0,0,0,0,0,4,"1",FALSE,0
"17561",5,"M",2,"White","Middle",2,0,0,0,0,0,0,0,0,0,3,NA,FALSE,0
"17562",5,"F",2,"White","Middle",2,0,0,0,0,0,0,0,0,0,2,NA,FALSE,1
"17563",5,"M",2,"Hispanic","Middle",2,0,0,0,0,0,0,0,0,0,4,"1",FALSE,0
"17564",4,"M",2,"Hispanic","Middle",2,0,0,0,0,0,0,0,0,0,3,NA,FALSE,0
"17565",5,"M",2,"Hispanic","Middle",2,0,0,0,0,0,0,0,0,0,4,"1",FALSE,0
"17566",5,"M",2,"Hispanic","Middle",2,0,0,0,0,0,NA,0,0,0,4,"1",NA,0
"17567",5,"F",2,"White","Middle",2,0,0,0,0,0,0,0,0,0,4,"1",FALSE,0
"17568",4,"F",2,"White","Middle",2,NA,0,0,0,0,0,0,0,0,1,"1",NA,1
"17569",4,"F",2,"Hispanic","Middle",2,0,0,0,0,0,0,0,0,0,4,"1",FALSE,0
"17570",5,"M",2,"Hispanic","Middle",2,0,0,0,0,0,0,0,0,0,4,NA,FALSE,0
"17571",6,"F",2,"White","Middle",1,0,0,0,0,0,0,0,0,1,2,NA,TRUE,1
"17572",6,"F",3,"Hispanic","Middle",2,0,0,0,0,0,0,0,0,1,3,NA,TRUE,0
"17573",6,"M",3,NA,"Middle",2,0,0,0,0,0,0,0,0,0,4,NA,FALSE,0
"17574",6,"M",3,"Hispanic","Middle",2,0,0,0,0,0,0,0,0,0,4,"1",FALSE,0
"17575",6,"M",3,"Hispanic","Middle",2,0,0,NA,0,0,0,0,0,0,4,"1",NA,0
"17576",5,"M",3,"Hispanic","Middle",NA,0,NA,NA,0,0,0,0,0,NA,2,"1",NA,1
"17577",5,"F",3,"Hispanic","Middle",2,NA,0,0,0,0,0,0,0,0,1,"1",NA,1
"17578",6,"F",3,"Hispanic","Middle",2,0,0,0,0,0,0,0,0,0,4,"1",FALSE,0
"17579",6,"F",3,"White","Middle",2,0,0,0,0,0,0,0,0,0,4,"1",FALSE,0
"17580",5,"F",3,"White","Middle",2,0,0,0,0,0,0,0,0,0,4,NA,FALSE,0
"17581",6,"F",3,"White","Middle",2,0,0,0,0,0,0,0,0,0,3,NA,FALSE,0
"17582",5,"M",3,"Hispanic","Middle",2,0,0,0,0,0,0,0,0,0,4,"1",FALSE,0
"17583",6,"F",3,"Hispanic","Middle",2,0,0,0,0,0,0,0,0,0,1,NA,FALSE,1
"17584",6,"M",3,"White","Middle",2,0,0,0,0,0,0,0,0,0,4,NA,FALSE,0
"17585",6,"M",3,"White","Middle",2,0,0,0,0,0,0,0,0,1,2,"1",TRUE,1
"17586",5,"F",3,"Hispanic","Middle",2,0,0,0,0,0,0,0,0,0,2,"1",FALSE,1
"17587",6,"F",3,"Hispanic","Middle",2,0,0,0,0,0,0,0,0,0,4,"1",FALSE,0
"17588",5,"F",3,"Hispanic","Middle",2,0,0,0,0,0,0,0,0,0,3,"1",FALSE,0
"17589",6,"F",3,"Hispanic","Middle",2,0,0,0,0,0,0,0,0,0,2,"1",FALSE,1
"17590",5,"M",2,"Hispanic","Middle",1,0,0,0,0,0,0,0,0,1,2,NA,TRUE,1
"17591",5,"F",2,"Hispanic","Middle",2,0,0,0,0,0,0,0,0,0,4,"1",FALSE,0
"17592",5,"F",2,"Hispanic","Middle",2,0,0,0,0,0,0,0,0,0,4,NA,FALSE,0
"17593",5,"M",2,NA,"Middle",2,0,0,0,0,0,0,0,0,0,4,NA,FALSE,0
"17594",6,"F",3,"Hispanic","Middle",2,0,0,0,0,0,0,0,0,0,4,"1",FALSE,0
"17595",6,"F",3,"Hispanic","Middle",2,0,0,0,0,0,0,0,0,0,4,"1",FALSE,0
"17596",6,"M",3,"Hispanic","Middle",1,NA,0,0,0,0,1,1,0,1,1,NA,TRUE,1
"17597",5,"F",3,"Hispanic","Middle",2,0,0,0,0,0,0,0,0,1,2,NA,TRUE,1
"17598",6,"M",3,"Hispanic","Middle",2,0,0,0,NA,NA,0,NA,NA,0,4,NA,NA,0
"17599",5,"M",3,"Hispanic","Middle",NA,0,0,0,1,0,NA,0,0,0,4,NA,TRUE,0
"17600",8,"M",6,"White","High",2,0,0,0,0,0,0,0,0,0,4,"1",FALSE,0
"17601",9,"M",6,NA,"High",1,0,1,0,0,0,0,0,0,1,1,NA,TRUE,1
"17602",9,"F",6,"Hispanic","High",2,0,0,0,0,0,0,0,0,0,1,"1",FALSE,1
"17603",8,"F",6,"Hispanic","High",2,0,0,0,0,0,0,0,0,0,4,"1",FALSE,0
"17604",9,"F",6,"Hispanic","High",2,0,0,NA,0,0,0,0,0,1,1,"1",TRUE,1
"17605",10,"F",6,"Hispanic","High",2,0,0,0,0,0,0,0,0,0,3,"1",FALSE,0
"17606",9,"F",6,"Hispanic","High",2,0,0,0,0,0,0,0,0,0,2,"1",FALSE,1
"17607",9,"F",6,"Hispanic","High",1,0,0,0,0,0,0,0,0,0,1,"1",FALSE,1
"17608",8,"M",6,"Hispanic","High",1,1,1,1,0,0,0,0,0,1,1,NA,TRUE,1
"17609",8,"M",6,"White","High",2,1,0,1,0,0,0,1,0,1,1,"1",TRUE,1
"17610",9,"M",6,"Hispanic","High",2,0,0,0,0,0,0,0,0,0,3,"1",FALSE,0
"17611",9,"F",6,"Asian","High",2,0,0,0,0,0,0,0,0,0,4,NA,FALSE,0
"17612",9,"M",6,"White","High",2,0,0,0,0,0,0,0,0,0,4,"1",FALSE,0
"17613",8,"M",6,"White","High",2,0,0,0,0,0,0,0,0,0,4,"1",FALSE,0
"17614",7,"F",4,"White","High",2,0,0,0,0,0,0,0,0,0,4,"1",FALSE,0
"17615",7,"M",4,"Hispanic","High",2,0,0,0,0,0,0,0,0,0,4,"1",FALSE,0
"17616",7,"M",4,"Hispanic","High",2,0,0,0,0,0,0,0,0,0,4,NA,FALSE,0
"17617",7,"F",4,"Hispanic","High",2,0,0,0,0,0,0,0,0,0,4,"1",FALSE,0
"17618",6,"F",4,"Hispanic","High",2,0,0,0,0,0,0,0,0,0,4,"1",FALSE,0
"17619",7,"F",4,"Hispanic","High",2,0,0,0,0,0,0,0,0,0,2,"1",FALSE,1
"17620",7,"M",4,"White","High",NA,0,NA,NA,0,0,0,0,0,NA,4,"1",NA,0
"17621",7,"F",4,NA,"High",2,0,0,0,0,0,0,0,0,0,4,"1",FALSE,0
"17622",7,"M",4,"Hispanic","High",2,0,0,0,0,0,0,0,0,1,4,NA,TRUE,0
"17623",8,"F",4,"Black","High",2,0,0,0,0,0,0,0,0,1,4,NA,TRUE,0
"17624",7,"M",4,"White","High",2,0,0,0,0,0,0,0,0,0,4,NA,FALSE,0
"17625",7,"M",4,"Hispanic","High",2,0,0,0,0,0,0,0,0,0,4,NA,FALSE,0
"17626",6,"F",4,"White","High",2,0,0,0,0,0,0,0,0,0,2,NA,FALSE,1
"17627",6,"F",4,"Hispanic","High",2,0,0,0,0,0,0,0,0,1,4,"1",TRUE,0
"17628",7,"M",4,"Hispanic","High",2,0,0,0,0,0,0,0,0,0,4,NA,FALSE,0
"17629",7,"M",4,"Hispanic","High",2,0,0,0,0,0,0,0,0,0,4,"1",FALSE,0
"17630",7,"F",4,"White","High",2,1,0,0,0,0,0,0,0,1,2,NA,TRUE,1
"17631",6,"F",4,"Hispanic","High",2,1,0,0,0,0,0,0,0,0,1,NA,TRUE,1
"17632",8,"M",4,"Hispanic","High",2,0,0,0,0,0,0,0,0,0,4,"1",FALSE,0
"17633",7,"M",4,"Hispanic","High",1,0,0,0,0,0,0,0,0,1,2,"1",TRUE,1
"17634",7,"M",4,"Hispanic","High",2,0,0,0,0,0,0,0,0,0,4,"1",FALSE,0
"17635",NA,NA,NA,NA,NA,1,NA,1,1,0,0,1,1,0,1,NA,"1",TRUE,NA
"17636",7,"F",4,"Hispanic","High",2,0,0,0,0,0,0,0,0,0,3,"1",FALSE,0
"17637",7,"F",4,"White","High",1,0,0,0,0,0,0,0,0,1,1,NA,TRUE,1
"17638",7,"F",4,"Hispanic","High",2,1,0,0,0,0,0,0,0,0,1,NA,TRUE,1
"17639",9,"F",7,"Hispanic","High",2,0,0,0,0,0,1,0,0,1,2,"1",TRUE,1
"17640",10,"F",7,"Black","High",1,0,0,0,0,0,0,0,0,0,2,NA,FALSE,1
"17641",11,"M",7,"White","High",2,0,0,0,0,0,0,0,0,0,3,NA,FALSE,0
"17642",10,"F",7,"White","High",2,0,0,0,0,0,0,0,0,0,2,"1",FALSE,1
"17643",10,"F",7,"White","High",2,0,0,0,0,0,0,0,0,0,2,NA,FALSE,1
"17644",10,"M",7,"Black","High",1,0,0,0,0,0,0,0,0,0,2,"1",FALSE,1
"17645",9,"F",7,"White","High",2,0,0,0,0,0,0,0,0,0,4,NA,FALSE,0
"17646",10,"F",7,"White","High",2,0,0,0,0,0,0,0,0,0,4,"1",FALSE,0
"17647",9,"F",7,"White","High",1,0,0,0,0,0,0,0,0,1,2,"1",TRUE,1
"17648",9,"M",7,"Hispanic","High",1,0,1,0,0,0,0,0,0,1,4,NA,TRUE,0
"17649",10,"M",7,"White","High",2,0,0,0,0,0,0,0,0,0,4,NA,FALSE,0
"17650",10,"F",7,"Black","High",1,0,0,0,0,0,0,0,0,0,4,NA,FALSE,0
"17651",10,"M",7,"Hispanic","High",2,0,0,0,0,0,0,0,0,1,2,NA,TRUE,1
"17652",10,"M",7,"White","High",1,0,0,1,0,0,0,0,0,0,2,NA,TRUE,1
"17653",9,"F",7,"White","High",2,0,0,0,0,0,0,0,0,0,1,NA,FALSE,1
"17654",11,"M",7,"White","High",1,1,0,0,0,0,0,0,0,1,1,NA,TRUE,1
"17655",9,"M",7,"White","High",1,0,0,0,0,0,0,0,0,1,1,"1",TRUE,1
"17656",9,"F",6,"Hispanic","High",2,1,0,0,0,0,0,0,0,1,1,"1",TRUE,1
"17657",7,"F",5,"White","High",2,0,0,0,0,0,0,0,0,0,4,"1",FALSE,0
"17658",8,"M",5,"Hispanic","High",1,0,0,0,0,0,0,0,0,0,4,"1",FALSE,0
"17659",7,"F",5,"Hispanic","High",2,0,0,0,0,0,0,0,0,0,2,"1",FALSE,1
"17660",7,"F",5,"White","High",2,0,0,0,0,0,0,0,0,0,4,NA,FALSE,0
"17661",8,"F",5,"White","High",2,0,0,0,0,0,0,0,0,0,4,"1",FALSE,0
"17662",8,"M",5,"White","High",2,0,0,0,0,0,0,0,0,1,3,NA,TRUE,0
"17663",8,"M",5,"White","High",2,1,0,0,0,0,0,0,0,0,4,"1",TRUE,0
"17664",7,"F",5,"White","High",2,0,0,0,0,0,0,0,0,0,4,NA,FALSE,0
"17665",8,"M",5,"White","High",1,0,0,1,0,0,0,0,0,1,3,"1",TRUE,0
"17666",7,"M",5,"Black","High",2,0,0,0,0,0,0,0,0,1,1,NA,TRUE,1
"17667",8,"M",5,"Black","High",2,0,0,0,0,0,0,0,0,1,3,NA,TRUE,0
"17668",8,"M",5,"Hispanic","High",2,0,0,0,0,0,0,0,0,0,4,"1",FALSE,0
"17669",8,"M",5,"Hispanic","High",2,0,0,0,0,0,0,0,0,1,2,"1",TRUE,1
"17670",7,"F",5,"White","High",2,0,0,0,0,0,0,0,0,0,3,NA,FALSE,0
"17671",7,"F",5,"Hispanic","High",2,0,0,0,0,0,0,0,0,0,3,"1",FALSE,0
"17672",8,"M",5,"Hispanic","High",1,0,1,0,0,0,0,0,0,0,1,NA,TRUE,1
"17673",8,"M",5,"Hispanic","High",2,0,0,0,0,0,0,0,0,0,1,"1",FALSE,1
"17674",10,"F",7,"Hispanic","High",2,0,0,0,0,0,0,0,0,0,2,NA,FALSE,1
"17675",10,"M",7,"White","High",1,0,0,0,0,0,0,0,0,0,4,NA,FALSE,0
"17676",10,"M",7,"Hispanic","High",1,NA,0,0,0,0,0,0,0,0,1,"1",NA,1
"17677",10,"M",7,"White","High",2,0,0,0,0,0,0,0,0,1,4,NA,TRUE,0
"17678",10,"M",7,"Hispanic","High",1,0,0,0,0,0,0,0,0,1,1,NA,TRUE,1
"17679",10,"F",7,"White","High",1,1,NA,0,0,0,0,0,0,1,1,"1",TRUE,1
"17680",10,"F",7,"White","High",1,1,0,1,0,0,0,0,1,1,1,NA,TRUE,1
"17681",8,"M",6,"Hispanic","High",1,0,0,0,0,0,0,0,0,0,1,NA,FALSE,1
"17682",8,"M",6,"Hispanic","High",2,0,0,0,0,0,0,0,0,0,4,"1",FALSE,0
"17683",9,"M",6,"Hispanic","High",2,0,0,0,0,0,0,0,0,0,4,"1",FALSE,0
"17684",9,"M",6,"Hispanic","High",2,NA,0,1,0,0,0,0,0,1,1,NA,TRUE,1
"17685",8,"M",6,"Hispanic","High",1,0,0,0,0,0,0,0,0,1,4,"1",TRUE,0
"17686",4,"M",1,"White","Middle",2,0,0,0,0,0,0,0,0,0,4,"1",FALSE,0
"17687",4,"F",1,"White","Middle",2,0,0,0,0,0,0,0,0,0,2,NA,FALSE,1
"17688",3,"F",1,NA,"Middle",2,0,0,0,0,0,0,0,0,0,3,"1",FALSE,0
"17689",4,"F",1,"White","Middle",2,0,0,0,0,0,0,0,0,0,3,NA,FALSE,0
"17690",4,"F",1,NA,"Middle",2,0,0,0,0,0,0,0,0,0,4,"1",FALSE,0
"17691",6,"F",3,"Asian","Middle",2,0,0,0,0,0,0,0,0,0,3,"1",FALSE,0
"17692",6,"F",3,"Hispanic","Middle",2,0,0,0,0,0,0,0,0,1,3,"1",TRUE,0
"17693",6,"F",3,"Hispanic","Middle",2,0,0,0,0,0,0,0,0,1,3,"1",TRUE,0
"17694",6,"F",3,"White","Middle",2,0,0,0,0,0,0,0,0,0,4,"1",FALSE,0
"17695",6,"F",3,"Hispanic","Middle",2,0,0,0,0,0,0,0,0,0,4,"1",FALSE,0
"17696",5,"F",3,"Black","Middle",2,0,0,0,0,0,0,0,0,1,3,"1",TRUE,0
"17697",5,"F",3,"White","Middle",2,0,0,0,0,0,0,0,0,0,4,"1",FALSE,0
"17698",5,"F",3,"White","Middle",2,0,0,0,0,0,0,0,0,0,4,"1",FALSE,0
"17699",6,"M",3,"White","Middle",2,0,0,0,0,0,0,0,0,1,4,"1",TRUE,0
"17700",5,"F",3,"Asian","Middle",2,0,0,0,0,0,0,0,0,0,2,"1",FALSE,1
"17701",6,"M",3,"Hispanic","Middle",2,0,0,0,0,0,0,0,0,0,2,"1",FALSE,1
"17702",NA,NA,NA,NA,NA,2,0,0,0,0,0,0,0,0,0,4,"1",FALSE,0
"17703",6,"F",3,"Hispanic","Middle",2,0,0,0,0,0,0,0,0,0,4,"1",FALSE,0
"17704",6,"F",3,"Hispanic","Middle",2,0,0,0,0,0,0,0,0,0,4,"1",FALSE,0
"17705",6,"F",3,"Asian","Middle",2,0,0,0,0,0,0,0,0,0,4,"1",FALSE,0
"17706",5,"M",3,"White","Middle",2,0,0,0,0,0,0,0,0,0,4,"1",FALSE,0
"17707",6,"M",3,"Hispanic","Middle",1,0,0,0,0,0,0,0,0,1,2,"1",TRUE,1
"17708",6,"M",3,"Hispanic","Middle",2,0,0,0,0,0,0,0,0,0,2,"1",FALSE,1
"17709",6,NA,3,"Black","Middle",2,0,0,0,0,0,0,0,0,0,2,"1",FALSE,1
"17710",5,"M",3,NA,"Middle",2,0,0,0,NA,NA,NA,NA,NA,0,2,NA,NA,1
"17711",6,"M",3,"White","Middle",2,0,0,NA,0,0,0,0,0,1,2,"1",TRUE,1
"17712",6,"F",3,"Black","Middle",2,0,0,0,0,0,0,0,0,1,4,"1",TRUE,0
"17713",6,"M",3,NA,"Middle",2,0,0,0,0,0,0,0,0,0,4,"1",FALSE,0
"17714",6,"M",3,"Black","Middle",2,0,0,0,0,0,0,0,0,1,3,"1",TRUE,0
"17715",6,"F",3,"White","Middle",2,0,0,0,0,0,0,0,0,0,3,"1",FALSE,0
"17716",5,"F",3,"White","Middle",2,0,0,0,0,0,0,0,0,0,2,"1",FALSE,1
"17717",6,"M",3,"Hispanic","Middle",1,0,0,0,0,0,0,0,0,0,2,"1",FALSE,1
"17718",5,"M",3,"White","Middle",2,NA,0,0,0,0,0,0,0,0,4,NA,NA,0
"17719",5,"F",3,"Hispanic","Middle",2,0,0,0,0,0,0,0,0,0,4,"1",FALSE,0
"17720",6,"F",3,"Black","Middle",2,0,0,0,0,0,0,0,0,0,4,"1",FALSE,0
"17721",4,"M",2,"White","Middle",2,0,0,0,0,0,0,0,0,0,4,"1",FALSE,0
"17722",5,"M",2,"White","Middle",2,0,0,0,0,0,0,0,0,0,4,"1",FALSE,0
"17723",5,"M",2,"Black","Middle",2,0,0,0,0,0,0,0,0,0,4,"1",FALSE,0
"17724",5,"M",3,"White","Middle",1,0,0,NA,0,0,0,0,0,1,1,NA,TRUE,1
"17725",5,"M",3,"Hispanic","Middle",2,0,0,NA,0,0,0,0,0,0,2,"1",NA,1
"17726",5,"F",2,"White","Middle",2,0,0,0,0,0,0,0,0,0,3,"1",FALSE,0
"17727",5,"F",2,"White","Middle",2,0,0,0,0,0,0,0,0,0,2,NA,FALSE,1
"17728",4,"F",2,"White","Middle",2,0,0,0,0,0,0,0,0,0,4,"1",FALSE,0
"17729",5,"F",2,"Asian","Middle",2,0,0,0,0,0,0,0,0,0,3,"1",FALSE,0
"17730",3,"F",2,"White","Middle",2,0,0,0,0,0,0,0,0,0,2,"1",FALSE,1
"17731",5,"F",2,"White","Middle",2,0,0,0,0,0,0,0,0,0,4,"1",FALSE,0
"17732",4,"F",2,NA,"Middle",2,0,0,0,0,0,0,0,0,0,4,NA,FALSE,0
"17733",5,"F",2,"Black","Middle",2,0,0,0,0,0,0,0,0,0,4,"1",FALSE,0
"17734",4,"F",2,"White","Middle",2,0,0,0,0,0,0,0,0,0,3,NA,FALSE,0
"17735",4,"F",2,"Black","Middle",2,0,0,0,0,0,0,0,0,0,4,"1",FALSE,0
"17736",4,"F",2,"White","Middle",2,0,0,0,0,0,0,0,0,0,4,"1",FALSE,0
"17737",4,"F",2,"Asian","Middle",2,0,0,0,0,0,0,0,0,0,4,NA,FALSE,0
"17738",5,"F",2,"AI/AN","Middle",2,0,0,0,0,0,0,0,0,0,4,"1",FALSE,0
"17739",4,"F",2,"White","Middle",2,0,0,0,0,0,0,0,0,0,4,"1",FALSE,0
"17740",5,"F",2,"White","Middle",2,0,0,0,0,0,0,0,0,0,2,"1",FALSE,1
"17741",5,"F",2,"White","Middle",2,0,0,0,0,0,0,0,0,1,2,NA,TRUE,1
"17742",5,"F",2,"White","Middle",2,0,0,0,0,0,0,0,0,0,3,NA,FALSE,0
"17743",5,"M",2,"White","Middle",2,0,0,0,0,0,0,0,0,0,3,NA,FALSE,0
"17744",4,"F",2,"White","Middle",2,0,0,0,0,0,0,0,0,0,4,"1",FALSE,0
"17745",5,"M",2,"Asian","Middle",2,0,0,0,0,0,0,0,0,0,3,"1",FALSE,0
"17746",4,"M",2,"Hispanic","Middle",2,0,0,0,0,0,0,0,0,0,4,"1",FALSE,0
"17747",4,"F",2,"White","Middle",2,0,0,0,0,0,0,0,0,0,3,NA,FALSE,0
"17748",5,"M",2,"Black","Middle",2,0,0,0,0,0,0,0,0,0,4,"1",FALSE,0
"17749",6,"M",3,"White","Middle",2,0,0,0,0,0,0,0,0,0,4,"1",FALSE,0
"17750",4,"F",2,"White","Middle",2,0,0,0,0,0,0,0,0,0,4,"1",FALSE,0
"17751",4,"M",1,"White","Middle",2,0,0,0,0,0,0,0,0,0,3,"1",FALSE,0
"17752",3,"F",1,"White","Middle",2,0,0,0,0,0,0,0,0,0,4,NA,FALSE,0
"17753",3,"M",1,"White","Middle",2,0,0,0,0,0,0,0,0,0,4,NA,FALSE,0
"17754",4,"M",1,"White","Middle",2,0,0,0,0,0,0,0,0,0,2,"1",FALSE,1
"17755",NA,"F",1,"White","Middle",2,0,0,0,0,0,0,0,0,0,4,"1",FALSE,0
"17756",3,"F",1,"White","Middle",2,0,0,0,0,0,0,0,0,0,4,"1",FALSE,0
"17757",4,"F",1,"Black","Middle",2,0,0,0,0,0,0,0,0,0,4,NA,FALSE,0
"17758",4,"M",1,NA,"Middle",2,0,0,0,0,0,0,0,0,0,4,"1",FALSE,0
"17759",4,"F",1,"Hispanic","Middle",2,0,0,0,0,0,0,0,0,0,4,"1",FALSE,0
"17760",4,"F",1,"White","Middle",2,0,0,0,0,0,0,0,0,0,4,NA,FALSE,0
"17761",4,"F",1,"White","Middle",2,0,0,0,0,0,0,0,0,0,4,"1",FALSE,0
"17762",4,"F",1,"White","Middle",2,0,0,0,0,0,0,0,0,0,2,NA,FALSE,1
"17763",4,"F",1,"White","Middle",2,0,0,0,0,0,0,0,0,0,3,"1",FALSE,0
"17764",3,"M",1,"Asian","Middle",2,0,0,0,0,0,0,0,0,0,4,"1",FALSE,0
"17765",4,"F",1,NA,"Middle",2,0,0,0,0,0,0,0,0,0,3,NA,FALSE,0
"17766",4,"F",1,"White","Middle",2,0,0,0,0,0,0,0,0,0,4,"1",FALSE,0
"17767",3,"F",1,"Hispanic","Middle",2,0,0,0,0,0,0,0,0,0,4,"1",FALSE,0
"17768",4,"F",1,"Hispanic","Middle",2,0,0,0,0,0,0,0,0,0,4,"1",FALSE,0
"17769",4,"M",1,"White","Middle",2,0,0,0,0,0,0,0,0,0,4,"1",FALSE,0
"17770",4,"M",1,"White","Middle",2,0,0,0,0,0,0,0,0,0,4,NA,FALSE,0
"17771",4,"F",1,"White","Middle",2,0,0,0,0,0,0,0,0,0,3,"1",FALSE,0
"17772",3,"M",1,NA,"Middle",2,0,0,0,0,0,0,0,0,0,4,"1",FALSE,0
"17773",3,"M",1,"Hispanic","Middle",2,0,0,0,0,0,0,0,0,0,4,"1",FALSE,0
"17774",4,"M",1,"White","Middle",2,0,0,0,0,0,0,0,0,0,4,"1",FALSE,0
"17775",3,"M",1,"Hispanic","Middle",1,0,NA,0,0,0,0,0,0,0,4,NA,NA,0
"17776",10,"F",7,"Hispanic","High",NA,0,0,0,0,0,0,0,0,0,4,NA,FALSE,0
"17777",9,"F",7,"White","High",2,0,0,0,0,0,0,0,0,1,1,"1",TRUE,1
"17778",9,"F",7,"White","High",2,0,0,0,0,0,0,0,0,1,4,NA,TRUE,0
"17779",10,"M",7,"White","High",1,1,0,1,0,0,0,0,0,1,1,NA,TRUE,1
"17780",10,"F",7,"White","High",2,0,0,NA,0,0,0,0,0,0,3,"1",NA,0
"17781",9,"M",7,"White","High",1,0,0,0,0,0,0,0,0,0,1,NA,FALSE,1
"17782",9,"M",7,"Hispanic","High",2,0,0,0,0,0,0,0,0,0,4,"1",FALSE,0
"17783",9,"F",7,"White","High",2,0,0,0,0,0,0,0,0,0,4,NA,FALSE,0
"17784",9,"F",7,"Asian","High",2,0,0,0,0,0,0,0,0,0,4,"1",FALSE,0
"17785",9,"M",7,"White","High",2,0,0,0,0,0,0,0,0,0,1,"1",FALSE,1
"17786",10,"M",7,"White","High",2,0,0,0,0,0,0,0,0,0,4,"1",FALSE,0
"17787",10,"F",7,"AI/AN","High",1,1,1,0,0,0,NA,0,0,1,1,NA,TRUE,1
"17788",10,"M",7,"Black","High",2,0,0,0,0,0,0,0,0,0,4,NA,FALSE,0
"17789",10,"F",7,"White","High",1,1,0,1,0,0,0,0,0,1,1,"1",TRUE,1
"17790",9,"F",7,"White","High",1,1,0,0,0,0,0,1,0,1,1,NA,TRUE,1
"17791",9,"F",7,"White","High",2,0,0,0,0,0,0,0,0,0,4,NA,FALSE,0
"17792",10,"F",7,"White","High",NA,1,NA,NA,NA,NA,NA,NA,NA,1,1,NA,TRUE,1
"17793",10,"F",7,"White","High",2,0,0,0,0,0,0,0,0,0,4,NA,FALSE,0
"17794",10,"M",7,"White","High",2,0,0,0,0,0,0,0,0,0,4,"1",FALSE,0
"17795",10,"M",7,"White","High",2,0,0,0,0,0,0,0,0,0,4,NA,FALSE,0
"17796",9,"F",7,"White","High",2,0,0,0,0,0,0,0,0,0,4,NA,FALSE,0
"17797",9,"F",7,"Hispanic","High",2,0,0,0,0,0,0,0,0,0,4,NA,FALSE,0
"17798",10,"M",7,"White","High",2,0,0,0,0,0,0,0,0,1,3,NA,TRUE,0
"17799",8,"F",6,"Hispanic","High",2,0,0,0,NA,NA,0,NA,NA,1,4,"1",TRUE,0
"17800",8,"F",6,"White","High",2,0,0,0,0,0,0,0,0,0,4,"1",FALSE,0
"17801",9,"F",6,"White","High",2,0,0,0,0,0,0,0,0,0,4,"1",FALSE,0
"17802",8,"F",6,"White","High",2,0,0,0,NA,NA,0,NA,NA,1,4,"1",TRUE,0
"17803",8,"M",6,NA,"High",2,0,0,0,0,0,0,0,0,0,4,"1",FALSE,0
"17804",8,"M",6,"White","High",1,0,0,1,0,0,0,0,0,1,1,NA,TRUE,1
"17805",9,"F",6,"White","High",2,0,0,0,0,0,0,0,0,0,4,"1",FALSE,0
"17806",8,"M",6,"Hispanic","High",2,0,0,0,0,0,0,0,0,0,4,NA,FALSE,0
"17807",9,"F",6,"White","High",2,0,0,0,0,0,0,0,0,0,4,"1",FALSE,0
"17808",8,"F",6,"Hispanic","High",2,0,0,0,0,0,0,0,0,1,4,NA,TRUE,0
"17809",8,"F",6,"White","High",2,NA,0,0,0,0,0,0,0,1,2,NA,TRUE,1
"17810",8,"F",6,"White","High",2,0,0,NA,0,0,0,0,0,1,4,"1",TRUE,0
"17811",8,"M",6,"White","High",1,1,1,1,1,1,1,1,1,1,2,NA,TRUE,1
"17812",8,"F",6,"White","High",1,NA,NA,0,0,0,0,0,0,1,1,"1",TRUE,1
"17813",9,"M",6,"White","High",1,1,1,1,0,0,1,0,0,1,1,NA,TRUE,1
"17814",9,"M",6,"Hispanic","High",1,1,1,0,1,1,1,1,1,1,1,NA,TRUE,1
"17815",8,"F",5,"White","High",2,0,0,0,0,0,0,0,0,0,4,NA,FALSE,0
"17816",8,"F",6,"White","High",1,1,0,0,0,0,0,1,0,0,1,NA,TRUE,1
"17817",7,"F",5,"White","High",2,0,0,0,0,0,0,0,0,1,1,NA,TRUE,1
"17818",8,"M",6,"White","High",2,0,0,1,0,0,0,0,0,1,1,"1",TRUE,1
"17819",7,"M",5,"Hispanic","High",2,0,0,0,0,0,0,0,0,0,4,NA,FALSE,0
"17820",7,"M",5,"NHOPI","High",2,0,0,0,0,0,0,0,0,1,4,NA,TRUE,0
"17821",9,"F",6,"NHOPI","High",2,0,0,0,0,0,0,0,0,0,4,NA,FALSE,0
"17822",8,"M",5,"White","High",1,1,1,0,0,0,0,0,0,1,1,NA,TRUE,1
"17823",7,"M",5,"White","High",1,0,0,1,0,0,0,0,0,1,1,NA,TRUE,1
"17824",8,"F",5,"Hispanic","High",1,1,1,0,NA,NA,NA,NA,NA,1,2,NA,TRUE,1
"17825",8,"F",5,"Black","High",2,0,0,0,0,0,0,0,0,0,3,NA,FALSE,0
"17826",8,"F",5,"White","High",2,0,0,0,0,0,0,0,0,0,4,"1",FALSE,0
"17827",8,"M",5,"Hispanic","High",2,0,0,0,0,0,0,0,0,0,2,"1",FALSE,1
"17828",8,"F",5,"White","High",2,0,0,0,0,0,0,0,0,0,4,NA,FALSE,0
"17829",8,"F",5,"Hispanic","High",2,0,0,0,0,0,0,0,0,0,4,NA,FALSE,0
"17830",7,"F",5,"Hispanic","High",2,0,0,0,0,0,0,0,0,0,4,NA,FALSE,0
"17831",8,"F",5,"White","High",2,0,0,0,0,0,0,0,0,0,4,"1",FALSE,0
"17832",7,"F",5,"White","High",2,0,0,0,0,0,0,0,0,0,3,"1",FALSE,0
"17833",8,"F",5,"AI/AN","High",2,0,0,0,0,0,0,0,0,0,1,NA,FALSE,1
"17834",7,"M",5,"White","High",2,0,0,0,0,0,0,0,0,0,4,"1",FALSE,0
"17835",8,"F",5,"White","High",2,0,NA,NA,0,0,NA,0,0,NA,4,NA,NA,0
"17836",8,"F",5,"Hispanic","High",2,0,0,0,0,0,0,0,0,0,4,"1",FALSE,0
"17837",8,"F",5,NA,"High",2,1,0,0,0,0,0,0,0,1,2,NA,TRUE,1
"17838",7,"F",5,"White","High",1,0,1,0,0,0,0,0,0,1,1,NA,TRUE,1
"17839",7,"F",5,"White","High",2,0,0,0,0,0,0,0,0,0,4,"1",FALSE,0
"17840",9,"F",6,"White","High",1,1,0,0,NA,NA,0,NA,NA,1,3,"1",TRUE,0
"17841",1,"M",1,"AI/AN","Middle",1,0,NA,0,NA,NA,NA,NA,NA,0,1,NA,NA,1
"17842",7,"M",4,"White","High",2,0,0,0,0,0,0,0,0,0,3,NA,FALSE,0
"17843",6,"M",4,"Hispanic","High",2,0,0,0,0,0,0,0,0,0,2,"1",FALSE,1
"17844",7,"M",4,"Hispanic","High",2,0,0,0,0,0,0,0,0,0,4,"1",FALSE,0
"17845",7,"M",4,"Hispanic","High",2,0,0,0,0,0,NA,0,0,0,2,NA,NA,1
"17846",7,"M",NA,"AI/AN",NA,2,0,0,0,0,0,0,0,0,0,4,"1",FALSE,0
"17847",7,"F",4,"White","High",2,0,0,0,0,0,0,0,0,0,4,NA,FALSE,0
"17848",7,"F",4,"White","High",1,NA,1,1,0,0,1,0,0,NA,3,NA,TRUE,0
"17849",7,"M",4,"White","High",2,0,0,0,0,0,0,0,0,0,4,"1",FALSE,0
"17850",8,"M",4,"Hispanic","High",1,0,0,0,0,0,0,0,0,0,1,NA,FALSE,1
"17851",8,"M",6,"Hispanic","High",2,0,0,0,0,0,0,0,0,0,4,"1",FALSE,0
"17852",7,"F",4,"Hispanic","High",2,0,0,0,0,0,0,0,0,0,2,NA,FALSE,1
"17853",7,"F",4,"White","High",2,0,0,0,0,0,0,0,0,0,2,"1",FALSE,1
"17854",7,"F",4,"White","High",2,0,0,0,0,0,0,0,0,1,4,NA,TRUE,0
"17855",7,"F",4,"White","High",1,0,1,0,0,0,0,0,0,1,4,NA,TRUE,0
"17856",7,"M",4,"Hispanic","High",1,NA,1,0,0,0,0,0,0,1,4,"1",TRUE,0
"17857",7,"M",5,"White","High",2,0,0,1,0,0,0,0,0,0,2,NA,TRUE,1
"17858",7,"M",4,"White","High",2,0,0,NA,0,0,0,0,0,0,4,"1",NA,0
"17859",8,"F",5,"Hispanic","High",NA,0,0,0,0,0,0,0,0,0,3,"1",FALSE,0
"17860",7,"F",4,"White","High",2,0,0,0,0,0,0,0,0,0,2,NA,FALSE,1
"17861",7,"F",4,"White","High",NA,NA,NA,NA,NA,NA,NA,NA,NA,NA,NA,"1",NA,NA
"17862",5,"M",3,"Black","Middle",2,0,0,0,0,0,0,0,0,0,4,"1",FALSE,0
"17863",7,"M",3,"Hispanic","Middle",2,0,0,0,0,0,0,0,0,0,4,"1",FALSE,0
"17864",6,"M",3,"Hispanic","Middle",2,0,0,0,0,0,0,0,0,0,4,"1",FALSE,0
"17865",5,"M",3,"Hispanic","Middle",2,0,0,0,0,0,0,0,0,0,4,"1",FALSE,0
"17866",6,"M",3,"Hispanic","Middle",2,0,0,0,0,0,0,0,0,0,4,NA,FALSE,0
"17867",6,"M",3,"White","Middle",2,0,0,0,0,0,0,0,0,0,4,NA,FALSE,0
"17868",5,"M",3,"Black","Middle",2,0,0,0,0,0,0,0,0,0,2,NA,FALSE,1
"17869",6,"M",3,"Hispanic","Middle",2,0,0,0,0,0,0,0,0,0,4,NA,FALSE,0
"17870",6,"M",3,"Black","Middle",2,0,0,0,0,0,0,0,0,0,4,"1",FALSE,0
"17871",6,"M",3,"Hispanic","Middle",1,0,0,0,0,0,0,0,0,0,1,NA,FALSE,1
"17872",5,"M",3,"Hispanic","Middle",2,0,0,0,0,0,0,0,0,0,4,"1",FALSE,0
"17873",6,"M",3,"Hispanic","Middle",2,0,0,0,0,0,0,0,0,0,4,"1",FALSE,0
"17874",5,"M",3,"Black","Middle",2,0,0,NA,0,0,0,0,0,0,4,NA,NA,0
"17875",6,"M",3,"Asian","Middle",2,0,0,NA,0,0,0,0,0,0,4,"1",NA,0
"17876",6,"M",3,"Hispanic","Middle",2,0,0,0,0,0,0,0,0,0,3,"1",FALSE,0
"17877",5,"M",3,"Hispanic","Middle",2,0,0,0,0,0,0,0,0,0,4,NA,FALSE,0
"17878",6,"M",3,"Hispanic","Middle",2,0,0,0,0,0,0,0,0,0,3,"1",FALSE,0
"17879",4,"M",1,"Hispanic","Middle",2,0,0,0,0,0,0,0,0,0,3,"1",FALSE,0
"17880",4,"M",1,NA,"Middle",2,0,0,0,NA,NA,NA,NA,NA,0,NA,NA,NA,NA
"17881",5,"F",1,NA,"Middle",2,0,0,0,0,0,0,0,0,0,4,NA,FALSE,0
"17882",4,"M",1,"Black","Middle",1,0,0,0,0,0,0,0,1,0,2,NA,TRUE,1
"17883",5,"F",1,"Hispanic","Middle",NA,1,NA,NA,0,0,1,1,0,1,2,NA,TRUE,1
"17884",3,"F",1,NA,"Middle",2,0,0,0,0,0,0,0,0,0,4,NA,FALSE,0
"17885",4,"F",1,"Hispanic","Middle",2,0,0,0,0,0,0,0,0,0,4,"1",FALSE,0
"17886",3,"F",1,"Black","Middle",2,0,0,0,0,0,0,0,0,0,4,"1",FALSE,0
"17887",3,"M",1,"Black","Middle",2,0,0,0,0,0,0,0,0,0,4,"1",FALSE,0
"17888",3,"M",1,"Hispanic","Middle",2,0,0,0,0,0,0,0,0,0,4,"1",FALSE,0
"17889",4,"M",1,"Hispanic","Middle",2,0,0,0,0,0,0,0,0,0,4,"1",FALSE,0
"17890",4,"M",1,"Hispanic","Middle",2,0,0,0,0,0,0,0,0,0,4,"1",FALSE,0
"17891",4,"F",1,"Hispanic","Middle",2,0,0,0,0,0,0,0,0,0,4,"1",FALSE,0
"17892",5,"M",1,"Hispanic","Middle",2,0,0,0,0,0,0,0,0,0,4,"1",FALSE,0
"17893",3,"M",1,"Hispanic","Middle",2,0,0,0,0,0,0,0,0,0,4,"1",FALSE,0
"17894",4,"M",1,"Hispanic","Middle",2,0,0,0,NA,NA,0,NA,NA,0,2,NA,NA,1
"17895",4,"M",1,"White","Middle",2,0,0,0,0,0,0,0,0,0,4,"1",FALSE,0
"17896",4,"M",1,"Hispanic","Middle",2,0,0,0,0,0,0,0,0,0,4,"1",FALSE,0
"17897",4,"M",1,"Black","Middle",1,0,0,0,0,0,1,0,0,0,2,NA,TRUE,1
"17898",4,"F",1,"Hispanic","Middle",NA,0,0,NA,0,0,0,0,0,0,3,NA,NA,0
"17899",5,"F",2,"Hispanic","Middle",2,0,0,NA,0,0,0,0,0,0,2,"1",NA,1
"17900",5,"F",2,"Hispanic","Middle",2,0,0,0,0,0,0,0,0,0,2,"1",FALSE,1
"17901",4,"F",2,NA,"Middle",2,0,0,0,0,0,0,0,0,0,3,NA,FALSE,0
"17902",4,"F",2,"Hispanic","Middle",2,0,0,0,0,0,0,0,0,0,4,"1",FALSE,0
"17903",4,"F",2,"Hispanic","Middle",2,0,0,0,0,0,0,0,0,0,4,"1",FALSE,0
"17904",5,"F",2,"Hispanic","Middle",2,0,0,NA,0,0,0,0,0,0,4,"1",NA,0
"17905",5,"F",2,"Black","Middle",2,0,0,0,0,0,0,0,0,0,4,NA,FALSE,0
"17906",4,"F",2,"Black","Middle",2,0,0,0,0,0,0,0,0,0,4,NA,FALSE,0
"17907",4,"F",2,"Black","Middle",2,0,0,0,0,0,0,0,0,0,4,"1",FALSE,0
"17908",4,"F",2,"Hispanic","Middle",2,0,0,0,0,0,NA,0,0,0,4,"1",NA,0
"17909",5,"F",2,"Hispanic","Middle",2,0,0,0,0,0,0,0,0,0,4,"1",FALSE,0
"17910",4,"F",2,"White","Middle",2,0,0,NA,0,0,0,0,0,0,3,NA,NA,0
"17911",5,"F",2,"White","Middle",2,0,0,0,0,0,0,0,0,0,2,NA,FALSE,1
"17912",4,"F",2,"Hispanic","Middle",2,0,0,0,0,0,0,0,0,0,4,"1",FALSE,0
"17913",5,"F",2,"Hispanic","Middle",2,0,0,0,0,0,0,0,0,0,3,NA,FALSE,0
"17914",4,"F",2,"Hispanic","Middle",2,0,0,0,0,0,0,0,0,0,4,"1",FALSE,0
"17915",5,"F",2,"Asian","Middle",2,0,0,0,0,0,0,0,0,0,4,NA,FALSE,0
"17916",4,"F",2,"Hispanic","Middle",2,0,0,0,0,0,0,0,0,0,4,"1",FALSE,0
"17917",5,"F",2,"Asian","Middle",2,0,0,0,0,0,0,0,0,0,4,NA,FALSE,0
"17918",5,"F",2,"Hispanic","Middle",2,0,0,0,0,0,0,0,0,0,4,"1",FALSE,0
"17919",5,"F",2,"Hispanic","Middle",2,0,0,0,0,0,0,0,0,0,2,"1",FALSE,1
"17920",5,"F",2,"White","Middle",2,0,0,0,0,0,0,0,0,0,4,NA,FALSE,0
"17921",6,"F",2,"Hispanic","Middle",2,0,0,0,0,0,0,0,0,0,3,NA,FALSE,0
"17922",5,"F",2,"Hispanic","Middle",2,0,0,0,0,0,0,0,0,0,2,NA,FALSE,1
"17923",5,"F",2,"Black","Middle",2,0,0,0,0,0,0,0,0,0,2,"1",FALSE,1
"17924",4,"F",2,"Black","Middle",2,0,0,0,0,0,0,0,0,0,4,"1",FALSE,0
"17925",5,"F",2,"Hispanic","Middle",2,0,0,0,NA,NA,0,NA,NA,0,3,"1",NA,0
"17926",4,"F",2,"Hispanic","Middle",2,0,0,0,0,0,0,0,0,0,2,NA,FALSE,1
"17927",6,"F",2,NA,"Middle",2,0,0,0,0,0,0,0,0,0,3,"1",FALSE,0
"17928",4,"F",2,"Hispanic","Middle",1,0,1,0,0,0,1,0,0,1,3,NA,TRUE,0
"17929",5,"F",2,"Hispanic","Middle",1,0,1,1,0,0,0,0,0,0,3,NA,TRUE,0
"17930",4,"F",2,"Black","Middle",2,0,0,0,0,0,0,0,0,0,3,"1",FALSE,0
"17931",5,"F",2,"Hispanic","Middle",2,0,0,0,NA,NA,NA,NA,NA,0,3,"1",NA,0
"17932",4,"F",2,"Hispanic","Middle",2,0,0,NA,0,0,0,0,0,0,2,"1",NA,1
"17933",4,"F",2,"Hispanic","Middle",2,0,0,0,0,0,0,0,0,0,4,NA,FALSE,0
"17934",5,"F",2,"Hispanic","Middle",2,0,0,0,0,0,0,0,0,0,2,NA,FALSE,1
"17935",5,"F",2,"Hispanic","Middle",2,0,0,NA,0,0,0,0,0,0,2,"1",NA,1
"17936",5,"F",2,"Hispanic","Middle",2,0,0,0,0,0,0,0,0,0,2,"1",FALSE,1
"17937",4,"F",2,"Black","Middle",2,0,0,0,NA,NA,0,NA,NA,0,1,NA,NA,1
"17938",5,"F",2,"Black","Middle",2,0,0,0,0,0,0,0,0,0,4,NA,FALSE,0
"17939",5,"F",2,"Black","Middle",2,0,0,0,0,0,0,0,0,0,2,NA,FALSE,1
"17940",4,"F",2,"Black","Middle",2,0,0,0,0,0,0,0,0,0,3,"1",FALSE,0
"17941",5,"F",2,"Hispanic","Middle",2,0,0,0,0,0,0,0,0,0,4,NA,FALSE,0
"17942",4,"F",2,"Hispanic","Middle",2,0,0,0,0,0,0,0,0,0,4,"1",FALSE,0
"17943",4,"F",2,"Black","Middle",2,NA,0,0,NA,NA,NA,NA,NA,0,4,NA,NA,0
"17944",4,"F",2,"Hispanic","Middle",2,0,0,NA,0,0,0,0,0,0,3,NA,NA,0
"17945",5,"F",2,"Hispanic","Middle",1,0,0,0,0,0,0,0,0,0,3,NA,FALSE,0
"17946",5,"F",2,"Black","Middle",2,0,0,0,0,0,0,0,0,0,4,"1",FALSE,0
"17947",4,"F",2,"Black","Middle",2,0,0,0,0,0,0,0,0,0,4,"1",FALSE,0
"17948",4,"F",2,"Black","Middle",2,0,0,0,0,0,0,0,0,0,4,"1",FALSE,0
"17949",4,"F",2,"Black","Middle",2,0,0,0,0,0,0,0,0,0,4,NA,FALSE,0
"17950",4,"F",2,"Hispanic","Middle",2,0,0,0,0,0,0,0,0,0,4,"1",FALSE,0
"17951",5,"F",2,"Black","Middle",2,0,0,0,0,0,0,0,0,0,4,NA,FALSE,0
"17952",5,"F",2,"Black","Middle",2,0,0,0,0,0,0,0,0,0,4,NA,FALSE,0
"17953",4,"F",2,"Black","Middle",1,0,0,0,0,0,0,0,0,0,1,NA,FALSE,1
"17954",4,"F",2,"Black","Middle",2,0,0,0,0,0,NA,0,0,0,4,NA,NA,0
"17955",5,"F",2,"White","Middle",2,0,NA,NA,0,0,0,0,0,0,4,"1",NA,0
"17956",4,"F",2,"Hispanic","Middle",2,0,0,0,0,0,0,0,0,0,4,NA,FALSE,0
"17957",5,"F",2,"Black","Middle",2,0,0,0,0,0,0,0,0,0,4,"1",FALSE,0
"17958",5,"F",2,"Hispanic","Middle",2,0,0,0,0,0,0,0,0,0,2,"1",FALSE,1
"17959",5,"F",2,"Hispanic","Middle",2,0,NA,0,NA,NA,0,NA,NA,0,3,"1",NA,0
"17960",7,"M",3,"Hispanic","Middle",2,0,0,0,0,0,0,0,0,0,4,"1",FALSE,0
"17961",4,"M",3,"Asian","Middle",2,0,0,0,0,0,0,0,0,0,1,"1",FALSE,1
"17962",6,"M",3,"Hispanic","Middle",2,0,0,0,0,0,0,0,0,0,4,"1",FALSE,0
"17963",6,"M",3,"Hispanic","Middle",2,0,0,0,0,0,0,0,0,0,4,"1",FALSE,0
"17964",6,"M",3,"Hispanic","Middle",NA,0,NA,NA,0,0,0,0,0,NA,4,"1",NA,0
"17965",6,"M",3,"Hispanic","Middle",2,0,0,0,0,0,0,0,0,0,4,"1",FALSE,0
"17966",5,"M",3,"Hispanic","Middle",2,0,0,0,0,0,0,0,0,0,4,"1",FALSE,0
"17967",5,"M",3,"Hispanic","Middle",1,0,0,0,0,0,0,0,0,0,2,"1",FALSE,1
"17968",6,"M",3,"Hispanic","Middle",2,0,0,0,0,0,0,0,0,0,4,NA,FALSE,0
"17969",6,"M",3,"Hispanic","Middle",2,0,0,0,0,0,0,0,0,0,4,"1",FALSE,0
"17970",6,"M",3,"Black","Middle",2,0,0,0,0,0,0,0,0,0,4,NA,FALSE,0
"17971",6,"M",3,"Black","Middle",2,0,0,0,0,0,0,0,0,0,4,"1",FALSE,0
"17972",5,"M",3,"Black","Middle",NA,0,NA,NA,NA,NA,NA,NA,NA,1,4,NA,TRUE,0
"17973",6,"M",3,"Hispanic","Middle",2,0,0,0,0,0,0,0,0,0,4,"1",FALSE,0
"17974",6,"M",3,"Black","Middle",2,0,0,0,0,0,0,0,0,0,4,"1",FALSE,0
"17975",6,"M",3,"Hispanic","Middle",2,0,0,0,0,0,0,0,0,0,4,NA,FALSE,0
"17976",5,"M",3,"Black","Middle",1,0,0,NA,0,0,0,0,0,0,3,NA,NA,0
"17977",6,"M",3,"Black","Middle",2,0,0,0,0,0,0,0,0,0,4,"1",FALSE,0
"17978",5,"M",3,"Black","Middle",2,0,0,0,NA,NA,0,NA,NA,0,4,NA,NA,0
"17979",6,"M",3,"Black","Middle",2,0,0,0,NA,NA,NA,NA,NA,0,4,"1",NA,0
"17980",6,"M",3,"Hispanic","Middle",2,0,0,0,0,0,0,0,0,0,4,"1",FALSE,0
"17981",6,"M",3,"Hispanic","Middle",2,0,0,0,0,0,0,0,0,0,3,"1",FALSE,0
"17982",5,"M",3,"Hispanic","Middle",2,0,0,0,0,0,0,0,0,0,4,"1",FALSE,0
"17983",6,"M",3,"Hispanic","Middle",2,0,0,0,NA,NA,0,NA,NA,0,3,NA,NA,0
"17984",6,"M",3,"Hispanic","Middle",2,0,0,0,0,0,0,0,0,0,4,"1",FALSE,0
"17985",6,"M",3,"Hispanic","Middle",2,0,0,0,0,0,0,0,0,0,4,"1",FALSE,0
"17986",6,"M",3,NA,"Middle",2,0,0,0,0,0,0,0,0,0,4,"1",FALSE,0
"17987",6,"M",3,"Hispanic","Middle",2,0,0,0,0,0,0,0,0,0,4,NA,FALSE,0
"17988",5,"M",3,"Hispanic","Middle",2,0,0,0,0,0,0,0,0,0,2,"1",FALSE,1
"17989",6,"M",3,"Black","Middle",2,0,0,0,0,0,0,0,0,0,4,NA,FALSE,0
"17990",6,"M",3,"Hispanic","Middle",2,0,0,0,0,0,0,0,0,0,4,"1",FALSE,0
"17991",6,"M",3,"Hispanic","Middle",2,0,0,0,0,0,0,0,0,0,3,"1",FALSE,0
"17992",6,"M",3,"Hispanic","Middle",2,0,0,0,0,0,0,0,0,0,4,"1",FALSE,0
"17993",5,"M",3,"Hispanic","Middle",2,0,0,0,0,0,0,0,0,0,3,"1",FALSE,0
"17994",5,"M",3,"Hispanic","Middle",2,0,0,0,0,0,0,0,0,0,3,"1",FALSE,0
"17995",6,"M",3,"Hispanic","Middle",2,0,0,0,0,0,0,0,0,0,4,"1",FALSE,0
"17996",6,"M",3,"Hispanic","Middle",2,0,0,0,0,0,0,0,0,0,2,NA,FALSE,1
"17997",5,"M",3,"Hispanic","Middle",2,0,0,0,0,0,0,0,0,0,3,"1",FALSE,0
"17998",4,"M",1,"Black","Middle",2,0,0,0,0,0,0,0,0,1,2,"1",TRUE,1
"17999",4,"F",1,"White","Middle",2,0,0,0,0,0,0,0,0,0,4,NA,FALSE,0
"18000",4,"M",1,"White","Middle",2,0,0,0,0,0,0,0,0,0,4,NA,FALSE,0
"18001",3,"F",1,"White","Middle",2,0,0,0,0,0,0,0,0,0,3,"1",FALSE,0
"18002",4,"F",1,NA,"Middle",NA,0,NA,NA,NA,NA,0,NA,NA,0,NA,NA,NA,NA
"18003",3,"M",1,"Hispanic","Middle",2,0,0,0,0,0,0,0,0,0,4,"1",FALSE,0
"18004",4,"F",1,"White","Middle",2,0,0,0,0,0,0,0,0,0,2,NA,FALSE,1
"18005",3,"M",1,"Hispanic","Middle",2,0,0,0,0,0,0,0,1,1,1,NA,TRUE,1
"18006",4,"F",1,"Black","Middle",2,0,0,0,0,0,0,0,0,0,4,NA,FALSE,0
"18007",4,"M",1,"White","Middle",2,0,0,0,0,0,0,0,0,0,4,"1",FALSE,0
"18008",4,"F",1,"White","Middle",2,0,0,NA,0,0,0,0,0,0,4,"1",NA,0
"18009",3,"F",1,"Hispanic","Middle",2,0,0,0,0,0,0,0,0,0,4,"1",FALSE,0
"18010",3,"M",1,"White","Middle",2,0,0,0,0,0,0,0,0,0,4,"1",FALSE,0
"18011",4,"M",1,"White","Middle",2,0,0,0,0,0,0,0,0,0,3,"1",FALSE,0
"18012",4,"F",1,"AI/AN","Middle",2,0,0,0,0,0,0,0,0,0,4,NA,FALSE,0
"18013",3,"F",1,"White","Middle",2,0,0,0,0,0,0,0,0,0,4,"1",FALSE,0
"18014",4,"F",1,"White","Middle",2,0,0,0,0,0,0,0,0,0,4,NA,FALSE,0
"18015",3,"F",1,"Hispanic","Middle",2,0,0,0,0,0,0,0,0,0,3,"1",FALSE,0
"18016",3,NA,1,"Hispanic","Middle",2,0,0,0,0,0,0,0,0,0,4,"1",FALSE,0
"18017",4,"F",1,"White","Middle",2,0,0,0,0,0,0,0,0,0,4,"1",FALSE,0
"18018",4,"F",1,"AI/AN","Middle",2,0,0,0,0,0,0,0,0,0,4,NA,FALSE,0
"18019",4,"F",1,"White","Middle",2,0,0,0,0,0,0,0,0,0,4,"1",FALSE,0
"18020",3,"M",1,"Black","Middle",2,0,0,0,0,0,0,0,0,0,4,"1",FALSE,0
"18021",3,"M",1,"White","Middle",2,0,0,0,0,0,0,0,0,0,4,NA,FALSE,0
"18022",5,"F",1,"Black","Middle",2,0,0,0,0,0,0,0,0,0,4,"1",FALSE,0
"18023",4,"M",1,"White","Middle",2,0,0,0,0,0,0,0,0,0,4,NA,FALSE,0
"18024",4,"F",1,"Hispanic","Middle",2,0,0,0,0,0,0,0,0,0,4,"1",FALSE,0
"18025",4,"M",2,"Hispanic","Middle",2,0,0,0,0,0,0,0,0,0,3,NA,FALSE,0
"18026",4,"F",2,"White","Middle",2,0,0,0,0,0,0,0,0,0,4,NA,FALSE,0
"18027",5,"F",2,"White","Middle",2,0,0,0,0,0,0,0,0,0,4,"1",FALSE,0
"18028",5,"M",2,"White","Middle",2,1,0,0,0,0,0,0,0,0,1,"1",TRUE,1
"18029",5,"M",2,"Hispanic","Middle",2,0,0,0,0,0,0,0,0,0,4,"1",FALSE,0
"18030",5,"F",2,"White","Middle",2,0,0,0,0,0,0,0,0,0,2,"1",FALSE,1
"18031",5,"M",2,"White","Middle",2,0,0,0,0,0,0,0,0,0,4,NA,FALSE,0
"18032",5,"F",2,"Hispanic","Middle",2,0,0,0,0,0,0,0,0,0,3,NA,FALSE,0
"18033",4,"M",2,"White","Middle",2,0,0,0,0,0,0,0,0,0,3,"1",FALSE,0
"18034",4,"F",2,"White","Middle",NA,0,NA,NA,NA,NA,NA,NA,NA,NA,4,NA,NA,0
"18035",4,"M",2,"White","Middle",2,0,0,0,0,0,0,0,0,0,4,"1",FALSE,0
"18036",5,"M",2,"Hispanic","Middle",2,0,0,0,0,0,0,0,0,0,2,"1",FALSE,1
"18037",5,"F",2,"White","Middle",2,0,0,0,0,0,0,0,0,0,4,"1",FALSE,0
"18038",4,"M",2,"White","Middle",2,0,0,0,0,0,0,0,0,0,1,NA,FALSE,1
"18039",5,"M",2,"White","Middle",2,0,0,0,0,0,0,0,0,0,4,NA,FALSE,0
"18040",5,"M",2,"Black","Middle",2,0,0,0,0,0,0,0,0,0,4,"1",FALSE,0
"18041",6,"M",2,"Black","Middle",2,NA,0,0,0,0,0,0,0,0,3,"1",NA,0
"18042",5,"F",2,"Black","Middle",2,0,0,0,0,0,0,0,0,0,4,"1",FALSE,0
"18043",5,"F",2,"Hispanic","Middle",2,0,0,0,0,0,0,0,0,0,2,NA,FALSE,1
"18044",5,"F",2,"White","Middle",2,0,0,0,0,0,0,0,0,0,2,NA,FALSE,1
"18045",5,"M",2,"White","Middle",2,0,0,0,0,0,0,0,0,0,1,"1",FALSE,1
"18046",4,"M",2,"White","Middle",2,0,0,0,0,0,0,0,0,0,1,NA,FALSE,1
"18047",5,"M",2,"White","Middle",2,0,NA,0,NA,NA,NA,NA,NA,0,4,NA,NA,0
"18048",5,"M",2,"White","Middle",2,0,0,0,0,0,0,0,0,0,4,"1",FALSE,0
"18049",5,"M",2,"White","Middle",2,0,0,0,0,0,0,0,0,0,3,NA,FALSE,0
"18050",6,"M",3,"White","Middle",2,0,0,0,0,0,0,0,0,1,4,"1",TRUE,0
"18051",7,"F",3,"White","Middle",2,0,0,0,0,0,0,0,0,1,2,NA,TRUE,1
"18052",6,"F",3,"White","Middle",2,0,0,0,0,0,0,0,0,0,2,NA,FALSE,1
"18053",6,"M",3,"White","Middle",2,0,0,0,0,0,0,0,0,0,4,"1",FALSE,0
"18054",5,"F",3,"Hispanic","Middle",2,0,0,0,0,0,0,0,0,0,4,"1",FALSE,0
"18055",6,"M",3,"White","Middle",2,0,0,0,0,0,0,0,0,0,3,NA,FALSE,0
"18056",6,"F",3,"Hispanic","Middle",2,0,0,0,0,0,0,0,0,0,4,"1",FALSE,0
"18057",5,"M",3,"Hispanic","Middle",2,0,0,0,0,0,0,0,0,0,4,"1",FALSE,0
"18058",6,"F",3,"White","Middle",2,0,0,0,0,0,0,0,0,0,4,"1",FALSE,0
"18059",6,"F",3,"Hispanic","Middle",2,0,0,0,0,0,0,0,0,0,4,"1",FALSE,0
"18060",5,"M",3,"White","Middle",2,0,0,0,0,0,0,0,0,0,4,NA,FALSE,0
"18061",5,"M",3,"Hispanic","Middle",2,0,0,0,0,0,0,0,0,0,3,NA,FALSE,0
"18062",6,"M",3,"White","Middle",2,0,0,0,0,0,0,0,0,0,3,"1",FALSE,0
"18063",6,"M",3,"Hispanic","Middle",2,0,0,0,0,0,0,0,0,0,4,NA,FALSE,0
"18064",5,"M",3,"Black","Middle",2,0,0,0,0,0,0,0,0,0,4,"1",FALSE,0
"18065",5,"M",3,"Hispanic","Middle",2,0,0,0,0,0,0,0,0,0,4,"1",FALSE,0
"18066",5,"M",3,"White","Middle",2,0,0,0,0,0,0,0,0,0,4,"1",FALSE,0
"18067",5,"F",3,"White","Middle",2,0,0,0,0,0,0,0,0,0,4,"1",FALSE,0
"18068",6,"M",3,"Hispanic","Middle",2,0,0,0,0,0,0,0,0,0,4,"1",FALSE,0
"18069",6,"F",3,"Hispanic","Middle",2,0,0,0,0,0,0,0,0,0,4,NA,FALSE,0
"18070",6,"F",3,"Hispanic","Middle",2,0,0,0,0,0,0,0,0,0,3,"1",FALSE,0
"18071",5,"M",3,"White","Middle",2,0,0,0,0,0,0,0,0,0,3,"1",FALSE,0
"18072",6,"M",3,"White","Middle",2,0,0,0,0,0,0,0,0,0,1,NA,FALSE,1
"18073",6,"M",3,"White","Middle",2,0,0,0,0,0,0,0,0,0,4,"1",FALSE,0
"18074",6,"F",3,"Hispanic","Middle",2,0,0,0,0,0,0,0,0,0,2,NA,FALSE,1
"18075",5,"M",3,"Hispanic","Middle",2,0,0,0,0,0,0,0,0,0,2,NA,FALSE,1
"18076",5,"F",3,"White","Middle",2,0,0,0,0,0,0,0,0,0,4,"1",FALSE,0
"18077",6,"F",3,"Hispanic","Middle",2,0,0,0,0,0,0,0,0,0,4,"1",FALSE,0
"18078",7,"M",3,"Hispanic","Middle",2,0,0,0,0,0,0,0,0,0,4,"1",FALSE,0
"18079",4,"F",1,"Hispanic","Middle",2,0,0,0,0,0,0,0,0,0,4,"1",FALSE,0
"18080",4,"F",1,"Black","Middle",2,0,0,0,0,0,0,0,0,0,4,NA,FALSE,0
"18081",4,"M",1,"Hispanic","Middle",2,0,0,0,0,0,0,0,0,0,4,"1",FALSE,0
"18082",4,"F",1,"White","Middle",2,0,0,0,0,0,0,0,0,0,2,NA,FALSE,1
"18083",4,"F",1,"Black","Middle",2,0,0,0,1,0,0,0,0,0,4,NA,TRUE,0
"18084",5,"F",1,"Hispanic","Middle",NA,0,0,0,0,0,0,0,0,0,4,"1",FALSE,0
"18085",4,"F",1,"Hispanic","Middle",2,0,0,0,0,0,0,0,0,0,2,NA,FALSE,1
"18086",4,"F",1,"Hispanic","Middle",NA,0,0,NA,NA,NA,0,NA,NA,0,2,NA,NA,1
"18087",4,"M",1,"Hispanic","Middle",2,0,0,0,0,0,0,0,0,0,4,NA,FALSE,0
"18088",4,"F",1,"Hispanic","Middle",2,0,0,0,0,0,0,0,0,0,4,"1",FALSE,0
"18089",3,"M",1,"Black","Middle",2,0,0,0,0,0,0,0,0,0,4,NA,FALSE,0
"18090",4,"M",1,"Hispanic","Middle",2,0,0,0,0,0,0,0,0,0,3,NA,FALSE,0
"18091",5,"F",1,"Hispanic","Middle",2,0,0,0,0,0,0,0,0,0,4,NA,FALSE,0
"18092",4,"F",1,"Hispanic","Middle",2,0,0,0,0,0,0,0,0,0,4,"1",FALSE,0
"18093",4,"M",1,"Hispanic","Middle",2,0,0,0,0,0,0,0,0,0,3,"1",FALSE,0
"18094",5,"M",1,"Hispanic","Middle",2,0,0,0,0,0,0,0,0,0,3,"1",FALSE,0
"18095",4,"M",1,"Hispanic","Middle",2,0,0,0,0,0,0,0,0,0,3,"1",FALSE,0
"18096",4,"M",1,"Asian","Middle",2,0,0,0,0,0,0,0,0,0,4,"1",FALSE,0
"18097",3,"M",1,"Black","Middle",2,0,0,0,0,0,0,0,0,0,4,NA,FALSE,0
"18098",4,"F",1,"Hispanic","Middle",1,0,1,0,0,0,0,1,0,1,4,NA,TRUE,0
"18099",4,"M",1,"Black","Middle",1,0,0,0,0,0,0,0,0,0,4,"1",FALSE,0
"18100",4,"F",1,"Black","Middle",2,0,0,0,0,0,0,0,0,0,4,"1",FALSE,0
"18101",3,"M",1,"Hispanic","Middle",2,0,0,0,0,0,0,0,0,0,2,NA,FALSE,1
"18102",7,"M",3,"Black","Middle",2,0,0,0,0,0,0,0,0,0,3,NA,FALSE,0
"18103",7,"M",3,"Hispanic","Middle",2,0,0,NA,0,0,0,0,0,0,4,"1",NA,0
"18104",6,"F",3,"Hispanic","Middle",2,0,0,0,0,0,0,0,0,0,2,"1",FALSE,1
"18105",6,"F",3,"Black","Middle",2,0,0,0,0,0,0,0,0,0,2,"1",FALSE,1
"18106",6,"M",3,"White","Middle",1,0,1,0,0,0,0,0,0,0,2,NA,TRUE,1
"18107",5,"M",3,"Hispanic","Middle",2,0,0,0,0,0,0,0,0,0,3,"1",FALSE,0
"18108",5,"F",3,"Hispanic","Middle",2,NA,0,0,0,0,0,0,0,0,4,"1",NA,0
"18109",6,"F",3,"Hispanic","Middle",2,0,0,0,0,0,0,0,0,0,1,"1",FALSE,1
"18110",5,"M",3,"Hispanic","Middle",2,0,0,0,0,0,0,0,0,0,3,"1",FALSE,0
"18111",7,"F",3,"Black","Middle",1,0,0,0,0,0,1,0,0,0,1,"1",TRUE,1
"18112",5,"M",3,"Hispanic","Middle",2,0,0,0,0,0,0,0,0,0,3,"1",FALSE,0
"18113",5,"M",3,"Hispanic","Middle",2,0,0,0,0,0,0,0,0,0,1,"1",FALSE,1
"18114",6,"F",3,"Hispanic","Middle",2,0,0,0,0,0,0,0,0,0,4,"1",FALSE,0
"18115",5,"F",3,"Hispanic","Middle",2,0,0,0,0,0,0,0,0,0,4,"1",FALSE,0
"18116",7,"M",3,"Hispanic","Middle",2,0,0,0,0,0,0,0,0,0,2,"1",FALSE,1
"18117",6,"F",3,"Black","Middle",2,0,0,0,0,0,0,0,0,0,2,"1",FALSE,1
"18118",6,"M",3,"White","Middle",2,0,0,0,0,0,0,0,0,0,3,NA,FALSE,0
"18119",7,"M",3,"Hispanic","Middle",2,0,0,0,0,0,0,0,0,0,2,"1",FALSE,1
"18120",5,"F",3,"Hispanic","Middle",2,0,0,0,0,0,0,0,0,0,3,"1",FALSE,0
"18121",6,"F",3,"White","Middle",2,0,0,0,0,0,0,0,0,0,2,NA,FALSE,1
"18122",6,"F",3,"Hispanic","Middle",2,0,0,NA,0,0,0,0,0,1,4,NA,TRUE,0
"18123",6,"F",3,"Hispanic","Middle",2,0,0,0,0,0,0,0,0,0,4,"1",FALSE,0
"18124",6,"M",3,"Hispanic","Middle",2,0,0,0,0,0,0,0,0,0,4,"1",FALSE,0
"18125",7,"M",3,"Hispanic","Middle",1,0,0,NA,0,0,0,0,0,0,1,"1",NA,1
"18126",6,"F",3,"Hispanic","Middle",1,0,1,0,0,0,0,0,0,0,3,NA,TRUE,0
"18127",5,"F",3,"Hispanic","Middle",2,0,0,0,0,0,0,0,0,0,2,NA,FALSE,1
"18128",5,"F",3,"Black","Middle",2,0,0,0,0,0,0,0,0,0,4,NA,FALSE,0
"18129",6,"F",3,"Hispanic","Middle",2,0,0,0,0,0,0,0,0,0,2,NA,FALSE,1
"18130",6,"M",3,"Hispanic","Middle",2,0,0,0,0,0,0,0,0,0,4,"1",FALSE,0
"18131",7,"F",3,"Hispanic","Middle",2,0,0,0,0,0,0,0,0,0,2,"1",FALSE,1
"18132",5,"M",2,"Hispanic","Middle",2,0,0,0,0,0,0,0,0,0,4,NA,FALSE,0
"18133",5,"F",2,"Black","Middle",2,0,0,0,0,0,0,0,0,0,2,NA,FALSE,1
"18134",4,"F",2,"Black","Middle",2,0,0,0,0,0,0,0,0,0,3,"1",FALSE,0
"18135",5,"M",2,"Black","Middle",2,0,0,0,0,0,0,0,0,0,4,NA,FALSE,0
"18136",5,"M",2,"Hispanic","Middle",2,0,0,0,0,0,0,0,0,0,2,NA,FALSE,1
"18137",5,"M",2,"Hispanic","Middle",2,1,0,1,0,0,1,1,0,0,1,NA,TRUE,1
"18138",5,"M",2,"NHOPI","Middle",2,0,0,0,0,0,0,0,0,0,2,"1",FALSE,1
"18139",5,"F",2,"Hispanic","Middle",2,0,0,0,0,0,0,0,0,0,2,NA,FALSE,1
"18140",5,"F",2,NA,"Middle",2,0,0,0,0,0,0,0,0,0,3,"1",FALSE,0
"18141",5,"F",2,"Hispanic","Middle",2,0,0,0,0,0,0,0,0,0,4,"1",FALSE,0
"18142",5,NA,2,"Black","Middle",2,0,0,0,0,0,0,0,0,0,4,"1",FALSE,0
"18143",4,"M",2,NA,"Middle",2,0,0,0,0,0,0,0,0,0,3,"1",FALSE,0
"18144",5,"M",2,"Hispanic","Middle",2,0,0,0,0,0,0,0,0,0,4,NA,FALSE,0
"18145",5,"F",2,"Hispanic","Middle",2,0,0,0,0,0,0,0,0,0,2,NA,FALSE,1
"18146",5,"F",2,"Hispanic","Middle",2,0,0,0,0,0,0,0,0,0,4,"1",FALSE,0
"18147",5,"M",2,"Hispanic","Middle",2,0,0,0,NA,NA,0,NA,NA,0,3,"1",NA,0
"18148",4,"F",2,"Hispanic","Middle",2,0,0,0,0,0,0,0,0,0,4,"1",FALSE,0
"18149",5,"M",2,"Hispanic","Middle",2,0,0,0,0,0,0,0,0,0,2,"1",FALSE,1
"18150",5,"F",2,"Hispanic","Middle",2,0,0,0,NA,NA,0,NA,NA,0,4,NA,NA,0
"18151",5,"M",2,"Hispanic","Middle",2,0,0,0,0,0,0,0,0,0,4,"1",FALSE,0
"18152",4,"F",2,"Hispanic","Middle",2,0,0,0,0,0,0,0,0,0,2,"1",FALSE,1
"18153",5,"F",2,"Hispanic","Middle",2,0,0,0,0,0,0,0,0,0,NA,"1",FALSE,NA
"18154",4,"M",2,"Hispanic","Middle",2,0,0,0,0,0,0,0,0,0,4,"1",FALSE,0
"18155",4,"F",2,"Hispanic","Middle",2,0,0,0,0,0,0,0,0,0,4,NA,FALSE,0
"18156",5,"M",2,NA,"Middle",2,0,0,0,0,0,0,0,0,0,4,"1",FALSE,0
"18157",4,"F",2,"Hispanic","Middle",2,0,0,0,0,0,0,0,0,0,4,"1",FALSE,0
"18158",5,"F",2,"Hispanic","Middle",2,0,0,0,0,0,0,0,0,0,4,"1",FALSE,0
"18159",4,"M",2,"Hispanic","Middle",2,0,0,0,0,0,0,0,0,0,4,"1",FALSE,0
"18160",5,"F",2,"Hispanic","Middle",2,0,0,0,0,0,0,0,0,0,1,"1",FALSE,1
"18161",5,"F",2,"Hispanic","Middle",2,0,0,0,0,0,0,0,0,0,4,"1",FALSE,0
"18162",6,"M",3,"Hispanic","Middle",2,0,0,0,0,0,0,0,0,0,4,"1",FALSE,0
"18163",7,"M",3,"Hispanic","Middle",1,NA,0,0,0,0,0,0,0,0,4,NA,NA,0
"18164",3,"M",1,"Hispanic","Middle",2,0,0,NA,0,0,0,0,0,0,4,"1",NA,0
"18165",5,"F",2,"Hispanic","Middle",2,NA,0,0,0,0,0,0,0,0,4,"1",NA,0
"18166",4,"F",2,"Hispanic","Middle",2,0,0,0,0,0,0,0,0,0,4,"1",FALSE,0
"18167",4,"M",2,"Asian","Middle",2,0,0,0,0,0,0,0,0,0,4,"1",FALSE,0
"18168",5,"M",2,"Hispanic","Middle",1,1,1,0,0,0,0,0,0,1,1,NA,TRUE,1
"18169",5,"F",2,"Hispanic","Middle",2,0,0,0,0,0,0,0,0,0,3,"1",FALSE,0
"18170",4,"M",2,"Hispanic","Middle",2,0,0,0,0,0,0,0,0,0,4,"1",FALSE,0
"18171",5,"M",2,"Hispanic","Middle",2,0,0,0,0,0,0,0,0,0,4,"1",FALSE,0
"18172",4,"F",2,"Hispanic","Middle",2,0,0,0,0,0,0,0,0,0,4,"1",FALSE,0
"18173",5,"F",2,"Hispanic","Middle",2,0,0,0,0,0,0,0,0,0,4,"1",FALSE,0
"18174",5,"M",2,"Hispanic","Middle",2,0,0,0,0,0,0,0,0,0,2,NA,FALSE,1
"18175",4,"F",2,"Hispanic","Middle",2,0,0,0,0,0,0,0,0,0,1,"1",FALSE,1
"18176",5,"F",2,"Hispanic","Middle",2,0,0,0,0,0,0,0,0,0,4,"1",FALSE,0
"18177",5,"M",2,"Hispanic","Middle",2,0,0,0,0,0,0,0,0,0,4,"1",FALSE,0
"18178",5,"F",2,"Hispanic","Middle",2,0,0,0,0,0,0,0,0,0,4,"1",FALSE,0
"18179",4,"F",2,"Hispanic","Middle",2,0,0,0,0,0,0,0,0,0,3,"1",FALSE,0
"18180",5,"M",2,"Hispanic","Middle",2,0,0,0,0,0,0,0,0,1,2,NA,TRUE,1
"18181",5,"M",2,"Hispanic","Middle",2,NA,0,0,0,0,0,0,0,1,2,NA,TRUE,1
"18182",5,"M",2,"Hispanic","Middle",2,0,0,0,0,0,0,0,0,0,4,"1",FALSE,0
"18183",5,"F",2,"Hispanic","Middle",2,0,0,0,0,0,0,0,0,0,4,"1",FALSE,0
"18184",6,"M",3,"Hispanic","Middle",2,0,0,0,0,0,0,0,0,0,4,"1",FALSE,0
"18185",6,"M",3,"Hispanic","Middle",2,0,0,0,0,0,0,0,0,0,2,"1",FALSE,1
"18186",6,"M",3,"Hispanic","Middle",2,0,0,0,0,0,0,0,0,1,3,"1",TRUE,0
"18187",6,"M",3,"White","Middle",2,0,0,0,0,0,0,0,0,0,4,"1",FALSE,0
"18188",5,"M",3,"Hispanic","Middle",2,0,0,0,0,0,0,0,0,0,4,"1",FALSE,0
"18189",5,"F",3,"Hispanic","Middle",2,0,0,0,0,0,0,0,0,0,4,"1",FALSE,0
"18190",6,"F",3,"Hispanic","Middle",2,0,0,0,0,0,0,0,0,1,3,NA,TRUE,0
"18191",6,"F",3,"Hispanic","Middle",2,0,0,0,0,0,0,0,0,0,4,"1",FALSE,0
"18192",5,"F",3,"Hispanic","Middle",2,0,0,0,0,0,0,0,0,0,4,NA,FALSE,0
"18193",5,"M",3,"Hispanic","Middle",2,0,0,NA,0,0,0,0,0,0,3,"1",NA,0
"18194",5,"M",2,"Hispanic","Middle",2,0,0,0,0,0,0,0,0,0,4,NA,FALSE,0
"18195",4,"M",2,"Hispanic","Middle",2,0,0,0,0,0,0,0,0,0,4,"1",FALSE,0
"18196",5,"M",2,"Black","Middle",2,0,0,0,0,0,0,0,0,0,4,NA,FALSE,0
"18197",4,"F",2,"Hispanic","Middle",2,0,0,0,0,0,0,0,0,0,4,"1",FALSE,0
"18198",5,"F",2,"Hispanic","Middle",2,0,0,0,0,0,0,0,0,0,3,NA,FALSE,0
"18199",4,"F",2,"Hispanic","Middle",1,0,1,0,0,1,1,0,0,1,2,NA,TRUE,1
"18200",5,"F",2,"Hispanic","Middle",2,0,0,0,0,0,0,0,0,0,4,"1",FALSE,0
"18201",5,"M",2,"Hispanic","Middle",2,0,0,0,0,0,NA,0,0,0,4,"1",NA,0
"18202",4,"F",2,"Hispanic","Middle",2,0,0,0,0,0,0,0,0,0,2,NA,FALSE,1
"18203",5,"M",2,"Hispanic","Middle",2,0,0,NA,0,0,0,0,0,1,3,NA,TRUE,0
"18204",5,"F",2,"Hispanic","Middle",2,0,0,0,NA,NA,0,NA,NA,0,3,"1",NA,0
"18205",4,"M",2,"Hispanic","Middle",2,0,0,0,0,0,0,0,0,0,3,"1",FALSE,0
"18206",5,"M",2,"Hispanic","Middle",2,0,0,0,0,0,0,0,0,0,4,"1",FALSE,0
"18207",5,"F",2,"Hispanic","Middle",2,0,0,0,0,0,0,0,0,0,4,"1",FALSE,0
"18208",5,"M",2,"Hispanic","Middle",2,0,0,0,0,0,0,0,0,0,4,"1",FALSE,0
"18209",5,"F",2,"Hispanic","Middle",2,0,0,0,0,0,0,0,0,0,4,"1",FALSE,0
"18210",5,"M",2,"Hispanic","Middle",2,0,0,1,0,0,0,0,0,0,1,"1",TRUE,1
"18211",4,"F",1,"Hispanic","Middle",2,0,0,0,0,0,0,0,0,0,4,"1",FALSE,0
"18212",3,"F",1,"Hispanic","Middle",2,0,0,0,0,0,0,0,0,0,4,"1",FALSE,0
"18213",3,"F",1,"Hispanic","Middle",2,0,0,0,0,0,0,0,0,0,3,NA,FALSE,0
"18214",4,"F",1,"Hispanic","Middle",2,0,0,0,0,0,0,0,0,0,4,"1",FALSE,0
"18215",4,"M",1,"Hispanic","Middle",2,0,0,0,0,0,0,0,0,0,3,"1",FALSE,0
"18216",4,"F",1,"Hispanic","Middle",2,0,0,0,0,0,0,0,0,0,3,"1",FALSE,0
"18217",4,"F",1,"Hispanic","Middle",2,0,0,0,0,0,0,0,0,0,3,"1",FALSE,0
"18218",3,"M",1,"Hispanic","Middle",2,0,0,0,0,0,0,0,0,0,3,"1",FALSE,0
"18219",5,"F",1,"White","Middle",NA,0,NA,0,0,0,0,0,0,0,4,"1",NA,0
"18220",4,"M",1,"White","Middle",NA,NA,1,NA,NA,NA,NA,NA,NA,1,1,NA,TRUE,1
"18221",3,"M",1,"Hispanic","Middle",2,0,NA,NA,NA,NA,NA,NA,NA,NA,4,NA,NA,0
"18222",4,"F",1,NA,"Middle",2,0,0,0,0,0,0,0,0,0,4,"1",FALSE,0
"18223",4,"M",1,"White","Middle",2,0,0,0,0,0,0,0,0,0,3,"1",FALSE,0
"18224",4,"M",1,"Hispanic","Middle",2,0,0,0,0,0,0,0,0,0,2,NA,FALSE,1
"18225",4,"M",1,"White","Middle",2,0,0,0,0,0,0,0,0,0,3,"1",FALSE,0
"18226",4,"F",1,"Hispanic","Middle",2,0,0,0,0,0,0,0,0,0,4,NA,FALSE,0
"18227",4,"F",1,"Hispanic","Middle",2,0,0,0,0,0,0,0,0,0,4,"1",FALSE,0
"18228",3,"M",1,"Hispanic","Middle",2,0,0,0,0,0,0,0,0,0,4,"1",FALSE,0
"18229",6,"M",3,"Hispanic","Middle",2,0,0,0,0,0,0,0,0,0,4,"1",FALSE,0
"18230",6,"F",3,"Hispanic","Middle",2,0,0,0,0,0,0,0,0,0,2,NA,FALSE,1
"18231",6,"F",3,"Hispanic","Middle",2,NA,0,0,0,0,0,0,0,1,1,NA,TRUE,1
"18232",6,"F",3,NA,"Middle",2,0,0,0,0,0,0,0,0,0,4,"1",FALSE,0
"18233",5,"F",3,"Hispanic","Middle",2,0,0,0,0,0,0,0,0,0,2,NA,FALSE,1
"18234",5,"F",3,"Hispanic","Middle",2,0,0,0,0,0,0,0,0,0,2,NA,FALSE,1
"18235",6,"M",3,"Hispanic","Middle",2,0,0,0,0,0,0,0,0,0,4,"1",FALSE,0
"18236",6,"M",3,NA,"Middle",2,0,0,0,0,0,0,0,0,0,4,NA,FALSE,0
"18237",5,"F",3,"Hispanic","Middle",2,0,0,0,0,0,0,0,0,0,4,NA,FALSE,0
"18238",6,"F",3,"Hispanic","Middle",2,0,0,0,0,0,0,0,0,0,2,NA,FALSE,1
"18239",6,"M",3,"Hispanic","Middle",2,0,0,0,0,0,0,0,0,0,2,"1",FALSE,1
"18240",6,"M",3,"Hispanic","Middle",2,0,0,0,0,0,0,0,0,0,3,"1",FALSE,0
"18241",7,"M",3,"Hispanic","Middle",NA,0,0,1,1,0,1,0,0,0,4,NA,TRUE,0
"18242",5,"F",3,"Hispanic","Middle",2,0,0,0,0,0,0,0,0,0,4,"1",FALSE,0
"18243",6,"F",3,"Hispanic","Middle",2,0,0,0,0,0,0,0,0,0,3,"1",FALSE,0
"18244",5,"F",3,"Hispanic","Middle",2,0,0,0,0,0,0,0,0,0,4,"1",FALSE,0
"18245",6,"M",3,"Hispanic","Middle",2,0,0,0,0,0,0,0,0,0,3,NA,FALSE,0
"18246",6,"M",3,"Hispanic","Middle",2,NA,NA,NA,NA,NA,NA,NA,NA,NA,4,NA,NA,0
"18247",5,"M",2,"Hispanic","Middle",2,0,0,0,0,0,0,0,0,0,4,"1",FALSE,0
"18248",5,"F",2,"Hispanic","Middle",2,0,0,0,0,0,0,0,0,0,3,"1",FALSE,0
"18249",3,"M",1,"Hispanic","Middle",2,0,0,0,0,0,0,0,0,0,4,"1",FALSE,0
"18250",6,"M",3,NA,"Middle",1,1,1,0,NA,NA,1,NA,NA,1,1,NA,TRUE,1
"18251",5,"F",2,"Hispanic","Middle",2,0,0,0,0,0,0,0,0,0,2,"1",FALSE,1
"18252",3,"M",1,NA,"Middle",2,0,0,0,0,0,0,0,0,0,3,"1",FALSE,0
"18253",6,"M",2,"White","Middle",2,0,0,0,0,0,0,0,0,0,3,NA,FALSE,0
"18254",5,"F",2,NA,"Middle",2,0,0,0,0,0,0,0,0,0,2,NA,FALSE,1
"18255",5,"F",2,"Hispanic","Middle",2,0,0,0,0,0,0,0,0,0,3,"1",FALSE,0
"18256",5,"F",2,NA,"Middle",2,0,0,0,0,0,0,0,0,0,4,"1",FALSE,0
"18257",5,"M",2,"Hispanic","Middle",2,0,0,0,0,0,0,0,0,0,2,"1",FALSE,1
"18258",4,"F",2,"Hispanic","Middle",2,0,0,0,0,0,0,0,0,0,4,"1",FALSE,0
"18259",5,"F",2,"Hispanic","Middle",2,0,0,0,0,0,0,0,0,0,2,"1",FALSE,1
"18260",4,"F",2,"Hispanic","Middle",2,0,0,0,0,0,0,0,0,0,3,"1",FALSE,0
"18261",4,"M",2,"Hispanic","Middle",2,0,0,0,0,0,0,0,0,0,2,"1",FALSE,1
"18262",5,"F",2,"Hispanic","Middle",2,0,0,0,0,0,0,0,0,0,4,NA,FALSE,0
"18263",4,"F",2,"Hispanic","Middle",2,0,0,0,0,0,0,0,0,0,4,"1",FALSE,0
"18264",4,"F",2,"Hispanic","Middle",2,0,0,0,0,0,0,0,0,0,4,"1",FALSE,0
"18265",4,"F",2,"Hispanic","Middle",2,0,0,0,0,0,0,0,0,0,2,NA,FALSE,1
"18266",5,"M",2,"Hispanic","Middle",2,0,0,0,0,0,0,0,0,0,4,"1",FALSE,0
"18267",4,"M",2,"Hispanic","Middle",2,0,0,0,0,0,0,0,0,0,3,"1",FALSE,0
"18268",5,"F",2,"Hispanic","Middle",2,0,0,0,0,0,0,0,0,0,4,"1",FALSE,0
"18269",5,"M",2,"Hispanic","Middle",2,0,0,0,0,0,0,0,0,0,4,"1",FALSE,0
"18270",5,"M",2,NA,"Middle",2,0,0,0,0,0,0,0,0,0,4,"1",FALSE,0
"18271",5,"M",2,"Hispanic","Middle",2,0,0,0,0,0,0,0,0,0,4,"1",FALSE,0
"18272",5,"F",2,"Hispanic","Middle",2,0,0,0,0,0,0,0,0,0,4,NA,FALSE,0
"18273",4,"F",2,"Hispanic","Middle",2,0,0,0,1,0,1,0,0,0,2,"1",TRUE,1
"18274",5,"F",2,NA,"Middle",2,0,NA,0,0,0,0,0,0,0,2,"1",NA,1
"18275",5,"F",2,"Hispanic","Middle",2,0,0,0,1,0,0,0,0,0,1,"1",TRUE,1
"18276",5,"F",3,"Hispanic","Middle",2,0,0,0,NA,NA,NA,NA,NA,0,2,NA,NA,1
"18277",5,"F",3,"Hispanic","Middle",2,0,0,0,0,0,0,0,0,0,2,NA,FALSE,1
"18278",5,"F",3,"Hispanic","Middle",1,1,1,1,0,0,0,0,0,0,1,NA,TRUE,1
"18279",6,"F",3,"Hispanic","Middle",NA,NA,NA,0,0,0,0,0,0,0,4,"1",NA,0
"18280",6,"M",3,"Hispanic","Middle",1,1,1,0,0,0,0,0,1,0,1,NA,TRUE,1
"18281",6,"M",3,NA,"Middle",2,0,0,0,0,0,0,0,0,0,4,"1",FALSE,0
"18282",6,"F",3,"White","Middle",NA,0,0,0,0,0,0,0,0,0,2,"1",FALSE,1
"18283",6,"F",3,"Hispanic","Middle",2,0,0,0,NA,NA,0,NA,NA,0,2,"1",NA,1
"18284",6,"M",3,"Black","Middle",1,0,0,0,0,0,0,0,0,0,2,NA,FALSE,1
"18285",6,"M",3,"Hispanic","Middle",2,0,0,NA,0,0,0,0,0,0,4,"1",NA,0
"18286",6,"M",3,"Hispanic","Middle",2,0,0,0,0,0,0,0,0,0,1,"1",FALSE,1
"18287",5,"M",3,"Hispanic","Middle",2,0,0,0,0,0,0,0,0,0,3,"1",FALSE,0
"18288",5,"F",3,"Hispanic","Middle",2,0,0,0,0,0,NA,0,0,0,3,"1",NA,0
"18289",6,"F",3,"Hispanic","Middle",2,0,0,0,0,0,0,0,0,0,4,NA,FALSE,0
"18290",3,"F",1,NA,"Middle",2,0,0,0,0,0,0,0,0,0,4,"1",FALSE,0
"18291",6,"F",3,"Hispanic","Middle",1,0,0,0,0,0,0,0,0,0,2,"1",FALSE,1
"18292",4,"F",1,NA,"Middle",2,0,0,0,0,0,0,0,0,0,4,"1",FALSE,0
"18293",3,"M",1,NA,"Middle",NA,NA,NA,0,NA,NA,0,NA,NA,1,4,NA,TRUE,0
"18294",3,"F",1,"Hispanic","Middle",2,0,0,0,0,0,0,0,0,0,1,"1",FALSE,1
"18295",4,"F",1,"Hispanic","Middle",NA,0,0,0,0,0,0,0,0,0,1,NA,FALSE,1
"18296",3,"F",1,"Hispanic","Middle",2,0,0,0,0,0,0,0,0,0,4,"1",FALSE,0
"18297",3,"F",1,NA,"Middle",2,0,NA,NA,NA,NA,NA,NA,NA,NA,4,"1",NA,0
"18298",3,"F",1,"Hispanic","Middle",2,0,0,0,0,0,0,0,0,0,4,"1",FALSE,0
"18299",3,"M",1,"Hispanic","Middle",2,0,0,0,0,0,0,0,0,0,4,"1",FALSE,0
"18300",5,"F",1,"Hispanic","Middle",2,0,0,0,0,0,0,0,0,0,4,"1",FALSE,0
"18301",4,"F",1,"Hispanic","Middle",2,0,0,0,0,0,0,0,0,0,4,"1",FALSE,0
"18302",3,"M",1,"Hispanic","Middle",2,0,0,0,0,0,0,0,0,0,4,"1",FALSE,0
"18303",4,"M",1,"Hispanic","Middle",2,0,0,0,0,0,0,0,0,0,4,"1",FALSE,0
"18304",3,"M",1,NA,"Middle",2,0,0,NA,NA,NA,0,NA,NA,0,4,NA,NA,0
"18305",3,"M",1,"Hispanic","Middle",2,0,0,0,0,0,0,0,0,0,4,"1",FALSE,0
"18306",4,"M",1,"Hispanic","Middle",2,0,0,0,0,0,0,0,0,0,4,"1",FALSE,0
"18307",9,"M",5,"Hispanic","High",2,0,0,0,0,0,0,0,0,1,4,"1",TRUE,0
"18308",8,"M",5,"Hispanic","High",2,0,NA,NA,0,0,NA,0,0,NA,2,"1",NA,1
"18309",7,"M",4,"Hispanic","High",2,0,0,0,0,0,0,0,0,0,4,"1",FALSE,0
"18310",8,"F",4,"Hispanic","High",2,0,0,0,0,0,0,0,0,0,4,"1",FALSE,0
"18311",6,"F",4,"Hispanic","High",2,0,0,0,0,0,0,0,0,0,3,"1",FALSE,0
"18312",7,"F",4,"Hispanic","High",2,0,0,0,0,0,0,0,0,0,4,"1",FALSE,0
"18313",9,"M",7,"Hispanic","High",2,0,0,0,0,0,0,0,0,0,4,"1",FALSE,0
"18314",10,"M",7,"Hispanic","High",2,0,0,0,0,0,0,0,0,0,4,NA,FALSE,0
"18315",10,"M",7,"Hispanic","High",2,0,0,0,0,0,0,0,0,0,2,"1",FALSE,1
"18316",10,"M",7,"Hispanic","High",2,0,0,0,0,0,0,0,0,0,4,NA,FALSE,0
"18317",10,"F",7,"Hispanic","High",2,0,0,0,0,0,0,0,0,0,2,NA,FALSE,1
"18318",10,"M",7,"Hispanic","High",1,1,1,1,0,0,1,1,0,0,1,"1",TRUE,1
"18319",10,"F",7,"Hispanic","High",2,0,0,0,0,0,0,0,0,0,4,NA,FALSE,0
"18320",10,"M",7,"Hispanic","High",1,1,1,0,0,0,0,0,0,1,2,"1",TRUE,1
"18321",10,"F",7,"Hispanic","High",2,0,0,0,0,0,0,0,0,0,4,NA,FALSE,0
"18322",10,"M",7,"Hispanic","High",2,0,0,0,0,0,0,0,0,0,4,"1",FALSE,0
"18323",10,"F",7,"Hispanic","High",2,0,0,0,0,0,0,0,0,0,3,"1",FALSE,0
"18324",10,"F",7,"Hispanic","High",2,0,0,0,0,0,0,0,0,0,1,"1",FALSE,1
"18325",10,"M",7,"Hispanic","High",2,0,0,0,0,0,0,0,0,0,3,NA,FALSE,0
"18326",10,"M",7,"Hispanic","High",2,0,0,0,0,0,0,0,0,0,3,"1",FALSE,0
"18327",10,"M",7,"Hispanic","High",2,0,0,0,0,0,0,0,0,0,4,"1",FALSE,0
"18328",11,"M",7,"Hispanic","High",1,0,0,0,0,0,0,0,0,0,4,"1",FALSE,0
"18329",10,"M",7,"Hispanic","High",2,0,0,0,0,0,0,0,0,0,1,"1",FALSE,1
"18330",10,"F",7,"Hispanic","High",2,0,0,0,0,0,0,0,0,0,4,"1",FALSE,0
"18331",10,"F",7,"Hispanic","High",2,0,0,0,0,0,0,0,0,0,3,"1",FALSE,0
"18332",10,"M",7,"Hispanic","High",2,0,0,0,0,0,0,0,0,0,4,"1",FALSE,0
"18333",10,"M",7,NA,"High",2,0,NA,NA,NA,NA,NA,NA,NA,NA,1,NA,NA,1
"18334",10,"M",7,"Hispanic","High",2,0,0,0,0,0,0,0,0,0,2,NA,FALSE,1
"18335",7,"M",5,"Hispanic","High",2,0,0,0,0,0,0,0,0,0,3,"1",FALSE,0
"18336",7,"M",5,"Hispanic","High",2,0,0,0,0,0,0,0,0,0,4,"1",FALSE,0
"18337",8,"F",5,"Hispanic","High",2,0,0,0,0,0,0,0,0,0,3,"1",FALSE,0
"18338",7,"M",5,"Hispanic","High",NA,0,NA,NA,NA,NA,NA,NA,NA,NA,1,NA,NA,1
"18339",7,"F",5,"Hispanic","High",2,0,0,0,0,0,0,0,0,0,4,"1",FALSE,0
"18340",8,"M",5,"Hispanic","High",2,0,0,0,0,0,0,0,0,0,4,NA,FALSE,0
"18341",8,"F",5,"Hispanic","High",2,0,0,0,0,0,0,0,0,0,4,"1",FALSE,0
"18342",8,"F",5,"Hispanic","High",1,0,0,0,1,0,1,0,0,1,2,NA,TRUE,1
"18343",10,"F",7,"Hispanic","High",2,0,0,0,0,0,0,0,0,0,2,NA,FALSE,1
"18344",9,"F",7,"Hispanic","High",2,0,0,0,0,0,0,0,0,0,3,"1",FALSE,0
"18345",11,"F",7,"Hispanic","High",2,0,0,0,0,0,0,0,0,0,4,NA,FALSE,0
"18346",10,"F",7,"Hispanic","High",2,0,0,0,0,0,0,0,0,0,4,"1",FALSE,0
"18347",10,"M",7,"Hispanic","High",2,0,0,0,0,0,0,0,0,0,2,NA,FALSE,1
"18348",10,"M",7,"Hispanic","High",2,0,0,0,0,0,0,0,0,0,4,"1",FALSE,0
"18349",10,"M",7,"Hispanic","High",2,0,0,0,0,0,0,0,0,0,4,"1",FALSE,0
"18350",9,"F",7,"Hispanic","High",1,NA,0,0,0,0,0,0,0,0,3,"1",NA,0
"18351",11,"M",7,"Hispanic","High",2,0,0,0,0,0,0,0,0,0,2,"1",FALSE,1
"18352",10,"M",7,"Hispanic","High",2,0,0,0,0,0,0,0,0,0,4,"1",FALSE,0
"18353",9,"M",7,"Hispanic","High",2,0,0,0,0,0,0,0,0,0,4,"1",FALSE,0
"18354",10,"M",7,"Hispanic","High",2,0,0,0,0,0,0,0,0,0,3,NA,FALSE,0
"18355",11,"F",7,"Hispanic","High",2,0,0,0,0,0,0,0,0,0,2,"1",FALSE,1
"18356",10,"F",7,"Hispanic","High",1,0,0,0,0,0,0,0,0,1,2,NA,TRUE,1
"18357",9,"M",7,"Hispanic","High",2,0,0,0,0,0,0,0,0,0,4,"1",FALSE,0
"18358",10,"F",7,"Hispanic","High",1,0,0,0,0,0,0,0,0,0,2,"1",FALSE,1
"18359",10,"M",7,"Hispanic","High",1,NA,1,0,0,0,0,0,1,0,2,"1",TRUE,1
"18360",10,"F",7,"Hispanic","High",2,0,0,NA,0,0,0,1,0,1,2,"1",TRUE,1
"18361",10,"F",7,"Hispanic","High",2,0,0,0,0,0,0,0,0,0,4,"1",FALSE,0
"18362",7,"F",4,NA,"High",2,0,0,0,0,0,0,0,0,0,2,"1",FALSE,1
"18363",6,"M",4,"Hispanic","High",2,0,0,0,0,0,0,0,0,0,2,NA,FALSE,1
"18364",7,"F",4,"Hispanic","High",2,0,0,0,0,0,0,0,0,0,2,NA,FALSE,1
"18365",7,"M",4,"Hispanic","High",2,0,0,0,0,0,0,0,0,0,4,"1",FALSE,0
"18366",6,"F",4,"Hispanic","High",2,0,0,0,0,0,0,0,0,0,4,"1",FALSE,0
"18367",7,"M",4,"Hispanic","High",2,0,0,0,0,0,0,0,0,0,4,"1",FALSE,0
"18368",8,"M",4,"Hispanic","High",2,0,0,0,0,0,0,0,0,0,4,"1",FALSE,0
"18369",7,"F",4,"Hispanic","High",2,0,0,0,0,0,0,0,0,0,4,"1",FALSE,0
"18370",6,"F",4,"Hispanic","High",2,0,0,0,1,0,1,0,0,0,2,NA,TRUE,1
"18371",7,"F",4,"Hispanic","High",1,0,0,0,0,0,0,0,0,0,2,"1",FALSE,1
"18372",8,"M",4,"Hispanic","High",2,0,0,0,NA,NA,0,NA,NA,0,2,NA,NA,1
"18373",7,"F",4,"Hispanic","High",2,0,0,0,0,0,0,0,0,0,2,"1",FALSE,1
"18374",7,"F",4,"Hispanic","High",2,0,0,0,0,0,0,0,0,0,2,"1",FALSE,1
"18375",7,"M",4,"Hispanic","High",2,0,0,0,0,0,0,0,0,0,4,NA,FALSE,0
"18376",7,"F",4,"Hispanic","High",1,0,1,0,0,0,0,0,0,0,2,NA,TRUE,1
"18377",7,"F",4,"Hispanic","High",1,0,0,0,0,0,0,0,0,0,3,NA,FALSE,0
"18378",7,"F",4,"Hispanic","High",2,0,0,0,0,0,0,0,0,0,3,"1",FALSE,0
"18379",6,"M",4,"Hispanic","High",2,0,0,0,0,0,0,0,0,0,4,"1",FALSE,0
"18380",7,"M",4,"Hispanic","High",2,0,0,0,0,0,0,0,0,0,4,"1",FALSE,0
"18381",6,"M",4,"Hispanic","High",2,0,0,0,0,0,0,0,0,0,3,"1",FALSE,0
"18382",6,"M",4,NA,"High",2,0,0,0,0,0,0,0,0,0,4,NA,FALSE,0
"18383",7,"M",4,"Hispanic","High",2,0,0,0,0,0,0,0,0,0,3,"1",FALSE,0
"18384",7,"M",4,"Hispanic","High",2,0,0,0,0,0,0,0,0,0,4,NA,FALSE,0
"18385",7,"F",4,"Hispanic","High",2,0,0,0,0,0,0,0,0,0,4,"1",FALSE,0
"18386",8,"M",5,"Hispanic","High",2,0,0,0,0,0,0,0,0,0,1,"1",FALSE,1
"18387",9,"M",5,"Hispanic","High",2,0,0,0,0,0,0,0,0,0,2,NA,FALSE,1
"18388",8,"F",5,"Hispanic","High",1,0,1,0,0,0,0,0,0,1,1,NA,TRUE,1
"18389",8,"F",5,"Hispanic","High",1,0,0,0,0,0,0,0,0,1,4,"1",TRUE,0
"18390",7,"F",5,"Hispanic","High",2,0,0,0,0,0,0,0,0,0,2,"1",FALSE,1
"18391",8,"F",5,"Hispanic","High",NA,0,0,0,0,0,0,0,0,0,2,NA,FALSE,1
"18392",8,"M",5,"Hispanic","High",2,0,0,0,0,0,0,0,0,0,4,NA,FALSE,0
"18393",8,"M",5,"Hispanic","High",1,1,1,0,1,1,1,1,1,1,1,NA,TRUE,1
"18394",8,"M",5,"Hispanic","High",NA,0,0,0,NA,NA,0,NA,NA,0,3,"1",NA,0
"18395",7,"F",5,"Hispanic","High",1,0,0,0,0,0,0,0,0,0,2,NA,FALSE,1
"18396",8,"F",5,"Hispanic","High",2,0,0,0,0,0,0,0,0,0,4,"1",FALSE,0
"18397",1,"M",7,"Hispanic","High",2,0,0,0,0,0,0,0,0,1,4,NA,TRUE,0
"18398",7,"M",5,"Hispanic","High",2,0,0,0,0,0,0,0,0,0,3,"1",FALSE,0
"18399",7,"M",5,"Hispanic","High",2,0,0,0,0,0,0,0,0,0,4,"1",FALSE,0
"18400",9,"M",5,"Hispanic","High",2,0,0,0,0,0,0,0,0,0,4,"1",FALSE,0
"18401",9,"M",5,"Hispanic","High",1,1,1,0,0,0,0,0,0,0,2,"1",TRUE,1
"18402",8,"F",5,"Hispanic","High",2,0,0,0,0,0,0,0,0,0,4,NA,FALSE,0
"18403",8,"M",5,"Hispanic","High",2,0,0,0,0,0,0,0,0,0,1,"1",FALSE,1
"18404",9,"M",6,"Hispanic","High",1,0,1,0,0,0,0,0,0,0,1,"1",TRUE,1
"18405",7,"F",5,NA,"High",2,0,0,0,0,0,0,0,0,0,4,"1",FALSE,0
"18406",9,"M",6,"Hispanic","High",2,0,0,0,0,0,0,0,0,0,4,"1",FALSE,0
"18407",10,"F",6,"Hispanic","High",2,0,0,NA,NA,NA,0,NA,NA,0,4,NA,NA,0
"18408",8,"F",6,"Hispanic","High",2,0,0,0,0,0,0,0,0,0,4,"1",FALSE,0
"18409",9,"F",6,"Hispanic","High",NA,0,0,0,0,0,0,0,0,0,4,NA,FALSE,0
"18410",9,"F",6,"Hispanic","High",2,0,0,0,0,0,0,0,0,0,4,NA,FALSE,0
"18411",9,"F",6,"Hispanic","High",1,0,0,0,0,0,0,0,0,0,1,"1",FALSE,1
"18412",9,"F",6,"Hispanic","High",1,0,0,0,0,0,0,0,0,0,1,"1",FALSE,1
"18413",8,"M",6,"Hispanic","High",2,0,0,0,0,0,0,0,0,0,3,"1",FALSE,0
"18414",9,"M",6,"Hispanic","High",2,0,0,0,0,0,0,0,0,0,4,"1",FALSE,0
"18415",10,"M",6,"Hispanic","High",2,0,0,0,0,0,0,0,0,0,4,"1",FALSE,0
"18416",9,"M",6,"Hispanic","High",2,0,0,0,0,0,0,0,0,0,2,"1",FALSE,1
"18417",8,"M",6,"Hispanic","High",1,1,1,0,0,0,0,0,0,1,3,"1",TRUE,0
"18418",9,"M",6,"Hispanic","High",2,0,0,0,0,0,0,0,0,0,2,"1",FALSE,1
"18419",8,"M",6,"Hispanic","High",1,1,1,0,0,0,0,1,1,0,2,NA,TRUE,1
"18420",9,"M",6,"Hispanic","High",2,0,0,0,0,0,0,0,0,0,4,"1",FALSE,0
"18421",8,"F",6,"Hispanic","High",2,0,0,0,0,0,0,0,0,0,2,NA,FALSE,1
"18422",10,"M",6,"Hispanic","High",1,0,0,0,0,0,0,0,1,0,2,NA,TRUE,1
"18423",9,"M",6,"Hispanic","High",2,0,0,0,0,0,0,0,0,0,4,"1",FALSE,0
"18424",9,"F",6,"Hispanic","High",2,0,0,0,0,0,0,0,0,0,4,"1",FALSE,0
"18425",9,"F",6,"Hispanic","High",2,0,0,0,0,0,0,0,0,0,1,NA,FALSE,1
"18426",8,"F",6,"Hispanic","High",2,0,0,0,0,0,0,0,0,0,4,"1",FALSE,0
"18427",9,"F",6,"Hispanic","High",2,0,0,0,0,0,0,0,0,0,3,"1",FALSE,0
"18428",9,"M",6,"Hispanic","High",1,1,1,0,0,0,0,0,0,0,1,NA,TRUE,1
"18429",9,"M",6,"White","High",1,0,0,0,0,0,0,0,0,1,3,NA,TRUE,0
"18430",9,"M",6,"White","High",1,0,0,0,0,0,0,0,0,1,4,NA,TRUE,0
"18431",8,"M",6,"White","High",1,1,0,1,0,0,0,0,0,1,1,NA,TRUE,1
"18432",8,"M",6,"White","High",1,1,1,1,1,1,1,1,1,1,1,NA,TRUE,1
"18433",9,"M",6,"Hispanic","High",1,1,1,0,0,0,1,0,0,1,1,"1",TRUE,1
"18434",10,"M",6,"White","High",1,0,0,1,1,0,0,0,0,1,2,NA,TRUE,1
"18435",9,"M",6,"White","High",2,0,0,0,0,0,0,0,0,0,4,"1",FALSE,0
"18436",9,"M",7,"White","High",2,0,0,0,0,0,0,0,0,1,2,NA,TRUE,1
"18437",10,"M",7,"White","High",2,0,0,1,0,0,0,0,0,0,4,NA,TRUE,0
"18438",9,"M",7,"White","High",2,0,0,1,0,0,0,0,0,1,3,"1",TRUE,0
"18439",9,"F",7,"Black","High",2,NA,0,0,0,0,0,0,0,0,2,"1",NA,1
"18440",6,"M",4,"White","High",1,1,1,1,1,0,1,1,0,1,1,"1",TRUE,1
"18441",7,"M",4,"White","High",1,0,0,0,0,0,0,0,0,1,1,"1",TRUE,1
"18442",8,"F",5,"White","High",2,0,0,0,0,0,0,0,0,0,4,NA,FALSE,0
"18443",7,"M",4,"White","High",2,0,0,0,0,0,0,0,0,0,4,NA,FALSE,0
"18444",7,"M",4,"White","High",1,0,0,0,0,0,0,0,0,1,2,NA,TRUE,1
"18445",7,"M",4,"Black","High",1,1,NA,1,NA,NA,0,NA,NA,1,4,NA,TRUE,0
"18446",7,"M",4,"White","High",1,1,1,1,1,0,1,0,0,1,4,NA,TRUE,0
"18447",7,"F",4,"Hispanic","High",2,0,0,0,0,0,0,0,0,1,4,NA,TRUE,0
"18448",7,"M",4,"White","High",2,NA,0,1,0,0,0,0,0,0,1,"1",TRUE,1
"18449",7,"M",4,"White","High",1,0,0,0,0,0,0,0,0,1,4,NA,TRUE,0
"18450",7,"M",4,"Hispanic","High",1,NA,1,1,0,0,0,0,1,1,2,"1",TRUE,1
"18451",8,"M",5,"White","High",1,0,0,0,0,0,0,0,0,0,2,NA,FALSE,1
"18452",8,"M",5,"Hispanic","High",2,0,0,0,0,0,0,0,0,1,4,NA,TRUE,0
"18453",7,"M",4,"White","High",2,0,0,0,0,0,0,0,0,1,3,NA,TRUE,0
"18454",8,"F",5,"White","High",2,1,0,0,0,0,0,0,0,1,1,NA,TRUE,1
"18455",8,"M",4,"White","High",1,1,1,1,1,0,1,1,1,1,1,NA,TRUE,1
"18456",7,"M",4,"White","High",1,1,1,1,0,0,1,0,0,1,1,"1",TRUE,1
"18457",10,"F",7,"White","High",1,1,1,0,0,0,0,0,0,1,1,"1",TRUE,1
"18458",8,"F",5,"White","High",2,0,0,0,0,0,0,0,0,0,4,"1",FALSE,0
"18459",10,"F",7,"White","High",2,0,0,0,0,0,0,0,0,0,3,"1",FALSE,0
"18460",11,"M",7,NA,"High",2,0,0,1,0,0,0,0,0,1,3,"1",TRUE,0
"18461",10,"M",7,"White","High",1,0,0,0,0,0,0,0,0,1,1,"1",TRUE,1
"18462",7,"F",4,"Hispanic","High",1,1,0,0,0,0,0,0,0,1,2,NA,TRUE,1
"18463",9,"F",6,"White","High",2,1,0,0,0,0,1,1,0,1,1,NA,TRUE,1
"18464",9,"F",6,"White","High",1,1,1,0,0,0,0,0,0,1,1,NA,TRUE,1
"18465",7,"M",4,"Hispanic","High",2,0,0,0,0,0,0,0,0,1,4,"1",TRUE,0
"18466",9,"F",6,"Hispanic","High",2,0,0,0,0,0,0,0,0,1,2,NA,TRUE,1
"18467",9,"F",6,"White","High",1,1,1,0,0,0,0,0,0,1,1,NA,TRUE,1
"18468",9,"F",6,"White","High",2,0,0,0,0,0,0,0,0,1,4,"1",TRUE,0
"18469",8,"F",5,"White","High",2,0,0,0,0,0,0,0,0,1,1,NA,TRUE,1
"18470",10,"F",7,"Black","High",2,0,0,0,0,0,0,0,0,0,4,"1",FALSE,0
"18471",9,"F",6,"White","High",2,0,0,0,0,0,0,0,0,0,4,"1",FALSE,0
"18472",8,"F",5,"Hispanic","High",2,0,0,0,0,0,0,0,0,0,3,NA,FALSE,0
"18473",7,"M",4,"AI/AN","High",1,1,1,0,0,0,0,1,0,1,1,"1",TRUE,1
"18474",10,"M",6,"Hispanic","High",1,0,0,0,0,0,0,0,0,0,4,NA,FALSE,0
"18475",8,"M",5,"White","High",1,1,1,1,0,0,0,0,0,1,1,NA,TRUE,1
"18476",9,"M",6,"White","High",2,1,0,1,0,0,0,0,0,0,2,"1",TRUE,1
"18477",7,"M",4,"White","High",1,1,0,1,0,0,0,1,0,1,2,"1",TRUE,1
"18478",7,"M",4,"White","High",1,0,0,0,0,0,0,0,0,1,2,"1",TRUE,1
"18479",9,"M",6,"Hispanic","High",2,0,0,0,0,0,0,0,0,0,3,"1",FALSE,0
"18480",9,"M",6,"White","High",1,1,1,1,0,0,0,1,0,0,1,NA,TRUE,1
"18481",7,"M",4,"Hispanic","High",2,0,0,0,0,0,0,0,0,0,4,NA,FALSE,0
"18482",8,"F",6,"White","High",2,0,0,0,0,0,0,0,0,0,4,NA,FALSE,0
"18483",7,"F",4,"White","High",2,0,0,0,0,0,0,0,0,0,4,NA,FALSE,0
"18484",7,"F",4,"White","High",2,0,0,0,0,0,0,0,0,1,2,NA,TRUE,1
"18485",8,"F",5,"Hispanic","High",2,0,0,0,0,0,0,0,0,0,2,"1",FALSE,1
"18486",6,"F",4,"White","High",2,0,0,0,0,0,0,0,0,1,4,NA,TRUE,0
"18487",7,"F",4,"Hispanic","High",2,0,0,0,0,0,0,0,0,0,4,"1",FALSE,0
"18488",9,"F",6,"White","High",1,1,0,0,0,0,0,0,0,1,2,NA,TRUE,1
"18489",8,"F",5,"White","High",2,0,0,0,0,0,0,0,0,1,3,NA,TRUE,0
"18490",9,"F",5,"White","High",1,1,1,0,0,0,0,1,0,1,2,NA,TRUE,1
"18491",8,"F",5,"White","High",1,1,0,0,0,0,0,0,0,1,2,NA,TRUE,1
"18492",7,"F",4,"White","High",1,0,0,0,0,0,0,1,0,1,2,"1",TRUE,1
"18493",7,"F",4,"White","High",2,0,0,0,0,0,0,0,0,0,3,"1",FALSE,0
"18494",7,"F",4,"White","High",2,0,0,0,0,0,0,0,0,0,3,"1",FALSE,0
"18495",7,"M",5,"AI/AN","High",2,0,0,0,0,0,0,0,0,1,2,NA,TRUE,1
"18496",8,"M",5,"White","High",1,1,0,1,0,0,0,0,0,1,2,NA,TRUE,1
"18497",8,"F",5,"White","High",2,0,0,0,0,0,0,0,0,0,3,"1",FALSE,0
"18498",6,"F",4,"Hispanic","High",2,0,0,0,0,0,0,0,0,0,4,"1",FALSE,0
"18499",6,"M",4,"Black","High",1,0,0,0,0,0,0,0,0,0,2,NA,FALSE,1
"18500",7,"F",4,"Hispanic","High",2,0,0,0,0,0,0,0,0,0,4,"1",FALSE,0
"18501",7,"F",4,"White","High",2,0,0,0,0,0,0,0,0,0,1,NA,FALSE,1
"18502",9,"F",6,"White","High",1,1,0,0,0,0,0,1,0,1,1,NA,TRUE,1
"18503",6,NA,4,NA,"High",2,0,0,0,0,0,0,0,0,0,1,NA,FALSE,1
"18504",7,"M",4,"White","High",2,0,0,0,0,0,0,0,0,0,4,"1",FALSE,0
"18505",6,"F",4,"White","High",2,0,0,0,0,0,0,0,0,0,2,"1",FALSE,1
"18506",7,"M",4,"White","High",2,0,0,0,0,0,0,0,0,0,4,NA,FALSE,0
"18507",6,"F",4,"White","High",2,0,0,0,0,0,0,0,0,0,1,NA,FALSE,1
"18508",7,"F",4,"White","High",1,0,0,0,NA,NA,0,NA,NA,1,2,"1",TRUE,1
"18509",7,"M",4,"White","High",1,0,0,0,0,0,0,0,0,1,2,"1",TRUE,1
"18510",7,"M",4,"Hispanic","High",1,0,0,0,0,0,0,0,0,1,3,NA,TRUE,0
"18511",6,"M",4,"White","High",2,0,0,NA,0,0,0,0,0,0,4,NA,NA,0
"18512",8,"M",4,"White","High",2,0,0,0,0,0,0,0,0,1,3,"1",TRUE,0
"18513",6,"F",4,"White","High",2,0,0,0,0,0,0,0,0,0,4,NA,FALSE,0
"18514",6,"M",4,"White","High",2,0,0,0,0,0,0,0,0,0,3,"1",FALSE,0
"18515",7,"M",4,"White","High",2,0,0,0,0,0,0,0,0,0,4,NA,FALSE,0
"18516",8,"F",5,"White","High",2,0,0,0,0,0,0,0,0,0,4,"1",FALSE,0
"18517",6,NA,NA,"Hispanic",NA,1,1,1,0,1,1,1,1,1,1,1,NA,TRUE,1
"18518",7,"F",4,"White","High",2,0,0,0,0,0,0,0,0,0,4,"1",FALSE,0
"18519",8,"M",4,"White","High",2,0,0,0,0,0,0,0,0,0,3,NA,FALSE,0
"18520",8,"M",4,"White","High",NA,NA,NA,0,NA,NA,0,NA,NA,0,1,"1",NA,1
"18521",9,"F",6,NA,"High",1,1,1,0,0,0,0,0,0,1,1,"1",TRUE,1
"18522",7,"M",4,"White","High",2,0,0,0,0,0,0,0,0,0,4,"1",FALSE,0
"18523",8,"F",5,"White","High",2,0,0,0,0,0,0,0,0,0,4,"1",FALSE,0
"18524",7,"F",4,"White","High",2,0,0,0,0,0,0,0,0,0,4,NA,FALSE,0
"18525",7,"F",4,"White","High",2,0,0,0,0,0,0,0,0,0,4,"1",FALSE,0
"18526",9,"M",6,"White","High",2,0,0,0,0,0,0,0,0,0,4,"1",FALSE,0
"18527",8,"F",5,"Hispanic","High",1,1,1,0,0,0,1,0,0,1,1,"1",TRUE,1
"18528",6,"F",4,"White","High",2,0,0,0,0,0,0,0,0,0,4,"1",FALSE,0
"18529",NA,NA,NA,NA,NA,2,NA,NA,NA,NA,NA,NA,NA,NA,NA,4,NA,NA,0
"18530",8,"F",5,"White","High",1,0,0,0,0,0,0,0,0,0,2,NA,FALSE,1
"18531",7,"M",4,"White","High",2,0,0,0,0,0,0,0,0,0,4,"1",FALSE,0
"18532",6,"F",4,"Black","High",2,0,0,0,0,0,0,0,0,0,4,"1",FALSE,0
"18533",11,"F",7,"White","High",2,1,0,1,0,0,0,0,0,0,2,NA,TRUE,1
"18534",6,"M",4,"White","High",2,0,0,0,0,0,0,0,0,0,4,"1",FALSE,0
"18535",7,"M",4,"White","High",2,0,0,0,0,0,0,0,0,0,4,"1",FALSE,0
"18536",8,"M",4,NA,"High",1,0,1,1,0,0,0,1,0,1,3,"1",TRUE,0
"18537",9,"F",6,"Hispanic","High",2,0,0,0,0,0,0,0,0,1,4,NA,TRUE,0
"18538",6,"M",4,"Hispanic","High",1,1,0,1,0,0,0,0,0,1,1,NA,TRUE,1
"18539",8,"F",5,"White","High",1,1,1,0,NA,NA,0,NA,NA,1,1,NA,TRUE,1
"18540",10,"F",7,"White","High",2,0,0,0,0,0,NA,0,0,0,4,"1",NA,0
"18541",10,"M",7,"White","High",2,1,0,1,0,0,0,1,0,0,1,"1",TRUE,1
"18542",10,"F",7,"White","High",2,1,0,0,0,0,0,0,0,1,2,NA,TRUE,1
"18543",11,"M",7,"White","High",2,0,0,0,0,0,0,0,0,0,4,NA,FALSE,0
"18544",10,"M",7,"White","High",1,0,0,0,0,0,0,0,0,1,2,NA,TRUE,1
"18545",10,"M",7,"Hispanic","High",2,0,0,0,0,0,0,0,0,0,4,"1",FALSE,0
"18546",9,"M",7,"White","High",1,1,1,1,0,0,1,0,0,1,2,NA,TRUE,1
"18547",10,"M",7,"White","High",1,1,1,1,0,0,0,0,0,0,2,NA,TRUE,1
"18548",11,"M",7,"Hispanic","High",1,1,NA,1,0,0,0,0,0,1,2,NA,TRUE,1
"18549",10,"M",7,"Hispanic","High",1,0,0,0,NA,NA,1,NA,NA,0,4,"1",TRUE,0
"18550",10,"F",7,"White","High",1,0,NA,0,0,0,0,0,0,0,1,NA,NA,1
"18551",4,"M",1,"White","Middle",2,0,0,0,0,0,0,0,0,0,4,"1",FALSE,0
"18552",6,"F",3,"Black","Middle",2,0,0,0,0,0,0,0,0,0,4,"1",FALSE,0
"18553",6,"F",3,"Hispanic","Middle",2,0,0,0,0,0,0,0,0,0,2,NA,FALSE,1
"18554",5,"F",3,"Asian","Middle",2,0,0,0,0,0,0,0,0,0,2,"1",FALSE,1
"18555",6,"M",3,"Black","Middle",2,0,0,0,0,0,0,0,0,0,3,NA,FALSE,0
"18556",5,"M",3,"Black","Middle",2,NA,NA,0,0,0,0,0,0,0,2,NA,NA,1
"18557",5,"M",3,"White","Middle",2,0,0,0,0,0,0,0,0,0,2,"1",FALSE,1
"18558",6,"F",3,NA,"Middle",2,0,0,0,0,0,0,0,0,0,4,"1",FALSE,0
"18559",5,"F",3,"Black","Middle",1,0,0,0,0,0,0,0,0,0,2,"1",FALSE,1
"18560",6,"F",3,"Hispanic","Middle",2,0,0,0,0,0,0,0,0,0,4,"1",FALSE,0
"18561",5,"F",3,"White","Middle",2,0,0,0,0,0,0,0,0,0,4,"1",FALSE,0
"18562",6,"F",3,"White","Middle",2,0,0,0,0,0,0,0,0,0,4,"1",FALSE,0
"18563",6,"F",3,"Black","Middle",2,0,0,0,0,0,0,0,0,0,4,"1",FALSE,0
"18564",7,"F",3,"NHOPI","Middle",1,0,1,0,NA,NA,NA,NA,NA,0,4,"1",TRUE,0
"18565",5,"F",3,"Black","Middle",2,0,0,0,0,0,0,0,0,0,4,"1",FALSE,0
"18566",6,"F",3,"Hispanic","Middle",2,0,0,0,0,0,0,0,0,0,4,NA,FALSE,0
"18567",5,"F",3,"White","Middle",2,0,0,0,0,0,0,0,0,0,1,"1",FALSE,1
"18568",5,"F",3,"White","Middle",2,0,0,0,0,0,NA,0,0,0,4,NA,NA,0
"18569",5,"M",3,"Hispanic","Middle",2,0,0,0,0,0,0,0,0,0,2,"1",FALSE,1
"18570",6,"M",3,"White","Middle",2,0,0,0,0,0,0,0,0,0,4,"1",FALSE,0
"18571",4,"M",1,"White","Middle",2,0,0,0,0,0,0,0,0,0,4,"1",FALSE,0
"18572",3,"F",1,"White","Middle",2,0,0,0,0,0,0,0,0,0,4,"1",FALSE,0
"18573",4,"F",1,"White","Middle",2,0,0,0,0,0,0,0,0,0,4,NA,FALSE,0
"18574",4,"F",1,"White","Middle",2,0,0,0,0,0,0,0,0,0,4,NA,FALSE,0
"18575",4,NA,1,"Asian","Middle",2,0,0,0,0,0,0,0,0,0,1,"1",FALSE,1
"18576",4,"F",1,"Hispanic","Middle",2,0,0,0,0,0,0,0,0,0,4,"1",FALSE,0
"18577",4,"F",1,"White","Middle",2,0,0,0,0,0,0,0,0,0,2,"1",FALSE,1
"18578",4,"M",1,"Black","Middle",2,0,0,0,0,0,0,0,0,0,4,NA,FALSE,0
"18579",3,"F",1,"Black","Middle",2,0,0,0,0,0,0,0,0,0,4,"1",FALSE,0
"18580",4,"F",1,"White","Middle",2,0,0,0,0,0,0,0,0,0,4,"1",FALSE,0
"18581",4,"F",1,"Asian","Middle",2,0,0,0,0,0,0,0,0,0,4,"1",FALSE,0
"18582",4,"M",1,"Hispanic","Middle",2,0,0,0,0,0,0,0,0,0,4,"1",FALSE,0
"18583",3,"F",1,"Black","Middle",2,0,0,0,0,0,0,0,0,0,4,"1",FALSE,0
"18584",3,"F",1,"Black","Middle",2,0,0,0,0,0,0,0,0,0,3,"1",FALSE,0
"18585",3,"F",1,"Hispanic","Middle",2,0,0,0,0,0,0,0,0,0,4,"1",FALSE,0
"18586",4,"F",1,"Black","Middle",2,0,0,0,0,0,0,0,0,0,4,"1",FALSE,0
"18587",4,"F",1,"White","Middle",2,0,0,0,0,0,0,0,0,0,4,NA,FALSE,0
"18588",3,"F",1,"Hispanic","Middle",2,0,0,0,0,0,0,0,0,0,4,NA,FALSE,0
"18589",3,"M",1,"White","Middle",2,0,0,0,0,0,0,0,0,0,4,"1",FALSE,0
"18590",4,"M",1,"Asian","Middle",2,0,0,0,0,0,0,0,0,0,2,NA,FALSE,1
"18591",4,"M",1,"White","Middle",2,0,0,0,NA,NA,NA,NA,NA,0,2,"1",NA,1
"18592",3,"M",1,"Hispanic","Middle",2,0,0,0,0,0,0,0,0,1,2,NA,TRUE,1
"18593",4,"F",1,"White","Middle",2,0,0,0,0,0,0,0,0,0,1,NA,FALSE,1
"18594",4,"F",1,"Black","Middle",2,0,0,0,0,0,0,0,0,0,1,NA,FALSE,1
"18595",4,"M",1,"White","Middle",2,0,0,0,0,0,0,0,0,0,4,"1",FALSE,0
"18596",3,"F",1,"White","Middle",2,0,0,0,0,0,0,0,0,0,4,"1",FALSE,0
"18597",3,"F",1,"Black","Middle",2,0,0,0,0,0,0,0,0,0,3,"1",FALSE,0
"18598",4,"F",1,"White","Middle",2,0,0,0,0,0,0,0,0,0,4,"1",FALSE,0
"18599",4,"F",1,"White","Middle",2,0,0,0,0,0,0,0,0,0,4,"1",FALSE,0
"18600",4,"M",2,"Black","Middle",2,0,0,0,0,0,0,0,0,0,2,NA,FALSE,1
"18601",5,"F",3,"Hispanic","Middle",2,0,0,0,0,0,0,0,0,0,3,NA,FALSE,0
"18602",5,"F",3,"Black","Middle",2,0,0,0,0,0,0,0,0,0,2,"1",FALSE,1
"18603",5,"F",3,"Asian","Middle",2,0,0,0,0,0,0,0,0,0,4,"1",FALSE,0
"18604",6,"F",3,"White","Middle",2,0,0,0,0,0,0,0,0,0,1,"1",FALSE,1
"18605",7,"F",3,"Black","Middle",1,0,0,0,0,0,0,0,0,0,4,"1",FALSE,0
"18606",6,"F",3,"Asian","Middle",2,0,0,0,0,0,0,0,0,0,4,NA,FALSE,0
"18607",6,"F",3,"Hispanic","Middle",2,0,0,0,0,0,0,0,0,0,2,"1",FALSE,1
"18608",6,"F",3,"White","Middle",2,0,0,0,0,0,0,0,0,0,4,NA,FALSE,0
"18609",5,NA,3,NA,"Middle",2,0,0,0,0,0,0,0,0,0,4,NA,FALSE,0
"18610",6,"F",3,"Black","Middle",2,0,0,0,0,0,0,0,0,0,4,NA,FALSE,0
"18611",6,"F",3,"Hispanic","Middle",2,0,0,0,0,0,0,0,0,0,4,"1",FALSE,0
"18612",6,"M",3,"Asian","Middle",2,0,0,0,0,0,0,0,0,0,3,"1",FALSE,0
"18613",6,"M",3,"Black","Middle",2,0,0,0,0,0,0,0,0,0,2,NA,FALSE,1
"18614",5,"M",3,"White","Middle",NA,0,NA,NA,0,0,0,0,0,NA,4,"1",NA,0
"18615",6,"F",3,"Hispanic","Middle",2,0,0,0,0,0,0,0,0,0,4,NA,FALSE,0
"18616",6,"M",3,"Black","Middle",1,0,1,0,0,0,0,0,0,0,4,NA,TRUE,0
"18617",6,"M",3,"White","Middle",2,0,0,0,0,0,0,0,0,0,4,NA,FALSE,0
"18618",6,"F",3,"White","Middle",2,0,0,0,0,0,0,0,0,0,2,NA,FALSE,1
"18619",6,"F",3,"White","Middle",2,0,0,0,0,0,0,0,0,0,4,NA,FALSE,0
"18620",5,"F",3,"White","Middle",2,0,0,0,0,0,0,0,0,1,3,NA,TRUE,0
"18621",5,"M",3,"Hispanic","Middle",2,0,0,0,0,0,0,0,0,0,4,NA,FALSE,0
"18622",5,"M",3,"Hispanic","Middle",2,0,0,0,0,0,0,0,0,0,4,NA,FALSE,0
"18623",6,"M",3,"Black","Middle",2,0,0,0,0,0,0,0,0,0,4,"1",FALSE,0
"18624",6,"F",3,"White","Middle",2,1,0,0,0,0,0,1,0,0,2,NA,TRUE,1
"18625",6,"M",3,"Hispanic","Middle",1,0,0,0,0,0,0,0,0,0,4,NA,FALSE,0
"18626",6,"M",3,"Black","Middle",2,0,0,0,0,0,0,0,0,0,4,"1",FALSE,0
"18627",5,"F",2,"Black","Middle",2,0,0,0,0,0,0,0,0,0,3,NA,FALSE,0
"18628",5,"M",2,"White","Middle",2,0,0,0,0,0,0,0,0,0,2,"1",FALSE,1
"18629",4,"F",2,"Hispanic","Middle",2,0,0,0,0,0,0,0,0,0,3,"1",FALSE,0
"18630",4,"F",2,"Asian","Middle",2,0,0,0,0,0,0,0,0,0,3,"1",FALSE,0
"18631",4,"F",2,"Asian","Middle",2,0,0,0,0,0,0,0,0,0,3,NA,FALSE,0
"18632",5,"F",2,"Hispanic","Middle",2,0,0,0,0,0,0,0,0,0,4,"1",FALSE,0
"18633",5,"M",2,"Black","Middle",NA,0,0,0,0,0,0,0,0,0,4,"1",FALSE,0
"18634",5,"F",2,"White","Middle",2,0,0,0,0,0,0,0,0,0,4,NA,FALSE,0
"18635",4,"M",2,"White","Middle",2,0,0,0,0,0,0,0,0,0,4,"1",FALSE,0
"18636",5,"F",2,"Asian","Middle",2,0,0,NA,NA,NA,NA,NA,NA,NA,3,"1",NA,0
"18637",4,"F",2,"White","Middle",2,0,0,0,0,0,0,0,0,0,4,"1",FALSE,0
"18638",5,"F",2,"Hispanic","Middle",2,0,0,0,0,0,0,0,0,0,4,"1",FALSE,0
"18639",4,"M",2,"White","Middle",2,0,0,0,0,0,0,0,0,0,3,"1",FALSE,0
"18640",NA,"M",2,"White","Middle",2,0,0,0,0,0,0,0,0,0,2,NA,FALSE,1
"18641",5,"M",2,"Hispanic","Middle",2,0,0,0,0,0,0,0,0,0,4,"1",FALSE,0
"18642",5,"F",2,"Hispanic","Middle",2,0,0,0,0,0,0,0,0,0,4,"1",FALSE,0
"18643",3,"F",1,"Asian","Middle",2,0,0,0,0,0,0,0,0,0,4,"1",FALSE,0
"18644",4,"M",1,"Black","Middle",2,0,0,0,0,0,0,0,0,0,4,NA,FALSE,0
"18645",4,"M",1,"Hispanic","Middle",2,0,0,0,0,0,0,0,0,0,3,"1",FALSE,0
"18646",3,"M",1,"Hispanic","Middle",2,0,0,0,0,0,0,0,0,0,3,"1",FALSE,0
"18647",6,"M",2,"Hispanic","Middle",2,0,0,0,0,0,0,0,0,0,4,"1",FALSE,0
"18648",4,"M",2,"Hispanic","Middle",2,0,0,0,0,0,0,0,0,0,4,"1",FALSE,0
"18649",4,"F",2,"Black","Middle",2,0,0,0,0,0,0,0,0,0,2,NA,FALSE,1
"18650",5,"F",2,"Black","Middle",2,0,0,0,0,0,0,0,0,0,2,NA,FALSE,1
"18651",4,"M",2,"Hispanic","Middle",2,0,0,0,0,0,0,0,0,0,4,"1",FALSE,0
"18652",4,"M",2,"Hispanic","Middle",2,0,0,0,0,0,0,0,0,0,4,"1",FALSE,0
"18653",5,"M",2,"Black","Middle",2,0,0,0,0,0,0,0,0,0,4,"1",FALSE,0
"18654",4,"M",2,"White","Middle",2,0,0,0,0,0,0,0,0,0,4,"1",FALSE,0
"18655",4,"F",2,"White","Middle",1,0,1,0,0,0,NA,0,0,1,4,NA,TRUE,0
"18656",4,"F",2,"Black","Middle",2,0,0,0,0,0,0,0,0,0,4,NA,FALSE,0
"18657",6,"F",2,"Black","Middle",2,0,0,0,0,0,0,0,0,0,4,NA,FALSE,0
"18658",4,"F",2,"White","Middle",2,0,0,0,0,0,0,0,0,0,2,"1",FALSE,1
"18659",5,"M",2,NA,"Middle",2,0,0,0,0,0,0,0,0,0,NA,"1",FALSE,NA
"18660",5,"F",2,"Black","Middle",2,0,0,0,0,0,0,0,0,0,4,NA,FALSE,0
"18661",4,"F",2,"Black","Middle",2,0,0,0,0,0,0,0,0,0,4,NA,FALSE,0
"18662",4,"F",2,"Hispanic","Middle",2,0,0,0,0,0,0,0,0,0,4,"1",FALSE,0
"18663",5,"F",2,"Hispanic","Middle",1,1,1,0,0,0,0,0,0,0,1,NA,TRUE,1
"18664",5,"M",2,"Black","Middle",2,0,0,0,0,0,0,0,0,0,4,"1",FALSE,0
"18665",3,"F",1,"Asian","Middle",2,0,0,0,0,0,0,0,0,0,4,NA,FALSE,0
"18666",4,"M",1,"White","Middle",2,0,NA,0,0,0,0,0,0,0,4,NA,NA,0
"18667",NA,NA,NA,NA,NA,2,0,0,0,0,0,0,0,0,0,4,"1",FALSE,0
"18668",3,"M",1,NA,"Middle",2,0,0,0,0,0,0,0,0,0,4,"1",FALSE,0
"18669",3,"M",1,"Black","Middle",2,0,0,0,0,0,0,0,0,0,2,"1",FALSE,1
"18670",4,"M",1,"Asian","Middle",2,0,0,0,0,0,0,0,0,0,4,NA,FALSE,0
"18671",3,"F",1,"Asian","Middle",2,0,0,0,0,0,0,0,0,0,4,"1",FALSE,0
"18672",3,"F",1,"Hispanic","Middle",2,0,0,0,0,0,0,0,0,0,2,NA,FALSE,1
"18673",4,"M",1,"White","Middle",2,0,0,0,0,0,0,0,0,0,4,NA,FALSE,0
"18674",4,"F",1,"Hispanic","Middle",2,0,0,0,0,0,0,0,0,0,1,NA,FALSE,1
"18675",3,"M",1,"White","Middle",2,0,0,0,0,0,0,0,0,0,4,"1",FALSE,0
"18676",4,"F",1,"White","Middle",2,0,0,0,0,0,0,0,0,0,4,"1",FALSE,0
"18677",4,"F",1,NA,"Middle",2,0,0,0,0,0,0,0,0,0,4,"1",FALSE,0
"18678",4,"M",1,"White","Middle",2,0,0,0,0,0,0,0,0,0,4,"1",FALSE,0
"18679",3,"F",1,"Asian","Middle",2,0,0,0,0,0,0,0,0,0,4,"1",FALSE,0
"18680",4,"F",1,"White","Middle",2,0,0,0,0,0,0,0,0,0,3,"1",FALSE,0
"18681",3,"F",1,"Hispanic","Middle",2,0,0,0,0,0,0,0,0,0,3,"1",FALSE,0
"18682",4,"F",1,"White","Middle",2,0,0,0,0,0,0,0,0,0,4,"1",FALSE,0
"18683",4,"F",1,"Black","Middle",2,0,0,0,0,0,0,0,0,0,4,"1",FALSE,0
"18684",6,"F",4,"Hispanic","High",2,0,0,0,0,0,0,0,0,0,4,"1",FALSE,0
"18685",7,"M",4,"Hispanic","High",2,0,0,0,0,0,0,0,0,0,4,NA,FALSE,0
"18686",7,"F",4,"Hispanic","High",2,0,0,0,0,0,0,0,0,0,4,NA,FALSE,0
"18687",7,"F",4,"Hispanic","High",2,0,0,0,0,0,0,0,0,0,4,"1",FALSE,0
"18688",7,"F",4,"Hispanic","High",2,0,0,0,0,0,0,0,0,0,4,"1",FALSE,0
"18689",7,"F",4,"Hispanic","High",2,0,0,0,0,0,1,0,0,0,4,"1",TRUE,0
"18690",6,"M",4,"Hispanic","High",2,0,0,0,0,0,0,0,0,0,4,"1",FALSE,0
"18691",7,"M",4,"Hispanic","High",2,0,0,0,0,0,0,0,0,1,4,"1",TRUE,0
"18692",6,"M",4,"Hispanic","High",2,0,0,0,0,0,0,0,0,0,4,"1",FALSE,0
"18693",7,"M",4,"Hispanic","High",2,0,0,0,0,0,0,0,0,0,4,"1",FALSE,0
"18694",7,"M",4,"Hispanic","High",2,0,0,0,0,0,0,0,0,0,3,"1",FALSE,0
"18695",6,"M",4,"Hispanic","High",2,0,0,0,0,0,1,0,0,1,3,NA,TRUE,0
"18696",8,"M",4,"Hispanic","High",2,0,0,0,0,0,0,0,0,0,4,"1",FALSE,0
"18697",7,"F",4,"Hispanic","High",2,0,0,0,0,0,0,0,0,0,2,"1",FALSE,1
"18698",7,"F",4,"Hispanic","High",2,0,0,0,0,0,0,0,0,0,4,NA,FALSE,0
"18699",9,"M",6,"Hispanic","High",1,1,0,0,0,0,0,0,0,0,1,NA,TRUE,1
"18700",9,"M",6,"Hispanic","High",2,0,0,0,0,0,0,0,0,0,4,"1",FALSE,0
"18701",10,"M",6,"Hispanic","High",2,0,0,0,0,0,0,0,0,1,2,"1",TRUE,1
"18702",9,"M",6,"Hispanic","High",1,NA,0,0,NA,NA,0,NA,NA,1,2,NA,TRUE,1
"18703",10,"F",6,"Hispanic","High",1,0,1,0,0,0,0,0,0,1,1,NA,TRUE,1
"18704",9,"F",6,"Hispanic","High",2,0,0,0,0,0,0,0,0,0,4,"1",FALSE,0
"18705",8,"M",5,"Hispanic","High",2,0,0,0,0,0,0,0,0,0,2,"1",FALSE,1
"18706",7,"M",5,"Hispanic","High",2,0,0,0,0,0,0,0,0,0,2,"1",FALSE,1
"18707",7,"M",5,"Hispanic","High",2,0,0,0,0,0,0,0,0,0,4,"1",FALSE,0
"18708",7,"M",5,"Hispanic","High",2,0,0,0,0,0,0,0,0,0,3,"1",FALSE,0
"18709",8,"M",5,"Hispanic","High",2,0,0,0,0,0,0,0,0,0,2,"1",FALSE,1
"18710",8,"F",6,"Hispanic","High",2,0,0,0,0,0,0,0,0,0,4,"1",FALSE,0
"18711",9,"F",6,"Hispanic","High",2,0,0,0,0,0,0,0,0,0,2,NA,FALSE,1
"18712",10,"F",6,"Hispanic","High",2,0,0,0,0,0,0,0,0,0,3,"1",FALSE,0
"18713",8,"F",6,"Hispanic","High",2,0,0,0,0,0,0,0,0,0,4,"1",FALSE,0
"18714",9,"F",6,"Hispanic","High",2,0,0,0,0,0,0,0,0,0,3,"1",FALSE,0
"18715",8,"F",6,"Hispanic","High",2,0,0,0,0,0,0,0,0,0,4,"1",FALSE,0
"18716",9,"F",6,"Hispanic","High",2,0,0,0,0,0,0,0,0,1,3,"1",TRUE,0
"18717",8,"F",6,"Hispanic","High",2,0,0,0,0,0,0,0,0,0,2,"1",FALSE,1
"18718",8,"M",6,"Hispanic","High",2,0,0,0,0,0,0,0,0,0,3,"1",FALSE,0
"18719",8,"M",6,"Hispanic","High",2,0,0,0,0,0,0,0,0,0,3,"1",FALSE,0
"18720",7,"M",5,"Hispanic","High",2,0,0,0,0,0,0,0,0,0,4,"1",FALSE,0
"18721",10,"F",7,"Hispanic","High",2,0,0,0,0,0,0,0,0,0,4,NA,FALSE,0
"18722",10,"F",7,"Hispanic","High",2,0,0,0,0,0,0,0,0,0,4,"1",FALSE,0
"18723",8,"F",5,"Hispanic","High",2,0,0,0,0,0,0,0,0,0,4,"1",FALSE,0
"18724",8,"F",5,"Hispanic","High",2,NA,0,0,NA,NA,0,NA,NA,1,2,NA,TRUE,1
"18725",8,"F",5,"Hispanic","High",2,0,0,0,NA,NA,0,NA,NA,0,3,NA,NA,0
"18726",8,"M",5,"Hispanic","High",1,0,0,0,NA,NA,0,NA,NA,0,1,NA,NA,1
"18727",11,"M",7,"Hispanic","High",2,0,0,0,0,0,0,0,0,0,4,"1",FALSE,0
"18728",10,"F",7,"Hispanic","High",2,0,0,0,0,0,0,0,0,0,1,"1",FALSE,1
"18729",8,"F",5,"Hispanic","High",1,0,0,0,0,0,0,0,0,0,1,"1",FALSE,1
"18730",8,"F",5,"Hispanic","High",2,0,0,0,0,0,0,0,0,0,2,"1",FALSE,1
"18731",7,"F",5,"Hispanic","High",2,0,0,0,0,0,0,0,0,0,3,"1",FALSE,0
"18732",8,"M",5,"Hispanic","High",2,0,0,0,0,0,0,0,0,0,NA,"1",FALSE,NA
"18733",7,"F",5,"Hispanic","High",NA,0,0,0,0,0,1,0,0,0,2,"1",TRUE,1
"18734",3,"M",1,"White","Middle",2,0,0,0,0,0,0,0,0,0,4,"1",FALSE,0
"18735",4,"F",1,"Asian","Middle",2,0,0,0,0,0,0,0,0,0,4,"1",FALSE,0
"18736",4,"M",1,NA,"Middle",2,0,0,0,0,0,0,0,0,0,4,NA,FALSE,0
"18737",3,"M",1,"White","Middle",2,0,0,1,0,0,0,0,0,0,3,NA,TRUE,0
"18738",3,"M",1,"White","Middle",2,0,0,0,0,0,0,0,0,0,4,"1",FALSE,0
"18739",3,"F",1,"White","Middle",2,0,0,0,0,0,0,0,0,0,4,NA,FALSE,0
"18740",4,"M",1,"White","Middle",2,0,0,0,0,0,0,0,0,0,4,"1",FALSE,0
"18741",3,"M",1,NA,"Middle",2,0,0,0,0,0,0,0,0,0,3,NA,FALSE,0
"18742",3,"F",1,"White","Middle",2,0,0,0,0,0,0,0,0,0,4,"1",FALSE,0
"18743",3,"F",1,"White","Middle",2,0,0,0,0,0,0,0,0,0,3,"1",FALSE,0
"18744",3,"M",1,"White","Middle",2,0,0,0,0,0,0,0,0,0,4,"1",FALSE,0
"18745",3,"F",1,"AI/AN","Middle",2,0,0,0,0,0,0,0,0,0,4,NA,FALSE,0
"18746",4,"F",1,"White","Middle",2,0,0,0,0,0,0,0,0,0,4,"1",FALSE,0
"18747",4,"M",1,"White","Middle",2,0,0,0,0,0,0,0,0,0,4,"1",FALSE,0
"18748",4,"F",1,"White","Middle",2,0,0,0,0,0,0,0,0,0,3,"1",FALSE,0
"18749",4,"F",2,"Black","Middle",2,0,0,0,0,0,0,0,0,0,4,"1",FALSE,0
"18750",6,"M",3,"Hispanic","Middle",2,0,0,0,0,0,0,0,0,0,4,"1",FALSE,0
"18751",5,"F",3,"Black","Middle",1,0,0,0,0,0,0,0,0,0,3,NA,FALSE,0
"18752",6,"F",3,"Black","Middle",2,0,0,0,0,0,0,0,0,0,2,NA,FALSE,1
"18753",7,"M",3,"Black","Middle",2,0,0,0,0,0,0,0,0,0,4,NA,FALSE,0
"18754",5,"M",3,"Black","Middle",1,NA,0,0,0,0,0,0,0,1,2,"1",TRUE,1
"18755",5,"M",3,"AI/AN","Middle",2,0,0,0,0,0,0,0,0,0,4,NA,FALSE,0
"18756",4,"F",2,"Black","Middle",1,0,1,0,0,0,0,0,0,0,1,NA,TRUE,1
"18757",6,"M",3,NA,"Middle",2,0,0,0,0,0,0,0,0,0,4,NA,FALSE,0
"18758",5,"M",3,NA,"Middle",2,0,0,0,0,0,0,0,0,0,4,NA,FALSE,0
"18759",5,"M",2,"Hispanic","Middle",2,0,0,0,0,0,0,0,0,0,4,"1",FALSE,0
"18760",5,"M",2,"Black","Middle",1,0,0,0,0,0,0,0,0,0,2,NA,FALSE,1
"18761",4,"M",2,"Hispanic","Middle",2,0,0,0,0,0,0,0,0,0,2,"1",FALSE,1
"18762",5,"M",2,NA,"Middle",2,0,0,0,0,0,0,0,0,0,4,NA,FALSE,0
"18763",4,"F",2,"Black","Middle",2,0,0,0,0,0,0,0,0,0,4,"1",FALSE,0
"18764",6,"F",2,NA,"Middle",2,0,0,0,0,0,0,0,0,0,4,NA,FALSE,0
"18765",5,"M",2,"White","Middle",2,0,0,0,0,0,0,0,0,0,2,NA,FALSE,1
"18766",5,NA,2,"Hispanic","Middle",2,0,0,0,0,0,0,0,0,0,4,"1",FALSE,0
"18767",5,"M",2,"Black","Middle",2,0,0,0,0,0,0,0,0,0,4,NA,FALSE,0
"18768",6,"M",2,"Hispanic","Middle",2,0,0,0,0,0,0,0,0,0,4,NA,FALSE,0
"18769",4,"F",2,NA,"Middle",2,0,0,0,0,0,0,0,0,0,4,"1",FALSE,0
"18770",6,"F",2,NA,"Middle",NA,0,0,0,NA,NA,0,NA,NA,0,4,NA,NA,0
"18771",4,"F",2,"White","Middle",2,0,0,0,0,0,0,0,0,0,4,"1",FALSE,0
"18772",4,"F",2,"Hispanic","Middle",2,0,0,0,0,0,0,0,0,0,4,"1",FALSE,0
"18773",5,"M",2,NA,"Middle",2,0,0,0,0,0,0,0,0,0,3,NA,FALSE,0
"18774",5,"F",2,"Hispanic","Middle",1,0,0,0,0,0,0,0,0,0,2,NA,FALSE,1
"18775",4,"F",2,"Hispanic","Middle",2,0,0,0,0,0,0,0,0,0,4,NA,FALSE,0
"18776",5,"M",2,"Hispanic","Middle",2,0,0,0,0,0,0,0,0,0,4,"1",FALSE,0
"18777",5,"F",2,"Hispanic","Middle",2,0,0,0,0,0,0,0,0,0,1,NA,FALSE,1
"18778",5,"M",2,NA,"Middle",1,1,1,0,NA,NA,0,NA,NA,1,3,NA,TRUE,0
"18779",5,"M",2,"Black","Middle",2,0,0,0,0,0,0,0,0,0,4,NA,FALSE,0
"18780",6,"F",3,"Hispanic","Middle",1,0,0,0,0,0,0,0,0,0,4,"1",FALSE,0
"18781",5,"M",3,"Hispanic","Middle",2,0,0,0,0,0,0,0,0,0,2,NA,FALSE,1
"18782",7,"M",3,"Black","Middle",2,0,0,0,0,0,0,0,0,0,2,"1",FALSE,1
"18783",5,"F",3,"Black","Middle",2,0,0,0,0,0,0,0,0,0,4,"1",FALSE,0
"18784",5,"M",2,"Hispanic","Middle",2,0,0,0,0,0,0,0,0,0,4,"1",FALSE,0
"18785",6,"F",4,"White","High",1,0,0,1,0,0,0,0,0,1,2,"1",TRUE,1
"18786",7,"M",4,"White","High",1,0,0,0,0,0,0,0,0,0,3,"1",FALSE,0
"18787",6,"M",4,"Hispanic","High",2,0,0,0,0,0,0,0,0,0,4,"1",FALSE,0
"18788",7,"F",4,"Black","High",2,0,0,0,0,0,0,0,0,0,4,"1",FALSE,0
"18789",7,"F",4,"Hispanic","High",2,0,0,0,0,0,0,0,0,0,4,"1",FALSE,0
"18790",6,"M",4,"White","High",2,0,0,0,0,0,0,0,0,0,4,"1",FALSE,0
"18791",5,"F",4,"White","High",2,0,0,0,0,0,0,0,0,0,4,"1",FALSE,0
"18792",7,"M",4,"Hispanic","High",2,0,0,0,0,0,0,0,0,0,4,"1",FALSE,0
"18793",7,"M",4,"Hispanic","High",2,0,0,0,0,0,0,0,0,0,3,"1",FALSE,0
"18794",7,"F",4,"White","High",2,0,0,0,0,0,0,0,0,0,3,"1",FALSE,0
"18795",6,"F",4,"White","High",2,0,0,0,0,0,0,0,0,0,4,"1",FALSE,0
"18796",7,"F",4,"White","High",2,0,0,0,0,0,0,0,0,0,3,NA,FALSE,0
"18797",7,"M",4,"Hispanic","High",2,0,0,0,0,0,0,0,0,0,4,"1",FALSE,0
"18798",6,"M",4,"White","High",2,0,0,0,0,0,0,0,0,0,4,"1",FALSE,0
"18799",7,"M",4,"Hispanic","High",2,0,0,0,0,0,0,0,0,0,3,"1",FALSE,0
"18800",9,"M",7,"Black","High",2,0,0,0,0,0,0,0,0,0,4,"1",FALSE,0
"18801",9,"M",7,"White","High",2,0,0,1,0,0,0,0,0,0,3,NA,TRUE,0
"18802",10,"M",7,"White","High",1,0,0,1,0,0,NA,0,0,NA,3,NA,TRUE,0
"18803",9,"M",7,"Hispanic","High",1,1,0,0,0,0,0,0,0,1,2,"1",TRUE,1
"18804",10,"M",7,"Black","High",1,0,0,1,0,0,0,0,0,1,1,NA,TRUE,1
"18805",9,"M",7,"AI/AN","High",1,0,1,0,0,1,1,0,0,1,1,"1",TRUE,1
"18806",10,"F",7,"Hispanic","High",1,0,0,0,0,0,0,0,0,0,2,"1",FALSE,1
"18807",11,"M",7,"White","High",2,0,0,0,0,0,0,0,0,1,2,NA,TRUE,1
"18808",9,"F",7,"Hispanic","High",2,0,0,0,0,0,0,0,0,0,4,NA,FALSE,0
"18809",10,"M",7,"Hispanic","High",1,1,1,0,0,0,0,0,0,0,1,"1",TRUE,1
"18810",10,"M",7,"Hispanic","High",1,1,0,1,0,0,0,0,0,1,2,NA,TRUE,1
"18811",10,"M",7,"White","High",2,0,0,0,0,0,0,0,0,0,4,"1",FALSE,0
"18812",10,"M",7,"Hispanic","High",2,0,0,0,0,0,0,0,0,1,2,NA,TRUE,1
"18813",9,"F",7,"Hispanic","High",2,0,0,0,0,0,0,0,0,0,4,"1",FALSE,0
"18814",9,"M",7,"Hispanic","High",1,0,1,0,0,0,0,0,0,0,2,NA,TRUE,1
"18815",8,"M",6,"Hispanic","High",2,0,0,0,0,0,0,0,0,0,4,"1",FALSE,0
"18816",9,"F",6,"White","High",2,0,0,0,0,0,0,0,0,0,4,"1",FALSE,0
"18817",8,"M",6,"White","High",2,0,0,0,0,0,0,0,0,0,4,NA,FALSE,0
"18818",9,"F",6,"Black","High",2,0,0,0,0,0,0,0,0,0,4,"1",FALSE,0
"18819",9,"F",6,"White","High",2,0,0,0,0,0,0,0,0,1,3,NA,TRUE,0
"18820",9,"M",6,"Hispanic","High",2,0,0,0,0,0,0,0,0,0,4,NA,FALSE,0
"18821",9,"M",6,"Hispanic","High",2,0,0,0,0,0,0,0,0,0,4,"1",FALSE,0
"18822",9,"F",6,"Black","High",1,1,1,0,0,0,0,1,0,0,2,NA,TRUE,1
"18823",10,"F",6,"Hispanic","High",1,0,1,0,0,0,0,0,0,1,4,NA,TRUE,0
"18824",9,"M",7,"Hispanic","High",2,0,0,0,0,0,0,0,0,0,4,NA,FALSE,0
"18825",8,"F",5,"Hispanic","High",2,0,0,0,0,0,0,0,0,0,4,"1",FALSE,0
"18826",7,"F",5,"Hispanic","High",2,0,0,0,0,0,0,0,0,0,2,"1",FALSE,1
"18827",8,"F",5,"White","High",2,0,0,0,0,0,0,0,0,0,4,NA,FALSE,0
"18828",7,"F",5,"Hispanic","High",2,0,0,0,0,0,0,0,0,0,4,"1",FALSE,0
"18829",8,"F",5,"White","High",1,1,1,0,0,0,0,1,0,0,2,NA,TRUE,1
"18830",7,"M",5,"Hispanic","High",2,0,0,0,0,0,0,0,0,0,4,"1",FALSE,0
"18831",8,"M",5,"Hispanic","High",2,0,0,0,0,0,0,0,0,0,4,"1",FALSE,0
"18832",8,"M",5,"White","High",2,0,0,0,0,0,0,0,0,0,3,"1",FALSE,0
"18833",7,"M",5,"Hispanic","High",1,1,0,0,0,0,0,0,1,0,NA,NA,TRUE,NA
"18834",7,"M",5,"Hispanic","High",2,0,0,0,0,0,0,0,0,0,1,"1",FALSE,1
"18835",7,"F",5,"Hispanic","High",2,0,0,0,0,0,0,0,0,0,2,"1",FALSE,1
"18836",8,"M",5,"Hispanic","High",1,1,1,0,0,0,0,1,0,0,2,"1",TRUE,1
"18837",10,"F",7,NA,"High",1,1,0,0,0,0,0,0,0,1,1,"1",TRUE,1
"18838",7,"F",4,"Hispanic","High",2,0,0,0,0,0,0,0,0,0,4,"1",FALSE,0
"18839",6,"F",4,"Hispanic","High",1,1,1,0,0,1,0,0,0,0,1,"1",TRUE,1
"18840",6,"F",4,"Hispanic","High",2,0,0,0,0,0,0,0,0,0,4,"1",FALSE,0
"18841",8,"M",4,"White","High",1,0,0,0,0,0,0,0,0,0,2,NA,FALSE,1
"18842",7,"M",4,"Black","High",2,0,0,0,0,0,0,0,0,0,4,NA,FALSE,0
"18843",6,"M",4,"Hispanic","High",2,0,0,0,0,0,0,0,0,0,4,NA,FALSE,0
"18844",6,"M",4,"Hispanic","High",2,0,0,0,0,0,0,0,0,0,4,"1",FALSE,0
"18845",8,"M",4,"White","High",1,0,0,0,0,0,0,0,0,1,2,NA,TRUE,1
"18846",7,"M",4,"NHOPI","High",2,0,0,0,0,0,0,0,0,0,4,"1",FALSE,0
"18847",6,"M",4,"White","High",2,0,0,0,0,0,0,0,0,0,2,NA,FALSE,1
"18848",6,"M",4,"White","High",2,0,0,0,0,0,0,0,0,0,4,NA,FALSE,0
"18849",6,"F",4,"White","High",NA,0,0,NA,0,0,0,0,0,0,4,"1",NA,0
"18850",9,"F",6,"Hispanic","High",2,0,0,0,0,0,0,0,0,0,4,"1",FALSE,0
"18851",9,"M",6,"White","High",1,0,0,0,0,0,0,0,0,1,2,"1",TRUE,1
"18852",9,"F",6,"White","High",2,0,0,0,0,0,0,0,0,0,4,NA,FALSE,0
"18853",9,"F",6,"White","High",1,0,0,0,0,0,0,0,0,1,2,NA,TRUE,1
"18854",9,"F",6,"Hispanic","High",2,0,0,0,0,0,0,0,0,0,3,"1",FALSE,0
"18855",9,"F",6,"Hispanic","High",2,0,0,0,0,0,0,0,0,0,2,NA,FALSE,1
"18856",8,"F",6,"White","High",2,0,0,0,0,0,0,0,0,0,2,"1",FALSE,1
"18857",9,"M",6,"White","High",2,0,0,0,0,0,0,0,0,0,4,NA,FALSE,0
"18858",9,"M",6,"Hispanic","High",1,0,0,0,0,0,0,0,0,0,2,NA,FALSE,1
"18859",9,"M",6,"White","High",1,0,0,0,0,0,0,0,0,0,4,NA,FALSE,0
"18860",9,"M",6,"White","High",2,0,0,0,0,0,0,0,0,0,4,NA,FALSE,0
"18861",8,"M",6,"Hispanic","High",2,0,0,0,0,0,0,0,0,0,3,"1",FALSE,0
"18862",4,"M",2,"Hispanic","Middle",1,1,1,1,1,0,1,0,0,1,1,"1",TRUE,1
"18863",4,"F",2,"Black","Middle",1,NA,1,0,0,0,0,0,0,0,2,"1",TRUE,1
"18864",4,"F",1,"White","Middle",2,0,0,0,0,0,0,0,0,0,1,NA,FALSE,1
"18865",3,"F",1,"Black","Middle",2,0,0,0,NA,NA,NA,NA,NA,NA,4,NA,NA,0
"18866",3,"F",1,"Black","Middle",2,0,0,0,NA,NA,NA,NA,NA,NA,4,NA,NA,0
"18867",3,"F",1,"Black","Middle",2,0,0,0,NA,NA,NA,NA,NA,NA,4,NA,NA,0
"18868",3,"M",1,"White","Middle",2,0,0,0,0,0,0,0,0,0,4,NA,FALSE,0
"18869",3,"M",1,"White","Middle",2,0,0,0,NA,NA,0,NA,NA,0,4,NA,NA,0
"18870",4,"M",1,"White","Middle",1,1,NA,NA,NA,NA,NA,NA,NA,NA,2,NA,TRUE,1
"18871",4,"M",1,"Hispanic","Middle",2,0,0,0,0,0,0,0,0,0,4,NA,FALSE,0
"18872",5,"M",1,"Hispanic","Middle",2,0,0,0,0,0,0,0,0,0,4,NA,FALSE,0
"18873",4,"M",1,NA,"Middle",2,0,0,0,0,0,0,0,0,0,4,"1",FALSE,0
"18874",6,"M",1,NA,"Middle",2,0,0,1,0,0,0,0,0,0,3,NA,TRUE,0
"18875",4,NA,1,NA,"Middle",2,0,0,0,0,0,0,0,0,0,4,NA,FALSE,0
"18876",3,"F",1,NA,"Middle",2,0,0,0,0,0,0,0,0,0,4,NA,FALSE,0
"18877",4,"F",1,"White","Middle",2,0,0,0,0,0,0,0,0,0,3,NA,FALSE,0
"18878",4,"F",1,"Hispanic","Middle",1,0,0,0,NA,NA,NA,NA,NA,0,2,NA,NA,1
"18879",3,"F",1,"Hispanic","Middle",2,0,0,0,0,0,NA,0,0,0,4,NA,NA,0
"18880",4,"F",1,"White","Middle",2,0,0,0,NA,NA,0,NA,NA,0,3,NA,NA,0
"18881",4,"F",1,"White","Middle",2,0,0,0,0,0,0,0,0,0,4,NA,FALSE,0
"18882",5,"F",2,"White","Middle",2,0,0,0,0,0,0,0,0,0,4,"1",FALSE,0
"18883",5,"M",2,"White","Middle",2,0,0,0,0,0,0,0,0,0,4,"1",FALSE,0
"18884",4,"F",2,"White","Middle",2,0,0,0,0,0,0,0,0,0,4,"1",FALSE,0
"18885",4,"M",2,"Hispanic","Middle",2,0,0,0,0,0,0,0,0,0,4,"1",FALSE,0
"18886",5,"F",2,"White","Middle",2,0,0,0,0,0,0,0,0,0,2,"1",FALSE,1
"18887",6,"M",2,"Hispanic","Middle",NA,NA,NA,1,NA,NA,1,NA,NA,NA,2,"1",TRUE,1
"18888",4,"F",2,"White","Middle",2,0,0,0,0,0,0,0,0,0,4,"1",FALSE,0
"18889",4,"M",2,"White","Middle",2,0,0,0,0,0,0,0,0,0,4,"1",FALSE,0
"18890",5,"F",2,"White","Middle",2,0,0,0,0,0,0,0,0,0,2,NA,FALSE,1
"18891",6,"M",2,"White","Middle",1,0,0,0,0,0,0,1,0,0,2,NA,TRUE,1
"18892",4,"F",2,"White","Middle",2,0,0,0,0,0,0,0,0,0,2,"1",FALSE,1
"18893",5,"F",2,"White","Middle",2,0,0,0,0,0,0,0,0,0,2,"1",FALSE,1
"18894",6,"M",2,"White","Middle",2,0,0,0,0,0,0,0,0,0,2,"1",FALSE,1
"18895",5,"M",2,"White","Middle",2,0,0,0,NA,NA,0,NA,NA,0,4,NA,NA,0
"18896",4,"M",2,"AI/AN","Middle",2,0,0,NA,0,0,0,0,0,1,2,NA,TRUE,1
"18897",6,"F",3,"White","Middle",2,0,0,0,0,0,0,0,0,0,4,"1",FALSE,0
"18898",6,"F",3,"White","Middle",2,0,0,0,0,0,0,0,0,0,4,NA,FALSE,0
"18899",6,"F",3,"Hispanic","Middle",2,0,0,0,0,0,0,0,0,0,3,"1",FALSE,0
"18900",6,"M",3,"White","Middle",2,0,0,0,0,0,0,0,0,0,4,"1",FALSE,0
"18901",6,"M",3,"White","Middle",2,0,0,0,0,0,0,0,0,0,4,"1",FALSE,0
"18902",6,"M",3,"White","Middle",2,0,0,0,0,0,0,0,0,0,4,"1",FALSE,0
"18903",6,"M",3,"White","Middle",2,0,0,1,0,0,0,0,0,0,4,NA,TRUE,0
"18904",6,"F",3,"White","Middle",2,0,0,0,0,0,0,0,0,0,4,"1",FALSE,0
"18905",6,"M",3,"Hispanic","Middle",2,0,0,0,0,0,0,0,0,0,4,"1",FALSE,0
"18906",5,"M",3,"Hispanic","Middle",2,0,0,0,0,0,0,0,0,0,4,"1",FALSE,0
"18907",6,"M",3,"White","Middle",2,0,0,0,0,0,0,0,0,0,4,NA,FALSE,0
"18908",6,"M",3,"White","Middle",2,0,0,0,0,0,0,0,0,0,4,NA,FALSE,0
"18909",6,"M",3,"Hispanic","Middle",2,0,0,0,0,0,0,0,0,0,4,"1",FALSE,0
"18910",6,"M",3,"White","Middle",2,0,0,0,0,0,0,0,0,0,4,"1",FALSE,0
"18911",6,"F",3,"White","Middle",1,1,1,0,0,1,1,0,1,1,1,NA,TRUE,1
"18912",6,"F",3,"White","Middle",2,0,0,0,0,0,0,0,0,0,4,NA,FALSE,0
"18913",7,"F",3,"White","Middle",2,0,0,0,0,0,0,0,0,0,4,NA,FALSE,0
"18914",6,"F",3,"White","Middle",2,0,0,0,0,0,0,0,0,0,3,NA,FALSE,0
"18915",5,"F",3,"Hispanic","Middle",2,0,0,0,0,0,0,0,0,0,3,"1",FALSE,0
"18916",8,"F",6,"Hispanic","High",2,0,0,0,0,0,0,0,0,0,3,"1",FALSE,0
"18917",9,"F",6,"Hispanic","High",2,0,0,0,0,0,0,0,0,0,4,NA,FALSE,0
"18918",8,"F",6,"Hispanic","High",2,0,0,0,0,0,0,0,0,0,4,"1",FALSE,0
"18919",8,"F",6,"White","High",2,0,0,0,0,0,0,0,0,0,4,NA,FALSE,0
"18920",7,"M",5,"Hispanic","High",2,0,0,0,0,0,0,0,0,0,4,"1",FALSE,0
"18921",8,"F",5,"Hispanic","High",1,1,1,0,0,0,0,1,0,1,2,"1",TRUE,1
"18922",6,"M",4,"Hispanic","High",2,0,0,0,0,0,0,0,0,0,4,"1",FALSE,0
"18923",8,"M",5,"White","High",2,0,0,0,NA,NA,NA,NA,NA,0,4,NA,NA,0
"18924",9,"F",6,"Hispanic","High",2,0,0,0,0,0,0,0,0,0,4,"1",FALSE,0
"18925",9,"F",6,"Hispanic","High",2,0,0,0,0,0,0,0,0,0,3,"1",FALSE,0
"18926",7,"M",5,"Hispanic","High",2,0,0,0,0,0,0,0,0,0,4,"1",FALSE,0
"18927",8,"M",5,NA,"High",2,0,0,0,0,0,0,0,0,0,3,"1",FALSE,0
"18928",7,"F",4,"Hispanic","High",1,0,1,0,0,0,0,0,0,0,4,NA,TRUE,0
"18929",9,"M",6,"Hispanic","High",2,0,0,0,0,0,0,0,0,0,4,"1",FALSE,0
"18930",8,"M",5,"Hispanic","High",1,0,1,0,0,0,0,0,0,0,2,"1",TRUE,1
"18931",8,"F",5,"Hispanic","High",1,0,1,0,0,0,0,0,0,1,4,"1",TRUE,0
"18932",8,"M",5,"Hispanic","High",2,0,0,0,0,0,0,0,0,0,4,"1",FALSE,0
"18933",9,"F",7,"Hispanic","High",2,0,0,0,0,0,0,0,0,0,4,NA,FALSE,0
"18934",7,"F",5,"Hispanic","High",2,0,0,0,0,0,0,0,0,0,2,NA,FALSE,1
"18935",8,"F",5,"White","High",2,1,0,0,0,0,0,0,0,0,2,NA,TRUE,1
"18936",9,"F",6,"Hispanic","High",2,0,0,0,0,0,0,0,0,0,4,"1",FALSE,0
"18937",8,"F",4,NA,"High",2,0,0,0,0,0,0,0,0,0,4,"1",FALSE,0
"18938",7,"F",5,"Hispanic","High",1,1,1,0,0,0,1,0,0,1,1,NA,TRUE,1
"18939",11,"F",7,"White","High",1,NA,1,0,0,0,0,0,0,0,2,"1",TRUE,1
"18940",9,"F",6,"Black","High",1,0,0,0,0,0,0,0,0,1,4,"1",TRUE,0
"18941",9,"F",6,"Hispanic","High",1,0,0,0,0,0,0,0,0,0,4,"1",FALSE,0
"18942",9,"F",6,"Hispanic","High",2,0,0,0,0,0,0,0,0,0,3,NA,FALSE,0
"18943",9,"F",6,"Hispanic","High",2,0,0,0,0,0,0,0,0,0,3,"1",FALSE,0
"18944",7,"M",4,"Hispanic","High",2,0,0,0,0,0,0,0,0,0,4,"1",FALSE,0
"18945",7,"M",4,"Hispanic","High",2,0,0,0,0,0,0,0,0,1,3,NA,TRUE,0
"18946",7,"M",5,"Hispanic","High",1,1,1,0,0,0,0,0,1,0,3,NA,TRUE,0
"18947",7,"M",4,NA,"High",NA,0,0,0,0,0,0,0,0,0,4,"1",FALSE,0
"18948",9,"F",6,"Hispanic","High",2,0,0,0,0,0,NA,0,0,0,2,"1",NA,1
"18949",10,"F",6,"Hispanic","High",2,0,0,0,0,0,0,0,0,0,3,"1",FALSE,0
"18950",6,"F",4,"Hispanic","High",2,0,0,0,0,0,0,0,0,0,3,"1",FALSE,0
"18951",7,"F",4,"Hispanic","High",2,0,0,0,0,0,0,0,0,0,4,"1",FALSE,0
"18952",8,"F",6,"Hispanic","High",2,0,0,0,0,0,0,0,0,0,3,"1",FALSE,0
"18953",9,"M",6,"Hispanic","High",2,0,0,0,0,0,0,0,0,0,1,NA,FALSE,1
"18954",10,"M",6,"Hispanic","High",2,0,0,0,0,0,0,0,0,0,1,"1",FALSE,1
"18955",9,"M",5,"Hispanic","High",1,1,1,0,0,0,0,0,0,1,1,"1",TRUE,1
"18956",8,"M",5,"Hispanic","High",2,0,0,0,0,0,0,0,0,0,4,"1",FALSE,0
"18957",8,"M",6,"Hispanic","High",2,NA,NA,NA,0,0,NA,0,0,NA,3,"1",NA,0
"18958",9,"F",6,"Hispanic","High",2,0,0,NA,0,0,0,0,0,0,1,NA,NA,1
"18959",7,"M",4,"Hispanic","High",2,0,0,0,0,0,0,0,0,0,4,"1",FALSE,0
"18960",9,"M",6,"Hispanic","High",2,0,0,0,0,0,0,0,0,0,3,"1",FALSE,0
"18961",7,"M",4,"Hispanic","High",2,0,0,0,0,0,0,0,0,0,4,"1",FALSE,0
"18962",10,"F",7,"Hispanic","High",2,0,0,0,0,0,0,0,0,0,4,NA,FALSE,0
"18963",8,"M",5,"Hispanic","High",2,0,0,0,0,0,0,0,0,0,4,"1",FALSE,0
"18964",7,"F",4,"Hispanic","High",2,0,0,0,0,0,0,0,0,0,4,"1",FALSE,0
"18965",9,"M",6,"Hispanic","High",2,0,0,0,0,0,0,0,0,0,2,"1",FALSE,1
"18966",7,"M",5,"Hispanic","High",NA,1,NA,0,0,0,0,0,0,0,1,"1",TRUE,1
"18967",7,"F",4,"Hispanic","High",2,0,0,0,0,0,0,0,0,0,4,"1",FALSE,0
"18968",9,"F",6,"Hispanic","High",1,0,1,0,0,0,0,0,0,1,4,"1",TRUE,0
"18969",8,"F",6,"Hispanic","High",2,0,0,0,0,0,0,0,0,0,4,"1",FALSE,0
"18970",8,"M",5,"Hispanic","High",2,0,0,0,0,0,0,0,0,0,4,"1",FALSE,0
"18971",8,"M",5,"Hispanic","High",1,0,0,NA,0,0,0,0,0,0,2,"1",NA,1
"18972",9,"M",4,"Hispanic","High",2,0,0,0,NA,NA,0,NA,NA,0,3,NA,NA,0
"18973",7,"M",5,"Hispanic","High",2,0,0,0,0,0,0,0,0,0,4,"1",FALSE,0
"18974",8,"M",5,"Hispanic","High",2,0,0,0,0,0,0,0,0,0,4,"1",FALSE,0
"18975",7,"M",5,"Hispanic","High",2,0,0,0,0,0,0,0,0,0,3,"1",FALSE,0
"18976",7,"M",4,"Hispanic","High",1,1,1,1,1,0,0,0,0,1,1,NA,TRUE,1
"18977",10,"M",6,"Hispanic","High",2,NA,0,0,0,0,0,0,0,0,2,"1",NA,1
"18978",9,"M",6,"Hispanic","High",2,0,0,0,0,0,0,0,0,0,3,"1",FALSE,0
"18979",9,"M",5,"Hispanic","High",2,0,0,0,0,0,0,0,0,0,4,"1",FALSE,0
"18980",8,"M",6,"Hispanic","High",NA,NA,0,0,0,0,NA,0,1,NA,4,NA,TRUE,0
"18981",8,"M",5,"Hispanic","High",2,0,NA,NA,0,0,NA,0,0,NA,4,"1",NA,0
"18982",9,"M",6,"Hispanic","High",2,0,0,0,0,0,0,0,0,0,4,"1",FALSE,0
"18983",8,"M",5,"Hispanic","High",2,0,0,0,0,0,0,0,0,1,2,NA,TRUE,1
"18984",8,"M",5,"Hispanic","High",2,NA,NA,NA,NA,NA,NA,NA,NA,NA,3,NA,NA,0
"18985",7,"F",5,"Hispanic","High",2,0,0,0,0,0,0,0,0,0,3,"1",FALSE,0
"18986",8,"F",5,"Hispanic","High",2,0,0,0,0,0,0,0,0,0,4,"1",FALSE,0
"18987",10,"F",6,"Hispanic","High",2,0,0,0,0,0,0,0,0,0,2,"1",FALSE,1
"18988",8,"F",6,"Hispanic","High",2,0,0,0,0,0,0,0,0,0,2,"1",FALSE,1
"18989",9,"M",6,"Hispanic","High",1,0,1,0,NA,NA,0,NA,NA,0,4,"1",TRUE,0
"18990",8,"F",6,"Hispanic","High",1,0,1,0,0,0,0,0,0,0,3,NA,TRUE,0
"18991",8,"F",5,"Hispanic","High",2,0,0,0,0,0,0,0,0,0,2,"1",FALSE,1
"18992",7,"M",5,"Hispanic","High",2,0,0,0,0,0,0,0,0,0,3,"1",FALSE,0
"18993",10,"F",7,"Asian","High",2,0,0,0,0,0,0,0,0,0,4,"1",FALSE,0
"18994",10,"M",7,NA,"High",2,1,0,0,0,0,0,0,0,0,3,"1",TRUE,0
"18995",9,"F",6,"Hispanic","High",2,0,0,0,0,0,0,0,0,0,4,"1",FALSE,0
"18996",9,"M",6,"Hispanic","High",2,NA,NA,NA,NA,NA,NA,NA,NA,NA,4,NA,NA,0
"18997",6,"F",4,"Hispanic","High",2,0,0,0,0,0,0,0,0,0,4,"1",FALSE,0
"18998",8,"F",4,"Hispanic","High",1,0,0,0,0,0,0,0,0,0,3,"1",FALSE,0
"18999",7,"F",5,"Hispanic","High",2,0,0,0,0,0,0,0,0,0,4,"1",FALSE,0
"19000",7,"F",5,"Hispanic","High",1,0,0,0,0,0,0,0,0,0,2,"1",FALSE,1
"19001",8,"M",4,"Hispanic","High",1,1,1,NA,0,0,0,1,0,0,1,NA,TRUE,1
"19002",NA,NA,NA,"Hispanic",NA,1,1,1,0,NA,NA,0,NA,NA,0,1,"1",TRUE,1
"19003",11,"M",7,"Hispanic","High",2,0,0,0,0,0,0,0,0,0,3,"1",FALSE,0
"19004",9,"F",6,"Hispanic","High",2,0,0,0,0,0,0,0,0,0,3,"1",FALSE,0
"19005",9,"M",6,"Hispanic","High",2,0,0,0,0,0,0,0,0,0,3,"1",FALSE,0
"19006",9,"F",6,"Hispanic","High",2,0,0,0,0,0,0,0,0,0,3,NA,FALSE,0
"19007",9,"M",7,"Hispanic","High",2,0,0,0,0,0,0,0,0,0,3,"1",FALSE,0
"19008",7,"F",4,"Hispanic","High",2,0,0,0,0,0,0,0,0,0,3,"1",FALSE,0
"19009",9,"M",6,"Hispanic","High",2,0,0,0,0,0,0,0,0,0,4,"1",FALSE,0
"19010",9,"F",6,"Hispanic","High",1,0,0,0,0,0,0,0,0,0,1,"1",FALSE,1
"19011",10,"M",7,"Hispanic","High",2,0,0,0,0,0,0,0,0,0,3,NA,FALSE,0
"19012",6,"F",4,"Hispanic","High",2,0,0,0,0,0,0,0,0,0,4,"1",FALSE,0
"19013",4,"F",1,"Hispanic","Middle",2,0,0,0,0,0,0,0,0,0,2,NA,FALSE,1
"19014",3,"M",1,"Hispanic","Middle",2,0,0,0,0,0,0,0,0,0,4,"1",FALSE,0
"19015",4,"F",1,"Hispanic","Middle",2,0,0,0,0,0,0,0,0,0,3,NA,FALSE,0
"19016",4,"M",1,NA,"Middle",2,0,0,0,0,0,0,0,0,0,4,"1",FALSE,0
"19017",3,"M",1,NA,"Middle",2,0,0,NA,0,0,0,0,0,0,4,"1",NA,0
"19018",4,"M",1,NA,"Middle",NA,0,0,0,0,0,0,0,0,0,NA,"1",FALSE,NA
"19019",NA,"M",NA,NA,NA,2,0,0,0,0,0,0,0,0,0,4,"1",FALSE,0
"19020",3,"M",1,"Hispanic","Middle",2,0,0,0,0,0,NA,0,0,0,4,"1",NA,0
"19021",4,"M",1,NA,"Middle",2,0,0,0,0,0,0,0,0,0,1,"1",FALSE,1
"19022",4,"F",1,"Hispanic","Middle",2,0,0,0,0,0,0,0,0,0,4,"1",FALSE,0
"19023",4,"F",1,"Hispanic","Middle",2,0,0,0,0,0,0,0,0,0,2,"1",FALSE,1
"19024",4,"F",1,"Hispanic","Middle",2,0,0,0,0,0,0,0,0,0,2,"1",FALSE,1
"19025",4,"M",1,"Hispanic","Middle",2,0,0,0,0,0,0,0,0,0,4,"1",FALSE,0
"19026",3,"M",1,"Hispanic","Middle",2,0,0,0,0,0,0,0,0,0,4,"1",FALSE,0
"19027",4,"M",1,"Hispanic","Middle",2,0,0,0,0,0,0,0,0,0,4,"1",FALSE,0
"19028",4,"F",1,"Hispanic","Middle",2,0,0,0,0,0,0,0,0,0,4,"1",FALSE,0
"19029",4,"F",1,"Hispanic","Middle",2,0,0,0,0,0,0,0,0,0,3,"1",FALSE,0
"19030",4,"M",1,"Hispanic","Middle",2,0,0,0,0,0,0,0,0,0,4,"1",FALSE,0
"19031",3,"F",1,"Hispanic","Middle",2,0,0,0,0,0,0,0,0,0,4,"1",FALSE,0
"19032",4,"M",1,"Hispanic","Middle",2,0,0,0,NA,NA,NA,NA,NA,0,1,"1",NA,1
"19033",4,"F",1,"Hispanic","Middle",2,0,0,0,0,0,0,0,0,0,4,"1",FALSE,0
"19034",5,"F",1,"Hispanic","Middle",2,0,0,0,0,0,0,0,0,0,2,NA,FALSE,1
"19035",4,"F",1,"Hispanic","Middle",2,0,0,0,0,0,0,0,0,0,4,NA,FALSE,0
"19036",4,"F",1,"Hispanic","Middle",2,0,0,0,0,0,0,0,0,0,4,NA,FALSE,0
"19037",4,"M",1,"Hispanic","Middle",2,0,0,0,0,0,0,0,0,0,4,NA,FALSE,0
"19038",4,"M",1,"Hispanic","Middle",2,0,0,0,0,0,0,0,0,0,4,"1",FALSE,0
"19039",4,"F",1,"Hispanic","Middle",2,0,0,0,0,0,0,0,0,0,4,"1",FALSE,0
"19040",5,"F",2,"Hispanic","Middle",2,NA,0,0,0,0,0,0,0,0,2,NA,NA,1
"19041",4,"F",2,"Hispanic","Middle",2,0,0,0,0,0,0,0,0,0,2,NA,FALSE,1
"19042",5,"F",2,"Hispanic","Middle",2,0,0,0,0,0,0,0,0,0,4,NA,FALSE,0
"19043",5,"F",2,"Hispanic","Middle",2,0,0,NA,0,0,0,0,0,0,4,NA,NA,0
"19044",5,"F",2,"White","Middle",2,0,0,0,0,0,0,0,0,0,4,NA,FALSE,0
"19045",5,"M",2,"Hispanic","Middle",2,0,0,0,0,0,0,0,0,0,4,"1",FALSE,0
"19046",4,"M",2,"Hispanic","Middle",2,0,0,0,0,0,0,0,0,0,4,"1",FALSE,0
"19047",5,"M",2,"Hispanic","Middle",2,0,0,0,0,0,0,0,0,0,4,"1",FALSE,0
"19048",5,"M",2,"Hispanic","Middle",NA,0,0,0,0,0,0,0,0,0,2,NA,FALSE,1
"19049",4,"F",2,"Hispanic","Middle",2,0,0,0,0,0,0,0,0,0,3,"1",FALSE,0
"19050",5,"F",2,"Hispanic","Middle",2,0,0,0,0,0,0,0,0,0,4,"1",FALSE,0
"19051",5,"F",2,"Hispanic","Middle",2,0,0,0,0,0,0,0,0,0,4,"1",FALSE,0
"19052",5,"F",2,"Hispanic","Middle",2,0,0,0,0,0,0,0,0,0,4,"1",FALSE,0
"19053",6,"F",2,"Hispanic","Middle",2,0,0,0,0,0,0,0,0,0,3,"1",FALSE,0
"19054",4,"M",2,NA,"Middle",2,0,0,NA,NA,NA,NA,NA,NA,NA,4,NA,NA,0
"19055",5,"M",2,"Hispanic","Middle",2,0,0,0,0,0,0,0,0,0,4,NA,FALSE,0
"19056",5,"M",2,"Hispanic","Middle",2,0,0,0,0,0,0,0,0,0,4,"1",FALSE,0
"19057",4,"M",2,"Hispanic","Middle",2,0,0,0,0,0,0,0,0,0,4,"1",FALSE,0
"19058",5,"M",2,"Hispanic","Middle",2,0,0,0,0,0,0,0,0,0,4,"1",FALSE,0
"19059",5,"M",2,"Hispanic","Middle",1,0,1,0,0,0,0,0,0,0,4,"1",TRUE,0
"19060",6,"M",2,"Hispanic","Middle",2,0,0,0,0,0,0,0,0,0,2,"1",FALSE,1
"19061",5,"M",2,"White","Middle",2,0,0,0,0,0,0,0,0,0,2,"1",FALSE,1
"19062",5,"F",2,"Black","Middle",1,0,0,0,0,0,0,0,0,0,1,NA,FALSE,1
"19063",5,"F",2,"Hispanic","Middle",2,1,0,0,0,0,NA,0,0,0,1,NA,TRUE,1
"19064",5,"F",2,"Hispanic","Middle",1,1,NA,NA,0,0,NA,0,0,NA,1,NA,TRUE,1
"19065",5,"F",2,"Hispanic","Middle",2,0,0,0,0,0,0,0,0,0,2,NA,FALSE,1
"19066",5,"F",2,"Hispanic","Middle",1,0,1,0,0,0,1,0,0,0,4,"1",TRUE,0
"19067",5,"F",2,"Hispanic","Middle",2,0,0,0,0,0,0,0,0,0,4,"1",FALSE,0
"19068",5,"F",2,"Hispanic","Middle",2,0,0,0,0,0,0,0,0,0,4,"1",FALSE,0
"19069",5,"F",2,"Hispanic","Middle",2,0,0,0,0,0,0,0,0,1,3,"1",TRUE,0
"19070",5,"F",2,"Hispanic","Middle",2,0,0,0,0,0,0,0,0,0,3,"1",FALSE,0
"19071",6,"F",3,"Hispanic","Middle",2,0,0,0,0,0,0,0,0,0,4,NA,FALSE,0
"19072",6,"M",2,"Hispanic","Middle",2,0,0,0,0,0,0,0,0,0,3,NA,FALSE,0
"19073",6,"F",3,"Hispanic","Middle",2,0,0,0,0,0,0,0,0,0,4,"1",FALSE,0
"19074",6,"F",3,"Black","Middle",2,0,0,0,0,0,0,0,0,0,4,"1",FALSE,0
"19075",5,"M",3,"Hispanic","Middle",2,0,0,0,0,0,0,0,0,0,4,"1",FALSE,0
"19076",6,"M",3,"Hispanic","Middle",2,0,0,0,0,0,0,0,0,0,4,NA,FALSE,0
"19077",7,"F",3,"Hispanic","Middle",2,0,0,0,0,0,0,0,0,0,3,"1",FALSE,0
"19078",6,"M",3,"Hispanic","Middle",2,0,0,0,0,0,NA,0,0,0,4,"1",NA,0
"19079",6,"M",3,NA,"Middle",2,0,0,0,0,0,0,0,0,0,4,"1",FALSE,0
"19080",5,"F",3,"Hispanic","Middle",2,0,0,0,0,0,0,0,0,0,4,NA,FALSE,0
"19081",6,"M",3,"Hispanic","Middle",2,0,0,0,0,0,0,0,0,0,2,"1",FALSE,1
"19082",6,"F",3,"Hispanic","Middle",2,0,0,0,0,0,0,0,0,0,3,NA,FALSE,0
"19083",7,"M",3,"Hispanic","Middle",NA,0,NA,0,0,0,0,0,0,0,3,"1",NA,0
"19084",6,"M",3,"Hispanic","Middle",2,0,0,0,0,0,0,0,0,0,4,"1",FALSE,0
"19085",11,"M",7,"Hispanic","High",1,1,1,1,1,1,1,1,1,1,1,NA,TRUE,1
"19086",6,"M",3,"Hispanic","Middle",1,0,0,0,0,0,0,0,0,0,4,"1",FALSE,0
"19087",4,"F",2,"Hispanic","Middle",NA,0,0,0,0,0,0,0,0,0,4,"1",FALSE,0
"19088",5,"F",3,"Hispanic","Middle",2,0,0,0,0,0,0,0,0,0,4,NA,FALSE,0
"19089",7,"F",3,NA,"Middle",2,0,0,0,0,0,0,0,0,0,4,NA,FALSE,0
"19090",6,"M",3,"Hispanic","Middle",1,0,1,0,0,0,0,0,0,0,4,NA,TRUE,0
"19091",5,"F",3,"Hispanic","Middle",2,0,0,0,0,0,0,0,0,0,4,"1",FALSE,0
"19092",6,"F",3,"Hispanic","Middle",2,0,0,0,0,0,0,0,0,0,4,"1",FALSE,0
"19093",7,"M",3,"Hispanic","Middle",2,NA,0,0,0,0,0,0,0,0,2,NA,NA,1
"19094",7,"M",3,"Hispanic","Middle",2,0,0,0,0,0,0,0,0,0,4,"1",FALSE,0
"19095",7,"F",3,"Hispanic","Middle",1,0,0,0,0,0,0,0,0,0,2,NA,FALSE,1
"19096",5,"M",3,"Hispanic","Middle",NA,NA,NA,NA,0,0,NA,0,0,NA,2,NA,NA,1
"19097",5,"F",2,"Hispanic","Middle",2,0,0,0,0,0,0,0,0,0,4,"1",FALSE,0
"19098",5,"F",2,"Hispanic","Middle",2,0,0,0,0,0,0,0,0,0,2,"1",FALSE,1
"19099",4,"F",2,"White","Middle",2,0,0,0,0,0,0,0,0,0,4,NA,FALSE,0
"19100",5,"F",2,"Black","Middle",2,0,0,0,0,0,0,0,0,0,2,NA,FALSE,1
"19101",5,"F",2,"Hispanic","Middle",2,0,0,0,0,0,0,0,0,0,2,"1",FALSE,1
"19102",5,"F",2,"Hispanic","Middle",1,0,0,0,1,0,0,0,0,0,3,NA,TRUE,0
"19103",5,"F",2,"Hispanic","Middle",2,0,0,0,0,0,0,0,0,0,4,"1",FALSE,0
"19104",5,"F",2,"White","Middle",2,0,0,0,0,0,0,0,0,0,4,"1",FALSE,0
"19105",5,"F",2,"White","Middle",2,0,0,0,0,0,0,0,0,0,4,"1",FALSE,0
"19106",5,"F",2,"Black","Middle",1,1,0,1,1,0,NA,0,0,1,1,NA,TRUE,1
"19107",4,"F",2,"White","Middle",2,0,0,0,0,0,0,0,0,0,4,NA,FALSE,0
"19108",5,"F",2,"Hispanic","Middle",1,0,0,0,0,0,0,0,0,1,1,"1",TRUE,1
"19109",4,"F",2,"Black","Middle",2,0,0,0,0,0,0,0,0,0,4,"1",FALSE,0
"19110",5,"F",2,"Hispanic","Middle",2,0,0,0,0,0,0,0,0,0,4,"1",FALSE,0
"19111",4,"F",2,"Hispanic","Middle",2,0,0,0,0,0,0,0,0,0,4,"1",FALSE,0
"19112",5,"F",2,"Hispanic","Middle",2,0,0,0,0,0,0,0,0,0,4,"1",FALSE,0
"19113",5,"M",3,"Hispanic","Middle",2,0,0,0,0,0,0,0,0,0,4,"1",FALSE,0
"19114",6,"M",3,"Hispanic","Middle",2,0,0,0,0,0,0,0,0,0,4,"1",FALSE,0
"19115",5,"M",3,"Hispanic","Middle",2,0,0,0,0,0,0,0,0,0,3,NA,FALSE,0
"19116",6,"M",3,"Hispanic","Middle",2,0,0,0,0,0,0,0,0,0,3,"1",FALSE,0
"19117",5,"M",3,"Hispanic","Middle",2,0,0,0,0,0,0,0,0,0,3,"1",FALSE,0
"19118",7,"M",3,"Hispanic","Middle",2,0,0,0,0,0,0,0,0,0,4,"1",FALSE,0
"19119",6,"M",3,"Hispanic","Middle",2,0,0,0,NA,NA,0,NA,NA,0,NA,NA,NA,NA
"19120",6,"M",3,"Hispanic","Middle",2,0,0,0,0,0,0,0,0,0,4,"1",FALSE,0
"19121",6,"M",3,"Hispanic","Middle",1,1,1,0,0,0,0,0,0,0,1,NA,TRUE,1
"19122",6,"M",3,"Hispanic","Middle",NA,0,0,0,0,0,0,0,0,1,4,"1",TRUE,0
"19123",5,"M",3,"Hispanic","Middle",2,0,0,0,0,0,0,0,0,0,2,NA,FALSE,1
"19124",6,"M",3,"Hispanic","Middle",2,0,0,0,0,0,0,0,0,0,4,"1",FALSE,0
"19125",5,"M",3,"Hispanic","Middle",2,0,0,0,0,0,0,0,0,0,4,"1",FALSE,0
"19126",6,"M",3,"White","Middle",2,0,0,0,0,0,0,0,0,0,4,NA,FALSE,0
"19127",5,"M",3,"Hispanic","Middle",2,0,0,0,0,0,0,0,0,0,4,"1",FALSE,0
"19128",5,"M",3,"Hispanic","Middle",2,0,0,0,0,0,0,0,0,0,4,NA,FALSE,0
"19129",7,"M",3,NA,"Middle",2,0,0,0,NA,NA,0,NA,NA,0,NA,NA,NA,NA
"19130",4,"F",1,"Hispanic","Middle",2,0,0,0,0,0,0,0,0,0,4,"1",FALSE,0
"19131",3,"F",1,"Asian","Middle",2,0,0,0,0,0,0,0,0,0,4,NA,FALSE,0
"19132",4,"M",1,"Hispanic","Middle",2,0,0,NA,0,0,0,0,0,0,4,"1",NA,0
"19133",3,"F",1,"Hispanic","Middle",2,0,0,0,0,0,0,0,0,0,3,"1",FALSE,0
"19134",4,"M",1,"Hispanic","Middle",2,0,0,0,0,0,0,0,0,0,4,"1",FALSE,0
"19135",4,"M",1,"Hispanic","Middle",2,0,0,0,0,0,0,0,0,0,3,"1",FALSE,0
"19136",4,"F",1,"Hispanic","Middle",2,0,0,0,0,0,0,0,0,0,4,"1",FALSE,0
"19137",5,"M",1,"Hispanic","Middle",2,0,0,0,0,0,0,0,0,0,4,"1",FALSE,0
"19138",NA,NA,NA,NA,NA,NA,NA,NA,NA,NA,NA,NA,NA,NA,NA,NA,NA,NA,NA
"19139",4,"F",1,"White","Middle",2,0,0,0,0,0,0,0,0,0,4,"1",FALSE,0
"19140",3,"F",1,"Hispanic","Middle",2,0,0,0,0,0,0,0,0,0,2,"1",FALSE,1
"19141",4,"F",1,"Hispanic","Middle",2,0,0,NA,0,0,0,0,0,0,2,"1",NA,1
"19142",4,"M",1,"Hispanic","Middle",2,0,0,0,0,0,0,0,0,0,2,NA,FALSE,1
"19143",4,"F",1,"Hispanic","Middle",2,0,0,0,0,0,0,0,0,0,2,"1",FALSE,1
"19144",3,"M",1,"Black","Middle",2,0,0,0,0,0,0,0,0,0,4,NA,FALSE,0
"19145",4,"M",1,"Hispanic","Middle",2,0,0,0,0,0,0,0,0,0,3,NA,FALSE,0
"19146",4,"F",1,"Hispanic","Middle",2,0,0,0,0,0,0,0,0,0,4,"1",FALSE,0
"19147",5,"F",1,NA,"Middle",2,0,0,0,0,0,0,0,0,0,3,NA,FALSE,0
"19148",5,"M",1,"Hispanic","Middle",2,0,0,NA,0,0,0,0,0,0,3,NA,NA,0
"19149",4,"M",1,"Hispanic","Middle",2,0,0,0,0,0,0,0,0,0,4,"1",FALSE,0
"19150",3,"F",1,"White","Middle",2,0,0,0,0,0,0,0,0,0,3,"1",FALSE,0
"19151",4,"F",1,"White","Middle",2,0,0,0,0,0,0,0,0,0,4,"1",FALSE,0
"19152",5,"M",1,"Hispanic","Middle",NA,1,NA,1,0,0,0,1,0,1,1,NA,TRUE,1
"19153",4,"M",1,"Hispanic","Middle",2,0,0,0,0,0,0,0,0,0,2,"1",FALSE,1
"19154",4,"M",1,"Hispanic","Middle",2,0,0,0,0,0,0,0,0,0,3,"1",FALSE,0
"19155",4,"M",1,"White","Middle",2,0,NA,0,0,0,0,0,0,0,4,"1",NA,0
"19156",4,"F",1,"Hispanic","Middle",2,0,0,0,0,0,0,0,0,0,4,"1",FALSE,0
"19157",3,"F",1,"Hispanic","Middle",2,0,0,0,0,0,0,0,0,0,4,"1",FALSE,0
"19158",4,"M",1,"Hispanic","Middle",2,0,0,0,0,0,0,0,0,0,3,"1",FALSE,0
"19159",4,"M",1,"Hispanic","Middle",2,0,0,0,0,0,0,0,0,0,4,"1",FALSE,0
"19160",4,"M",1,"Hispanic","Middle",2,0,0,0,0,0,0,0,0,0,4,NA,FALSE,0
"19161",4,"M",1,NA,"Middle",2,0,0,0,0,0,0,0,0,0,3,"1",FALSE,0
"19162",4,"M",1,"Hispanic","Middle",2,0,0,0,0,0,0,0,0,0,3,"1",FALSE,0
"19163",3,"F",1,NA,"Middle",2,0,0,0,0,0,0,0,0,0,4,"1",FALSE,0
"19164",4,"F",1,NA,"Middle",2,0,0,0,0,0,0,0,0,0,3,"1",FALSE,0
"19165",3,"F",1,"White","Middle",2,0,0,0,0,0,0,0,0,0,4,"1",FALSE,0
"19166",4,"F",1,"White","Middle",2,0,0,0,0,0,0,0,0,0,3,"1",FALSE,0
"19167",4,"M",1,"Hispanic","Middle",2,0,0,0,0,0,0,0,0,0,2,NA,FALSE,1
"19168",4,"F",1,NA,"Middle",2,0,0,0,0,0,0,0,0,0,4,"1",FALSE,0
"19169",7,"F",4,"White","High",2,0,0,0,0,0,0,0,0,0,4,"1",FALSE,0
"19170",7,"F",4,"Hispanic","High",2,0,0,0,0,0,0,0,0,0,3,"1",FALSE,0
"19171",6,"F",4,"White","High",2,0,0,0,0,0,0,0,0,0,4,"1",FALSE,0
"19172",7,"M",4,"White","High",2,0,0,0,0,0,0,0,0,0,4,"1",FALSE,0
"19173",7,"M",4,"Hispanic","High",2,0,0,0,0,0,0,0,0,0,1,NA,FALSE,1
"19174",6,"M",4,"White","High",2,0,0,0,0,0,0,0,0,0,3,"1",FALSE,0
"19175",7,"M",4,"Hispanic","High",2,0,0,0,0,0,0,0,0,0,4,"1",FALSE,0
"19176",7,"M",4,"White","High",2,0,0,0,NA,NA,0,NA,NA,0,4,"1",NA,0
"19177",7,"M",4,"White","High",2,0,0,0,0,0,0,0,0,0,4,"1",FALSE,0
"19178",7,"F",4,"White","High",NA,0,NA,NA,0,0,0,0,0,NA,4,"1",NA,0
"19179",7,"F",4,"White","High",2,0,0,0,0,0,0,0,0,0,4,"1",FALSE,0
"19180",6,"F",4,"White","High",2,0,0,0,0,0,0,0,0,0,4,"1",FALSE,0
"19181",7,"F",4,"White","High",2,0,0,0,0,0,0,0,0,0,3,NA,FALSE,0
"19182",7,"M",4,"White","High",2,0,0,0,0,0,0,0,0,0,4,"1",FALSE,0
"19183",6,"M",4,"White","High",2,0,0,0,0,0,0,0,0,0,3,"1",FALSE,0
"19184",9,"M",6,"White","High",1,0,1,0,0,0,0,0,0,1,2,NA,TRUE,1
"19185",8,"F",5,"Hispanic","High",2,0,0,0,0,0,0,0,0,0,4,"1",FALSE,0
"19186",7,"F",5,"Hispanic","High",2,0,0,0,0,0,0,0,0,0,3,"1",FALSE,0
"19187",9,"F",7,"Hispanic","High",2,0,0,0,NA,NA,NA,NA,NA,NA,4,NA,NA,0
"19188",7,"F",5,"White","High",2,0,0,0,0,0,0,0,0,0,4,"1",FALSE,0
"19189",8,"M",5,"White","High",2,0,0,0,0,0,0,0,0,0,4,"1",FALSE,0
"19190",9,"M",5,"White","High",2,0,0,0,0,0,0,0,0,0,4,NA,FALSE,0
"19191",8,"M",5,"White","High",2,0,0,0,0,0,0,0,0,0,4,"1",FALSE,0
"19192",8,"F",5,"White","High",2,0,0,0,0,0,0,0,0,0,4,"1",FALSE,0
"19193",8,"F",5,"White","High",2,0,0,0,0,0,0,0,0,0,4,NA,FALSE,0
"19194",8,"M",5,"Hispanic","High",2,0,0,0,0,0,0,0,0,0,3,"1",FALSE,0
"19195",8,"F",5,"White","High",2,0,0,0,0,0,0,0,0,0,4,"1",FALSE,0
"19196",8,"M",5,"White","High",2,0,0,0,0,0,0,0,0,0,4,"1",FALSE,0
"19197",7,"M",5,"White","High",2,0,0,0,0,0,0,0,0,0,4,"1",FALSE,0
"19198",8,"M",5,"White","High",2,0,0,0,0,0,0,0,0,0,4,"1",FALSE,0
"19199",9,"M",6,"White","High",1,1,0,1,0,0,0,0,0,1,1,NA,TRUE,1
"19200",8,"M",5,"White","High",2,0,0,0,0,0,0,0,0,0,3,"1",FALSE,0
"19201",8,"F",6,"White","High",1,1,0,0,0,0,0,1,0,1,2,NA,TRUE,1
"19202",9,"M",6,"White","High",1,0,0,0,0,0,0,0,0,1,1,NA,TRUE,1
"19203",7,"M",4,"Hispanic","High",1,1,1,1,0,0,1,1,0,1,1,NA,TRUE,1
"19204",7,"F",4,"NHOPI","High",2,0,0,0,0,0,0,0,0,0,4,NA,FALSE,0
"19205",7,"M",4,"White","High",2,0,0,NA,0,0,0,0,0,0,4,"1",NA,0
"19206",7,"M",4,"Hispanic","High",1,1,1,1,0,0,1,0,0,1,1,"1",TRUE,1
"19207",7,"M",4,"Hispanic","High",2,0,0,NA,0,0,0,0,0,0,4,NA,NA,0
"19208",6,"F",4,"White","High",2,0,0,0,0,0,0,0,0,0,4,"1",FALSE,0
"19209",7,"M",4,"White","High",2,0,0,1,1,0,0,0,0,1,1,NA,TRUE,1
"19210",7,"M",4,"White","High",2,0,0,0,0,0,0,0,0,0,4,"1",FALSE,0
"19211",7,"M",4,NA,"High",2,0,0,0,0,0,0,0,0,0,3,NA,FALSE,0
"19212",7,"M",4,"White","High",2,0,0,0,0,0,0,0,0,0,4,"1",FALSE,0
"19213",6,"M",4,"White","High",2,0,0,0,0,0,0,0,0,0,4,"1",FALSE,0
"19214",7,"F",4,"White","High",2,0,0,0,0,0,0,0,0,0,4,"1",FALSE,0
"19215",7,"F",4,"White","High",2,0,0,0,0,0,0,0,0,0,4,"1",FALSE,0
"19216",7,"F",5,"White","High",2,0,0,0,0,0,0,0,0,0,3,"1",FALSE,0
"19217",6,"F",4,"White","High",2,0,0,0,0,0,0,0,0,0,4,NA,FALSE,0
"19218",7,"M",4,"White","High",2,0,0,0,0,0,0,0,0,0,4,"1",FALSE,0
"19219",7,"M",4,"White","High",2,0,0,0,0,0,0,0,0,0,4,"1",FALSE,0
"19220",8,"M",4,"White","High",2,0,0,0,0,0,0,0,0,0,4,"1",FALSE,0
"19221",8,"M",4,"White","High",1,1,0,0,0,0,0,0,0,0,2,NA,TRUE,1
"19222",6,"M",4,"White","High",1,0,0,0,0,0,0,0,0,1,NA,NA,TRUE,NA
"19223",7,"M",4,"Hispanic","High",2,0,0,0,0,0,0,0,0,0,1,NA,FALSE,1
"19224",6,"F",4,"Hispanic","High",2,1,0,NA,0,0,0,0,0,0,1,NA,TRUE,1
"19225",6,"F",4,"White","High",2,0,0,0,0,0,0,0,0,0,4,"1",FALSE,0
"19226",7,"F",4,"White","High",2,0,0,0,0,0,0,0,0,0,4,"1",FALSE,0
"19227",7,"M",4,"White","High",2,0,0,0,0,0,0,0,0,0,4,"1",FALSE,0
"19228",7,"M",4,"Hispanic","High",2,0,0,0,0,0,0,0,0,0,1,NA,FALSE,1
"19229",8,"F",6,"White","High",2,0,0,0,0,0,0,0,0,0,2,"1",FALSE,1
"19230",9,"F",6,"White","High",2,0,0,0,0,0,0,0,0,0,4,"1",FALSE,0
"19231",9,"F",6,"White","High",2,0,0,0,0,0,0,0,0,0,4,"1",FALSE,0
"19232",9,"F",6,"Hispanic","High",2,0,0,0,0,0,0,0,0,0,4,"1",FALSE,0
"19233",9,"F",6,"White","High",2,0,0,0,0,0,0,0,0,0,4,NA,FALSE,0
"19234",9,"M",6,"White","High",2,0,0,0,0,0,0,0,0,0,4,"1",FALSE,0
"19235",9,"M",6,"White","High",2,0,0,0,0,0,0,0,0,0,2,"1",FALSE,1
"19236",9,"M",6,"White","High",2,0,0,0,0,0,0,0,0,0,4,"1",FALSE,0
"19237",9,"M",6,"White","High",2,0,0,0,0,0,0,0,0,0,4,"1",FALSE,0
"19238",9,"M",6,"White","High",2,0,0,0,0,0,0,0,0,0,4,"1",FALSE,0
"19239",8,"F",5,"White","High",2,0,0,0,0,0,0,0,0,0,4,NA,FALSE,0
"19240",9,"F",6,"White","High",2,0,0,0,0,0,0,0,0,1,2,"1",TRUE,1
"19241",9,"M",6,"White","High",2,0,0,0,0,0,0,0,0,0,2,"1",FALSE,1
"19242",9,"F",6,"White","High",2,0,0,0,0,0,0,0,0,0,3,"1",FALSE,0
"19243",9,"F",6,"White","High",2,0,0,0,0,0,0,0,0,0,4,NA,FALSE,0
"19244",9,"F",6,"White","High",2,0,0,0,0,0,0,0,0,0,3,"1",FALSE,0
"19245",9,"F",6,"White","High",2,0,0,0,0,0,0,0,0,1,2,"1",TRUE,1
"19246",9,"M",6,"White","High",2,0,0,0,0,0,0,0,0,0,1,"1",FALSE,1
"19247",9,"F",6,"White","High",2,0,0,0,0,0,0,0,0,0,4,"1",FALSE,0
"19248",9,"F",6,"White","High",2,0,0,0,0,0,0,0,0,0,4,NA,FALSE,0
"19249",9,"F",6,"Hispanic","High",2,0,0,0,0,0,0,0,0,0,3,"1",FALSE,0
"19250",7,"M",5,"White","High",2,0,0,0,0,0,0,0,0,0,3,"1",FALSE,0
"19251",8,"M",5,"White","High",2,0,0,0,0,0,0,0,0,0,4,"1",FALSE,0
"19252",9,"M",5,"White","High",2,0,0,0,0,0,0,0,0,0,4,"1",FALSE,0
"19253",6,"M",3,"White","Middle",2,0,0,0,0,0,0,0,0,0,4,NA,FALSE,0
"19254",8,"M",5,"White","High",2,0,0,0,0,0,0,0,0,1,3,NA,TRUE,0
"19255",6,"F",4,"White","High",2,0,0,0,0,0,1,0,0,1,1,NA,TRUE,1
"19256",11,"M",7,"Asian","High",2,0,0,0,0,0,0,0,0,0,4,"1",FALSE,0
"19257",10,"M",7,"White","High",1,0,0,0,0,0,0,0,0,0,4,"1",FALSE,0
"19258",10,"F",7,"White","High",2,0,0,0,0,0,0,0,0,1,4,NA,TRUE,0
"19259",11,"F",7,"Hispanic","High",1,1,1,0,0,0,0,1,0,1,1,NA,TRUE,1
"19260",9,"M",6,"Asian","High",NA,NA,NA,1,0,0,NA,1,0,1,2,NA,TRUE,1
"19261",7,"F",5,"Asian","High",2,0,0,0,0,0,0,0,0,0,4,"1",FALSE,0
"19262",6,"F",4,"White","High",2,0,0,0,0,0,0,0,0,0,4,NA,FALSE,0
"19263",6,"F",4,"White","High",2,0,0,0,0,0,0,0,0,0,4,"1",FALSE,0
"19264",7,"M",4,"White","High",1,1,1,1,1,1,1,1,0,1,1,NA,TRUE,1
"19265",9,"M",6,"Asian","High",2,NA,NA,NA,0,0,NA,0,0,NA,4,NA,NA,0
"19266",11,"M",7,"Hispanic","High",2,0,0,0,0,0,0,0,0,0,4,NA,FALSE,0
"19267",9,"M",6,"Hispanic","High",2,0,0,0,0,0,0,0,0,0,2,NA,FALSE,1
"19268",8,"F",6,"Hispanic","High",2,1,0,0,0,0,0,0,0,1,1,NA,TRUE,1
"19269",9,"M",7,"White","High",1,0,0,0,0,0,0,0,0,0,2,"1",FALSE,1
"19270",10,"F",7,"White","High",1,0,0,0,0,0,0,0,0,1,4,NA,TRUE,0
"19271",11,"M",7,"Hispanic","High",1,1,0,0,0,0,0,0,0,1,1,NA,TRUE,1
"19272",10,"F",7,"White","High",1,1,0,0,0,0,0,0,0,1,1,NA,TRUE,1
"19273",10,"M",7,"White","High",1,1,0,1,0,0,1,0,0,1,1,NA,TRUE,1
"19274",11,"M",7,"Asian","High",2,0,0,0,0,0,0,1,0,1,2,NA,TRUE,1
"19275",8,"M",5,"Asian","High",2,0,0,0,0,0,0,0,0,0,4,"1",FALSE,0
"19276",7,"M",4,"Asian","High",2,0,0,0,0,0,0,0,0,0,4,"1",FALSE,0
"19277",10,"M",7,"White","High",1,0,0,0,0,0,0,0,0,1,1,NA,TRUE,1
"19278",10,"M",7,"Asian","High",2,0,0,0,0,0,0,0,0,0,4,"1",FALSE,0
"19279",10,"M",7,"Asian","High",2,0,0,0,0,0,0,0,0,0,4,NA,FALSE,0
"19280",9,"F",7,"Asian","High",2,NA,0,0,0,0,0,0,0,0,3,NA,NA,0
"19281",11,"M",7,"Asian","High",2,0,0,0,0,0,0,0,0,0,4,"1",FALSE,0
"19282",10,"F",7,"White","High",2,0,0,0,0,0,0,0,0,1,1,NA,TRUE,1
"19283",10,"F",7,"White","High",1,0,0,0,0,0,0,0,0,1,1,NA,TRUE,1
"19284",9,"F",6,"NHOPI","High",2,0,0,0,0,0,0,0,0,0,4,"1",FALSE,0
"19285",8,"F",5,"Black","High",2,0,0,0,0,0,0,0,0,0,4,"1",FALSE,0
"19286",6,"F",4,"Asian","High",2,0,0,0,0,0,0,0,0,1,1,NA,TRUE,1
"19287",6,"M",4,"Asian","High",2,0,0,0,0,0,0,0,0,0,4,"1",FALSE,0
"19288",8,"F",5,"Asian","High",2,1,0,0,0,0,1,0,0,1,2,NA,TRUE,1
"19289",8,"M",4,"Asian","High",2,0,0,0,0,0,0,0,0,0,4,NA,FALSE,0
"19290",9,"M",6,"Asian","High",2,0,0,0,0,0,0,0,0,0,2,"1",FALSE,1
"19291",11,"M",7,"Asian","High",NA,NA,0,NA,0,1,0,0,0,NA,2,"1",TRUE,1
"19292",11,"M",6,"Asian","High",2,0,0,0,0,0,0,0,0,0,4,NA,FALSE,0
"19293",9,"F",6,"Asian","High",2,0,0,0,0,0,0,0,0,0,4,NA,FALSE,0
"19294",11,"M",6,"Asian","High",1,1,0,0,0,0,1,0,0,1,4,NA,TRUE,0
"19295",10,"M",7,"White","High",NA,NA,NA,0,0,0,NA,1,0,1,1,NA,TRUE,1
"19296",7,"M",5,"White","High",2,0,0,0,0,0,0,0,0,0,4,"1",FALSE,0
"19297",8,"M",5,"White","High",2,1,0,0,0,0,0,0,0,1,1,NA,TRUE,1
"19298",8,"M",5,"White","High",2,0,0,0,0,0,0,0,0,0,2,"1",FALSE,1
"19299",8,"F",5,"White","High",2,0,0,0,0,0,0,0,0,0,4,"1",FALSE,0
"19300",10,"M",6,"Asian","High",2,0,0,0,0,0,0,0,0,0,3,"1",FALSE,0
"19301",7,"M",5,"Hispanic","High",2,0,0,0,0,0,0,0,0,0,4,"1",FALSE,0
"19302",8,"F",5,"Asian","High",2,0,0,0,0,0,0,0,0,0,4,"1",FALSE,0
"19303",8,"F",5,"White","High",2,0,0,0,0,0,0,0,0,0,4,"1",FALSE,0
"19304",9,"M",6,"Hispanic","High",1,1,0,0,NA,NA,1,NA,NA,0,1,NA,TRUE,1
"19305",9,"M",6,NA,"High",2,0,0,0,0,0,0,0,0,0,4,NA,FALSE,0
"19306",8,"M",5,"White","High",2,0,0,0,0,0,0,0,0,0,3,NA,FALSE,0
"19307",7,"F",5,"White","High",2,0,0,0,0,0,0,0,0,0,2,NA,FALSE,1
"19308",8,"M",5,"White","High",1,1,1,0,0,0,0,0,0,1,1,NA,TRUE,1
"19309",4,"M",2,"NHOPI","Middle",2,0,0,0,0,0,0,0,0,0,1,"1",FALSE,1
"19310",4,"F",1,"White","Middle",2,0,0,0,0,0,0,0,0,0,4,"1",FALSE,0
"19311",5,"F",3,"Hispanic","Middle",2,0,0,0,0,0,0,0,0,0,2,"1",FALSE,1
"19312",7,"M",3,"Black","Middle",2,0,0,0,0,0,0,0,0,0,4,NA,FALSE,0
"19313",6,"M",3,"Black","Middle",1,0,1,0,0,0,0,0,0,0,4,NA,TRUE,0
"19314",5,"F",3,"Black","Middle",2,0,0,0,0,0,0,0,0,0,2,"1",FALSE,1
"19315",5,"F",3,"White","Middle",2,0,0,0,0,0,0,0,0,0,4,"1",FALSE,0
"19316",5,"F",3,"Black","Middle",2,0,0,0,0,0,0,0,0,0,1,"1",FALSE,1
"19317",6,"M",3,"Black","Middle",2,0,0,0,0,0,0,0,0,0,4,"1",FALSE,0
"19318",5,"M",3,"Black","Middle",2,0,0,0,0,0,0,0,0,0,4,"1",FALSE,0
"19319",6,"F",3,"AI/AN","Middle",2,0,0,0,0,0,0,0,0,0,4,NA,FALSE,0
"19320",5,"F",3,"Black","Middle",2,0,0,0,0,0,0,0,0,0,2,"1",FALSE,1
"19321",7,"F",3,"Black","Middle",1,0,1,0,0,0,0,0,0,0,4,NA,TRUE,0
"19322",6,"F",3,"Black","Middle",2,0,0,0,0,0,0,0,0,0,4,"1",FALSE,0
"19323",5,NA,3,"White","Middle",2,0,0,0,0,0,0,0,0,0,1,"1",FALSE,1
"19324",7,"F",3,"Asian","Middle",2,0,0,0,0,0,0,0,0,0,3,NA,FALSE,0
"19325",5,"F",3,"Black","Middle",2,0,0,0,0,0,0,0,0,0,2,NA,FALSE,1
"19326",6,"F",3,"Black","Middle",2,NA,NA,NA,NA,NA,NA,NA,NA,NA,3,"1",NA,0
"19327",5,"F",3,"Hispanic","Middle",2,0,0,0,0,0,0,0,0,0,4,"1",FALSE,0
"19328",5,"M",3,"Black","Middle",2,0,0,0,0,0,0,0,0,0,4,"1",FALSE,0
"19329",6,"F",3,"Hispanic","Middle",2,0,0,0,0,0,0,0,0,0,4,"1",FALSE,0
"19330",6,"F",3,"NHOPI","Middle",2,0,0,0,0,0,0,0,0,0,3,NA,FALSE,0
"19331",6,"M",3,"White","Middle",1,1,1,NA,1,0,1,0,0,1,1,NA,TRUE,1
"19332",7,"M",3,"White","Middle",1,0,0,0,0,0,0,0,0,0,3,"1",FALSE,0
"19333",6,"F",3,"Black","Middle",1,0,0,0,0,0,0,0,0,0,4,NA,FALSE,0
"19334",6,"M",3,"Black","Middle",2,0,0,0,0,0,0,0,0,0,4,"1",FALSE,0
"19335",5,"F",3,"White","Middle",2,0,0,0,0,0,0,0,0,1,2,NA,TRUE,1
"19336",6,"F",3,"White","Middle",2,0,0,0,0,0,0,0,0,0,1,NA,FALSE,1
"19337",6,"M",3,"White","Middle",2,0,0,0,0,0,0,0,0,0,4,NA,FALSE,0
"19338",6,"M",3,"Hispanic","Middle",2,0,0,0,0,0,0,0,0,0,4,NA,FALSE,0
"19339",7,"F",3,"Black","Middle",2,0,0,0,0,0,0,0,0,0,2,NA,FALSE,1
"19340",6,"F",3,"Hispanic","Middle",2,0,0,0,0,0,0,0,0,0,4,"1",FALSE,0
"19341",4,"M",1,"Black","Middle",1,0,0,0,0,0,0,0,0,0,4,NA,FALSE,0
"19342",6,"M",3,"Black","Middle",2,0,0,0,0,0,0,0,0,0,4,"1",FALSE,0
"19343",7,"F",3,NA,"Middle",2,0,0,0,0,0,0,0,0,0,4,"1",FALSE,0
"19344",6,"F",3,"Black","Middle",2,0,0,0,0,0,0,0,0,0,4,"1",FALSE,0
"19345",6,"M",3,"Black","Middle",2,0,0,0,0,0,0,0,0,0,4,"1",FALSE,0
"19346",5,"F",3,"White","Middle",2,0,0,0,0,0,0,0,0,0,2,NA,FALSE,1
"19347",6,"M",3,"White","Middle",2,0,0,0,0,0,0,0,0,0,1,"1",FALSE,1
"19348",6,"M",3,"Black","Middle",2,0,0,0,0,0,0,0,0,0,4,"1",FALSE,0
"19349",5,"F",3,"Black","Middle",1,0,1,0,0,0,0,0,0,0,3,"1",TRUE,0
"19350",7,"M",3,"Hispanic","Middle",2,0,0,0,0,0,0,0,0,0,4,NA,FALSE,0
"19351",5,"F",3,"White","Middle",2,0,0,0,0,0,0,0,0,1,1,NA,TRUE,1
"19352",5,"M",3,"White","Middle",2,0,0,0,0,0,0,0,0,0,1,"1",FALSE,1
"19353",5,"M",2,"Black","Middle",2,0,0,0,0,0,0,0,0,0,3,NA,FALSE,0
"19354",6,"M",3,"Black","Middle",2,0,0,0,0,0,0,0,0,0,4,"1",FALSE,0
"19355",6,"M",3,"Black","Middle",2,0,0,0,0,0,0,0,0,0,2,"1",FALSE,1
"19356",6,"M",3,"White","Middle",1,0,1,0,0,0,0,0,0,0,4,NA,TRUE,0
"19357",6,"M",3,"White","Middle",2,0,0,0,0,0,0,0,0,0,4,NA,FALSE,0
"19358",4,"M",2,"White","Middle",2,0,0,0,0,0,0,0,0,0,4,"1",FALSE,0
"19359",4,"M",2,NA,"Middle",2,0,0,0,0,0,0,0,0,0,4,NA,FALSE,0
"19360",5,"F",2,"Black","Middle",2,0,0,0,0,0,0,0,0,0,4,"1",FALSE,0
"19361",4,"M",2,"Hispanic","Middle",2,0,0,NA,0,0,0,0,0,0,4,NA,NA,0
"19362",4,"M",1,"Black","Middle",2,0,0,0,0,0,0,0,0,0,4,"1",FALSE,0
"19363",4,"M",2,"Black","Middle",2,0,0,0,0,0,0,0,0,0,4,"1",FALSE,0
"19364",6,NA,2,"Black","Middle",NA,NA,0,1,0,0,0,0,0,NA,NA,"1",TRUE,NA
"19365",5,"F",2,"White","Middle",2,0,0,0,0,0,0,0,0,0,2,"1",FALSE,1
"19366",5,"M",2,"White","Middle",2,0,0,0,0,0,0,0,0,0,4,NA,FALSE,0
"19367",6,"M",2,"White","Middle",2,0,0,0,0,0,0,0,0,0,4,"1",FALSE,0
"19368",4,"M",2,"Black","Middle",2,0,0,0,0,0,0,0,0,0,4,"1",FALSE,0
"19369",4,"F",2,NA,"Middle",2,0,0,0,0,0,0,0,0,0,3,"1",FALSE,0
"19370",5,"M",2,"White","Middle",2,0,0,0,0,0,0,0,0,0,4,"1",FALSE,0
"19371",5,"M",2,"Black","Middle",2,0,0,0,0,0,0,0,0,0,3,"1",FALSE,0
"19372",5,"F",2,"Black","Middle",2,0,0,0,0,0,0,0,0,0,4,"1",FALSE,0
"19373",5,"M",2,"Black","Middle",2,0,0,0,NA,NA,0,NA,NA,0,4,NA,NA,0
"19374",4,"M",2,NA,"Middle",NA,0,0,0,0,0,0,0,0,0,2,NA,FALSE,1
"19375",5,"M",2,"Black","Middle",2,NA,0,NA,NA,NA,1,NA,NA,0,2,NA,TRUE,1
"19376",4,"M",2,"White","Middle",2,0,0,0,0,0,0,0,0,0,3,NA,FALSE,0
"19377",5,"M",2,"Hispanic","Middle",2,0,0,0,0,0,0,0,0,0,4,"1",FALSE,0
"19378",5,"F",2,"Black","Middle",1,0,0,0,0,0,0,0,0,0,4,"1",FALSE,0
"19379",5,"F",2,"Black","Middle",2,0,0,0,0,0,0,0,0,0,4,NA,FALSE,0
"19380",5,"F",2,"Black","Middle",NA,0,0,0,0,0,0,0,0,0,4,"1",FALSE,0
"19381",4,"F",2,"Black","Middle",2,0,0,0,0,0,0,0,0,0,4,"1",FALSE,0
"19382",5,"M",2,"Black","Middle",2,0,0,0,0,0,0,0,0,0,3,NA,FALSE,0
"19383",4,"M",2,"Black","Middle",2,0,0,0,0,0,0,0,0,0,4,"1",FALSE,0
"19384",4,"M",2,"Black","Middle",2,0,0,0,0,0,0,0,0,0,4,"1",FALSE,0
"19385",5,"F",2,"Black","Middle",2,0,NA,NA,NA,NA,NA,NA,NA,NA,4,"1",NA,0
"19386",5,"M",2,"Hispanic","Middle",2,0,0,NA,0,0,0,0,0,0,4,"1",NA,0
"19387",5,"M",2,"Black","Middle",2,0,0,0,0,0,0,0,0,0,4,"1",FALSE,0
"19388",6,"M",2,NA,"Middle",2,0,0,0,0,0,0,0,0,0,2,"1",FALSE,1
"19389",5,"F",2,"White","Middle",2,0,0,0,0,0,0,0,0,0,2,"1",FALSE,1
"19390",5,"M",2,"Black","Middle",2,0,0,0,0,0,0,0,0,0,4,NA,FALSE,0
"19391",5,"M",2,"Black","Middle",2,0,0,0,0,0,0,0,0,0,4,"1",FALSE,0
"19392",5,"M",2,"Black","Middle",2,0,0,0,0,0,0,0,0,0,4,"1",FALSE,0
"19393",5,"M",2,"Hispanic","Middle",2,0,0,0,0,0,0,0,0,0,4,"1",FALSE,0
"19394",5,"M",2,"White","Middle",1,0,0,0,0,0,0,0,0,0,4,NA,FALSE,0
"19395",6,"M",2,"White","Middle",2,0,0,0,0,0,0,0,0,0,3,NA,FALSE,0
"19396",4,"M",2,"Black","Middle",2,0,0,0,0,0,0,0,0,0,4,"1",FALSE,0
"19397",4,"M",2,"Asian","Middle",2,0,0,0,0,0,0,0,0,0,3,"1",FALSE,0
"19398",4,"M",2,"Black","Middle",2,0,0,0,0,0,0,0,0,0,4,"1",FALSE,0
"19399",5,"F",2,"Hispanic","Middle",2,0,0,0,0,0,0,0,0,0,4,NA,FALSE,0
"19400",5,"M",2,"White","Middle",2,0,0,0,0,0,0,0,0,0,4,NA,FALSE,0
"19401",4,"F",2,"White","Middle",2,0,0,0,0,0,0,0,0,0,3,"1",FALSE,0
"19402",5,"F",2,"White","Middle",2,0,0,0,0,0,0,0,0,0,2,NA,FALSE,1
"19403",4,"F",2,"Black","Middle",1,0,0,0,0,0,0,0,0,1,4,NA,TRUE,0
"19404",4,"F",2,"White","Middle",2,0,0,0,0,0,0,0,0,0,4,NA,FALSE,0
"19405",4,"F",2,"White","Middle",2,0,0,0,0,0,0,0,0,0,3,NA,FALSE,0
"19406",5,"M",2,"Hispanic","Middle",2,0,0,0,0,0,0,0,0,0,4,NA,FALSE,0
"19407",4,"F",2,"Black","Middle",2,0,0,0,0,0,NA,0,0,0,4,"1",NA,0
"19408",5,"F",2,"White","Middle",2,0,0,0,0,0,0,0,0,0,4,"1",FALSE,0
"19409",4,"F",2,"Hispanic","Middle",2,0,0,0,0,0,0,0,0,0,4,"1",FALSE,0
"19410",4,"F",2,"Black","Middle",2,NA,0,0,0,0,0,0,0,0,3,"1",NA,0
"19411",5,"F",2,"Black","Middle",NA,0,NA,NA,0,0,0,0,0,NA,4,"1",NA,0
"19412",4,"M",2,"Black","Middle",2,0,0,0,0,0,0,0,0,0,4,NA,FALSE,0
"19413",4,"M",2,"Black","Middle",2,0,0,0,0,0,0,0,0,0,3,"1",FALSE,0
"19414",5,"M",2,"Black","Middle",2,0,0,0,0,0,0,0,0,0,4,"1",FALSE,0
"19415",5,"M",2,"White","Middle",2,0,0,0,0,0,0,0,0,0,4,"1",FALSE,0
"19416",3,"F",1,"White","Middle",2,0,0,0,0,0,0,0,0,0,4,NA,FALSE,0
"19417",3,"M",1,"Black","Middle",2,0,0,0,0,0,0,0,0,0,4,NA,FALSE,0
"19418",11,"M",1,"Black","Middle",NA,NA,NA,NA,NA,NA,0,NA,NA,0,1,NA,NA,1
"19419",10,"M",6,"Black","High",2,0,0,0,0,0,0,0,0,0,4,NA,FALSE,0
"19420",4,"M",1,"Black","Middle",2,0,0,0,NA,NA,NA,NA,NA,0,4,"1",NA,0
"19421",4,"M",1,"Black","Middle",2,0,0,0,0,0,0,0,0,0,4,"1",FALSE,0
"19422",3,"M",1,"Hispanic","Middle",2,0,0,0,0,0,0,0,0,0,4,"1",FALSE,0
"19423",3,"F",1,"White","Middle",2,0,0,0,0,0,0,0,0,0,2,NA,FALSE,1
"19424",4,"F",1,NA,"Middle",2,0,0,NA,NA,NA,NA,NA,NA,NA,1,NA,NA,1
"19425",4,"M",1,NA,"Middle",NA,0,NA,NA,NA,NA,0,NA,NA,NA,NA,NA,NA,NA
"19426",4,"F",1,"Hispanic","Middle",2,0,0,0,0,0,0,0,0,0,4,"1",FALSE,0
"19427",4,"F",1,"Hispanic","Middle",2,0,0,0,0,0,0,0,0,0,2,NA,FALSE,1
"19428",3,"F",1,"Hispanic","Middle",2,0,0,0,0,0,0,0,0,0,1,NA,FALSE,1
"19429",3,"F",1,"White","Middle",2,0,0,0,NA,NA,NA,NA,NA,0,4,"1",NA,0
"19430",4,"F",7,NA,"High",2,0,0,0,0,0,0,0,0,0,4,NA,FALSE,0
"19431",4,"F",1,"Black","Middle",2,0,0,0,0,0,0,0,0,0,4,"1",FALSE,0
"19432",4,"F",1,"Hispanic","Middle",2,0,0,0,0,0,0,0,0,0,2,NA,FALSE,1
"19433",4,"F",1,"Black","Middle",2,0,0,0,0,0,0,0,0,0,4,"1",FALSE,0
"19434",3,"M",1,"White","Middle",2,0,0,0,0,0,1,0,0,0,3,"1",TRUE,0
"19435",4,"M",1,"AI/AN","Middle",2,0,0,0,0,0,NA,0,0,0,4,"1",NA,0
"19436",4,"M",1,"Black","Middle",2,0,0,0,0,0,0,0,0,0,4,NA,FALSE,0
"19437",3,"M",1,"Black","Middle",2,0,0,0,0,0,0,0,0,0,4,"1",FALSE,0
"19438",4,"F",1,"Black","Middle",2,0,0,0,0,0,0,0,0,0,2,"1",FALSE,1
"19439",5,"M",1,"Black","Middle",2,0,0,0,0,0,0,0,0,0,2,"1",FALSE,1
"19440",3,"F",1,"White","Middle",2,0,0,0,0,0,0,0,0,0,3,NA,FALSE,0
"19441",3,"F",1,"Hispanic","Middle",2,0,0,0,0,0,0,0,0,0,4,NA,FALSE,0
"19442",4,"M",1,"Black","Middle",2,0,0,0,0,0,0,0,0,0,1,NA,FALSE,1
"19443",5,"M",1,NA,"Middle",2,0,0,0,0,0,0,0,0,0,4,"1",FALSE,0
"19444",3,"F",1,"Hispanic","Middle",1,0,0,0,0,0,0,0,0,0,1,NA,FALSE,1
"19445",3,"M",1,"White","Middle",2,0,0,0,0,0,0,0,0,0,4,NA,FALSE,0
"19446",4,"M",1,"White","Middle",2,0,0,0,0,0,0,0,0,0,4,NA,FALSE,0
"19447",4,"F",1,"Hispanic","Middle",2,0,0,0,0,0,0,0,0,0,3,"1",FALSE,0
"19448",4,"F",1,NA,"Middle",2,0,0,0,0,0,0,0,0,0,4,"1",FALSE,0
"19449",4,"F",1,"Black","Middle",2,0,0,0,0,0,0,0,0,0,4,"1",FALSE,0
"19450",4,"M",1,"Black","Middle",NA,NA,NA,1,0,0,NA,0,0,NA,2,NA,TRUE,1
"19451",4,"M",1,"Black","Middle",2,0,0,0,0,0,0,0,0,0,4,"1",FALSE,0
"19452",4,"F",1,"White","Middle",2,0,0,0,0,0,0,0,0,0,4,NA,FALSE,0
"19453",5,"M",1,NA,"Middle",2,0,0,0,0,0,0,0,0,1,4,"1",TRUE,0
"19454",3,"F",1,"Black","Middle",2,0,0,0,0,0,0,0,0,0,4,"1",FALSE,0
"19455",3,"F",1,"Black","Middle",2,0,0,0,0,0,0,0,0,0,2,"1",FALSE,1
"19456",4,"F",1,"Hispanic","Middle",NA,NA,NA,NA,NA,NA,NA,NA,NA,NA,NA,NA,NA,NA
"19457",3,"F",1,"Black","Middle",2,0,0,0,0,0,0,0,0,0,4,NA,FALSE,0
"19458",4,"F",1,"White","Middle",2,0,0,0,0,0,0,0,0,0,4,NA,FALSE,0
"19459",4,"F",1,"Black","Middle",2,0,0,0,0,0,0,0,0,0,4,"1",FALSE,0
"19460",4,"M",1,"Black","Middle",2,0,0,0,0,0,0,0,0,0,4,"1",FALSE,0
"19461",6,"M",4,"Black","High",2,0,0,0,0,0,0,0,0,0,4,"1",FALSE,0
"19462",6,"M",4,"White","High",2,0,0,0,0,0,0,0,0,0,4,NA,FALSE,0
"19463",9,"F",7,"White","High",2,0,0,0,0,0,0,0,0,0,4,NA,FALSE,0
"19464",9,"M",6,"White","High",2,0,0,0,0,0,0,0,0,0,4,NA,FALSE,0
"19465",8,"F",6,"White","High",2,0,0,0,0,0,0,0,0,0,4,"1",FALSE,0
"19466",9,"F",6,"White","High",2,0,0,0,0,0,0,0,0,0,4,NA,FALSE,0
"19467",9,"M",6,"Black","High",2,0,0,0,0,0,0,0,0,0,4,"1",FALSE,0
"19468",9,"M",6,"Black","High",2,0,0,0,0,0,0,0,0,0,4,NA,FALSE,0
"19469",9,"F",6,"Black","High",2,0,0,0,0,0,0,0,0,1,4,"1",TRUE,0
"19470",9,"F",6,"White","High",1,1,1,1,0,1,1,1,0,1,1,"1",TRUE,1
"19471",8,"M",6,"White","High",1,1,0,1,0,0,1,1,1,1,1,NA,TRUE,1
"19472",10,"M",6,"White","High",1,1,0,1,0,0,1,0,0,1,2,NA,TRUE,1
"19473",8,"M",6,"Black","High",1,1,0,0,1,0,1,0,0,1,1,NA,TRUE,1
"19474",9,"M",7,NA,"High",2,0,0,0,0,0,0,0,0,0,4,"1",FALSE,0
"19475",7,"F",4,"White","High",2,0,0,0,0,0,0,0,0,1,3,NA,TRUE,0
"19476",9,"F",7,"Black","High",2,0,0,0,0,0,0,0,0,0,4,NA,FALSE,0
"19477",10,"M",7,"Black","High",2,0,0,0,0,0,0,0,0,0,4,"1",FALSE,0
"19478",11,"M",7,"White","High",2,0,0,0,0,0,0,0,0,1,4,NA,TRUE,0
"19479",9,"F",7,"White","High",2,0,0,0,0,0,0,0,0,0,3,NA,FALSE,0
"19480",9,"F",7,"White","High",2,0,0,0,0,0,0,0,0,0,4,"1",FALSE,0
"19481",9,"F",7,"White","High",2,0,0,0,0,0,0,0,0,0,4,"1",FALSE,0
"19482",10,"F",7,"White","High",2,0,0,0,0,0,0,0,0,1,2,NA,TRUE,1
"19483",10,"F",7,"White","High",1,1,1,0,1,1,1,0,0,1,1,"1",TRUE,1
"19484",10,"M",NA,"White",NA,1,1,1,0,0,0,NA,1,0,1,1,NA,TRUE,1
"19485",10,"M",7,"White","High",1,1,1,0,0,0,1,0,0,1,1,NA,TRUE,1
"19486",10,"M",7,"Black","High",1,1,1,0,0,0,NA,0,0,1,4,NA,TRUE,0
"19487",10,"F",7,"White","High",1,1,1,NA,0,0,1,0,0,1,3,"1",TRUE,0
"19488",9,"M",7,"White","High",2,0,0,0,0,0,0,0,0,0,4,"1",FALSE,0
"19489",9,"M",6,"Black","High",2,0,0,0,0,0,0,0,0,0,4,"1",FALSE,0
"19490",9,"M",7,"White","High",2,0,0,0,0,0,0,0,0,0,4,NA,FALSE,0
"19491",10,"M",7,"Hispanic","High",1,0,1,0,0,0,NA,1,0,NA,4,NA,TRUE,0
"19492",9,"F",3,"Hispanic","Middle",1,1,1,0,0,0,0,0,0,0,1,NA,TRUE,1
"19493",10,"F",7,"Black","High",1,0,0,0,0,0,1,0,0,0,4,NA,TRUE,0
"19494",9,"M",7,"White","High",2,0,0,0,0,0,0,0,0,0,2,"1",FALSE,1
"19495",9,"M",7,"Black","High",2,0,0,0,0,0,0,0,0,0,4,"1",FALSE,0
"19496",9,"F",6,"Hispanic","High",2,0,0,0,0,0,0,0,0,1,3,NA,TRUE,0
"19497",8,"F",6,"White","High",2,0,0,0,0,0,0,0,0,0,4,"1",FALSE,0
"19498",8,"M",5,"White","High",2,0,0,0,0,0,0,0,0,0,4,"1",FALSE,0
"19499",9,"F",6,"White","High",2,0,0,0,0,0,0,0,0,0,4,"1",FALSE,0
"19500",8,"F",5,"White","High",2,0,0,0,0,0,0,0,0,1,3,NA,TRUE,0
"19501",7,"F",5,"Hispanic","High",1,0,1,0,0,0,0,0,0,0,3,NA,TRUE,0
"19502",8,"F",5,"White","High",2,0,0,0,0,0,0,0,0,0,4,"1",FALSE,0
"19503",6,"F",4,"White","High",2,0,0,0,0,0,0,0,0,0,4,"1",FALSE,0
"19504",9,"F",6,"Hispanic","High",1,0,1,0,0,0,0,0,0,0,4,"1",TRUE,0
"19505",8,"F",5,"White","High",2,0,0,0,0,0,0,0,0,1,4,"1",TRUE,0
"19506",8,"F",5,"White","High",2,0,0,0,0,0,0,0,0,1,4,"1",TRUE,0
"19507",8,"F",5,"Black","High",2,0,0,0,0,0,0,0,0,0,4,"1",FALSE,0
"19508",7,"F",5,"Black","High",2,0,0,0,0,0,0,0,0,0,4,"1",FALSE,0
"19509",7,"F",5,NA,"High",2,0,0,0,0,0,0,0,0,0,4,"1",FALSE,0
"19510",7,"F",4,"Asian","High",2,0,0,0,0,0,0,0,0,0,2,NA,FALSE,1
"19511",6,"F",4,"Hispanic","High",2,0,0,0,0,0,0,0,0,0,4,"1",FALSE,0
"19512",1,"F",8,"Hispanic",NA,1,1,1,0,NA,NA,1,NA,NA,1,1,NA,TRUE,1
"19513",7,"M",5,"White","High",2,1,0,NA,NA,NA,NA,NA,NA,NA,1,NA,TRUE,1
"19514",8,"M",5,"White","High",1,1,1,1,0,0,1,0,0,1,2,NA,TRUE,1
"19515",7,"M",5,"White","High",1,1,0,0,0,0,0,1,0,1,2,NA,TRUE,1
"19516",7,"M",5,"White","High",2,0,0,0,0,0,0,0,0,0,1,"1",FALSE,1
"19517",7,"M",5,"White","High",2,0,0,0,0,0,0,0,0,0,3,NA,FALSE,0
"19518",7,"F",4,"White","High",2,0,0,0,0,0,0,0,0,1,1,NA,TRUE,1
"19519",6,"F",4,"White","High",2,0,0,0,0,0,0,0,0,0,4,"1",FALSE,0
"19520",10,"F",7,"Black","High",2,0,0,0,0,0,0,0,0,0,4,"1",FALSE,0
"19521",7,"F",5,"White","High",2,0,0,0,0,0,0,0,0,0,3,"1",FALSE,0
"19522",7,"F",5,"White","High",2,0,0,0,0,0,0,0,0,0,4,"1",FALSE,0
"19523",7,"F",5,"White","High",2,0,0,0,0,0,0,0,0,0,1,"1",FALSE,1
"19524",8,"M",5,"White","High",2,0,0,0,0,0,0,0,0,0,4,"1",FALSE,0
"19525",8,"M",5,"White","High",2,0,0,0,0,0,0,0,0,0,4,"1",FALSE,0
"19526",8,"M",5,"White","High",2,0,0,0,0,0,0,0,0,0,4,"1",FALSE,0
"19527",7,"M",5,"White","High",2,0,0,0,0,0,0,0,0,0,4,"1",FALSE,0
"19528",7,"M",5,"White","High",NA,NA,0,0,0,0,0,0,0,0,2,"1",NA,1
"19529",8,"M",5,NA,"High",2,0,0,0,0,0,0,0,0,0,4,"1",FALSE,0
"19530",7,"M",4,"White","High",2,0,0,0,0,0,0,0,0,0,4,NA,FALSE,0
"19531",7,"F",4,"White","High",NA,NA,NA,0,0,0,0,0,0,0,3,"1",NA,0
"19532",9,"F",6,"Black","High",2,0,0,0,0,0,0,0,0,0,4,NA,FALSE,0
"19533",9,"M",6,"White","High",2,0,0,0,0,0,0,0,0,0,4,"1",FALSE,0
"19534",8,"M",6,"Black","High",2,0,0,0,0,0,0,0,0,0,1,"1",FALSE,1
"19535",7,"M",4,"Hispanic","High",2,0,0,0,0,0,0,0,0,0,1,"1",FALSE,1
"19536",6,"M",4,"NHOPI","High",2,0,0,NA,0,0,NA,0,0,0,2,"1",NA,1
"19537",7,"F",4,"White","High",2,0,0,0,0,0,0,0,0,0,4,"1",FALSE,0
"19538",9,"F",7,"Black","High",2,0,0,0,0,0,0,0,0,0,4,"1",FALSE,0
"19539",9,"F",6,"White","High",2,0,0,0,0,0,0,0,0,0,2,"1",FALSE,1
"19540",9,"F",6,"White","High",2,0,0,0,0,0,0,0,0,0,4,NA,FALSE,0
"19541",8,"F",6,"White","High",2,0,0,0,0,0,0,0,0,1,3,"1",TRUE,0
"19542",9,"F",6,"Black","High",2,0,0,0,0,0,0,0,0,0,4,"1",FALSE,0
"19543",9,"F",6,"White","High",2,0,0,0,0,0,0,0,0,0,2,"1",FALSE,1
"19544",9,"F",6,"White","High",2,0,0,0,0,0,0,0,0,0,4,NA,FALSE,0
"19545",9,"M",6,"White","High",2,0,0,0,0,0,0,0,0,0,4,"1",FALSE,0
"19546",8,"F",6,"White","High",2,0,0,0,0,0,0,0,0,0,4,"1",FALSE,0
"19547",8,"M",4,"White","High",2,0,0,0,0,0,0,0,0,0,4,"1",FALSE,0
"19548",8,"M",5,NA,"High",2,0,0,0,0,0,0,0,0,0,4,"1",FALSE,0
"19549",6,"M",4,"White","High",2,0,0,0,0,0,0,0,0,0,3,"1",FALSE,0
"19550",7,"F",4,"Hispanic","High",2,0,0,0,0,0,0,0,0,1,2,NA,TRUE,1
"19551",9,"M",7,"Black","High",2,0,0,0,0,0,0,0,0,0,4,"1",FALSE,0
"19552",10,"M",6,"White","High",2,0,0,0,0,0,0,0,0,0,4,NA,FALSE,0
"19553",9,"F",6,"Black","High",2,0,0,0,0,0,0,0,0,0,4,"1",FALSE,0
"19554",8,"F",6,"Hispanic","High",2,0,0,0,0,0,0,0,0,0,4,"1",FALSE,0
"19555",9,"F",6,"Black","High",1,NA,1,0,0,0,0,0,0,0,2,"1",TRUE,1
"19556",9,"M",6,"White","High",1,0,1,0,0,0,0,0,0,1,4,"1",TRUE,0
"19557",9,"F",6,"AI/AN","High",1,0,1,0,0,0,0,0,0,1,4,"1",TRUE,0
"19558",10,"M",6,"White","High",2,0,0,0,0,0,0,0,0,0,3,NA,FALSE,0
"19559",10,"F",6,"Asian","High",2,0,0,0,0,0,0,0,0,0,4,"1",FALSE,0
"19560",9,"M",6,"Asian","High",2,0,0,0,0,0,0,0,0,0,4,"1",FALSE,0
"19561",8,"F",6,"White","High",1,1,1,0,0,0,1,0,0,1,1,NA,TRUE,1
"19562",8,"F",6,"White","High",2,0,0,0,0,0,0,0,0,0,3,"1",FALSE,0
"19563",9,"F",6,"White","High",2,0,0,0,0,0,0,0,0,1,3,NA,TRUE,0
"19564",9,"F",6,"Black","High",2,0,0,0,0,0,0,0,0,0,3,"1",FALSE,0
"19565",7,"M",4,"White","High",2,0,0,0,0,0,0,0,0,0,4,"1",FALSE,0
"19566",7,"M",4,"Asian","High",2,0,0,0,0,0,0,0,0,0,4,"1",FALSE,0
"19567",7,"M",4,"Asian","High",2,0,0,0,0,0,0,0,0,0,4,"1",FALSE,0
"19568",10,"F",7,"White","High",2,0,0,0,0,0,0,0,0,0,4,NA,FALSE,0
"19569",10,"M",7,"White","High",1,0,0,0,0,0,0,0,0,1,1,"1",TRUE,1
"19570",10,"M",7,"Hispanic","High",1,1,0,1,0,0,0,1,0,1,1,NA,TRUE,1
"19571",10,"M",7,"Hispanic","High",1,1,1,0,0,0,0,0,0,1,1,NA,TRUE,1
"19572",9,"M",6,"White","High",2,0,0,0,0,0,0,0,0,0,3,"1",FALSE,0
"19573",6,"M",5,"White","High",2,0,0,0,0,0,0,0,0,0,4,"1",FALSE,0
"19574",6,"F",4,"Black","High",2,0,0,0,0,0,0,0,0,0,4,"1",FALSE,0
"19575",6,"F",4,"Hispanic","High",2,0,0,0,0,0,0,0,0,0,4,"1",FALSE,0
"19576",6,"M",4,"White","High",2,0,0,0,0,0,0,0,0,0,4,"1",FALSE,0
"19577",7,"F",4,"White","High",2,0,0,0,0,0,0,0,0,0,2,NA,FALSE,1
"19578",7,"M",4,"White","High",1,0,0,0,0,0,0,0,0,0,3,"1",FALSE,0
"19579",6,"F",4,"Black","High",2,0,0,0,0,0,0,0,0,0,1,NA,FALSE,1
"19580",8,"F",5,"White","High",2,0,0,0,0,0,0,0,0,1,2,"1",TRUE,1
"19581",7,"F",5,"Black","High",2,0,0,0,0,0,0,0,0,0,4,"1",FALSE,0
"19582",7,"M",5,"White","High",1,0,0,0,0,0,0,0,0,0,2,NA,FALSE,1
"19583",9,"F",5,"Hispanic","High",2,0,0,0,0,0,0,0,0,0,1,"1",FALSE,1
"19584",7,"F",5,"White","High",2,0,0,0,0,0,0,0,0,0,4,"1",FALSE,0
"19585",8,"F",5,"White","High",2,0,0,0,0,0,0,0,0,0,4,"1",FALSE,0
"19586",8,"F",5,"White","High",2,0,0,0,0,0,0,0,0,0,4,"1",FALSE,0
"19587",8,"M",5,"NHOPI","High",2,0,0,0,0,0,0,0,0,0,4,NA,FALSE,0
"19588",8,"F",5,"White","High",2,0,0,0,0,0,0,0,0,0,4,"1",FALSE,0
"19589",7,"F",5,"Asian","High",2,0,0,0,0,0,0,0,0,0,2,"1",FALSE,1
"19590",8,"M",5,"AI/AN","High",2,0,0,0,0,0,0,0,0,1,4,"1",TRUE,0
"19591",7,"M",5,"White","High",2,0,0,0,0,0,0,0,0,0,4,"1",FALSE,0
"19592",8,"M",5,"Hispanic","High",2,0,0,0,0,0,0,0,0,0,2,NA,FALSE,1
"19593",8,"M",5,"Asian","High",2,0,0,0,0,0,0,0,0,0,2,"1",FALSE,1
"19594",8,"M",5,"White","High",2,0,0,0,0,0,NA,0,0,1,4,"1",TRUE,0
"19595",1,"F",7,"Hispanic","High",1,NA,1,0,0,0,1,0,0,NA,4,NA,TRUE,0
"19596",7,"M",5,"Black","High",2,0,0,0,0,0,0,0,0,0,4,"1",FALSE,0
"19597",7,"M",5,"Asian","High",2,0,0,0,0,0,0,0,0,0,4,"1",FALSE,0
"19598",8,"M",5,"Black","High",2,0,0,0,0,0,0,0,0,0,4,"1",FALSE,0
"19599",8,"M",5,"Hispanic","High",2,0,0,0,0,0,0,0,0,0,1,"1",FALSE,1
"19600",9,"F",7,"White","High",2,1,0,0,0,0,1,0,1,1,1,NA,TRUE,1
"19601",10,"F",7,"White","High",2,0,0,0,0,0,0,0,0,0,4,"1",FALSE,0
"19602",10,"M",7,"Hispanic","High",2,0,0,0,0,0,0,0,0,0,1,"1",FALSE,1
"19603",10,"F",7,"Black","High",2,0,0,0,0,0,0,0,0,0,4,"1",FALSE,0
"19604",10,"M",7,"Black","High",2,0,0,0,0,0,0,0,0,0,4,"1",FALSE,0
"19605",10,"F",7,"Black","High",2,0,0,0,0,0,0,0,0,0,4,"1",FALSE,0
"19606",9,"M",7,"Hispanic","High",2,0,0,0,0,0,0,0,0,0,3,"1",FALSE,0
"19607",8,"M",5,"White","High",2,0,0,0,0,0,0,0,0,0,4,"1",FALSE,0
"19608",1,"M",1,NA,"Middle",1,1,1,NA,NA,NA,NA,NA,NA,NA,1,NA,TRUE,1
"19609",7,"F",4,"White","High",2,0,0,0,0,0,0,0,0,0,4,"1",FALSE,0
"19610",7,"F",4,"White","High",2,0,0,0,0,0,0,0,0,0,4,"1",FALSE,0
"19611",6,"F",4,"White","High",2,0,0,0,0,0,0,0,0,0,4,"1",FALSE,0
"19612",7,"M",4,"Hispanic","High",1,0,0,0,0,0,0,0,0,0,4,"1",FALSE,0
"19613",7,"F",4,"White","High",2,0,0,0,0,0,0,0,0,0,2,"1",FALSE,1
"19614",6,"M",4,"White","High",2,0,0,0,0,0,0,0,0,0,4,"1",FALSE,0
"19615",7,"M",4,"Hispanic","High",1,1,0,0,0,0,0,0,0,1,2,"1",TRUE,1
"19616",7,"F",4,"Hispanic","High",2,0,0,0,0,0,0,0,0,0,4,"1",FALSE,0
"19617",7,"F",4,"White","High",2,0,0,0,0,0,0,0,0,0,4,NA,FALSE,0
"19618",6,"M",4,"White","High",2,0,0,0,0,0,0,0,0,0,4,"1",FALSE,0
"19619",7,"F",5,"Hispanic","High",2,0,0,0,0,0,0,0,0,0,1,"1",FALSE,1
"19620",6,"F",4,"White","High",2,0,0,0,0,0,0,0,0,0,3,"1",FALSE,0
"19621",7,"M",5,"White","High",2,0,0,0,0,0,0,0,0,0,4,NA,FALSE,0
"19622",7,"F",5,"White","High",2,0,0,0,0,0,0,0,0,0,4,NA,FALSE,0
"19623",9,"M",6,"White","High",1,1,0,0,0,0,0,1,0,1,2,NA,TRUE,1
"19624",9,"M",6,"White","High",2,0,0,0,0,0,0,0,0,0,4,"1",FALSE,0
"19625",8,"F",6,"White","High",2,0,0,0,0,0,0,0,0,0,4,"1",FALSE,0
"19626",9,"M",6,"Hispanic","High",2,0,0,0,0,0,0,0,0,0,4,"1",FALSE,0
"19627",9,"F",6,"White","High",2,0,0,0,0,0,0,0,0,0,2,"1",FALSE,1
"19628",8,"M",5,"White","High",2,0,0,0,0,0,0,0,0,0,1,NA,FALSE,1
"19629",8,"M",6,"White","High",2,0,0,0,0,0,0,0,0,0,4,"1",FALSE,0
"19630",10,"F",7,"White","High",1,0,0,0,0,0,0,0,0,0,4,NA,FALSE,0
"19631",8,"M",6,"White","High",2,0,0,0,0,0,0,0,0,0,4,NA,FALSE,0
"19632",9,"M",6,"Hispanic","High",2,0,0,0,0,0,0,0,0,0,3,"1",FALSE,0
"19633",7,"M",5,"White","High",2,NA,0,0,0,0,0,0,0,0,4,NA,NA,0
"19634",8,"M",5,"White","High",2,0,0,0,0,0,0,0,0,1,4,"1",TRUE,0
"19635",7,"F",5,"White","High",2,0,0,0,0,0,0,0,0,0,4,NA,FALSE,0
"19636",7,"M",5,"Hispanic","High",2,0,0,0,0,0,0,0,0,0,4,NA,FALSE,0
"19637",8,"M",5,"White","High",2,0,0,0,0,0,0,0,0,0,4,NA,FALSE,0
"19638",8,"F",5,"White","High",2,0,0,0,0,0,0,0,0,0,4,NA,FALSE,0
"19639",7,"F",5,"White","High",1,0,0,0,0,0,0,0,0,0,3,"1",FALSE,0
"19640",8,"F",5,"White","High",1,0,0,0,0,0,0,0,0,0,1,"1",FALSE,1
"19641",8,"F",5,"White","High",1,0,1,0,0,0,0,0,0,1,2,NA,TRUE,1
"19642",7,"F",5,"Hispanic","High",2,0,0,0,0,0,0,0,0,0,3,NA,FALSE,0
"19643",7,"F",5,"White","High",1,1,0,0,0,0,0,0,0,0,3,"1",TRUE,0
"19644",8,"F",5,"Asian","High",2,0,0,0,0,0,0,0,0,0,4,"1",FALSE,0
"19645",8,"M",5,"White","High",1,1,0,0,0,0,0,0,0,1,1,NA,TRUE,1
"19646",9,"F",7,"Black","High",1,0,0,0,0,0,0,0,0,0,4,NA,FALSE,0
"19647",9,"F",7,"White","High",2,0,0,0,0,0,0,0,0,0,2,"1",FALSE,1
"19648",9,"F",7,"White","High",2,0,0,0,0,0,0,0,0,0,4,"1",FALSE,0
"19649",6,"F",4,"White","High",2,0,0,0,0,0,0,0,0,0,4,"1",FALSE,0
"19650",9,"M",7,"White","High",2,0,0,0,0,0,0,0,0,0,2,NA,FALSE,1
"19651",9,"M",6,"White","High",1,0,0,0,0,0,0,0,0,1,1,NA,TRUE,1
"19652",6,"F",4,"White","High",2,0,0,0,0,0,0,0,0,0,3,"1",FALSE,0
"19653",10,"F",7,"White","High",1,1,0,0,0,0,0,0,0,1,1,NA,TRUE,1
"19654",11,"M",7,NA,"High",1,1,1,1,1,0,1,0,0,1,1,NA,TRUE,1
"19655",10,"F",7,"White","High",1,1,1,1,0,0,1,0,1,1,NA,NA,TRUE,NA
"19656",9,"M",7,"White","High",2,0,0,0,0,0,0,0,0,0,4,"1",FALSE,0
"19657",7,"M",4,"White","High",2,0,0,0,0,0,0,0,0,0,4,"1",FALSE,0
"19658",7,"F",4,"Hispanic","High",2,0,0,0,0,0,0,0,0,0,2,NA,FALSE,1
"19659",7,"M",4,"White","High",1,0,1,1,NA,NA,0,NA,NA,NA,3,NA,TRUE,0
"19660",7,"F",4,"White","High",2,0,0,0,0,0,0,0,0,1,3,"1",TRUE,0
"19661",6,"F",4,"White","High",2,0,0,0,0,0,0,0,0,0,4,NA,FALSE,0
"19662",7,"F",4,"White","High",2,0,0,0,0,0,0,0,0,0,4,"1",FALSE,0
"19663",6,"F",4,"White","High",2,0,0,0,0,0,1,0,0,1,3,"1",TRUE,0
"19664",6,"F",4,"White","High",2,0,0,0,0,0,0,0,0,0,4,"1",FALSE,0
"19665",6,"F",4,"White","High",2,0,0,0,0,0,0,0,0,0,2,"1",FALSE,1
"19666",7,"F",4,"Hispanic","High",2,0,0,0,0,0,0,0,0,0,2,NA,FALSE,1
"19667",6,"F",4,"White","High",1,0,1,0,0,0,0,0,0,1,2,"1",TRUE,1
"19668",6,"F",4,"White","High",2,0,0,0,0,0,0,0,0,0,2,NA,FALSE,1
"19669",6,"F",4,NA,"High",2,0,0,0,0,0,0,0,0,1,2,"1",TRUE,1
"19670",7,"F",4,"White","High",2,0,0,0,0,0,0,0,0,0,2,NA,FALSE,1
"19671",6,"F",4,"White","High",2,0,0,0,0,0,0,0,0,0,4,"1",FALSE,0
"19672",8,"M",5,"White","High",2,1,0,0,0,0,0,0,0,1,1,NA,TRUE,1
"19673",7,"F",4,"White","High",2,0,0,0,0,0,0,0,0,1,1,NA,TRUE,1
"19674",7,"M",4,"White","High",2,0,0,0,0,0,0,0,0,0,4,NA,FALSE,0
"19675",6,"M",4,"Black","High",2,0,0,0,0,0,0,0,0,0,3,"1",FALSE,0
"19676",6,"M",4,"White","High",2,0,0,0,0,0,0,0,0,0,4,NA,FALSE,0
"19677",6,"M",4,"White","High",2,0,0,0,0,0,0,0,0,0,4,NA,FALSE,0
"19678",7,"M",4,"Hispanic","High",2,0,0,0,0,0,0,0,0,0,4,NA,FALSE,0
"19679",6,"M",4,"Hispanic","High",2,0,0,0,0,0,0,0,0,0,4,"1",FALSE,0
"19680",7,"M",4,"White","High",2,0,0,0,0,0,0,0,0,1,4,NA,TRUE,0
"19681",6,"M",4,"White","High",2,0,0,0,0,0,0,0,0,0,3,"1",FALSE,0
"19682",6,"M",4,"White","High",2,0,0,0,0,0,0,0,0,0,3,"1",FALSE,0
"19683",6,"M",1,"White","Middle",2,0,0,0,0,0,0,0,0,0,4,NA,FALSE,0
"19684",10,"M",7,NA,"High",NA,NA,NA,NA,NA,NA,NA,NA,NA,NA,NA,NA,NA,NA
"19685",6,"M",4,"White","High",2,0,0,0,0,0,0,0,0,0,4,NA,FALSE,0
"19686",6,"M",4,"Hispanic","High",2,0,0,0,0,0,0,0,0,0,3,"1",FALSE,0
"19687",7,"M",4,"White","High",2,0,0,0,0,0,0,0,0,0,4,"1",FALSE,0
"19688",7,"M",4,"Hispanic","High",2,0,0,0,0,0,0,0,0,0,4,"1",FALSE,0
"19689",7,"F",4,"Black","High",2,0,0,0,0,0,0,0,0,0,1,"1",FALSE,1
"19690",6,"F",4,"Hispanic","High",2,NA,0,0,0,0,0,0,0,0,2,NA,NA,1
"19691",7,"F",4,"White","High",2,0,0,0,0,0,0,0,0,0,2,"1",FALSE,1
"19692",6,"F",4,"Black","High",2,0,0,0,0,0,0,0,0,0,1,"1",FALSE,1
"19693",7,"M",4,NA,"High",2,0,0,0,0,0,0,0,0,0,4,NA,FALSE,0
"19694",7,"F",4,"White","High",1,0,1,0,0,0,0,0,0,1,4,"1",TRUE,0
"19695",6,"M",4,"White","High",2,0,0,0,0,0,0,0,0,0,3,"1",FALSE,0
"19696",3,"M",1,"Hispanic","Middle",1,1,1,1,NA,NA,1,NA,NA,1,1,NA,TRUE,1
"19697",6,"F",4,"White","High",2,0,0,0,0,0,0,0,0,0,2,NA,FALSE,1
"19698",9,"M",6,"Asian","High",2,0,0,0,0,0,0,0,0,0,4,"1",FALSE,0
"19699",9,"M",6,"Black","High",2,0,0,0,0,0,0,0,0,0,4,"1",FALSE,0
"19700",8,"F",6,"White","High",2,0,0,0,0,0,0,0,0,0,4,"1",FALSE,0
"19701",9,"F",6,"White","High",2,0,0,0,0,0,0,0,0,0,4,NA,FALSE,0
"19702",9,"M",6,"White","High",1,1,1,1,1,0,1,1,0,1,1,"1",TRUE,1
"19703",6,"M",3,"Hispanic","Middle",2,0,0,0,0,0,0,0,0,0,2,"1",FALSE,1
"19704",1,"M",3,"Hispanic","Middle",1,0,1,0,0,0,1,0,0,1,NA,"1",TRUE,NA
"19705",6,"M",3,"White","Middle",2,0,0,0,0,0,0,0,0,0,4,"1",FALSE,0
"19706",5,"F",3,"Hispanic","Middle",2,0,0,0,0,0,0,0,0,0,4,"1",FALSE,0
"19707",6,"M",3,"White","Middle",2,0,0,0,0,0,0,0,0,0,4,NA,FALSE,0
"19708",5,"F",3,"Hispanic","Middle",NA,NA,NA,NA,NA,NA,NA,NA,NA,NA,4,NA,NA,0
"19709",6,"F",3,"Hispanic","Middle",1,0,0,0,0,0,0,0,0,0,3,"1",FALSE,0
"19710",7,"M",3,"Hispanic","Middle",2,0,0,0,0,0,0,0,0,0,4,"1",FALSE,0
"19711",6,"F",3,"Black","Middle",2,0,0,0,0,0,0,0,0,0,2,NA,FALSE,1
"19712",6,"F",3,"White","Middle",1,0,0,0,0,0,0,0,0,1,4,"1",TRUE,0
"19713",11,"F",8,NA,NA,2,0,0,0,0,0,0,0,0,0,NA,NA,FALSE,NA
"19714",6,"M",3,"White","Middle",1,0,0,1,0,0,1,1,0,1,2,NA,TRUE,1
"19715",5,"F",2,"White","Middle",2,0,0,0,0,0,0,0,0,0,3,NA,FALSE,0
"19716",6,"M",3,"White","Middle",2,0,0,0,0,0,0,0,0,0,3,"1",FALSE,0
"19717",6,"F",3,"Asian","Middle",2,0,0,0,0,0,0,0,0,0,4,"1",FALSE,0
"19718",6,"M",3,"Hispanic","Middle",2,0,0,0,0,0,0,0,0,0,4,NA,FALSE,0
"19719",5,"F",3,"Hispanic","Middle",2,0,0,0,0,0,0,0,0,0,3,"1",FALSE,0
"19720",6,"F",3,"Asian","Middle",2,0,0,NA,0,0,0,0,0,0,4,"1",NA,0
"19721",6,"M",3,"White","Middle",2,0,0,0,0,0,0,0,0,0,4,NA,FALSE,0
"19722",6,"F",3,"Hispanic","Middle",2,0,0,0,0,0,0,0,0,0,2,NA,FALSE,1
"19723",5,"F",3,"Hispanic","Middle",2,0,0,0,0,0,0,0,0,0,4,"1",FALSE,0
"19724",6,"M",3,"Hispanic","Middle",2,0,0,0,0,0,0,0,0,0,4,"1",FALSE,0
"19725",6,"M",3,"Black","Middle",2,0,0,0,0,0,0,0,0,0,3,"1",FALSE,0
"19726",6,"M",3,"Hispanic","Middle",2,0,0,0,0,0,0,0,0,0,4,"1",FALSE,0
"19727",5,"M",3,"Asian","Middle",2,0,0,0,0,0,0,0,0,0,3,NA,FALSE,0
"19728",6,"M",3,"Hispanic","Middle",2,0,0,0,0,0,0,0,0,0,4,"1",FALSE,0
"19729",6,"F",3,"Hispanic","Middle",2,0,0,0,0,0,0,0,0,0,1,NA,FALSE,1
"19730",5,"F",2,"AI/AN","Middle",2,0,0,0,0,0,0,0,0,0,2,NA,FALSE,1
"19731",5,"F",2,"Hispanic","Middle",2,0,0,0,0,0,0,0,0,0,1,NA,FALSE,1
"19732",5,"F",2,"Hispanic","Middle",1,0,0,0,0,0,0,0,0,1,2,"1",TRUE,1
"19733",5,"M",2,"Hispanic","Middle",2,0,0,0,0,0,0,0,0,1,2,"1",TRUE,1
"19734",5,"M",2,"Hispanic","Middle",2,0,0,0,0,0,0,0,0,0,3,"1",FALSE,0
"19735",5,"M",2,"White","Middle",2,0,0,0,0,0,0,0,0,0,4,NA,FALSE,0
"19736",5,"F",2,"Hispanic","Middle",2,0,0,0,0,0,0,0,0,0,4,"1",FALSE,0
"19737",5,"F",2,"Hispanic","Middle",2,0,0,0,0,0,0,0,0,0,4,"1",FALSE,0
"19738",6,"M",2,"Hispanic","Middle",2,0,0,0,NA,NA,0,NA,NA,0,4,NA,NA,0
"19739",4,"M",2,"Hispanic","Middle",NA,0,0,0,0,0,0,0,0,1,3,"1",TRUE,0
"19740",5,"F",2,"Hispanic","Middle",2,0,0,0,0,0,0,0,0,0,2,"1",FALSE,1
"19741",4,"M",2,"Hispanic","Middle",2,0,0,0,0,0,0,0,0,0,4,"1",FALSE,0
"19742",5,"M",2,"AI/AN","Middle",2,0,0,0,0,0,0,0,0,0,4,"1",FALSE,0
"19743",5,"F",2,"Hispanic","Middle",2,0,0,0,0,0,0,0,0,1,2,"1",TRUE,1
"19744",5,"M",2,"Hispanic","Middle",2,0,0,0,0,0,0,0,0,0,2,"1",FALSE,1
"19745",5,"F",2,"Hispanic","Middle",2,0,0,0,NA,NA,0,NA,NA,0,4,"1",NA,0
"19746",4,"M",1,"White","Middle",1,1,1,1,0,0,0,0,0,1,1,NA,TRUE,1
"19747",3,"F",1,"Hispanic","Middle",2,0,0,0,0,0,0,0,0,0,4,"1",FALSE,0
"19748",4,"M",1,"Hispanic","Middle",2,0,0,0,0,0,0,0,0,0,4,"1",FALSE,0
"19749",3,"M",1,"White","Middle",2,0,0,0,0,0,0,0,0,0,4,"1",FALSE,0
"19750",4,"M",1,"Hispanic","Middle",2,NA,NA,NA,NA,NA,NA,NA,NA,NA,4,NA,NA,0
"19751",4,"F",1,"Black","Middle",2,0,0,0,0,0,0,0,0,0,3,NA,FALSE,0
"19752",4,"F",1,"White","Middle",2,0,0,0,0,0,0,0,0,0,4,NA,FALSE,0
"19753",3,"M",1,"Hispanic","Middle",2,0,0,0,0,0,0,0,0,0,4,"1",FALSE,0
"19754",4,"M",1,"Hispanic","Middle",2,0,0,NA,0,0,NA,0,0,0,4,"1",NA,0
"19755",4,"M",1,"Hispanic","Middle",2,0,0,0,0,0,0,0,0,0,3,NA,FALSE,0
"19756",3,"F",1,"Hispanic","Middle",2,0,0,0,0,0,0,0,0,0,4,"1",FALSE,0
"19757",4,"M",1,"Hispanic","Middle",2,0,0,0,0,0,0,0,0,0,4,"1",FALSE,0
"19758",4,"F",1,"Hispanic","Middle",2,0,0,0,0,0,0,0,0,0,4,"1",FALSE,0
"19759",3,"M",1,"White","Middle",2,0,0,0,0,0,0,0,0,0,3,"1",FALSE,0
"19760",4,"F",1,"Hispanic","Middle",2,0,0,0,0,0,0,0,0,0,1,"1",FALSE,1
"19761",4,"F",1,"Hispanic","Middle",1,0,0,0,0,0,0,0,0,0,3,"1",FALSE,0
"19762",4,"M",1,"Hispanic","Middle",2,0,0,0,0,0,0,0,0,0,4,"1",FALSE,0
"19763",4,"F",1,"Hispanic","Middle",2,0,0,0,0,0,0,0,0,0,4,NA,FALSE,0
"19764",4,"M",1,"White","Middle",2,0,0,0,0,0,0,0,0,0,2,"1",FALSE,1
"19765",4,"M",1,"Hispanic","Middle",2,0,0,0,0,0,0,0,0,0,4,NA,FALSE,0
"19766",4,"M",1,"Hispanic","Middle",2,0,0,0,0,0,0,0,0,0,4,"1",FALSE,0
"19767",3,"F",1,"Hispanic","Middle",2,0,0,0,0,0,0,0,0,0,4,"1",FALSE,0
"19768",3,"F",1,"Hispanic","Middle",2,0,0,0,0,0,0,0,0,0,4,"1",FALSE,0
"19769",3,"M",1,"Hispanic","Middle",2,0,0,0,0,0,0,0,0,0,4,"1",FALSE,0
"19770",5,"F",1,"AI/AN","Middle",2,0,0,0,0,0,0,0,0,0,3,NA,FALSE,0
"19771",4,"M",1,"Hispanic","Middle",2,0,0,0,0,0,0,0,0,0,4,"1",FALSE,0
"19772",4,"F",1,"Hispanic","Middle",2,NA,0,0,0,0,0,0,0,0,3,"1",NA,0
"19773",3,"F",1,"White","Middle",2,0,0,0,0,0,0,0,0,0,1,NA,FALSE,1
"19774",4,"F",1,"Hispanic","Middle",2,0,0,0,0,0,0,0,0,0,4,"1",FALSE,0
"19775",6,"F",4,"Black","High",2,0,0,0,0,0,0,0,0,0,2,"1",FALSE,1
"19776",6,"M",4,"AI/AN","High",2,0,0,0,0,0,0,0,0,0,3,NA,FALSE,0
"19777",6,"M",4,"Hispanic","High",2,0,0,0,0,0,0,0,0,0,4,"1",FALSE,0
"19778",7,"M",4,"White","High",2,0,0,0,0,0,0,0,0,0,4,NA,FALSE,0
"19779",6,"M",4,"Hispanic","High",1,0,0,0,0,0,0,0,0,1,2,"1",TRUE,1
"19780",7,"F",4,"White","High",2,0,0,NA,0,0,0,0,0,0,1,"1",NA,1
"19781",7,"M",4,"Hispanic","High",2,0,0,0,0,0,0,0,0,0,4,"1",FALSE,0
"19782",7,"M",4,"Hispanic","High",1,0,NA,0,0,0,NA,0,0,0,2,NA,NA,1
"19783",6,"M",4,"Hispanic","High",1,1,1,1,0,1,1,0,0,1,1,NA,TRUE,1
"19784",6,"F",4,"White","High",2,0,0,0,0,0,0,0,0,0,4,"1",FALSE,0
"19785",6,"F",4,"White","High",2,0,0,0,0,0,0,0,0,0,4,"1",FALSE,0
"19786",7,"M",4,"White","High",2,0,0,0,0,0,0,0,0,0,3,"1",FALSE,0
"19787",7,"M",4,"Hispanic","High",1,1,1,0,0,0,1,0,0,1,1,NA,TRUE,1
"19788",7,"M",4,"White","High",2,0,0,0,0,0,0,0,0,0,3,"1",FALSE,0
"19789",7,"F",4,"Hispanic","High",2,0,0,0,0,0,0,0,0,0,3,NA,FALSE,0
"19790",6,"F",4,"White","High",2,0,0,0,0,0,0,0,0,0,4,"1",FALSE,0
"19791",7,"M",4,"Hispanic","High",2,0,0,0,0,0,0,0,0,0,3,"1",FALSE,0
"19792",7,"M",4,"White","High",2,0,0,0,0,0,0,0,0,0,4,"1",FALSE,0
"19793",7,"F",4,"White","High",2,0,0,0,0,0,0,0,0,0,4,"1",FALSE,0
"19794",7,"F",4,"White","High",2,0,0,0,0,0,0,0,0,0,4,NA,FALSE,0
"19795",6,"F",4,"White","High",2,0,0,0,0,0,0,0,0,0,4,"1",FALSE,0
"19796",7,"M",5,"White","High",2,0,0,0,0,0,0,0,0,0,4,"1",FALSE,0
"19797",7,"M",5,"Hispanic","High",2,0,0,0,0,0,0,0,0,0,4,"1",FALSE,0
"19798",7,"M",5,"Hispanic","High",1,0,0,0,0,0,0,0,0,0,1,"1",FALSE,1
"19799",8,"M",5,"Hispanic","High",2,0,0,0,0,0,0,0,0,0,4,"1",FALSE,0
"19800",8,"M",6,"White","High",2,0,0,0,0,0,0,0,0,0,4,"1",FALSE,0
"19801",7,"M",5,"White","High",1,1,1,0,0,0,0,0,0,1,2,NA,TRUE,1
"19802",3,"M",1,"Hispanic","Middle",1,1,1,1,0,0,1,0,1,1,1,"1",TRUE,1
"19803",8,"M",5,"Hispanic","High",2,0,0,0,0,0,0,0,0,0,1,"1",FALSE,1
"19804",7,"M",5,"Hispanic","High",2,0,0,0,0,0,0,0,0,0,4,"1",FALSE,0
"19805",8,"F",5,"Hispanic","High",2,0,0,0,0,0,0,0,0,0,2,"1",FALSE,1
"19806",8,"F",5,"White","High",2,0,0,0,0,0,0,0,0,0,4,NA,FALSE,0
"19807",8,"F",5,"Hispanic","High",2,0,0,0,0,0,0,0,0,0,4,"1",FALSE,0
"19808",7,"F",5,"White","High",2,0,0,0,0,0,0,0,0,0,4,"1",FALSE,0
"19809",8,"F",5,"White","High",2,0,0,0,0,0,0,0,0,0,4,NA,FALSE,0
"19810",8,"F",5,"Hispanic","High",2,0,0,0,0,0,0,0,0,0,2,"1",FALSE,1
"19811",8,"F",5,"White","High",2,0,0,0,0,0,0,0,0,0,2,"1",FALSE,1
"19812",8,"F",5,"White","High",1,1,0,0,0,0,0,0,0,1,2,NA,TRUE,1
"19813",9,"F",6,"White","High",2,0,0,0,0,0,0,0,0,0,4,"1",FALSE,0
"19814",8,"F",6,"Hispanic","High",2,0,0,0,0,0,0,0,0,0,4,NA,FALSE,0
"19815",9,"F",6,"Hispanic","High",2,0,0,0,0,0,0,0,0,0,4,"1",FALSE,0
"19816",8,"F",6,"Hispanic","High",1,0,0,0,0,0,0,0,0,0,4,"1",FALSE,0
"19817",8,"F",6,"Hispanic","High",2,0,0,0,0,0,0,0,0,0,4,"1",FALSE,0
"19818",9,"M",6,"Hispanic","High",2,0,0,0,0,0,0,0,0,0,2,"1",FALSE,1
"19819",9,"M",6,"White","High",2,0,0,0,0,0,0,0,0,0,3,"1",FALSE,0
"19820",9,"M",6,"White","High",2,0,0,0,0,0,0,0,0,0,4,"1",FALSE,0
"19821",8,"M",6,"White","High",1,1,1,1,0,0,0,0,0,1,1,NA,TRUE,1
"19822",8,"M",6,"Hispanic","High",2,0,0,0,0,0,0,0,0,0,4,"1",FALSE,0
"19823",9,"F",6,"White","High",2,0,0,0,0,0,0,0,0,0,4,"1",FALSE,0
"19824",9,"M",6,"Hispanic","High",1,0,0,0,0,0,0,0,0,0,4,"1",FALSE,0
"19825",9,"F",6,"White","High",2,0,0,0,0,0,0,0,0,0,4,"1",FALSE,0
"19826",8,"M",6,"Hispanic","High",2,0,0,0,0,0,0,0,0,0,1,"1",FALSE,1
"19827",8,"F",5,"Hispanic","High",2,0,0,0,0,0,0,0,0,0,2,"1",FALSE,1
"19828",9,"F",7,"Hispanic","High",1,0,0,0,0,0,0,0,0,0,3,NA,FALSE,0
"19829",10,"M",7,"Hispanic","High",2,0,0,0,0,0,0,0,0,0,4,"1",FALSE,0
"19830",10,"F",7,"White","High",2,0,0,0,0,0,0,0,0,0,4,NA,FALSE,0
"19831",9,"M",7,"White","High",2,0,0,0,0,0,0,0,0,0,2,"1",FALSE,1
"19832",9,"M",7,"White","High",2,0,0,0,0,0,0,0,0,0,4,"1",FALSE,0
"19833",10,"F",7,"White","High",2,0,0,0,0,0,0,0,0,0,4,"1",FALSE,0
"19834",9,"F",7,"Hispanic","High",2,0,0,0,0,0,0,0,0,0,1,"1",FALSE,1
"19835",10,"M",7,"Hispanic","High",2,0,0,0,0,0,0,0,0,0,4,"1",FALSE,0
"19836",10,"M",7,"Hispanic","High",2,0,0,0,0,0,0,0,0,0,3,"1",FALSE,0
"19837",10,"F",7,"White","High",2,0,0,0,0,0,0,0,0,0,4,"1",FALSE,0
"19838",10,"M",7,"White","High",2,0,0,0,0,0,0,0,0,0,2,"1",FALSE,1
"19839",10,"M",7,"Hispanic","High",1,1,1,0,0,0,0,0,0,0,1,"1",TRUE,1
"19840",9,"F",7,"Hispanic","High",2,0,0,0,0,0,0,0,0,0,4,"1",FALSE,0
"19841",7,"M",5,NA,"High",2,0,0,0,0,0,0,0,0,0,4,NA,FALSE,0
"19842",8,"F",5,"White","High",2,0,0,0,0,0,0,0,0,0,3,"1",FALSE,0
"19843",7,"F",5,"NHOPI","High",2,0,0,0,0,0,0,0,0,0,4,"1",FALSE,0
"19844",8,"F",5,"Black","High",2,0,0,0,0,0,0,0,0,0,4,"1",FALSE,0
"19845",8,"F",5,"White","High",2,0,0,0,0,0,0,0,0,0,4,"1",FALSE,0
"19846",8,"F",5,"White","High",2,0,0,0,0,0,0,0,0,1,3,NA,TRUE,0
"19847",7,"F",5,"White","High",2,0,0,0,0,0,0,0,0,1,3,NA,TRUE,0
"19848",8,"M",5,"White","High",2,0,0,1,0,0,0,0,0,1,4,"1",TRUE,0
"19849",7,"M",5,"White","High",2,1,0,0,0,0,0,0,0,0,2,NA,TRUE,1
"19850",8,"M",5,"White","High",1,0,0,0,0,0,0,0,0,0,1,NA,FALSE,1
"19851",7,"M",5,"White","High",2,0,0,0,0,0,0,0,0,0,4,"1",FALSE,0
"19852",8,"M",5,"Asian","High",1,1,1,0,0,0,0,0,0,0,3,NA,TRUE,0
"19853",8,"M",5,"White","High",2,0,0,0,0,0,0,0,0,0,2,NA,FALSE,1
"19854",7,"F",5,"White","High",2,0,0,0,0,0,0,0,0,0,4,"1",FALSE,0
"19855",8,"M",5,"White","High",2,0,0,0,0,0,0,0,0,1,4,"1",TRUE,0
"19856",7,"F",5,"Hispanic","High",2,0,0,0,0,0,0,0,0,0,3,"1",FALSE,0
"19857",8,"F",5,"White","High",2,0,0,0,0,0,0,0,0,0,4,"1",FALSE,0
"19858",8,"F",5,NA,"High",2,0,0,0,0,0,0,0,0,0,2,NA,FALSE,1
"19859",7,"F",5,"White","High",2,0,0,0,0,0,0,0,0,0,4,NA,FALSE,0
"19860",8,"M",5,"White","High",2,0,0,0,0,0,0,0,0,0,4,"1",FALSE,0
"19861",8,"F",5,"Hispanic","High",2,0,0,0,0,0,0,0,0,0,4,NA,FALSE,0
"19862",8,"M",5,"White","High",1,0,0,0,0,0,0,0,0,1,1,"1",TRUE,1
"19863",7,"M",5,"Asian","High",2,0,0,0,0,0,0,0,0,0,4,"1",FALSE,0
"19864",8,"F",5,"Hispanic","High",2,0,0,0,0,0,0,0,0,1,2,"1",TRUE,1
"19865",7,"M",5,"Black","High",2,0,0,0,0,0,0,0,0,0,4,"1",FALSE,0
"19866",8,"M",5,"Hispanic","High",2,0,0,0,0,0,0,0,0,0,4,"1",FALSE,0
"19867",8,"M",5,"Hispanic","High",1,0,0,0,0,0,0,0,0,0,2,NA,FALSE,1
"19868",8,"M",5,"White","High",1,0,0,0,0,0,0,0,0,1,2,NA,TRUE,1
"19869",7,"M",5,"White","High",2,0,0,0,0,0,0,0,0,0,4,"1",FALSE,0
"19870",9,"M",5,"Hispanic","High",2,0,0,0,0,0,0,0,0,0,2,"1",FALSE,1
"19871",8,"F",5,"White","High",2,0,0,0,0,0,0,0,0,0,2,"1",FALSE,1
"19872",8,"M",5,"White","High",2,0,0,0,0,0,0,0,0,1,1,"1",TRUE,1
"19873",6,"M",4,"White","High",2,0,0,0,0,0,0,0,0,0,4,"1",FALSE,0
"19874",7,"M",4,"White","High",2,0,0,0,0,0,0,0,0,0,4,"1",FALSE,0
"19875",7,"F",4,"White","High",2,0,0,0,0,0,0,0,0,0,4,"1",FALSE,0
"19876",7,"M",4,"Asian","High",2,0,0,0,0,0,0,0,0,0,4,"1",FALSE,0
"19877",7,"M",4,"White","High",2,0,0,0,0,0,0,0,0,0,4,"1",FALSE,0
"19878",7,"M",4,"White","High",2,0,0,0,0,0,0,0,0,0,4,NA,FALSE,0
"19879",7,"M",4,"White","High",2,0,0,0,0,0,0,0,0,0,4,"1",FALSE,0
"19880",6,"F",4,"Asian","High",2,0,0,0,0,0,0,0,0,0,4,"1",FALSE,0
"19881",7,"M",4,"Hispanic","High",2,0,0,0,0,0,0,0,0,0,4,"1",FALSE,0
"19882",7,"M",4,"White","High",2,0,0,0,0,0,0,0,0,0,2,"1",FALSE,1
"19883",7,"F",4,"White","High",2,0,0,0,0,0,0,0,0,0,4,"1",FALSE,0
"19884",7,"F",4,"White","High",2,0,0,0,0,0,0,0,0,0,2,"1",FALSE,1
"19885",6,"F",4,NA,"High",2,0,0,0,0,0,0,0,0,0,2,"1",FALSE,1
"19886",7,"F",4,"White","High",2,0,0,0,0,0,0,0,0,0,3,"1",FALSE,0
"19887",6,"F",4,"White","High",2,0,0,0,0,0,0,0,0,0,4,NA,FALSE,0
"19888",7,"F",4,"Hispanic","High",1,0,0,0,0,0,0,0,0,1,2,"1",TRUE,1
"19889",7,"F",4,"White","High",2,0,0,0,0,0,0,0,0,0,4,NA,FALSE,0
"19890",9,"M",6,"White","High",1,1,1,1,1,1,1,1,1,1,1,NA,TRUE,1
"19891",8,"F",6,"White","High",1,0,0,0,0,0,0,0,0,1,1,NA,TRUE,1
"19892",9,"F",6,"White","High",2,0,0,0,0,0,0,0,0,0,4,NA,FALSE,0
"19893",8,"F",6,"Hispanic","High",2,0,0,0,0,0,0,0,0,0,2,"1",FALSE,1
"19894",8,"F",6,"White","High",2,0,0,0,0,0,0,0,0,0,2,"1",FALSE,1
"19895",9,"F",6,"White","High",2,0,0,1,0,0,0,0,0,1,4,NA,TRUE,0
"19896",9,"M",6,"White","High",2,0,0,0,0,0,0,0,0,0,4,NA,FALSE,0
"19897",8,"M",6,"White","High",2,0,0,0,0,0,0,0,0,0,4,"1",FALSE,0
"19898",8,"M",6,"Black","High",1,0,1,0,0,0,0,0,0,0,4,NA,TRUE,0
"19899",8,"F",7,"White","High",2,0,0,0,0,0,0,0,0,0,4,"1",FALSE,0
"19900",10,"F",7,"White","High",2,0,0,0,0,0,0,0,0,0,2,NA,FALSE,1
"19901",10,"M",7,"White","High",2,0,0,0,0,0,0,0,0,0,4,"1",FALSE,0
"19902",10,"F",7,"White","High",2,0,0,0,0,0,0,0,0,0,4,"1",FALSE,0
"19903",9,"M",7,"Hispanic","High",2,0,0,0,0,0,0,0,0,0,3,NA,FALSE,0
"19904",9,"F",7,"White","High",2,0,0,0,0,0,0,0,0,0,3,"1",FALSE,0
"19905",10,"M",7,"White","High",2,0,0,0,0,0,0,0,0,0,3,NA,FALSE,0
"19906",9,"F",7,"White","High",2,0,0,0,0,0,0,0,0,0,4,NA,FALSE,0
"19907",10,"F",7,"White","High",2,0,0,0,0,0,0,0,0,1,1,NA,TRUE,1
"19908",10,"M",7,"Hispanic","High",2,0,0,0,0,0,0,0,0,0,4,"1",FALSE,0
"19909",10,"F",7,"White","High",1,0,0,0,0,0,0,0,0,1,1,NA,TRUE,1
"19910",10,"F",7,"White","High",2,0,0,0,0,0,0,0,0,1,1,NA,TRUE,1
"19911",10,"F",7,"White","High",2,0,0,0,0,0,0,0,0,0,4,"1",FALSE,0
"19912",9,"M",7,"Hispanic","High",2,0,0,0,0,0,0,0,0,0,4,"1",FALSE,0
"19913",10,"M",7,"White","High",1,0,0,0,0,0,0,0,0,0,2,NA,FALSE,1
"19914",10,"M",7,"White","High",2,0,0,0,0,0,0,0,0,0,4,"1",FALSE,0
"19915",9,"M",7,"White","High",2,0,0,0,0,0,0,0,0,0,4,NA,FALSE,0
"19916",10,"M",7,"White","High",1,0,0,0,0,0,0,0,0,1,2,NA,TRUE,1
"19917",10,"M",7,"White","High",1,0,0,0,0,0,0,0,0,1,2,"1",TRUE,1
"19918",10,"M",7,"White","High",1,0,0,1,0,0,0,0,0,1,2,NA,TRUE,1
"19919",10,"M",7,"White","High",1,0,0,0,0,0,0,0,0,1,1,NA,TRUE,1
"19920",10,"F",7,"White","High",2,0,0,0,0,0,0,0,0,0,4,"1",FALSE,0
"19921",10,"M",7,"White","High",1,1,0,0,0,0,0,0,0,1,1,"1",TRUE,1
"19922",11,"F",7,"Hispanic","High",2,0,0,0,0,0,0,0,0,0,4,"1",FALSE,0
"19923",9,"F",6,"White","High",2,0,0,0,0,0,0,0,0,0,2,NA,FALSE,1
"19924",9,"F",6,"White","High",2,0,0,0,0,0,0,0,0,0,4,NA,FALSE,0
"19925",8,"F",6,"White","High",2,0,0,0,0,0,0,0,0,0,4,"1",FALSE,0
"19926",10,"M",7,"White","High",2,0,0,0,0,0,0,0,0,0,4,NA,FALSE,0
"19927",8,"M",6,"White","High",2,0,0,0,0,0,0,0,0,0,1,"1",FALSE,1
"19928",8,"M",6,"AI/AN","High",1,0,0,0,0,0,0,0,0,0,1,NA,FALSE,1
"19929",9,"F",6,"White","High",2,0,0,0,0,0,0,0,0,0,1,"1",FALSE,1
"19930",9,"M",6,"AI/AN","High",1,0,0,0,0,0,0,0,0,0,2,"1",FALSE,1
"19931",8,"M",6,"Hispanic","High",2,0,0,0,0,0,0,0,0,0,4,"1",FALSE,0
"19932",8,"M",6,"Asian","High",2,0,0,0,0,0,0,0,0,0,4,"1",FALSE,0
"19933",9,"M",6,"Black","High",2,0,0,0,0,0,0,0,0,0,4,NA,FALSE,0
"19934",9,"M",6,"White","High",2,0,0,0,0,0,0,0,0,0,4,"1",FALSE,0
"19935",8,"M",6,"Hispanic","High",2,0,0,0,0,0,0,0,0,0,4,"1",FALSE,0
"19936",8,"F",6,"NHOPI","High",2,0,0,NA,0,0,0,0,0,0,4,"1",NA,0
"19937",NA,NA,NA,NA,NA,1,NA,1,1,NA,NA,NA,NA,NA,NA,NA,NA,TRUE,NA
"19938",4,"M",1,"AI/AN","Middle",NA,0,NA,NA,0,0,0,0,0,NA,2,"1",NA,1
"19939",NA,"F",1,"Hispanic","Middle",NA,0,0,0,0,0,0,0,0,0,4,NA,FALSE,0
"19940",4,"M",1,"White","Middle",2,0,0,0,0,0,0,0,0,0,3,NA,FALSE,0
"19941",4,"F",1,"AI/AN","Middle",2,0,0,0,0,0,0,0,0,0,4,"1",FALSE,0
"19942",4,"F",1,"White","Middle",2,0,0,0,0,0,0,0,0,0,4,"1",FALSE,0
"19943",4,"M",1,"NHOPI","Middle",2,0,0,0,0,0,0,0,0,0,2,NA,FALSE,1
"19944",3,"F",1,"White","Middle",2,0,0,0,0,0,0,0,0,0,2,NA,FALSE,1
"19945",4,"F",1,"White","Middle",2,0,0,0,0,0,0,0,0,0,4,NA,FALSE,0
"19946",4,"M",1,"White","Middle",2,0,0,0,0,0,0,0,0,0,4,"1",FALSE,0
"19947",4,"F",1,"Black","Middle",2,0,0,0,0,0,0,0,0,0,4,"1",FALSE,0
"19948",3,"F",1,"AI/AN","Middle",2,0,0,0,0,0,0,0,0,0,4,NA,FALSE,0
"19949",3,"F",1,"Hispanic","Middle",2,0,0,0,0,0,0,0,0,0,4,NA,FALSE,0
"19950",4,"F",1,"Hispanic","Middle",2,0,0,0,0,0,0,0,0,0,4,NA,FALSE,0
"19951",3,"F",1,"White","Middle",2,0,0,0,0,0,0,0,0,0,4,NA,FALSE,0
"19952",5,"F",1,"Hispanic","Middle",2,0,0,0,0,0,0,0,0,0,4,NA,FALSE,0
"19953",4,"M",1,NA,"Middle",2,0,0,0,0,0,0,0,0,0,4,NA,FALSE,0
"19954",4,"M",1,"White","Middle",2,0,0,NA,0,0,0,0,0,0,3,NA,NA,0
"19955",3,"F",1,"Black","Middle",2,0,0,0,0,0,0,0,0,0,2,NA,FALSE,1
"19956",4,"F",1,"Hispanic","Middle",2,0,0,0,0,0,0,0,0,0,2,"1",FALSE,1
"19957",3,"F",1,"AI/AN","Middle",2,0,0,0,NA,NA,NA,NA,NA,0,3,NA,NA,0
"19958",4,"M",1,"White","Middle",2,0,0,0,0,0,0,0,0,0,4,"1",FALSE,0
"19959",3,"F",1,"White","Middle",2,0,0,0,0,0,0,0,0,0,4,NA,FALSE,0
"19960",9,"F",6,"White","High",2,0,0,0,0,0,0,0,0,1,4,NA,TRUE,0
"19961",9,"F",6,"Black","High",1,0,NA,0,0,0,0,0,0,0,4,NA,NA,0
"19962",8,"M",5,"Hispanic","High",1,0,0,1,0,0,0,0,0,0,3,NA,TRUE,0
"19963",7,"F",5,"NHOPI","High",2,0,0,0,0,0,0,0,0,0,3,"1",FALSE,0
"19964",9,"F",6,"Black","High",2,0,0,0,0,0,0,0,0,0,4,"1",FALSE,0
"19965",9,"M",6,"White","High",1,NA,0,1,0,0,0,0,0,0,2,NA,TRUE,1
"19966",9,"M",6,"Hispanic","High",2,0,0,0,0,0,0,0,0,0,4,"1",FALSE,0
"19967",9,"M",6,"Asian","High",2,0,0,0,0,0,0,0,0,0,3,"1",FALSE,0
"19968",9,"M",6,"White","High",1,0,0,1,0,0,0,0,0,1,3,NA,TRUE,0
"19969",9,"M",6,"Black","High",1,NA,0,0,0,0,0,0,0,1,1,NA,TRUE,1
"19970",9,"M",6,"Asian","High",2,0,0,0,0,0,0,0,0,1,4,"1",TRUE,0
"19971",8,"F",5,"White","High",2,0,0,0,0,0,0,0,0,0,2,"1",FALSE,1
"19972",8,"F",5,"Asian","High",2,0,0,0,0,0,0,0,0,0,3,NA,FALSE,0
"19973",8,"M",5,"White","High",2,0,0,0,0,0,0,0,0,0,4,"1",FALSE,0
"19974",8,"M",5,"White","High",2,0,0,0,0,0,0,0,0,0,4,NA,FALSE,0
"19975",7,"M",5,"White","High",2,0,0,0,0,0,0,0,0,1,4,"1",TRUE,0
"19976",8,"F",5,"Hispanic","High",2,0,0,0,0,0,0,0,0,1,3,"1",TRUE,0
"19977",7,"F",5,"Asian","High",2,0,0,0,0,0,0,0,0,0,4,"1",FALSE,0
"19978",8,"F",5,"White","High",2,0,0,0,0,0,0,0,0,1,4,NA,TRUE,0
"19979",7,"F",5,"Hispanic","High",2,0,0,0,0,0,0,0,0,0,3,"1",FALSE,0
"19980",8,"F",5,"Hispanic","High",1,0,0,0,0,0,0,0,0,0,4,NA,FALSE,0
"19981",8,"F",5,NA,"High",2,0,0,0,0,0,0,0,0,0,2,NA,FALSE,1
"19982",8,"F",5,"White","High",2,0,0,0,0,0,0,0,0,0,4,"1",FALSE,0
"19983",7,"F",5,"White","High",2,0,0,0,0,0,0,0,0,0,4,"1",FALSE,0
"19984",7,"F",5,"Black","High",2,0,0,0,0,0,0,0,0,0,4,"1",FALSE,0
"19985",8,"F",5,"White","High",2,0,0,0,0,0,0,0,0,0,4,"1",FALSE,0
"19986",7,"F",5,"White","High",2,0,0,0,0,0,0,0,0,0,4,NA,FALSE,0
"19987",7,"F",5,"Asian","High",2,0,0,0,0,0,0,0,0,0,4,"1",FALSE,0
"19988",7,"F",5,"White","High",2,0,0,0,0,0,0,0,0,0,4,NA,FALSE,0
"19989",6,"M",4,"Hispanic","High",2,0,0,0,0,0,0,0,0,0,2,"1",FALSE,1
"19990",6,"F",4,"Hispanic","High",1,0,1,0,0,0,0,0,0,0,1,NA,TRUE,1
"19991",7,"F",4,"Hispanic","High",2,0,0,0,0,0,0,0,0,0,3,NA,FALSE,0
"19992",7,"F",4,"White","High",2,1,0,0,0,0,0,1,0,0,1,NA,TRUE,1
"19993",7,"M",4,"White","High",2,0,0,0,0,0,0,0,0,0,4,NA,FALSE,0
"19994",6,"M",4,"White","High",2,0,0,0,0,0,0,0,0,0,4,NA,FALSE,0
"19995",7,"F",4,"White","High",2,0,0,0,0,0,0,0,0,0,1,NA,FALSE,1
"19996",7,"F",4,"White","High",2,0,0,0,0,0,0,0,0,0,3,NA,FALSE,0
"19997",7,"F",4,"White","High",1,0,0,0,0,0,0,0,0,0,1,NA,FALSE,1
"19998",6,"F",4,"White","High",2,0,0,0,0,0,0,0,0,0,1,NA,FALSE,1
"19999",7,"M",4,"White","High",2,0,0,0,0,0,0,0,0,0,1,NA,FALSE,1
"20000",7,"F",4,"Black","High",2,0,0,0,0,0,0,0,0,0,2,NA,FALSE,1
"20001",7,"F",4,"Black","High",2,0,0,0,0,0,0,0,0,1,2,NA,TRUE,1
"20002",8,"F",4,"Hispanic","High",2,0,0,0,0,0,0,0,0,0,4,"1",FALSE,0
"20003",7,"F",4,"NHOPI","High",2,0,0,0,0,0,0,0,0,0,1,NA,FALSE,1
"20004",7,"M",4,"White","High",2,0,0,0,0,0,0,0,0,0,4,NA,FALSE,0
"20005",7,"F",4,"White","High",1,0,0,0,0,0,0,0,0,0,2,"1",FALSE,1
"20006",7,"F",4,"AI/AN","High",2,0,0,0,0,0,0,0,0,1,4,"1",TRUE,0
"20007",7,"M",4,"White","High",2,0,0,0,0,0,0,0,0,0,3,NA,FALSE,0
"20008",6,"F",4,"Hispanic","High",2,0,0,0,0,0,0,0,0,0,4,"1",FALSE,0
"20009",6,"F",4,"Black","High",2,0,0,0,0,0,0,0,0,0,4,NA,FALSE,0
"20010",6,"F",4,"White","High",2,0,0,0,0,0,0,0,0,0,3,NA,FALSE,0
"20011",7,"F",4,"White","High",2,0,0,0,0,0,0,0,0,0,3,NA,FALSE,0
"20012",7,"F",4,"Asian","High",2,0,0,0,0,0,0,0,0,0,2,NA,FALSE,1
"20013",6,"F",4,"Hispanic","High",NA,0,0,0,0,0,0,0,0,0,4,"1",FALSE,0
"20014",9,"M",7,"Black","High",1,0,1,0,0,0,0,0,0,0,1,NA,TRUE,1
"20015",10,"M",7,"Black","High",1,0,1,0,0,0,0,0,0,0,4,NA,TRUE,0
"20016",10,"F",7,"Hispanic","High",1,0,1,0,0,0,0,0,0,1,4,NA,TRUE,0
"20017",11,"M",7,"Hispanic","High",2,0,0,0,0,0,0,0,0,0,4,"1",FALSE,0
"20018",10,"F",7,"NHOPI","High",2,1,0,0,0,0,0,0,0,1,3,NA,TRUE,0
"20019",9,"F",7,"Hispanic","High",1,0,0,0,0,0,0,0,0,0,2,"1",FALSE,1
"20020",9,"F",7,"Black","High",NA,0,0,0,0,0,0,0,0,0,4,"1",FALSE,0
"20021",10,"F",7,"Black","High",2,0,0,0,0,0,0,0,0,1,4,"1",TRUE,0
"20022",9,"F",7,"White","High",2,0,0,0,0,0,0,0,0,0,4,"1",FALSE,0
"20023",9,"F",7,"White","High",2,0,0,0,0,0,0,0,0,0,4,"1",FALSE,0
"20024",10,"M",7,"White","High",2,0,0,0,0,0,0,0,0,0,3,"1",FALSE,0
"20025",10,"M",7,"White","High",2,0,0,0,0,0,0,0,0,0,2,NA,FALSE,1
"20026",9,"M",7,"White","High",2,0,0,0,0,0,0,0,0,0,4,"1",FALSE,0
"20027",10,"F",7,"White","High",2,0,0,0,0,0,0,0,0,0,4,"1",FALSE,0
"20028",10,"M",7,"Black","High",2,0,0,0,0,0,0,0,0,0,4,"1",FALSE,0
"20029",10,"F",7,"White","High",1,0,1,0,0,0,0,0,0,1,2,NA,TRUE,1
"20030",9,"F",7,"NHOPI","High",2,0,0,0,0,0,0,0,0,0,2,NA,FALSE,1
"20031",8,"F",6,"White","High",2,0,0,0,0,0,0,0,0,0,4,"1",FALSE,0
"20032",9,"F",6,"NHOPI","High",2,0,0,0,0,0,0,0,0,0,4,NA,FALSE,0
"20033",8,"M",6,"White","High",2,0,0,0,0,0,0,0,0,0,4,"1",FALSE,0
"20034",9,"F",6,"White","High",2,0,0,0,0,0,0,0,0,0,2,NA,FALSE,1
"20035",9,"F",6,"White","High",2,0,0,0,0,0,0,0,0,1,4,"1",TRUE,0
"20036",8,"F",6,"White","High",2,0,0,0,0,0,0,0,0,0,4,NA,FALSE,0
"20037",5,"F",2,"White","Middle",2,0,0,0,0,0,0,0,0,0,4,"1",FALSE,0
"20038",5,"F",2,"White","Middle",2,0,0,0,0,0,0,0,0,1,4,NA,TRUE,0
"20039",4,"F",2,"White","Middle",2,0,0,0,0,0,0,0,0,0,4,NA,FALSE,0
"20040",5,"F",2,"NHOPI","Middle",2,0,0,0,0,0,0,0,0,0,2,NA,FALSE,1
"20041",5,"F",2,"NHOPI","Middle",2,0,0,0,0,0,0,0,0,0,2,NA,FALSE,1
"20042",4,"M",2,"White","Middle",2,0,0,0,0,0,0,0,0,0,3,NA,FALSE,0
"20043",4,"M",2,"White","Middle",2,0,0,0,0,0,0,0,0,1,3,NA,TRUE,0
"20044",5,"F",2,"Hispanic","Middle",2,0,0,0,1,1,0,0,0,1,4,NA,TRUE,0
"20045",4,"M",2,"White","Middle",2,0,0,0,0,0,0,0,0,0,2,NA,FALSE,1
"20046",5,NA,2,"White","Middle",2,0,0,0,0,0,0,0,0,0,4,"1",FALSE,0
"20047",5,"F",2,"White","Middle",2,0,0,0,0,0,0,0,0,0,3,NA,FALSE,0
"20048",5,"M",2,"White","Middle",2,0,0,0,0,0,0,0,0,0,4,"1",FALSE,0
"20049",6,"M",2,"AI/AN","Middle",2,0,0,0,0,0,0,0,0,0,2,NA,FALSE,1
"20050",5,"F",2,"White","Middle",2,0,0,0,0,0,0,0,0,0,4,NA,FALSE,0
"20051",4,"F",2,"AI/AN","Middle",2,0,0,0,0,0,0,0,0,0,4,NA,FALSE,0
"20052",5,"F",2,"AI/AN","Middle",2,0,0,0,0,0,0,0,0,0,4,"1",FALSE,0
"20053",4,"F",2,"Hispanic","Middle",2,0,0,0,0,0,0,0,0,0,4,"1",FALSE,0
"20054",6,"M",3,"Hispanic","Middle",2,0,0,0,0,0,0,0,0,0,3,"1",FALSE,0
"20055",5,"F",2,"White","Middle",2,0,0,0,0,0,0,0,0,0,3,"1",FALSE,0
"20056",6,"F",3,"Asian","Middle",2,0,0,0,0,0,0,0,0,0,4,"1",FALSE,0
"20057",6,"F",3,"White","Middle",2,0,0,0,0,0,0,0,0,0,4,"1",FALSE,0
"20058",6,"M",3,"Black","Middle",2,0,0,0,0,0,0,0,0,0,1,NA,FALSE,1
"20059",6,"M",3,"White","Middle",2,0,0,0,0,0,0,0,0,0,4,NA,FALSE,0
"20060",6,"F",3,"Black","Middle",2,0,0,NA,0,0,0,0,0,0,4,"1",NA,0
"20061",6,"M",3,"Black","Middle",1,1,1,0,0,0,0,0,0,1,4,NA,TRUE,0
"20062",6,"M",3,"Black","Middle",1,0,0,0,0,0,0,0,0,0,4,NA,FALSE,0
"20063",6,"M",3,"White","Middle",2,0,0,0,0,0,0,0,0,0,4,NA,FALSE,0
"20064",6,"M",3,"White","Middle",2,0,0,0,0,0,0,0,0,0,4,NA,FALSE,0
"20065",5,"M",2,"Asian","Middle",2,0,0,0,0,0,0,0,0,0,3,"1",FALSE,0
"20066",6,"M",3,"White","Middle",2,0,0,0,0,0,0,0,0,1,4,NA,TRUE,0
"20067",6,"M",3,"Asian","Middle",2,0,0,0,0,0,0,0,0,0,4,"1",FALSE,0
"20068",6,"M",3,"White","Middle",2,0,0,0,0,0,0,0,0,0,4,"1",FALSE,0
"20069",5,"M",3,"Asian","Middle",2,0,0,0,0,0,0,0,0,0,4,NA,FALSE,0
"20070",5,"F",2,"White","Middle",2,0,0,0,0,0,0,0,0,0,4,"1",FALSE,0
"20071",5,"F",2,"Black","Middle",2,0,0,0,0,0,0,0,0,0,2,"1",FALSE,1
"20072",5,"M",3,"White","Middle",1,0,0,0,0,0,0,0,0,1,4,"1",TRUE,0
"20073",6,"F",3,"White","Middle",1,NA,NA,0,0,0,0,0,0,1,2,NA,TRUE,1
"20074",6,"M",3,"AI/AN","Middle",2,0,0,0,0,0,0,0,0,0,4,NA,FALSE,0
"20075",4,"M",2,"NHOPI","Middle",2,0,0,0,NA,NA,0,NA,NA,0,4,"1",NA,0
"20076",5,"M",2,"AI/AN","Middle",2,0,0,0,0,0,0,0,0,0,4,NA,FALSE,0
"20077",6,"M",3,"White","Middle",2,0,0,0,0,0,0,0,0,0,4,NA,FALSE,0
"20078",6,"M",3,"White","Middle",2,0,0,0,0,0,0,0,0,0,4,"1",FALSE,0
"20079",6,"M",3,"NHOPI","Middle",2,0,0,0,0,0,0,0,0,0,4,NA,FALSE,0
"20080",7,"M",4,"White","High",2,0,0,0,0,0,0,0,0,1,4,"1",TRUE,0
"20081",7,"M",4,"AI/AN","High",2,0,0,0,0,0,0,0,0,0,4,"1",FALSE,0
"20082",6,"M",4,"White","High",2,0,0,0,0,0,0,0,0,0,3,"1",FALSE,0
"20083",6,"M",4,"White","High",1,0,1,0,0,0,0,0,0,0,2,"1",TRUE,1
"20084",7,"F",4,"White","High",2,0,0,0,0,0,0,0,0,0,3,"1",FALSE,0
"20085",7,"M",4,"White","High",2,0,0,0,0,0,0,0,0,0,4,NA,FALSE,0
"20086",7,"M",4,"White","High",2,0,0,0,0,0,0,0,0,0,4,"1",FALSE,0
"20087",6,"M",4,"White","High",2,0,0,0,0,0,0,0,0,0,4,"1",FALSE,0
"20088",6,"F",4,"White","High",2,0,0,0,0,0,0,0,0,0,1,NA,FALSE,1
"20089",7,"M",4,"Hispanic","High",2,0,0,0,0,0,0,0,0,0,2,NA,FALSE,1
"20090",7,"M",4,"White","High",2,0,0,0,0,0,0,0,0,0,2,"1",FALSE,1
"20091",7,"M",4,"Hispanic","High",2,0,0,0,0,0,0,0,0,0,4,"1",FALSE,0
"20092",7,"F",4,"Hispanic","High",2,0,0,0,0,0,0,0,0,0,3,"1",FALSE,0
"20093",7,"M",4,NA,"High",2,0,0,0,0,0,0,0,0,0,2,"1",FALSE,1
"20094",7,"M",4,"Hispanic","High",2,0,0,0,0,0,0,0,0,0,4,"1",FALSE,0
"20095",6,"F",4,"Hispanic","High",2,0,0,0,0,0,0,0,0,0,2,"1",FALSE,1
"20096",7,"M",4,"Hispanic","High",2,0,0,0,0,0,0,0,0,0,3,NA,FALSE,0
"20097",7,"F",4,"White","High",2,0,0,0,0,0,0,0,0,0,3,"1",FALSE,0
"20098",6,"M",4,"White","High",2,0,0,0,0,0,0,0,0,0,4,"1",FALSE,0
"20099",7,"M",4,"White","High",2,0,0,0,0,0,0,0,0,0,4,NA,FALSE,0
"20100",7,"F",4,"AI/AN","High",1,1,1,0,0,0,0,0,0,1,1,"1",TRUE,1
"20101",8,"M",5,"White","High",2,0,0,0,0,0,0,0,0,0,3,"1",FALSE,0
"20102",8,"F",5,NA,"High",2,0,0,0,0,0,0,0,0,0,4,NA,FALSE,0
"20103",8,"F",5,"White","High",2,0,0,0,0,0,0,0,0,1,2,"1",TRUE,1
"20104",8,"M",5,"White","High",2,0,0,0,0,0,0,0,0,0,3,"1",FALSE,0
"20105",8,"M",5,"White","High",2,NA,0,0,0,0,0,0,0,1,1,NA,TRUE,1
"20106",8,"F",5,"White","High",2,0,0,0,0,0,0,0,0,0,1,"1",FALSE,1
"20107",8,"F",5,"Hispanic","High",2,0,0,0,0,0,0,0,0,0,2,"1",FALSE,1
"20108",7,"M",5,"White","High",1,1,0,0,NA,NA,1,NA,NA,1,1,"1",TRUE,1
"20109",7,"F",5,"White","High",2,0,0,0,0,0,0,0,0,0,4,"1",FALSE,0
"20110",9,"F",5,"Hispanic","High",2,0,0,0,0,0,0,0,0,0,4,NA,FALSE,0
"20111",8,"F",5,"White","High",2,0,0,0,0,0,0,0,0,0,2,"1",FALSE,1
"20112",8,"M",5,"White","High",2,0,0,0,0,0,0,0,0,0,4,NA,FALSE,0
"20113",7,"F",5,"White","High",2,0,0,0,0,0,0,0,0,0,3,NA,FALSE,0
"20114",8,"F",5,"White","High",2,0,0,0,0,0,0,0,0,0,3,"1",FALSE,0
"20115",8,"F",5,"White","High",2,0,0,0,0,0,0,0,0,1,1,"1",TRUE,1
"20116",8,"F",5,"White","High",1,1,0,0,0,0,0,0,0,1,1,NA,TRUE,1
"20117",7,"F",5,"Hispanic","High",2,0,0,0,0,0,0,0,0,0,4,"1",FALSE,0
"20118",8,"F",5,"Black","High",2,1,0,0,0,0,0,1,0,1,2,NA,TRUE,1
"20119",8,"F",5,"White","High",2,0,0,0,0,0,0,0,0,0,1,"1",FALSE,1
"20120",8,"M",5,"White","High",1,1,0,0,0,0,0,0,0,0,1,NA,TRUE,1
"20121",8,"F",5,"White","High",2,0,0,0,0,0,0,0,0,0,4,"1",FALSE,0
"20122",9,"M",6,"White","High",1,1,0,0,0,1,0,1,0,1,1,NA,TRUE,1
"20123",9,"F",6,"White","High",2,0,0,0,0,0,0,0,0,0,2,NA,FALSE,1
"20124",9,"F",6,"White","High",2,0,0,0,0,0,0,0,0,0,4,"1",FALSE,0
"20125",9,"F",6,"White","High",2,1,0,0,1,0,0,0,0,1,1,"1",TRUE,1
"20126",10,"M",6,"White","High",2,1,0,0,0,0,0,0,1,1,2,"1",TRUE,1
"20127",9,"M",6,"Hispanic","High",1,1,0,0,0,0,0,0,0,1,1,"1",TRUE,1
"20128",9,"M",6,"White","High",2,0,0,0,0,0,0,0,0,1,3,"1",TRUE,0
"20129",9,"F",6,"White","High",2,0,0,0,0,0,0,0,0,0,4,"1",FALSE,0
"20130",9,"M",6,"White","High",1,0,1,0,0,0,1,0,0,1,1,"1",TRUE,1
"20131",9,"F",6,"White","High",2,0,0,0,0,0,0,0,0,0,4,"1",FALSE,0
"20132",9,"F",6,"Hispanic","High",1,1,0,0,0,0,1,1,0,1,1,"1",TRUE,1
"20133",9,"M",6,"White","High",2,0,0,0,0,0,0,0,0,0,2,NA,FALSE,1
"20134",8,"M",6,"White","High",2,0,0,NA,0,0,0,0,0,0,4,NA,NA,0
"20135",9,"M",6,"White","High",2,0,0,0,0,0,0,0,0,1,3,"1",TRUE,0
"20136",11,"F",7,"White","High",2,0,0,0,0,0,0,0,0,0,4,NA,FALSE,0
"20137",10,"F",7,"AI/AN","High",2,0,0,0,0,0,0,0,0,1,2,NA,TRUE,1
"20138",10,"F",7,"White","High",2,1,0,0,1,0,0,0,0,0,2,NA,TRUE,1
"20139",10,"M",7,"Hispanic","High",1,1,1,0,1,0,0,0,0,0,1,"1",TRUE,1
"20140",9,"M",7,"White","High",1,1,1,0,0,0,0,0,0,1,1,NA,TRUE,1
"20141",10,"M",7,"White","High",1,1,0,0,1,0,1,0,0,1,2,NA,TRUE,1
"20142",9,"F",7,"White","High",1,0,1,0,0,0,0,0,0,1,1,"1",TRUE,1
"20143",9,"F",7,"White","High",2,0,0,0,0,0,0,0,0,0,3,"1",FALSE,0
"20144",9,"F",7,"AI/AN","High",1,1,0,0,0,0,0,0,0,1,2,NA,TRUE,1
"20145",10,NA,7,"White","High",2,0,0,0,0,0,0,0,0,0,4,NA,FALSE,0
"20146",9,"F",7,"Black","High",2,0,0,0,0,0,0,0,0,0,4,"1",FALSE,0
"20147",10,"F",7,"White","High",2,0,0,0,0,0,0,0,0,0,2,"1",FALSE,1
"20148",9,"F",7,"White","High",2,0,0,0,0,0,0,0,0,0,1,"1",FALSE,1
"20149",9,"F",7,"Black","High",2,0,0,0,0,0,0,0,0,0,4,"1",FALSE,0
"20150",10,"M",7,"White","High",2,0,0,0,0,0,0,0,0,0,3,"1",FALSE,0
"20151",10,"M",7,"White","High",2,1,0,0,NA,NA,0,NA,NA,1,1,NA,TRUE,1
"20152",10,"F",7,"White","High",1,1,1,0,0,0,1,0,0,1,1,"1",TRUE,1
"20153",5,"F",2,"Hispanic","Middle",1,0,0,0,0,0,0,0,0,1,1,"1",TRUE,1
"20154",5,"F",2,"White","Middle",2,0,0,0,0,0,0,0,0,0,4,NA,FALSE,0
"20155",5,"F",2,"NHOPI","Middle",2,0,0,0,0,0,0,0,0,0,4,NA,FALSE,0
"20156",4,"F",2,"White","Middle",2,1,0,0,0,0,0,0,0,0,2,NA,TRUE,1
"20157",5,"F",2,"White","Middle",2,0,0,0,0,0,0,0,0,0,4,"1",FALSE,0
"20158",5,"F",2,"White","Middle",2,0,0,0,0,0,0,0,0,0,4,NA,FALSE,0
"20159",4,"F",2,"NHOPI","Middle",2,0,0,0,0,0,0,0,0,0,4,"1",FALSE,0
"20160",4,"F",2,"White","Middle",2,0,0,0,0,0,0,0,0,0,4,NA,FALSE,0
"20161",4,"F",2,"White","Middle",2,0,0,0,0,0,0,0,0,0,4,"1",FALSE,0
"20162",4,"F",2,"Hispanic","Middle",2,0,0,0,0,0,0,0,0,0,4,"1",FALSE,0
"20163",4,"F",2,"White","Middle",2,0,0,0,0,0,0,0,0,0,4,"1",FALSE,0
"20164",5,"M",2,"Hispanic","Middle",2,0,0,0,0,0,0,0,0,1,4,NA,TRUE,0
"20165",5,"F",2,"Hispanic","Middle",2,0,0,0,0,0,0,0,0,1,4,"1",TRUE,0
"20166",5,"F",2,"White","Middle",2,0,0,0,0,0,0,0,0,0,2,NA,FALSE,1
"20167",5,"F",2,"White","Middle",2,0,0,0,0,0,0,0,0,0,4,NA,FALSE,0
"20168",5,"M",2,"Black","Middle",2,0,0,0,0,0,0,0,0,0,4,"1",FALSE,0
"20169",4,"M",2,"Hispanic","Middle",2,0,0,0,0,0,0,0,0,0,3,"1",FALSE,0
"20170",4,"F",2,"White","Middle",2,0,0,0,0,0,0,0,0,0,4,NA,FALSE,0
"20171",6,"F",2,"White","Middle",2,0,0,0,0,0,0,0,0,0,4,NA,FALSE,0
"20172",5,"F",2,NA,"Middle",2,0,0,0,0,0,0,0,0,0,3,NA,FALSE,0
"20173",5,"M",2,"Hispanic","Middle",2,0,0,0,0,0,0,0,0,1,2,"1",TRUE,1
"20174",4,"M",2,"White","Middle",2,0,0,0,0,0,0,0,0,0,4,"1",FALSE,0
"20175",5,"F",3,"NHOPI","Middle",2,0,0,0,0,0,0,0,0,0,2,NA,FALSE,1
"20176",6,"M",3,"White","Middle",2,0,0,0,NA,NA,NA,NA,NA,0,4,"1",NA,0
"20177",5,"F",3,"White","Middle",2,0,0,0,0,0,0,0,0,0,3,"1",FALSE,0
"20178",6,"M",3,"Hispanic","Middle",2,0,0,0,0,0,0,0,0,0,4,NA,FALSE,0
"20179",6,"F",3,"White","Middle",2,NA,0,0,0,0,0,0,0,1,2,NA,TRUE,1
"20180",6,"M",3,"Hispanic","Middle",2,0,0,0,0,0,0,0,0,0,4,NA,FALSE,0
"20181",6,"F",3,"White","Middle",2,0,0,0,0,0,0,0,0,0,4,NA,FALSE,0
"20182",6,"F",3,"Asian","Middle",2,0,0,0,0,0,0,0,0,0,2,"1",FALSE,1
"20183",6,NA,3,"White","Middle",2,0,0,0,0,0,0,0,0,0,4,NA,FALSE,0
"20184",6,"F",3,NA,"Middle",2,0,0,0,0,0,0,0,0,0,4,"1",FALSE,0
"20185",5,"M",3,"White","Middle",2,0,0,0,0,0,0,0,0,0,4,NA,FALSE,0
"20186",6,"M",3,"AI/AN","Middle",2,0,0,0,0,0,0,0,0,0,4,NA,FALSE,0
"20187",6,"M",3,"AI/AN","Middle",2,0,0,0,0,0,0,0,0,0,4,"1",FALSE,0
"20188",5,"M",3,"White","Middle",2,0,0,NA,0,0,0,0,0,0,1,NA,NA,1
"20189",6,"F",3,"Hispanic","Middle",2,0,0,0,0,0,0,0,0,0,2,NA,FALSE,1
