"","Age","Sex","Grade","race","schooltype","curious_trying_others","Smoked_cigarettes_on_1_or","Smoked_cigars_cigarillos","chewing_tobacco_snuff_or","Smoked_tobacco_pipe_not_h","Smoked_bidis_on_1_or_more","Smoked_tobacco_hookah_or","snus_such_as_Camel_or_Mar","dissolvable_tobacco_such","electronic_cigarettes_suc","curious_smoke_cig","housemoate_no_smoke","smoked","curious"
"1",10,"F",7,"Black","High",3,0,0,0,0,0,0,0,0,0,2,1,FALSE,1
"2",9,"M",7,"Black","High",1,1,1,0,0,0,0,0,0,0,4,1,TRUE,0
"3",10,"M",7,"Black","High",4,0,0,0,0,0,0,0,0,0,4,1,FALSE,0
"4",10,"M",7,"White","High",3,0,0,0,0,0,0,0,0,1,1,1,TRUE,1
"5",10,"F",7,"White","High",4,0,0,0,0,0,0,0,0,0,4,NA,FALSE,0
"6",10,"F",7,"White","High",4,0,0,0,0,0,0,0,0,0,2,NA,FALSE,1
"7",10,"M",7,"White","High",3,0,0,0,0,0,0,0,0,0,1,NA,FALSE,1
"8",10,"F",7,"White","High",4,0,0,0,0,0,0,0,0,0,1,1,FALSE,1
"9",10,"M",7,"Black","High",4,0,0,0,0,0,0,0,0,0,4,NA,FALSE,0
"10",10,"F",7,"Black","High",4,0,0,0,0,0,0,0,0,0,4,1,FALSE,0
"11",10,"F",7,"Black","High",4,0,0,0,0,0,0,0,0,0,2,1,FALSE,1
"12",10,"F",7,"White","High",4,0,0,0,0,0,0,0,0,0,4,NA,FALSE,0
"13",10,"M",7,"Black","High",3,0,0,0,0,0,0,0,0,0,2,1,FALSE,1
"14",10,"F",7,"Black","High",3,0,0,0,0,0,0,0,0,0,4,1,FALSE,0
"15",10,"F",7,"Black","High",4,0,0,0,0,0,0,0,0,0,4,1,FALSE,0
"16",10,"M",7,"White","High",3,0,0,0,0,0,0,0,0,0,2,NA,FALSE,1
"17",9,"F",7,"Black","High",4,0,0,0,0,0,0,0,0,0,2,1,FALSE,1
"18",10,"F",7,"White","High",4,0,0,0,0,0,0,0,0,0,1,NA,FALSE,1
"19",7,"F",5,"Black","High",4,0,0,0,0,0,0,0,0,0,1,NA,FALSE,1
"20",7,"F",5,"Black","High",4,0,0,0,0,0,0,0,0,0,2,NA,FALSE,1
"21",9,"F",5,"White","High",4,1,1,0,0,0,0,0,0,0,4,1,TRUE,0
"22",7,"M",5,"Black","High",4,0,0,0,0,0,0,0,0,0,1,NA,FALSE,1
"23",9,"F",5,"Black","High",3,0,0,0,0,0,0,0,0,0,3,NA,FALSE,0
"24",9,"M",5,NA,"High",2,0,0,0,0,0,0,0,0,0,4,NA,FALSE,0
"25",8,"F",5,"Black","High",4,0,0,0,0,0,0,0,0,0,4,NA,FALSE,0
"26",7,"M",5,"Black","High",4,0,0,0,0,0,0,0,0,0,1,NA,FALSE,1
"27",7,"F",5,"AI/AN","High",1,0,1,0,0,0,0,0,0,1,2,NA,TRUE,1
"28",8,"F",5,"Hispanic","High",2,0,0,0,0,0,0,0,0,1,1,NA,TRUE,1
"29",8,"F",5,"White","High",3,1,0,0,0,0,0,0,0,0,1,NA,TRUE,1
"30",8,"F",6,"Black","High",1,1,1,0,NA,NA,NA,NA,NA,0,3,NA,TRUE,0
"31",8,"F",5,"White","High",1,1,1,0,0,0,1,0,0,1,1,NA,TRUE,1
"32",8,"F",6,"Black","High",3,0,0,0,0,0,0,0,0,0,4,1,FALSE,0
"33",9,"M",6,"Black","High",3,1,1,0,0,0,0,0,0,0,1,1,TRUE,1
"34",9,"M",6,"Black","High",4,0,0,0,0,0,0,0,0,1,3,NA,TRUE,0
"35",10,"F",7,"Black","High",4,0,0,0,0,0,0,0,0,0,4,NA,FALSE,0
"36",9,"M",7,"White","High",4,0,0,1,0,0,0,1,0,0,3,NA,TRUE,0
"37",9,"M",7,"White","High",3,0,0,0,0,0,0,0,0,0,3,1,FALSE,0
"38",9,"F",6,"Black","High",4,0,0,0,0,0,0,0,0,0,4,1,FALSE,0
"39",9,"F",6,"White","High",2,1,NA,0,0,0,0,0,0,1,1,1,TRUE,1
"40",9,"F",6,"White","High",2,1,NA,0,0,0,0,0,0,0,1,NA,TRUE,1
"41",8,"M",6,"Black","High",4,0,0,0,0,0,0,0,0,0,3,NA,FALSE,0
"42",10,"M",6,"Black","High",3,1,1,NA,0,0,1,0,0,1,2,1,TRUE,1
"43",8,"F",6,"Black","High",1,0,0,0,0,0,0,0,0,0,4,NA,FALSE,0
"44",8,"F",6,"Black","High",4,0,0,0,0,0,0,0,0,0,4,1,FALSE,0
"45",9,"F",6,"Asian","High",1,0,NA,0,0,0,0,0,0,0,4,1,NA,0
"46",9,"F",6,"Black","High",3,0,0,0,0,0,0,0,0,0,4,1,FALSE,0
"47",9,"F",6,"Black","High",4,0,0,0,0,0,0,0,0,0,4,NA,FALSE,0
"48",9,"F",6,"Black","High",4,0,0,0,0,0,0,0,0,0,3,1,FALSE,0
"49",8,"F",6,"Black","High",4,0,0,0,0,0,0,0,0,0,4,1,FALSE,0
"50",8,"F",6,NA,"High",1,0,1,0,0,0,0,0,0,0,4,NA,TRUE,0
"51",9,"M",6,"Black","High",4,0,0,0,0,0,0,0,0,0,2,NA,FALSE,1
"52",9,"F",6,"Black","High",2,0,NA,0,0,0,0,0,0,0,2,1,NA,1
"53",9,"M",6,"Black","High",4,0,0,0,0,0,0,0,0,0,4,1,FALSE,0
"54",8,"M",6,"Black","High",4,0,0,0,0,0,0,0,0,0,2,1,FALSE,1
"55",9,"F",6,"Black","High",3,0,1,0,0,0,0,0,0,0,3,1,TRUE,0
"56",9,"F",6,"Black","High",1,0,1,0,0,0,0,0,0,0,1,1,TRUE,1
"57",10,"M",7,"Hispanic","High",2,0,0,0,0,0,0,0,0,0,3,NA,FALSE,0
"58",10,"M",7,"White","High",4,NA,0,0,0,0,0,0,0,1,2,NA,TRUE,1
"59",10,"M",7,"White","High",4,0,0,0,0,0,0,0,0,0,4,NA,FALSE,0
"60",9,"F",7,"White","High",3,0,0,0,0,0,0,0,0,0,1,NA,FALSE,1
"61",9,"F",7,"Black","High",4,0,0,0,0,0,0,0,0,0,4,1,FALSE,0
"62",10,"F",7,"Black","High",4,0,0,0,0,0,0,0,0,0,4,1,FALSE,0
"63",9,"F",7,"Black","High",2,0,1,0,0,0,0,0,0,0,4,1,TRUE,0
"64",10,"F",7,"Black","High",4,0,0,0,0,0,0,0,0,0,4,1,FALSE,0
"65",10,"M",7,"Black","High",1,1,1,1,0,0,1,0,0,1,1,NA,TRUE,1
"66",11,"M",7,NA,"High",2,0,0,0,0,0,0,0,0,0,4,1,FALSE,0
"67",10,"M",7,"Black","High",1,0,NA,0,0,0,0,0,0,0,1,NA,NA,1
"68",10,"F",7,"Black","High",4,0,0,0,0,0,0,0,0,0,4,1,FALSE,0
"69",9,"F",7,"Black","High",4,0,0,0,0,0,0,0,0,0,4,NA,FALSE,0
"70",9,"F",7,"Black","High",2,0,0,0,0,0,1,0,0,0,2,1,TRUE,1
"71",11,"F",7,"Black","High",3,0,0,0,0,0,0,0,0,0,4,NA,FALSE,0
"72",10,"F",7,"Black","High",3,0,0,0,0,0,0,0,0,0,4,1,FALSE,0
"73",10,"F",7,"White","High",4,0,0,0,0,0,0,0,0,0,4,1,FALSE,0
"74",10,"F",7,"White","High",4,0,0,0,0,0,0,0,0,0,4,1,FALSE,0
"75",9,"M",7,"Black","High",2,0,0,0,0,0,0,0,0,0,2,NA,FALSE,1
"76",9,"F",7,"Hispanic","High",3,0,0,0,0,0,0,0,0,0,2,1,FALSE,1
"77",9,"F",7,"White","High",1,1,0,0,0,0,0,0,0,1,1,NA,TRUE,1
"78",9,"F",7,"White","High",4,0,0,NA,0,0,0,0,0,1,1,1,TRUE,1
"79",9,"M",7,NA,"High",4,0,0,0,0,0,0,0,0,0,4,NA,FALSE,0
"80",10,"M",7,"White","High",4,0,0,0,0,0,0,0,0,0,4,1,FALSE,0
"81",10,"F",7,"Black","High",4,0,0,0,0,0,0,0,0,0,1,1,FALSE,1
"82",10,"F",7,"White","High",4,0,0,0,0,0,0,0,0,0,4,1,FALSE,0
"83",6,"F",4,"Black","High",2,0,1,0,0,0,0,0,0,0,4,NA,TRUE,0
"84",6,"M",4,"Black","High",4,0,0,0,0,0,0,0,0,0,4,1,FALSE,0
"85",7,"M",4,"White","High",4,0,0,0,0,0,0,0,0,0,4,NA,FALSE,0
"86",7,"M",4,"Black","High",2,0,1,0,0,0,0,0,0,0,1,NA,TRUE,1
"87",7,"F",4,"Hispanic","High",2,0,0,0,0,0,0,0,0,0,2,1,FALSE,1
"88",6,"F",4,"Black","High",4,0,0,0,0,0,0,0,0,0,1,NA,FALSE,1
"89",8,"F",5,"Black","High",1,1,1,0,0,0,0,0,0,0,1,NA,TRUE,1
"90",9,"M",6,"Black","High",3,1,NA,NA,0,0,0,0,0,NA,1,NA,TRUE,1
"91",6,"M",4,"Black","High",2,0,0,0,0,0,0,0,0,0,4,NA,FALSE,0
"92",6,"F",4,"Black","High",4,0,0,0,0,0,0,0,0,1,1,NA,TRUE,1
"93",7,"F",4,"Black","High",4,0,0,0,0,0,0,0,0,0,4,1,FALSE,0
"94",6,"M",4,NA,"High",4,0,0,0,0,0,0,0,0,0,2,1,FALSE,1
"95",7,"M",4,"Black","High",3,0,0,0,0,0,1,0,0,0,4,1,TRUE,0
"96",7,"M",4,"Black","High",3,0,0,0,0,0,0,0,0,0,4,1,FALSE,0
"97",7,"F",4,"Black","High",2,0,0,0,0,0,0,0,0,0,4,1,FALSE,0
"98",3,"F",1,"White","Middle",4,0,0,0,0,0,0,0,0,0,4,1,FALSE,0
"99",4,"M",1,"Hispanic","Middle",4,0,0,0,NA,NA,NA,NA,NA,0,4,1,NA,0
"100",9,"M",6,"Black","High",4,NA,0,0,0,0,0,0,0,0,4,1,NA,0
"101",8,"M",6,"Black","High",3,0,0,0,0,0,0,0,0,0,4,NA,FALSE,0
"102",9,"M",6,"Black","High",3,1,0,0,0,0,0,0,0,0,4,NA,TRUE,0
"103",9,"M",5,"Black","High",4,0,0,0,0,0,0,0,0,0,4,NA,FALSE,0
"104",9,"F",6,"Black","High",3,NA,NA,0,0,0,0,0,0,0,2,1,NA,1
"105",9,"M",6,"Black","High",2,0,0,0,0,0,0,0,0,0,4,1,FALSE,0
"106",8,"F",6,"Black","High",4,0,0,0,0,0,0,0,0,0,4,NA,FALSE,0
"107",7,"M",4,"Black","High",2,1,NA,1,0,0,0,1,0,NA,1,NA,TRUE,1
"108",7,"F",4,"White","High",1,0,0,0,0,0,0,0,0,1,1,NA,TRUE,1
"109",6,"M",4,"Black","High",2,1,1,0,0,0,0,0,0,0,3,NA,TRUE,0
"110",6,"M",4,"White","High",4,0,0,0,NA,NA,NA,NA,NA,0,4,NA,NA,0
"111",7,"M",4,"White","High",4,0,0,0,0,0,0,0,0,0,3,NA,FALSE,0
"112",7,"M",4,"White","High",4,0,0,0,0,0,0,0,0,1,1,NA,TRUE,1
"113",6,"F",4,"White","High",2,1,1,0,0,0,0,0,0,1,1,NA,TRUE,1
"114",7,"M",4,"Black","High",NA,0,NA,NA,NA,NA,NA,NA,NA,0,1,1,NA,1
"115",7,"F",4,"Black","High",2,0,1,0,0,0,0,0,0,0,4,NA,TRUE,0
"116",7,"F",4,"Black","High",3,0,0,0,0,0,0,0,0,0,4,NA,FALSE,0
"117",7,"F",4,"Black","High",1,1,1,0,0,0,1,0,0,1,2,NA,TRUE,1
"118",7,"F",4,"Black","High",4,0,0,0,0,0,0,0,0,0,4,NA,FALSE,0
"119",6,"F",4,"AI/AN","High",2,0,0,0,0,0,0,0,0,0,4,NA,FALSE,0
"120",3,"M",1,"Black","Middle",4,0,0,0,0,0,0,0,0,0,4,1,FALSE,0
"121",4,"M",1,"Black","Middle",4,0,0,0,0,0,0,0,0,0,4,1,FALSE,0
"122",5,"F",2,"Black","Middle",4,0,0,0,0,0,0,0,0,0,4,1,FALSE,0
"123",5,"M",2,"Black","Middle",4,0,0,0,0,0,0,0,0,0,4,1,FALSE,0
"124",5,"M",2,"Black","Middle",2,0,NA,0,0,0,0,0,1,0,4,1,TRUE,0
"125",5,"M",2,"Black","Middle",4,0,0,0,0,0,0,0,0,0,1,NA,FALSE,1
"126",5,"F",2,"Black","Middle",4,1,0,0,0,0,0,0,0,0,4,NA,TRUE,0
"127",6,"M",2,"Hispanic","Middle",3,1,NA,0,0,0,0,1,0,0,3,NA,TRUE,0
"128",5,"M",2,"Black","Middle",3,0,0,0,0,0,0,0,0,0,3,1,FALSE,0
"129",5,"F",2,NA,"Middle",4,0,0,0,0,0,0,0,0,0,4,1,FALSE,0
"130",5,"F",2,NA,"Middle",3,0,0,0,0,0,0,0,0,0,2,NA,FALSE,1
"131",5,"M",2,"White","Middle",4,0,0,0,0,0,0,0,0,0,2,1,FALSE,1
"132",5,"M",2,NA,"Middle",3,1,0,1,0,0,0,0,0,0,3,NA,TRUE,0
"133",5,"M",2,"White","Middle",4,1,0,0,NA,NA,NA,NA,NA,1,1,1,TRUE,1
"134",5,"M",2,"White","Middle",3,0,0,0,0,0,0,0,0,0,3,NA,FALSE,0
"135",5,"M",2,NA,"Middle",3,0,0,0,0,0,0,0,0,0,3,NA,FALSE,0
"136",5,"M",2,"Black","Middle",4,0,0,0,0,0,0,0,0,0,4,NA,FALSE,0
"137",4,"F",2,"Black","Middle",4,0,0,0,0,0,0,0,0,1,1,NA,TRUE,1
"138",5,"M",2,"Black","Middle",4,NA,0,0,0,0,0,0,0,0,4,1,NA,0
"139",5,"M",2,"Black","Middle",4,0,0,0,0,0,0,0,0,0,4,1,FALSE,0
"140",5,"F",2,"Black","Middle",4,0,0,0,0,0,0,0,0,0,4,NA,FALSE,0
"141",4,"F",2,"Black","Middle",4,0,0,0,0,0,0,0,0,0,2,1,FALSE,1
"142",5,"M",2,"White","Middle",3,0,0,0,0,0,0,0,0,0,2,NA,FALSE,1
"143",4,"F",2,"Black","Middle",4,0,0,0,0,0,0,0,0,0,4,NA,FALSE,0
"144",6,"M",2,"Black","Middle",4,0,0,0,NA,NA,NA,NA,NA,0,4,1,NA,0
"145",5,"F",2,"Black","Middle",3,1,0,0,0,0,0,0,0,0,1,1,TRUE,1
"146",4,"F",2,"Black","Middle",3,0,0,0,0,0,0,0,0,0,1,1,FALSE,1
"147",4,"F",2,"Black","Middle",3,1,0,0,0,0,0,0,0,1,2,1,TRUE,1
"148",4,"F",2,"Black","Middle",3,1,1,0,0,0,0,0,0,1,2,NA,TRUE,1
"149",5,"M",2,"Black","Middle",2,0,0,0,NA,NA,NA,NA,NA,NA,2,1,NA,1
"150",5,"F",2,"Black","Middle",4,0,0,0,0,0,0,0,0,0,2,1,FALSE,1
"151",7,"M",3,"White","Middle",4,0,0,0,0,0,0,0,0,0,4,NA,FALSE,0
"152",6,"M",3,"Black","Middle",4,0,0,0,0,0,0,0,0,0,4,1,FALSE,0
"153",6,"M",3,"Black","Middle",2,0,0,0,0,0,0,0,0,0,3,1,FALSE,0
"154",6,"M",3,"Black","Middle",3,0,0,0,0,0,0,0,0,0,3,NA,FALSE,0
"155",NA,"F",3,NA,"Middle",4,0,0,0,0,0,0,0,0,0,4,NA,FALSE,0
"156",3,"F",1,NA,"Middle",4,0,0,0,0,0,0,0,0,0,4,NA,FALSE,0
"157",4,"M",1,"Black","Middle",1,0,0,0,0,0,0,0,0,0,1,NA,FALSE,1
"158",4,"M",1,"White","Middle",4,0,0,0,0,0,0,0,0,0,4,1,FALSE,0
"159",4,"M",1,"Hispanic","Middle",3,0,0,0,0,0,0,0,0,0,4,1,FALSE,0
"160",3,"M",1,NA,"Middle",4,NA,NA,NA,NA,NA,NA,NA,NA,NA,NA,NA,NA,NA
"161",5,"F",1,"Black","Middle",4,0,0,0,0,0,0,0,0,0,4,NA,FALSE,0
"162",6,"F",3,"Black","Middle",4,0,0,0,0,0,0,0,0,0,4,NA,FALSE,0
"163",6,"F",3,"Black","Middle",4,0,0,0,0,0,0,0,0,0,4,NA,FALSE,0
"164",7,"M",3,"Black","Middle",4,0,0,0,0,0,0,0,0,0,1,NA,FALSE,1
"165",5,"M",3,"White","Middle",3,0,0,0,0,0,0,0,0,0,4,NA,FALSE,0
"166",5,"M",3,"Black","Middle",4,0,0,0,0,0,0,0,0,0,1,NA,FALSE,1
"167",6,"F",3,"Black","Middle",4,0,0,0,0,0,0,0,0,0,4,NA,FALSE,0
"168",5,"M",3,"Black","Middle",4,0,0,0,0,0,0,0,0,0,1,NA,FALSE,1
"169",5,"M",3,"Black","Middle",2,0,0,0,0,0,0,0,0,0,1,1,FALSE,1
"170",5,"F",3,"Black","Middle",4,0,0,0,0,0,0,0,0,0,4,NA,FALSE,0
"171",6,NA,3,"Black","Middle",4,0,0,0,NA,NA,NA,NA,NA,0,4,NA,NA,0
"172",6,"F",3,"Black","Middle",4,0,0,0,0,0,0,0,0,0,4,NA,FALSE,0
"173",3,"M",1,"White","Middle",3,1,1,0,0,0,0,0,0,0,4,1,TRUE,0
"174",4,"M",1,"White","Middle",NA,0,0,0,0,0,0,0,0,0,2,1,FALSE,1
"175",4,"M",1,"Black","Middle",4,0,0,0,0,0,0,0,0,0,4,NA,FALSE,0
"176",3,"F",1,"Black","Middle",4,0,0,0,0,0,0,0,0,0,3,NA,FALSE,0
"177",6,"M",3,"Black","Middle",4,0,0,0,0,0,0,0,0,0,4,1,FALSE,0
"178",4,"M",1,"Black","Middle",3,0,0,0,0,0,0,0,0,0,1,1,FALSE,1
"179",3,"F",1,"White","Middle",4,0,0,0,0,0,0,0,0,0,4,1,FALSE,0
"180",5,"F",1,"White","Middle",4,0,0,NA,0,0,0,0,0,0,4,NA,NA,0
"181",3,"F",1,"Hispanic","Middle",4,1,1,0,0,0,0,0,0,0,1,NA,TRUE,1
"182",4,"F",1,"White","Middle",4,0,0,0,0,0,0,0,0,0,4,NA,FALSE,0
"183",4,"M",1,"Black","Middle",4,0,0,1,0,0,0,0,0,0,2,NA,TRUE,1
"184",4,"F",1,"Black","Middle",4,0,0,0,0,0,0,0,0,0,3,NA,FALSE,0
"185",5,"M",1,"Black","Middle",2,1,NA,NA,0,0,0,0,0,NA,3,NA,TRUE,0
"186",4,"M",1,"White","Middle",NA,0,0,0,0,0,0,0,0,0,4,NA,FALSE,0
"187",3,"M",1,NA,"Middle",NA,0,NA,NA,0,0,0,0,0,NA,NA,NA,NA,NA
"188",3,"F",1,"Black","Middle",4,0,NA,1,NA,NA,NA,NA,NA,0,2,NA,TRUE,1
"189",4,"M",1,"Hispanic","Middle",1,1,1,1,0,1,0,0,0,1,1,NA,TRUE,1
"190",4,"F",1,"White","Middle",4,0,0,0,0,0,0,0,0,0,4,NA,FALSE,0
"191",3,"M",1,"Black","Middle",4,0,0,0,0,0,0,0,0,0,4,1,FALSE,0
"192",4,"F",1,"Asian","Middle",NA,0,0,0,0,0,0,0,0,0,4,1,FALSE,0
"193",4,"F",1,"Black","Middle",2,0,0,1,0,0,0,0,0,0,2,1,TRUE,1
"194",4,"F",1,"Black","Middle",4,0,0,0,0,0,0,0,0,0,4,1,FALSE,0
"195",5,"M",1,"White","Middle",4,0,0,0,0,0,0,0,0,0,4,NA,FALSE,0
"196",4,"M",1,"White","Middle",4,0,0,0,0,0,0,0,0,0,4,NA,FALSE,0
"197",4,"F",1,"Black","Middle",2,0,0,0,0,0,0,0,0,0,4,NA,FALSE,0
"198",3,"M",1,"White","Middle",4,0,0,0,0,0,0,0,0,0,4,NA,FALSE,0
"199",4,"F",1,"Black","Middle",4,0,0,0,0,0,0,0,0,0,4,1,FALSE,0
"200",5,"F",1,"White","Middle",4,0,0,0,0,0,0,0,0,0,4,NA,FALSE,0
"201",3,"F",1,"Black","Middle",4,0,0,0,0,0,0,0,0,0,4,1,FALSE,0
"202",4,"M",1,"Black","Middle",3,0,0,0,NA,NA,NA,NA,NA,0,3,1,NA,0
"203",5,"M",1,"White","Middle",3,0,0,0,0,0,0,0,0,0,3,NA,FALSE,0
"204",3,"M",1,"Black","Middle",4,0,0,0,0,0,0,0,0,0,4,1,FALSE,0
"205",4,"M",1,"Black","Middle",4,0,0,0,0,0,0,0,0,0,4,NA,FALSE,0
"206",4,"F",1,"Black","Middle",4,0,0,0,0,0,0,0,0,0,4,NA,FALSE,0
"207",4,"F",1,"Black","Middle",3,0,0,0,0,0,0,0,0,0,4,NA,FALSE,0
"208",4,"M",1,"Black","Middle",3,0,0,0,NA,NA,NA,NA,NA,0,2,NA,NA,1
"209",4,"F",1,"Black","Middle",3,0,0,0,0,0,0,0,0,0,3,NA,FALSE,0
"210",3,"M",1,"Black","Middle",4,0,0,0,0,0,0,0,0,0,2,NA,FALSE,1
"211",4,"F",1,"Black","Middle",4,0,0,0,0,0,0,0,0,0,4,1,FALSE,0
"212",4,"F",1,"Black","Middle",4,0,0,0,0,0,0,0,0,0,4,1,FALSE,0
"213",4,"M",1,NA,"Middle",3,0,0,0,0,0,0,0,0,0,4,1,FALSE,0
"214",3,"F",1,"Black","Middle",4,0,0,0,0,0,0,0,0,0,4,1,FALSE,0
"215",3,"F",1,"Black","Middle",4,0,0,0,0,0,0,0,0,0,4,1,FALSE,0
"216",4,"M",1,"Black","Middle",4,0,0,0,0,0,0,0,0,0,4,1,FALSE,0
"217",4,"M",1,"Black","Middle",3,0,0,1,0,0,0,0,0,0,4,NA,TRUE,0
"218",5,"M",2,NA,"Middle",3,0,0,1,0,0,0,0,0,0,4,1,TRUE,0
"219",4,"M",2,"Black","Middle",4,0,0,0,0,0,0,0,0,0,4,NA,FALSE,0
"220",5,"M",2,"Black","Middle",4,0,0,0,0,0,0,0,0,0,4,1,FALSE,0
"221",5,"M",2,"AI/AN","Middle",4,0,0,0,0,0,0,0,0,0,4,1,FALSE,0
"222",5,"M",2,"Black","Middle",4,0,0,0,0,0,0,0,0,0,2,NA,FALSE,1
"223",5,"M",2,"Black","Middle",1,0,0,0,0,0,0,0,0,0,4,NA,FALSE,0
"224",6,"F",2,"Black","Middle",3,0,0,0,0,0,0,0,0,0,4,1,FALSE,0
"225",5,"F",2,"Black","Middle",4,0,0,0,0,0,0,0,0,0,4,1,FALSE,0
"226",6,"F",2,"Black","Middle",4,0,0,0,0,0,0,0,0,NA,3,NA,NA,0
"227",4,"M",2,"Black","Middle",4,0,0,0,0,0,0,0,0,0,4,1,FALSE,0
"228",5,"F",2,"Black","Middle",4,0,0,0,0,0,0,0,0,0,4,NA,FALSE,0
"229",6,"F",2,NA,"Middle",4,0,0,0,0,0,0,0,0,0,4,1,FALSE,0
"230",5,"M",2,"Black","Middle",4,0,0,0,0,0,0,0,0,0,4,1,FALSE,0
"231",5,"M",2,"Black","Middle",4,0,0,0,0,0,0,0,0,0,4,NA,FALSE,0
"232",6,"M",2,"Black","Middle",4,0,0,0,0,0,0,0,0,0,4,1,FALSE,0
"233",5,"M",2,"Black","Middle",4,0,0,0,0,0,0,0,0,0,4,1,FALSE,0
"234",NA,NA,NA,"Hispanic",NA,2,0,1,0,0,0,0,0,0,0,3,NA,TRUE,0
"235",5,"M",2,"Black","Middle",2,0,0,0,0,0,0,0,0,0,4,1,FALSE,0
"236",5,"M",2,"Hispanic","Middle",4,0,0,0,0,0,0,0,0,0,4,1,FALSE,0
"237",4,"F",2,"Black","Middle",4,0,0,0,0,0,0,0,0,0,4,1,FALSE,0
"238",5,"M",3,"Black","Middle",2,0,0,0,0,0,0,0,0,0,4,NA,FALSE,0
"239",6,"F",3,"Black","Middle",4,0,0,0,0,0,0,0,0,0,4,NA,FALSE,0
"240",5,"F",3,"White","Middle",4,0,0,0,0,0,0,0,0,0,4,NA,FALSE,0
"241",5,"F",3,"White","Middle",4,0,0,0,0,0,0,0,0,0,4,1,FALSE,0
"242",6,"F",3,NA,"Middle",4,0,0,0,0,0,0,0,0,0,4,NA,FALSE,0
"243",6,"F",3,"White","Middle",4,0,0,0,0,0,0,0,0,0,2,1,FALSE,1
"244",6,"F",3,NA,"Middle",2,0,0,0,0,0,0,0,0,0,3,1,FALSE,0
"245",8,"M",3,"Asian","Middle",4,0,0,0,0,0,0,0,0,0,4,NA,FALSE,0
"246",5,"F",3,"Black","Middle",2,0,0,0,0,0,0,0,0,0,2,1,FALSE,1
"247",5,"F",3,"Black","Middle",4,0,0,0,0,0,0,0,0,0,4,NA,FALSE,0
"248",5,"M",3,"Black","Middle",4,0,NA,1,0,0,0,0,0,0,4,NA,TRUE,0
"249",6,"M",3,"Black","Middle",4,0,0,0,0,0,0,0,0,0,4,NA,FALSE,0
"250",10,"M",7,"White","High",3,1,0,1,0,0,0,0,1,0,1,NA,TRUE,1
"251",10,"M",7,"White","High",3,0,0,0,0,0,0,0,0,0,3,NA,FALSE,0
"252",10,"F",7,"White","High",4,0,0,0,0,0,0,0,0,0,1,1,FALSE,1
"253",10,"M",7,"Black","High",1,1,1,0,0,0,0,0,0,0,1,NA,TRUE,1
"254",9,"M",7,"Black","High",1,1,1,0,0,0,1,0,0,0,2,1,TRUE,1
"255",11,"M",7,"Black","High",4,0,0,0,0,0,0,0,0,0,4,1,FALSE,0
"256",10,"M",7,"Black","High",4,0,0,0,0,0,0,0,0,0,4,1,FALSE,0
"257",11,"F",7,"Black","High",3,0,0,0,0,0,1,0,0,1,2,1,TRUE,1
"258",10,"F",6,"Black","High",2,1,1,0,0,0,0,0,0,0,1,1,TRUE,1
"259",10,"M",7,"Black","High",3,0,0,0,0,0,0,0,0,0,3,NA,FALSE,0
"260",11,"M",7,"Black","High",3,0,1,0,0,0,0,0,0,0,4,1,TRUE,0
"261",10,"M",7,"Black","High",2,0,1,0,0,0,0,0,0,0,2,1,TRUE,1
"262",10,"M",7,"Black","High",2,0,0,0,0,0,0,0,0,0,1,NA,FALSE,1
"263",8,"M",5,"Black","High",2,NA,1,0,NA,NA,NA,NA,NA,0,4,NA,TRUE,0
"264",7,"M",5,"White","High",1,1,0,0,0,0,0,0,0,0,1,NA,TRUE,1
"265",7,"F",5,"White","High",4,0,0,0,0,0,0,0,0,0,4,NA,FALSE,0
"266",8,"F",5,"White","High",4,0,0,0,0,0,0,0,0,0,4,NA,FALSE,0
"267",8,"M",5,"Black","High",3,0,0,0,0,0,0,0,0,0,1,NA,FALSE,1
"268",8,"M",5,"Black","High",4,0,0,0,0,0,0,0,0,0,2,1,FALSE,1
"269",8,"M",5,"Black","High",2,0,0,0,0,0,0,0,0,0,4,1,FALSE,0
"270",8,"F",5,"Black","High",3,0,0,0,0,0,0,0,0,0,1,NA,FALSE,1
"271",8,"F",5,"Black","High",3,0,0,0,0,0,0,0,0,0,2,1,FALSE,1
"272",7,"M",5,"Black","High",2,0,0,0,0,0,0,0,0,0,1,1,FALSE,1
"273",8,"M",5,"White","High",2,1,0,0,0,0,1,0,0,0,4,NA,TRUE,0
"274",8,"M",5,"Black","High",4,0,0,0,NA,NA,NA,NA,NA,0,4,NA,NA,0
"275",8,"F",5,"Black","High",4,0,0,0,0,0,0,0,0,0,4,NA,FALSE,0
"276",7,"F",5,"Black","High",4,0,0,0,0,0,0,0,0,0,4,NA,FALSE,0
"277",7,"M",4,"Black","High",2,1,1,0,0,0,0,0,0,0,4,1,TRUE,0
"278",8,"F",5,"White","High",4,0,0,0,0,0,0,0,0,0,3,NA,FALSE,0
"279",8,"F",5,"Black","High",4,0,0,0,0,0,0,0,0,0,4,1,FALSE,0
"280",8,"F",5,"White","High",4,0,0,0,0,0,0,0,0,0,3,NA,FALSE,0
"281",7,"M",5,"Black","High",3,0,0,0,0,0,0,0,0,0,2,NA,FALSE,1
"282",8,"M",5,"White","High",4,0,0,0,0,0,0,0,0,0,4,NA,FALSE,0
"283",8,"M",5,"White","High",3,1,0,0,0,0,0,0,0,0,1,1,TRUE,1
"284",8,"F",6,"White","High",4,0,0,0,0,0,0,0,0,0,4,1,FALSE,0
"285",8,"F",6,"White","High",3,0,0,0,0,0,0,0,0,0,3,NA,FALSE,0
"286",9,"M",6,"White","High",3,0,1,0,0,0,1,0,0,0,3,NA,TRUE,0
"287",9,"M",6,"White","High",2,0,0,1,0,0,0,0,0,0,1,NA,TRUE,1
"288",9,"F",6,"White","High",3,0,0,0,0,0,0,0,0,0,4,1,FALSE,0
"289",9,"F",6,"Black","High",4,0,0,0,0,0,0,0,0,0,4,1,FALSE,0
"290",9,"F",6,"White","High",4,0,0,0,0,0,0,0,0,0,4,NA,FALSE,0
"291",9,"F",6,"Black","High",4,0,0,0,0,0,0,0,0,0,4,1,FALSE,0
"292",9,"M",6,"Black","High",2,0,0,0,0,0,0,0,0,0,2,1,FALSE,1
"293",10,"F",6,"Black","High",4,0,NA,NA,NA,NA,NA,NA,NA,NA,3,1,NA,0
"294",9,"M",6,"Black","High",4,0,0,0,0,0,0,0,0,0,2,1,FALSE,1
"295",9,"F",6,"Black","High",4,0,0,0,0,0,0,0,0,0,4,NA,FALSE,0
"296",9,"M",6,"Black","High",4,0,0,0,0,0,0,0,0,0,4,NA,FALSE,0
"297",8,"M",6,"White","High",4,0,0,0,0,0,0,0,0,0,4,NA,FALSE,0
"298",9,"M",6,"Black","High",4,0,0,0,0,0,0,0,0,0,3,1,FALSE,0
"299",9,"F",6,"White","High",4,0,0,0,0,0,0,0,0,0,4,1,FALSE,0
"300",7,"F",4,"Black","High",3,0,0,0,0,0,1,0,0,1,3,NA,TRUE,0
"301",7,"M",4,"Black","High",1,1,1,1,NA,NA,NA,NA,NA,0,4,1,TRUE,0
"302",7,"F",4,"Black","High",2,1,1,0,0,0,1,0,0,1,1,1,TRUE,1
"303",6,"M",4,"Black","High",3,0,0,0,NA,NA,NA,NA,NA,0,3,NA,NA,0
"304",7,"M",4,"Black","High",4,0,0,0,0,0,0,0,0,0,4,1,FALSE,0
"305",7,"M",4,"Hispanic","High",4,1,NA,NA,0,0,0,1,0,NA,4,NA,TRUE,0
"306",7,"M",5,"White","High",1,1,0,1,0,0,1,0,0,1,1,NA,TRUE,1
"307",7,"M",4,"Black","High",4,0,0,0,0,0,0,0,0,0,4,1,FALSE,0
"308",7,"M",4,"Hispanic","High",NA,1,NA,NA,NA,NA,NA,NA,NA,NA,NA,NA,TRUE,NA
"309",6,"M",4,"Black","High",4,0,0,0,0,0,0,0,0,0,3,1,FALSE,0
"310",6,"M",4,"Black","High",1,0,0,0,0,0,0,0,0,1,1,NA,TRUE,1
"311",7,"M",4,"Black","High",4,0,0,0,0,0,0,0,0,0,4,1,FALSE,0
"312",7,"F",4,"Black","High",3,0,0,0,NA,NA,NA,NA,NA,0,2,NA,NA,1
"313",7,"M",4,"Black","High",4,0,0,0,0,0,0,0,0,0,4,1,FALSE,0
"314",3,"M",1,"White","Middle",4,0,0,0,0,0,0,0,0,0,4,1,FALSE,0
"315",6,"M",3,"Black","Middle",4,0,0,0,0,0,0,0,0,0,4,1,FALSE,0
"316",4,"M",1,"Hispanic","Middle",4,0,0,0,0,0,0,0,0,0,4,1,FALSE,0
"317",4,"M",1,"Asian","Middle",4,0,0,0,0,0,0,0,0,0,4,NA,FALSE,0
"318",4,"M",1,"White","Middle",4,0,0,0,0,0,0,0,0,0,4,1,FALSE,0
"319",3,"M",1,"Hispanic","Middle",3,0,0,0,0,0,0,0,0,0,3,1,FALSE,0
"320",4,"M",1,"Hispanic","Middle",4,0,0,0,0,0,0,0,0,0,4,1,FALSE,0
"321",4,"M",1,"Black","Middle",4,0,0,0,0,0,0,0,0,0,4,1,FALSE,0
"322",4,"M",1,"White","Middle",4,0,0,0,0,0,0,0,0,0,4,1,FALSE,0
"323",3,"M",1,"White","Middle",3,0,0,0,0,0,0,0,0,0,1,NA,FALSE,1
"324",5,"M",1,"Hispanic","Middle",4,0,0,0,0,0,0,0,0,NA,3,1,NA,0
"325",3,"F",1,"Hispanic","Middle",4,0,0,0,0,0,0,0,0,0,4,NA,FALSE,0
"326",3,"F",1,"Black","Middle",4,0,0,0,0,0,0,0,0,0,4,1,FALSE,0
"327",4,"F",1,"Hispanic","Middle",4,0,0,0,0,0,0,0,0,0,4,1,FALSE,0
"328",4,"F",1,"Hispanic","Middle",4,0,0,0,0,0,0,0,0,0,4,1,FALSE,0
"329",4,"F",1,"Black","Middle",4,0,0,0,0,0,0,0,0,0,4,1,FALSE,0
"330",4,"F",NA,"Hispanic",NA,4,0,NA,0,0,0,0,0,0,0,4,1,NA,0
"331",4,"F",1,"Hispanic","Middle",4,0,0,0,0,0,0,0,0,0,4,1,FALSE,0
"332",4,"F",1,"Hispanic","Middle",4,0,0,0,0,0,0,0,0,0,2,1,FALSE,1
"333",6,"M",3,"Hispanic","Middle",4,0,0,0,0,0,0,0,0,0,2,1,FALSE,1
"334",5,"F",3,"Hispanic","Middle",4,0,0,0,0,0,0,0,0,0,4,1,FALSE,0
"335",6,"M",3,"Hispanic","Middle",4,0,0,0,0,0,0,0,0,0,4,1,FALSE,0
"336",6,"M",3,"Black","Middle",4,0,0,0,0,0,0,0,0,0,4,1,FALSE,0
"337",6,"F",3,"White","Middle",4,0,0,0,0,0,0,0,0,0,4,1,FALSE,0
"338",6,"F",3,"Black","Middle",4,0,0,0,0,0,0,0,0,0,4,1,FALSE,0
"339",6,"F",3,"Hispanic","Middle",4,0,0,0,0,0,0,0,0,0,4,1,FALSE,0
"340",6,"F",3,"Black","Middle",3,0,0,0,0,0,0,0,0,0,2,NA,FALSE,1
"341",6,"M",3,"Hispanic","Middle",4,0,0,0,0,0,0,0,0,0,4,1,FALSE,0
"342",6,"F",3,NA,"Middle",4,0,0,0,0,0,0,0,0,0,4,1,FALSE,0
"343",6,"M",3,"Hispanic","Middle",4,0,0,0,0,0,0,0,0,1,2,NA,TRUE,1
"344",6,"F",3,"Asian","Middle",4,0,0,0,0,0,0,0,0,0,4,1,FALSE,0
"345",6,"M",3,"Hispanic","Middle",4,0,0,0,0,0,0,0,0,0,4,1,FALSE,0
"346",6,"F",3,"Hispanic","Middle",3,0,0,0,0,0,0,0,0,0,4,NA,FALSE,0
"347",5,"M",3,"Black","Middle",4,0,0,0,0,0,0,0,0,0,4,1,FALSE,0
"348",6,"F",3,"Hispanic","Middle",4,0,0,0,0,0,0,0,0,0,4,1,FALSE,0
"349",6,"F",3,"Asian","Middle",4,0,0,0,0,0,0,0,0,0,4,1,FALSE,0
"350",6,"F",3,"Hispanic","Middle",4,0,0,0,0,0,0,0,0,0,2,1,FALSE,1
"351",5,"M",3,"Hispanic","Middle",2,0,0,0,NA,NA,NA,NA,NA,NA,2,1,NA,1
"352",5,"M",3,"White","Middle",4,0,0,0,0,0,0,0,0,0,4,1,FALSE,0
"353",6,"F",3,"Hispanic","Middle",4,0,0,0,0,0,0,0,0,0,4,1,FALSE,0
"354",5,"M",2,"White","Middle",4,0,0,0,0,0,0,0,0,0,4,NA,FALSE,0
"355",4,"F",2,"Black","Middle",4,0,0,0,NA,NA,NA,NA,NA,0,4,NA,NA,0
"356",5,"F",2,"Hispanic","Middle",4,0,0,0,0,0,0,0,0,0,4,1,FALSE,0
"357",6,"M",3,"Hispanic","Middle",4,0,0,0,0,0,0,0,0,0,3,1,FALSE,0
"358",5,"M",3,"Hispanic","Middle",4,0,0,0,0,0,0,0,0,0,4,1,FALSE,0
"359",6,"M",3,"Hispanic","Middle",4,0,0,0,0,0,0,0,0,0,2,1,FALSE,1
"360",5,"M",3,"Hispanic","Middle",4,0,0,0,0,0,0,0,0,0,4,1,FALSE,0
"361",5,"F",3,"Hispanic","Middle",3,0,0,0,0,0,0,0,0,0,2,1,FALSE,1
"362",6,"M",3,"Hispanic","Middle",4,0,0,0,0,0,0,0,0,0,4,1,FALSE,0
"363",6,"F",3,"Hispanic","Middle",4,0,0,0,0,0,0,0,0,0,4,1,FALSE,0
"364",6,"F",3,"Hispanic","Middle",4,0,0,0,0,0,0,0,0,0,3,1,FALSE,0
"365",6,"F",3,"White","Middle",4,0,0,0,0,0,0,0,0,0,4,NA,FALSE,0
"366",5,"F",2,"White","Middle",4,0,0,0,0,0,0,0,0,0,4,1,FALSE,0
"367",5,"M",2,"Hispanic","Middle",4,0,0,0,0,0,0,0,0,0,4,1,FALSE,0
"368",4,"F",2,"Hispanic","Middle",3,0,0,0,0,0,0,0,0,0,3,1,FALSE,0
"369",5,"F",2,"Hispanic","Middle",3,0,0,0,0,0,0,0,0,0,3,1,FALSE,0
"370",5,"F",2,"White","Middle",3,0,0,0,0,0,0,0,0,0,3,1,FALSE,0
"371",5,"F",2,"White","Middle",4,0,0,0,0,0,0,0,0,0,4,1,FALSE,0
"372",4,"M",2,"Hispanic","Middle",4,0,0,0,0,0,0,0,0,0,4,1,FALSE,0
"373",6,"M",2,"Black","Middle",4,0,0,0,0,0,0,0,0,0,4,1,FALSE,0
"374",5,"F",2,"White","Middle",4,0,0,0,0,0,0,0,0,0,4,1,FALSE,0
"375",5,"M",2,"Hispanic","Middle",4,0,0,0,0,0,0,0,0,0,4,1,FALSE,0
"376",5,"F",2,"Hispanic","Middle",4,0,0,0,0,0,0,0,0,0,4,1,FALSE,0
"377",7,"M",3,"Black","Middle",4,0,0,0,0,0,0,0,0,0,4,1,FALSE,0
"378",5,"F",3,"Hispanic","Middle",4,0,0,0,0,0,0,0,0,0,4,1,FALSE,0
"379",4,"M",1,"Hispanic","Middle",2,1,1,0,0,0,0,0,0,0,2,1,TRUE,1
"380",3,"M",1,"White","Middle",4,0,0,0,0,0,0,0,0,0,4,1,FALSE,0
"381",4,"M",1,"Hispanic","Middle",4,0,0,0,0,0,0,0,0,0,4,1,FALSE,0
"382",4,"M",1,"Hispanic","Middle",4,0,0,0,0,0,0,0,0,0,4,1,FALSE,0
"383",3,"F",1,"White","Middle",4,0,0,0,0,0,0,0,0,0,4,1,FALSE,0
"384",4,"M",1,"AI/AN","Middle",4,0,0,0,0,0,0,0,0,0,4,NA,FALSE,0
"385",5,"F",2,"Hispanic","Middle",4,0,0,0,0,0,0,0,0,0,4,1,FALSE,0
"386",NA,"F",2,"Hispanic","Middle",4,0,0,0,0,0,0,0,0,0,4,1,FALSE,0
"387",5,"F",2,"Hispanic","Middle",4,0,0,0,0,0,0,0,0,0,4,1,FALSE,0
"388",5,"M",2,"Hispanic","Middle",4,0,0,0,0,0,0,0,0,0,4,1,FALSE,0
"389",5,NA,2,"Hispanic","Middle",4,NA,0,0,0,0,0,0,0,0,4,1,NA,0
"390",5,"M",2,"Black","Middle",4,0,0,0,NA,NA,NA,NA,NA,0,4,1,NA,0
"391",5,"F",2,"Hispanic","Middle",3,0,0,0,0,0,0,0,0,0,2,NA,FALSE,1
"392",5,"M",2,"Hispanic","Middle",4,0,0,0,0,0,0,0,0,0,4,1,FALSE,0
"393",5,"M",2,"Hispanic","Middle",NA,0,NA,NA,NA,NA,NA,NA,NA,NA,NA,NA,NA,NA
"394",5,"M",2,"Hispanic","Middle",4,0,0,0,NA,NA,NA,NA,NA,0,4,NA,NA,0
"395",4,"M",2,"Hispanic","Middle",4,0,0,0,0,0,0,0,0,0,4,NA,FALSE,0
"396",5,"M",2,"Hispanic","Middle",2,0,0,0,0,0,0,0,0,0,1,NA,FALSE,1
"397",4,"M",2,"NHOPI","Middle",4,0,0,0,0,0,0,0,0,0,4,1,FALSE,0
"398",5,"M",2,"Black","Middle",4,0,0,0,0,0,0,0,0,1,2,NA,TRUE,1
"399",4,"F",2,"White","Middle",4,0,0,0,0,0,0,0,0,0,3,NA,FALSE,0
"400",5,"F",2,"Hispanic","Middle",4,0,0,0,0,0,0,0,0,0,4,NA,FALSE,0
"401",4,"F",2,"Hispanic","Middle",4,0,0,0,0,0,0,0,0,0,4,1,FALSE,0
"402",5,"F",2,"Hispanic","Middle",4,0,0,0,0,0,0,0,0,0,4,1,FALSE,0
"403",5,"F",2,"Hispanic","Middle",4,0,0,0,0,0,0,0,0,0,2,1,FALSE,1
"404",5,"F",2,"Hispanic","Middle",4,0,0,0,0,0,0,0,0,0,4,1,FALSE,0
"405",5,"F",2,"Hispanic","Middle",4,0,0,0,0,0,0,0,0,0,4,1,FALSE,0
"406",5,"F",2,"Hispanic","Middle",4,0,0,0,0,0,0,0,0,0,3,1,FALSE,0
"407",5,"F",2,"Hispanic","Middle",3,NA,0,0,0,0,0,0,0,0,3,NA,NA,0
"408",6,"F",2,"Hispanic","Middle",2,1,1,0,0,0,0,0,0,1,1,NA,TRUE,1
"409",5,"F",2,"Hispanic","Middle",4,0,0,0,0,0,0,0,0,0,1,NA,FALSE,1
"410",4,"F",2,"Hispanic","Middle",4,0,0,0,0,0,0,0,0,0,4,1,FALSE,0
"411",4,"F",2,"Hispanic","Middle",4,0,0,0,0,0,0,0,0,0,4,1,FALSE,0
"412",4,"M",2,"AI/AN","Middle",4,0,0,0,0,0,0,0,0,0,4,1,FALSE,0
"413",5,"M",2,"Hispanic","Middle",4,0,0,0,0,0,0,0,0,0,4,1,FALSE,0
"414",5,"F",2,"Hispanic","Middle",4,0,0,0,0,0,0,0,0,0,4,1,FALSE,0
"415",5,"M",2,"Hispanic","Middle",4,0,0,0,0,0,0,0,0,0,4,1,FALSE,0
"416",5,"F",2,"Hispanic","Middle",3,0,0,0,0,0,0,0,0,0,2,NA,FALSE,1
"417",5,"F",2,"Hispanic","Middle",3,0,0,0,0,0,0,0,0,0,2,1,FALSE,1
"418",4,"M",2,"Hispanic","Middle",4,0,0,0,0,0,0,0,0,0,4,1,FALSE,0
"419",4,"M",2,"Black","Middle",4,0,0,0,0,0,0,0,0,0,4,1,FALSE,0
"420",3,"F",1,"Hispanic","Middle",4,0,0,0,0,0,0,0,0,0,4,1,FALSE,0
"421",4,"F",1,"Hispanic","Middle",3,0,0,0,0,0,0,0,0,0,3,NA,FALSE,0
"422",4,"M",1,"Hispanic","Middle",4,0,0,0,0,0,0,0,0,0,4,1,FALSE,0
"423",4,"M",1,NA,"Middle",4,0,0,0,0,0,0,0,0,0,4,1,FALSE,0
"424",4,"M",1,"Hispanic","Middle",3,0,0,0,0,0,0,0,0,0,3,NA,FALSE,0
"425",5,"M",1,"Asian","Middle",4,NA,NA,0,0,0,0,0,0,0,2,1,NA,1
"426",3,"F",1,"Hispanic","Middle",4,0,0,0,NA,NA,NA,NA,NA,0,4,NA,NA,0
"427",4,"M",1,"Asian","Middle",4,0,0,0,0,0,0,0,0,0,4,NA,FALSE,0
"428",3,"F",1,"Hispanic","Middle",4,0,0,0,0,0,0,0,0,0,4,1,FALSE,0
"429",4,"F",1,"Hispanic","Middle",4,0,0,0,0,0,0,0,0,0,4,NA,FALSE,0
"430",3,"F",1,"Hispanic","Middle",4,0,0,0,0,0,0,0,0,0,4,1,FALSE,0
"431",4,"F",1,"Black","Middle",4,0,0,0,0,0,0,0,0,0,4,NA,FALSE,0
"432",3,"F",1,"White","Middle",4,0,0,0,0,0,0,0,0,0,4,1,FALSE,0
"433",4,"F",1,NA,"Middle",3,0,0,0,0,0,0,0,0,0,3,NA,FALSE,0
"434",3,"F",1,"Hispanic","Middle",4,0,0,0,0,0,0,0,0,0,4,1,FALSE,0
"435",4,"F",1,"White","Middle",4,0,0,0,0,0,0,0,0,0,4,NA,FALSE,0
"436",4,"F",1,NA,"Middle",4,0,0,0,0,0,0,0,0,0,4,NA,FALSE,0
"437",4,"M",1,"Hispanic","Middle",3,0,0,1,0,0,0,0,0,1,1,NA,TRUE,1
"438",4,"F",1,"White","Middle",4,0,0,0,0,0,0,0,0,0,3,1,FALSE,0
"439",4,"M",1,"White","Middle",4,0,0,0,0,0,0,0,0,0,3,NA,FALSE,0
"440",6,"F",3,"Hispanic","Middle",1,0,0,0,0,0,0,0,0,0,2,1,FALSE,1
"441",5,"M",3,"Hispanic","Middle",3,NA,0,0,0,0,0,0,0,0,3,1,NA,0
"442",6,"M",3,"Hispanic","Middle",3,NA,0,0,0,0,0,0,0,0,4,1,NA,0
"443",6,"M",3,"Hispanic","Middle",4,0,0,0,0,0,0,0,0,0,4,1,FALSE,0
"444",6,"F",3,"Hispanic","Middle",4,0,0,0,0,0,0,0,0,0,4,1,FALSE,0
"445",5,"M",3,"Hispanic","Middle",4,0,0,0,0,0,0,0,0,0,3,1,FALSE,0
"446",6,"F",3,"AI/AN","Middle",3,0,0,0,0,0,0,0,0,0,4,1,FALSE,0
"447",5,"M",3,"Hispanic","Middle",4,0,0,0,0,0,0,0,0,0,4,1,FALSE,0
"448",5,"F",3,"Hispanic","Middle",4,0,0,0,0,0,0,0,0,0,4,1,FALSE,0
"449",6,"F",3,"Black","Middle",4,0,0,0,0,0,0,0,0,0,4,1,FALSE,0
"450",6,"F",3,NA,"Middle",4,0,0,0,0,0,0,0,0,0,4,1,FALSE,0
"451",6,"M",4,"Hispanic","High",2,0,0,0,0,0,0,0,0,0,4,1,FALSE,0
"452",7,"M",4,NA,"High",4,0,0,0,0,0,0,0,0,0,4,NA,FALSE,0
"453",6,"F",4,"Hispanic","High",3,NA,1,0,0,0,1,0,0,1,1,1,TRUE,1
"454",7,"M",4,"Hispanic","High",4,0,0,0,0,0,0,0,0,0,1,1,FALSE,1
"455",7,"M",4,"Hispanic","High",3,0,0,0,0,0,0,0,0,1,1,NA,TRUE,1
"456",7,"M",4,"Hispanic","High",3,0,0,0,0,0,0,0,0,0,3,1,FALSE,0
"457",6,"M",4,"Hispanic","High",2,NA,NA,0,0,0,0,0,0,0,4,NA,NA,0
"458",7,"M",4,"Hispanic","High",4,0,0,0,0,0,0,0,0,0,4,NA,FALSE,0
"459",6,"M",4,"AI/AN","High",1,0,1,0,0,0,0,0,0,1,1,NA,TRUE,1
"460",6,"F",4,"Hispanic","High",2,1,1,0,0,0,0,0,0,1,2,NA,TRUE,1
"461",7,NA,4,"AI/AN","High",3,0,0,0,0,0,0,0,0,0,2,1,FALSE,1
"462",9,"F",5,"Hispanic","High",4,0,0,0,0,0,0,0,0,0,4,NA,FALSE,0
"463",6,"M",4,"Hispanic","High",4,0,0,0,0,0,0,0,0,0,4,1,FALSE,0
"464",7,"M",4,"Hispanic","High",3,0,0,0,0,0,0,0,0,0,1,1,FALSE,1
"465",7,"M",4,"Hispanic","High",4,0,0,0,0,0,0,0,0,0,3,NA,FALSE,0
"466",8,"M",5,"White","High",3,0,0,0,0,0,0,0,0,0,3,1,FALSE,0
"467",8,"M",5,"Hispanic","High",3,1,1,0,0,0,0,0,1,1,1,NA,TRUE,1
"468",7,"F",4,"White","High",4,0,0,0,0,0,0,0,0,0,4,NA,FALSE,0
"469",7,"M",5,"Black","High",4,0,0,0,0,0,0,0,0,0,2,1,FALSE,1
"470",8,"F",5,"AI/AN","High",4,0,0,0,0,0,0,0,0,0,3,NA,FALSE,0
"471",8,"M",5,"Hispanic","High",3,0,0,0,0,0,0,0,0,0,2,1,FALSE,1
"472",8,"F",5,"Hispanic","High",2,0,0,0,NA,NA,NA,NA,NA,0,1,NA,NA,1
"473",8,"F",5,"Hispanic","High",NA,0,NA,NA,NA,NA,NA,NA,NA,0,3,NA,NA,0
"474",8,"F",5,"Hispanic","High",4,0,0,0,0,0,0,0,0,1,1,1,TRUE,1
"475",7,"F",5,"Hispanic","High",4,0,0,0,0,0,0,0,0,0,1,NA,FALSE,1
"476",8,"M",6,"Hispanic","High",2,0,0,0,0,0,0,0,0,1,1,1,TRUE,1
"477",8,"M",6,"White","High",4,0,NA,1,0,0,0,0,0,0,1,1,TRUE,1
"478",8,"M",6,"Hispanic","High",3,0,0,0,0,0,0,0,0,0,3,1,FALSE,0
"479",8,"M",6,"White","High",4,0,0,0,0,0,0,0,0,0,4,1,FALSE,0
"480",1,"M",6,"White","High",1,1,1,1,0,0,1,0,0,1,1,NA,TRUE,1
"481",9,"M",6,"Hispanic","High",4,0,0,0,0,0,0,0,0,0,3,1,FALSE,0
"482",NA,"M",6,"AI/AN","High",3,0,0,0,0,0,0,0,0,0,2,1,FALSE,1
"483",8,"M",6,"White","High",3,0,0,0,0,0,0,0,0,0,1,NA,FALSE,1
"484",8,"M",6,"Asian","High",3,0,0,0,0,0,0,0,0,1,1,NA,TRUE,1
"485",8,"M",6,"Black","High",4,0,0,0,0,0,0,0,0,0,4,NA,FALSE,0
"486",9,"M",6,"Hispanic","High",4,0,0,0,0,0,0,0,0,0,4,1,FALSE,0
"487",8,"F",5,"Hispanic","High",4,0,0,0,0,0,0,0,0,0,4,NA,FALSE,0
"488",8,"M",5,"Hispanic","High",4,0,0,0,0,0,0,0,0,0,2,NA,FALSE,1
"489",8,"M",5,"Hispanic","High",4,0,0,0,0,0,0,0,0,0,4,1,FALSE,0
"490",8,"M",5,"White","High",4,0,0,1,0,0,1,0,0,1,1,1,TRUE,1
"491",7,"M",5,"Hispanic","High",3,0,0,0,0,0,0,0,0,0,3,NA,FALSE,0
"492",9,"F",5,"Black","High",4,0,0,0,0,0,0,0,0,0,2,1,FALSE,1
"493",7,"F",5,"White","High",4,0,0,0,0,0,0,0,0,0,2,1,FALSE,1
"494",7,"M",5,"White","High",4,0,0,0,0,0,0,0,0,0,4,NA,FALSE,0
"495",9,"M",5,"Hispanic","High",4,0,0,0,0,0,0,0,0,0,4,1,FALSE,0
"496",NA,NA,NA,NA,NA,3,NA,0,0,1,0,1,0,0,0,2,NA,TRUE,1
"497",8,"F",5,"Hispanic","High",4,0,0,0,0,0,0,0,0,0,4,1,FALSE,0
"498",3,"M",5,"Hispanic","High",4,0,0,0,0,0,0,0,0,0,4,1,FALSE,0
"499",7,"M",5,"Hispanic","High",4,0,0,0,0,0,0,0,0,0,4,1,FALSE,0
"500",8,"F",5,"Hispanic","High",3,0,0,0,0,0,0,0,0,0,2,NA,FALSE,1
"501",8,"F",6,"AI/AN","High",4,0,0,0,0,0,0,0,0,0,4,1,FALSE,0
"502",9,"F",6,"AI/AN","High",4,0,0,0,0,0,0,0,0,0,4,1,FALSE,0
"503",9,"F",6,"White","High",2,0,0,0,0,0,0,0,0,0,1,NA,FALSE,1
"504",8,"F",6,"Hispanic","High",4,0,0,0,0,0,0,0,0,0,4,1,FALSE,0
"505",9,"F",6,"Hispanic","High",3,1,0,0,0,0,0,0,0,0,1,1,TRUE,1
"506",8,"M",6,"Hispanic","High",1,0,0,0,0,0,0,0,0,0,1,1,FALSE,1
"507",9,"M",6,"Hispanic","High",4,0,0,0,0,0,0,0,0,0,4,1,FALSE,0
"508",9,"M",6,"Hispanic","High",3,0,0,0,0,0,0,0,0,0,2,NA,FALSE,1
"509",10,"M",7,"Hispanic","High",4,0,0,0,0,0,0,0,0,0,2,1,FALSE,1
"510",10,"F",7,"Asian","High",4,0,0,0,0,0,0,0,0,0,4,1,FALSE,0
"511",10,"F",7,"Hispanic","High",3,0,0,0,0,0,0,0,0,0,2,1,FALSE,1
"512",9,"F",7,"Hispanic","High",4,0,0,0,0,0,0,0,0,0,4,1,FALSE,0
"513",9,"F",7,"Hispanic","High",3,0,0,0,0,0,0,0,0,0,2,1,FALSE,1
"514",10,"M",7,"Hispanic","High",4,0,0,0,0,0,0,0,0,0,3,NA,FALSE,0
"515",10,"F",7,"White","High",3,0,0,0,0,0,0,0,0,0,1,NA,FALSE,1
"516",10,"F",7,"White","High",4,0,0,0,0,0,0,0,0,0,4,1,FALSE,0
"517",9,"M",7,"White","High",2,1,0,1,0,0,0,0,0,1,1,NA,TRUE,1
"518",9,"M",7,"White","High",4,0,0,0,0,0,0,0,0,0,4,1,FALSE,0
"519",10,"M",7,"White","High",4,0,0,0,0,0,0,0,0,1,2,NA,TRUE,1
"520",10,"M",7,"White","High",3,0,0,0,0,0,0,0,0,0,4,1,FALSE,0
"521",NA,NA,NA,NA,NA,3,NA,0,0,0,0,0,0,0,0,2,1,NA,1
"522",10,"M",7,"Hispanic","High",4,0,0,0,0,0,0,0,0,1,3,1,TRUE,0
"523",9,"M",7,"Hispanic","High",4,0,0,0,0,0,0,0,0,0,2,1,FALSE,1
"524",9,"M",7,NA,"High",4,1,0,0,1,0,0,0,0,1,1,1,TRUE,1
"525",10,"F",7,"Hispanic","High",1,0,1,0,0,0,1,0,0,1,1,1,TRUE,1
"526",9,"F",7,"Hispanic","High",3,0,0,0,0,0,1,0,0,1,2,1,TRUE,1
"527",9,"M",7,"Hispanic","High",3,0,0,0,0,0,1,0,0,1,1,NA,TRUE,1
"528",9,"M",7,"Black","High",4,0,0,0,0,0,0,0,0,0,2,1,FALSE,1
"529",10,"M",7,"Hispanic","High",4,0,0,0,0,0,0,0,0,0,4,1,FALSE,0
"530",10,"F",7,"Hispanic","High",4,0,0,0,0,0,0,0,0,0,1,1,FALSE,1
"531",11,"M",7,"Hispanic","High",4,0,0,0,0,0,0,0,0,0,4,1,FALSE,0
"532",10,"F",7,"Hispanic","High",4,0,0,0,0,0,0,0,0,0,4,1,FALSE,0
"533",9,"M",7,"Hispanic","High",3,0,0,0,0,0,0,0,0,0,2,1,FALSE,1
"534",11,"F",7,"Black","High",4,0,0,0,0,0,0,0,0,0,4,1,FALSE,0
"535",10,"M",7,"Hispanic","High",4,0,0,0,0,0,1,0,0,0,1,NA,TRUE,1
"536",9,"F",7,"Hispanic","High",3,0,0,0,NA,NA,NA,NA,NA,0,1,NA,NA,1
"537",9,"M",7,"White","High",4,0,0,0,0,0,0,0,0,0,4,1,FALSE,0
"538",9,"M",7,"Asian","High",4,0,0,0,0,0,0,0,0,0,4,1,FALSE,0
"539",10,"M",7,"Hispanic","High",4,0,NA,0,0,0,0,0,0,0,3,1,NA,0
"540",9,"F",7,"Hispanic","High",4,0,0,0,0,0,0,0,0,0,2,1,FALSE,1
"541",9,"M",7,"Hispanic","High",4,0,0,0,0,0,1,0,0,1,2,1,TRUE,1
"542",10,"M",7,"Hispanic","High",3,0,0,0,0,0,0,0,0,0,2,1,FALSE,1
"543",9,"F",7,"Hispanic","High",4,0,0,0,0,0,0,0,0,0,1,NA,FALSE,1
"544",10,"F",7,"Hispanic","High",3,0,0,0,0,0,0,0,0,0,4,NA,FALSE,0
"545",9,"M",7,"Black","High",1,0,NA,0,0,0,0,0,0,1,1,NA,TRUE,1
"546",10,"F",7,"White","High",3,0,0,0,0,0,0,0,0,0,3,1,FALSE,0
"547",10,"M",7,"Hispanic","High",4,0,0,0,0,0,0,0,0,0,4,1,FALSE,0
"548",9,"M",7,"Hispanic","High",4,0,0,0,0,0,0,0,0,0,1,1,FALSE,1
"549",9,"M",7,"Hispanic","High",1,0,1,0,0,0,0,0,0,1,4,1,TRUE,0
"550",9,"M",7,"Hispanic","High",3,1,1,0,0,0,0,0,0,0,4,NA,TRUE,0
"551",9,"M",7,"Hispanic","High",3,0,0,0,0,0,0,0,0,0,3,NA,FALSE,0
"552",10,"F",7,"Hispanic","High",4,0,0,0,0,0,0,0,0,0,4,1,FALSE,0
"553",10,"F",7,"Hispanic","High",4,0,0,0,0,0,0,0,0,0,1,NA,FALSE,1
"554",10,"F",7,"Hispanic","High",1,1,1,0,0,0,1,0,0,1,1,1,TRUE,1
"555",9,"F",7,"AI/AN","High",3,0,0,0,0,0,0,0,0,1,1,1,TRUE,1
"556",9,"M",7,"Hispanic","High",4,0,0,0,0,0,0,0,0,0,3,NA,FALSE,0
"557",6,"M",4,"Hispanic","High",4,0,0,0,0,0,0,0,0,0,4,NA,FALSE,0
"558",7,"M",4,"Hispanic","High",4,0,0,0,0,0,0,0,0,0,4,1,FALSE,0
"559",8,"M",4,"Hispanic","High",3,0,0,0,0,0,1,0,0,1,1,NA,TRUE,1
"560",7,"F",4,"Hispanic","High",4,0,0,0,0,0,0,0,0,0,4,1,FALSE,0
"561",7,"M",4,"Hispanic","High",4,0,0,0,0,0,0,0,0,0,2,1,FALSE,1
"562",6,"M",4,"Hispanic","High",4,0,0,0,0,0,0,0,0,0,2,1,FALSE,1
"563",7,"M",4,"White","High",4,0,0,0,0,0,0,0,0,0,4,1,FALSE,0
"564",6,"F",4,"Hispanic","High",4,0,0,0,0,0,1,0,0,0,2,1,TRUE,1
"565",8,"M",4,"Hispanic","High",4,0,0,0,0,0,0,0,0,0,2,NA,FALSE,1
"566",6,"F",4,"AI/AN","High",4,0,0,0,0,0,0,0,0,0,2,NA,FALSE,1
"567",6,"M",4,"Black","High",4,0,0,0,0,0,0,0,0,0,4,1,FALSE,0
"568",7,"M",4,"AI/AN","High",4,0,0,0,0,0,0,0,0,0,4,1,FALSE,0
"569",6,"F",4,"White","High",4,0,0,0,0,0,0,0,0,0,3,1,FALSE,0
"570",6,"M",4,"Hispanic","High",4,0,0,0,0,0,0,0,0,0,4,1,FALSE,0
"571",7,"M",4,"Hispanic","High",4,0,0,0,0,0,0,0,0,0,2,1,FALSE,1
"572",6,"F",4,"Hispanic","High",4,0,0,0,0,0,0,0,0,0,2,1,FALSE,1
"573",6,"F",4,"White","High",1,0,1,0,0,0,1,0,0,0,4,1,TRUE,0
"574",6,"F",4,"White","High",4,0,0,0,NA,NA,NA,NA,NA,0,4,NA,NA,0
"575",6,"M",4,"AI/AN","High",4,0,NA,0,0,0,1,0,0,1,1,1,TRUE,1
"576",7,"M",4,"Hispanic","High",4,0,0,0,0,0,0,0,0,0,4,1,FALSE,0
"577",6,"M",4,"Hispanic","High",2,0,0,0,NA,NA,NA,NA,NA,1,1,1,TRUE,1
"578",7,"M",4,"Hispanic","High",3,0,0,0,0,0,0,0,0,0,2,1,FALSE,1
"579",7,"M",4,"Hispanic","High",2,1,1,0,0,0,0,0,0,NA,3,NA,TRUE,0
"580",6,"M",4,"Hispanic","High",4,0,0,0,0,0,0,0,0,0,1,NA,FALSE,1
"581",7,"M",4,"White","High",4,0,0,0,0,0,0,0,0,0,NA,NA,FALSE,NA
"582",8,"F",5,"Hispanic","High",4,0,0,0,0,0,0,0,0,0,2,1,FALSE,1
"583",9,"M",5,"White","High",2,0,1,0,0,0,1,0,0,1,1,NA,TRUE,1
"584",8,"M",5,"NHOPI","High",3,0,0,0,0,0,0,0,0,0,4,1,FALSE,0
"585",8,"F",5,"Hispanic","High",3,0,0,0,0,0,0,0,0,0,2,1,FALSE,1
"586",8,"M",5,"Hispanic","High",4,0,0,0,0,0,0,0,0,0,4,NA,FALSE,0
"587",8,"F",5,"Hispanic","High",4,0,0,0,0,0,1,0,0,1,2,1,TRUE,1
"588",8,"F",5,"Hispanic","High",4,0,0,0,0,0,0,0,0,0,4,1,FALSE,0
"589",8,"F",5,"Black","High",1,0,NA,0,0,0,0,0,0,0,4,1,NA,0
"590",7,"F",5,"Hispanic","High",4,0,0,0,0,0,0,0,0,0,4,1,FALSE,0
"591",7,"M",5,"Hispanic","High",3,0,0,0,0,0,0,0,0,0,2,1,FALSE,1
"592",8,"M",5,"Hispanic","High",4,0,0,0,0,0,0,0,0,0,1,NA,FALSE,1
"593",8,"M",5,"Hispanic","High",2,NA,1,0,0,0,0,0,0,1,1,1,TRUE,1
"594",7,"M",5,NA,"High",4,0,0,0,0,0,1,0,0,1,2,NA,TRUE,1
"595",7,"M",5,"Hispanic","High",3,0,0,0,0,0,0,0,0,0,1,1,FALSE,1
"596",8,"M",5,"Hispanic","High",4,0,0,0,0,0,0,0,0,0,4,1,FALSE,0
"597",9,"F",5,"Hispanic","High",4,0,1,0,0,0,0,0,0,0,4,NA,TRUE,0
"598",7,"M",5,"AI/AN","High",4,0,0,0,0,0,0,0,0,0,4,1,FALSE,0
"599",9,"F",5,"Hispanic","High",3,0,0,0,0,0,0,0,0,0,4,NA,FALSE,0
"600",8,"M",5,"White","High",4,0,NA,NA,NA,NA,NA,NA,NA,NA,4,1,NA,0
"601",7,"F",5,"White","High",4,0,0,0,0,0,0,0,0,0,4,1,FALSE,0
"602",7,"F",5,"Hispanic","High",3,0,0,0,0,0,0,0,0,0,1,1,FALSE,1
"603",7,"F",5,"Hispanic","High",4,0,1,1,0,0,1,0,0,1,1,1,TRUE,1
"604",8,"F",5,"Hispanic","High",3,1,0,0,0,0,0,0,0,1,1,1,TRUE,1
"605",8,"F",5,"White","High",3,0,0,0,0,0,0,0,0,0,1,1,FALSE,1
"606",7,"M",5,"Hispanic","High",2,0,0,0,0,0,0,0,0,0,3,1,FALSE,0
"607",7,"F",5,"Hispanic","High",4,0,0,0,0,0,0,0,0,0,1,1,FALSE,1
"608",8,"F",5,"Hispanic","High",4,0,0,0,NA,NA,NA,NA,NA,NA,3,1,NA,0
"609",8,"M",5,"White","High",4,0,0,0,0,0,0,0,0,0,4,1,FALSE,0
"610",7,"M",5,"AI/AN","High",4,0,0,0,0,0,0,0,0,0,4,1,FALSE,0
"611",8,"F",5,"Hispanic","High",3,0,0,0,0,0,0,0,0,1,1,1,TRUE,1
"612",7,"M",5,"AI/AN","High",3,1,1,1,0,0,0,0,0,1,1,1,TRUE,1
"613",9,"F",6,"Hispanic","High",4,0,0,0,0,0,0,0,0,0,4,NA,FALSE,0
"614",9,"F",6,"Hispanic","High",3,0,0,0,0,0,1,0,0,1,2,NA,TRUE,1
"615",9,"M",6,"AI/AN","High",4,0,0,0,0,0,0,0,0,0,4,1,FALSE,0
"616",9,"F",6,"Hispanic","High",4,0,0,0,0,0,0,0,0,0,4,1,FALSE,0
"617",9,"M",6,"White","High",4,0,0,0,0,0,0,0,0,0,4,1,FALSE,0
"618",8,"F",6,"Hispanic","High",4,0,0,0,0,0,0,0,0,0,1,1,FALSE,1
"619",8,"F",6,"White","High",4,0,0,0,0,0,0,0,0,0,4,1,FALSE,0
"620",9,"M",6,"AI/AN","High",4,0,0,0,0,0,0,0,0,0,4,NA,FALSE,0
"621",9,"F",6,"Hispanic","High",4,0,0,0,0,0,0,0,0,0,4,1,FALSE,0
"622",9,"M",6,"Hispanic","High",4,0,0,0,0,0,0,0,0,0,4,1,FALSE,0
"623",8,"M",6,"White","High",1,1,0,0,1,0,1,0,0,1,1,NA,TRUE,1
"624",8,"M",6,"Hispanic","High",4,0,0,0,0,0,0,0,0,0,4,1,FALSE,0
"625",9,"M",6,"Hispanic","High",2,0,0,0,0,0,0,0,0,1,3,NA,TRUE,0
"626",8,"M",6,"White","High",2,1,1,0,0,0,0,0,0,0,1,NA,TRUE,1
"627",8,"F",6,"Hispanic","High",4,0,0,0,0,0,0,0,0,0,4,NA,FALSE,0
"628",9,"F",6,"Black","High",4,0,0,0,0,0,0,0,0,0,2,NA,FALSE,1
"629",9,"F",6,"Hispanic","High",4,0,0,0,NA,NA,NA,NA,NA,0,4,NA,NA,0
"630",9,"F",6,"White","High",4,0,0,0,0,0,0,0,0,0,4,1,FALSE,0
"631",8,"F",6,"White","High",4,0,0,0,0,0,0,0,0,0,4,1,FALSE,0
"632",8,"F",6,"Hispanic","High",3,0,0,0,0,0,0,0,0,0,2,1,FALSE,1
"633",8,"F",6,"Hispanic","High",4,0,0,0,0,0,0,0,0,0,1,1,FALSE,1
"634",10,"F",6,"Hispanic","High",4,0,0,0,0,0,0,0,0,0,4,NA,FALSE,0
"635",9,"M",6,"Hispanic","High",4,0,0,0,0,0,0,0,0,0,4,1,FALSE,0
"636",9,"F",6,"Hispanic","High",4,0,0,0,0,0,0,0,0,0,3,1,FALSE,0
"637",9,"M",6,"Hispanic","High",3,0,0,0,0,0,0,0,0,0,4,1,FALSE,0
"638",8,"M",6,"AI/AN","High",4,0,0,0,0,0,0,0,0,0,2,1,FALSE,1
"639",7,"M",4,"White","High",4,0,0,0,0,0,0,0,0,0,4,1,FALSE,0
"640",7,"F",4,"Hispanic","High",4,0,0,0,0,0,0,0,0,0,4,1,FALSE,0
"641",11,"F",8,"Hispanic",NA,1,1,1,1,0,0,1,0,0,1,1,NA,TRUE,1
"642",6,"F",4,"Hispanic","High",4,0,0,0,0,0,0,0,0,0,4,NA,FALSE,0
"643",7,"M",4,"White","High",4,0,0,0,0,0,0,0,0,0,4,1,FALSE,0
"644",6,"F",4,NA,"High",4,0,0,0,0,0,0,0,0,0,3,1,FALSE,0
"645",7,"F",4,"White","High",4,0,0,0,0,0,0,0,0,0,4,NA,FALSE,0
"646",6,"F",4,"White","High",4,0,0,0,0,0,0,0,0,0,4,1,FALSE,0
"647",7,"F",4,"White","High",4,0,0,0,0,0,0,0,0,0,1,1,FALSE,1
"648",6,"M",4,"White","High",4,0,0,0,0,0,0,0,0,0,4,1,FALSE,0
"649",7,"M",4,"White","High",4,0,0,0,0,0,0,0,0,0,4,1,FALSE,0
"650",7,"F",5,"White","High",4,0,0,0,0,0,0,0,0,0,4,1,FALSE,0
"651",8,"F",5,"White","High",4,0,0,0,0,0,0,0,0,0,1,NA,FALSE,1
"652",8,"F",5,"Hispanic","High",4,0,0,0,0,0,0,0,0,0,1,1,FALSE,1
"653",8,"F",5,"Hispanic","High",3,0,0,0,0,0,1,0,0,1,1,NA,TRUE,1
"654",8,"M",5,"White","High",4,0,0,0,0,0,0,0,0,0,4,NA,FALSE,0
"655",7,"F",4,"Hispanic","High",4,0,0,0,0,0,0,0,0,0,2,1,FALSE,1
"656",8,"F",5,"White","High",4,0,0,0,0,0,0,0,0,0,4,1,FALSE,0
"657",8,"M",5,"White","High",4,0,0,0,0,0,0,0,0,0,4,1,FALSE,0
"658",8,"M",5,"White","High",4,0,0,0,0,0,0,0,0,0,4,NA,FALSE,0
"659",7,"F",5,"Hispanic","High",4,0,0,0,0,0,0,0,0,0,3,1,FALSE,0
"660",8,"M",5,"White","High",4,0,0,0,0,0,0,0,0,0,4,1,FALSE,0
"661",8,"F",5,"White","High",3,0,0,0,0,0,0,0,0,0,3,NA,FALSE,0
"662",7,"F",5,"Hispanic","High",4,0,0,0,0,0,0,0,0,0,4,1,FALSE,0
"663",7,"M",5,"Hispanic","High",4,0,0,0,0,0,0,0,0,0,3,1,FALSE,0
"664",8,"F",5,"Hispanic","High",4,0,0,0,0,0,0,0,0,0,4,1,FALSE,0
"665",8,"F",5,"White","High",4,0,0,0,0,0,0,0,0,0,2,1,FALSE,1
"666",7,"F",5,"Hispanic","High",4,0,0,0,0,0,0,0,0,0,3,1,FALSE,0
"667",7,"M",5,"Asian","High",4,0,0,0,0,0,0,0,0,0,4,NA,FALSE,0
"668",9,"F",6,"Hispanic","High",4,0,0,0,0,0,0,0,0,0,4,1,FALSE,0
"669",9,"M",6,"White","High",4,0,0,0,0,0,0,0,0,0,3,1,FALSE,0
"670",9,"M",6,"Hispanic","High",4,0,0,0,0,0,0,0,0,0,4,1,FALSE,0
"671",9,"F",6,"White","High",4,0,0,0,0,0,0,0,0,0,4,NA,FALSE,0
"672",10,"M",7,"White","High",2,0,1,0,0,0,0,0,0,1,1,NA,TRUE,1
"673",9,"M",7,"White","High",2,0,1,1,0,0,0,0,0,0,2,1,TRUE,1
"674",10,"M",7,"White","High",2,0,0,1,0,0,0,1,0,0,4,1,TRUE,0
"675",9,"M",7,"White","High",3,0,0,0,0,0,0,0,0,0,4,1,FALSE,0
"676",10,"M",7,"White","High",3,0,0,1,0,0,1,0,0,0,1,NA,TRUE,1
"677",9,"M",7,"White","High",1,0,0,1,0,0,1,1,0,1,1,1,TRUE,1
"678",9,"F",7,"White","High",1,1,1,0,0,0,0,0,0,1,1,NA,TRUE,1
"679",10,"M",7,"White","High",2,0,0,1,0,0,0,1,0,0,2,NA,TRUE,1
"680",10,"M",7,"White","High",1,1,1,1,0,0,1,0,0,1,1,NA,TRUE,1
"681",10,"M",7,"Hispanic","High",2,0,0,0,0,0,0,0,0,0,2,1,FALSE,1
"682",8,"M",6,"White","High",4,0,0,1,0,0,0,0,0,0,4,1,TRUE,0
"683",8,"F",6,"White","High",4,0,0,0,0,0,0,0,0,0,4,1,FALSE,0
"684",9,"F",6,"White","High",1,0,1,0,0,0,0,0,0,0,1,1,TRUE,1
"685",9,"F",6,"White","High",4,0,0,0,0,0,1,0,0,0,4,1,TRUE,0
"686",8,"F",6,"Hispanic","High",4,0,0,0,0,0,0,0,0,0,1,1,FALSE,1
"687",9,"F",6,"White","High",4,0,0,0,0,0,0,0,0,0,4,1,FALSE,0
"688",7,"F",4,"Hispanic","High",3,0,0,0,0,0,0,0,0,0,2,NA,FALSE,1
"689",10,"F",7,"White","High",3,0,0,0,0,0,0,0,0,0,1,1,FALSE,1
"690",10,"F",7,"White","High",2,0,0,0,0,0,0,0,0,0,3,NA,FALSE,0
"691",9,"F",7,"White","High",4,0,0,0,0,0,0,0,0,0,4,1,FALSE,0
"692",9,"F",7,"White","High",4,0,0,0,0,0,0,0,0,0,4,1,FALSE,0
"693",5,"M",2,"Hispanic","Middle",2,0,0,0,0,0,1,0,0,0,3,NA,TRUE,0
"694",4,"F",2,"Hispanic","Middle",4,0,0,0,0,0,0,0,0,0,4,1,FALSE,0
"695",5,"M",2,NA,"Middle",2,0,0,0,0,0,0,0,0,1,2,1,TRUE,1
"696",5,"F",2,"White","Middle",4,0,0,0,0,0,0,0,0,0,4,NA,FALSE,0
"697",5,"M",2,"Black","Middle",3,0,0,0,0,0,0,0,0,0,4,NA,FALSE,0
"698",4,"F",2,"Hispanic","Middle",3,0,0,0,0,0,0,0,0,0,2,1,FALSE,1
"699",6,"M",2,"Hispanic","Middle",2,0,0,0,0,0,0,0,0,0,1,NA,FALSE,1
"700",5,"F",2,"Hispanic","Middle",4,0,0,0,0,0,0,0,0,0,4,1,FALSE,0
"701",5,"M",2,"Hispanic","Middle",4,0,0,0,0,0,0,0,0,0,4,1,FALSE,0
"702",4,"F",2,"NHOPI","Middle",4,0,0,0,0,0,0,0,0,0,4,NA,FALSE,0
"703",5,"F",2,"Hispanic","Middle",4,0,0,0,0,0,0,0,0,0,3,1,FALSE,0
"704",5,"F",2,"White","Middle",4,0,0,0,0,0,0,0,0,0,2,NA,FALSE,1
"705",5,"M",2,"Hispanic","Middle",4,0,0,0,0,0,0,0,0,0,3,1,FALSE,0
"706",5,"M",2,"Hispanic","Middle",4,0,0,0,0,0,0,0,0,0,4,1,FALSE,0
"707",6,"F",2,"White","Middle",3,0,0,0,0,0,0,0,0,0,2,NA,FALSE,1
"708",4,"F",2,"Hispanic","Middle",4,0,0,0,0,0,0,0,0,0,4,1,FALSE,0
"709",5,"M",2,"Asian","Middle",3,0,0,0,0,0,0,0,0,0,3,NA,FALSE,0
"710",4,"F",2,"Black","Middle",4,0,0,0,0,0,0,0,0,0,4,NA,FALSE,0
"711",4,"F",2,"White","Middle",4,0,0,0,0,0,0,0,0,0,4,NA,FALSE,0
"712",5,"F",2,"White","Middle",4,0,0,0,0,0,0,0,0,0,4,1,FALSE,0
"713",4,"F",2,"Black","Middle",4,0,0,0,0,0,0,0,0,0,3,1,FALSE,0
"714",6,"F",3,"White","Middle",4,0,0,0,0,0,0,0,0,0,4,NA,FALSE,0
"715",5,"M",3,"White","Middle",4,0,0,0,0,0,0,0,0,0,2,NA,FALSE,1
"716",4,"F",2,"Hispanic","Middle",4,0,0,0,0,0,0,0,0,0,4,NA,FALSE,0
"717",5,"F",2,"Hispanic","Middle",4,0,0,0,0,0,0,0,0,0,4,NA,FALSE,0
"718",4,"M",2,"Hispanic","Middle",4,0,0,0,NA,NA,NA,NA,NA,0,4,NA,NA,0
"719",5,"F",2,"Hispanic","Middle",4,0,0,0,0,0,0,0,0,0,4,1,FALSE,0
"720",4,"F",2,"White","Middle",4,0,0,0,0,0,0,0,0,0,1,1,FALSE,1
"721",5,"F",2,"White","Middle",4,0,0,0,0,0,0,0,0,0,4,NA,FALSE,0
"722",5,"M",2,NA,"Middle",4,0,0,0,0,0,0,0,0,0,4,NA,FALSE,0
"723",6,"M",3,"White","Middle",3,0,0,0,0,0,0,0,0,0,1,NA,FALSE,1
"724",5,"M",3,"White","Middle",4,0,0,0,0,0,0,0,0,0,4,1,FALSE,0
"725",7,"F",3,"White","Middle",1,NA,NA,0,0,0,0,0,0,0,1,1,NA,1
"726",6,"M",3,"Hispanic","Middle",4,0,0,0,0,0,0,0,0,0,2,NA,FALSE,1
"727",5,"M",3,"White","Middle",3,0,0,0,0,0,0,0,0,0,2,NA,FALSE,1
"728",5,"M",3,"Hispanic","Middle",4,NA,NA,NA,NA,NA,NA,NA,NA,NA,4,1,NA,0
"729",6,"M",3,"Hispanic","Middle",3,0,0,0,0,0,0,0,0,0,1,NA,FALSE,1
"730",5,"M",3,"Hispanic","Middle",4,0,0,0,0,0,0,0,0,1,1,NA,TRUE,1
"731",6,"M",3,"Hispanic","Middle",4,0,0,0,0,0,0,0,0,0,2,1,FALSE,1
"732",7,"M",3,"White","Middle",4,0,0,0,0,0,0,0,0,0,3,NA,FALSE,0
"733",5,"M",3,"Hispanic","Middle",2,0,0,0,0,0,0,0,0,0,3,1,FALSE,0
"734",5,"F",3,"White","Middle",4,0,0,0,0,0,0,0,0,0,4,1,FALSE,0
"735",6,"F",3,"White","Middle",4,0,0,0,0,0,0,0,0,1,1,NA,TRUE,1
"736",6,"M",3,"Asian","Middle",4,0,0,0,0,0,0,0,0,0,4,NA,FALSE,0
"737",5,"F",3,"Hispanic","Middle",4,0,0,0,0,0,0,0,0,0,3,NA,FALSE,0
"738",5,"M",3,"Hispanic","Middle",4,0,0,0,0,0,0,0,0,0,4,NA,FALSE,0
"739",3,"M",1,"Hispanic","Middle",4,0,0,0,0,0,0,0,0,0,3,1,FALSE,0
"740",4,"F",1,"Hispanic","Middle",4,0,0,0,NA,NA,NA,NA,NA,0,4,NA,NA,0
"741",6,"M",3,"Hispanic","Middle",3,0,0,0,0,0,0,0,0,0,2,1,FALSE,1
"742",5,"M",3,"Asian","Middle",4,0,0,0,0,0,0,0,0,0,4,1,FALSE,0
"743",5,"M",3,"Hispanic","Middle",4,0,0,0,0,0,0,0,0,0,4,1,FALSE,0
"744",6,"M",3,NA,"Middle",4,0,0,0,0,0,0,0,0,1,4,1,TRUE,0
"745",6,"M",3,"Black","Middle",3,0,0,0,0,0,0,0,0,0,2,NA,FALSE,1
"746",6,"F",3,"Hispanic","Middle",4,0,0,0,0,0,0,0,0,0,4,NA,FALSE,0
"747",6,"F",3,"Hispanic","Middle",4,0,0,0,0,0,0,0,0,0,4,NA,FALSE,0
"748",6,"M",3,"Hispanic","Middle",4,0,0,0,0,0,0,0,0,0,3,NA,FALSE,0
"749",6,"M",3,"Hispanic","Middle",2,0,0,0,0,0,1,0,0,0,2,NA,TRUE,1
"750",5,"M",3,"Hispanic","Middle",2,0,0,0,0,0,1,0,0,1,1,1,TRUE,1
"751",6,"F",3,"White","Middle",4,0,0,0,0,0,0,0,0,0,4,1,FALSE,0
"752",6,"F",3,"Hispanic","Middle",3,0,0,0,0,0,0,0,0,0,1,1,FALSE,1
"753",5,"M",3,"Black","Middle",4,0,0,0,0,0,0,0,0,0,1,NA,FALSE,1
"754",6,"M",3,"Hispanic","Middle",3,0,0,0,0,0,0,0,0,0,4,1,FALSE,0
"755",5,"F",3,"Hispanic","Middle",4,0,0,0,0,0,0,0,0,0,3,1,FALSE,0
"756",6,"M",3,"Hispanic","Middle",3,0,0,0,0,0,0,0,0,0,2,1,FALSE,1
"757",6,"F",3,"Hispanic","Middle",4,0,0,0,0,0,0,0,0,0,2,1,FALSE,1
"758",6,"F",3,"Hispanic","Middle",3,0,0,0,0,0,0,0,0,0,2,1,FALSE,1
"759",6,"F",3,"Hispanic","Middle",3,1,NA,0,0,0,0,0,0,0,1,NA,TRUE,1
"760",5,"M",3,"Black","Middle",4,0,0,0,0,0,0,0,0,0,2,1,FALSE,1
"761",5,"M",3,"White","Middle",2,1,0,0,0,0,0,0,0,1,1,NA,TRUE,1
"762",5,"F",3,"Hispanic","Middle",4,0,0,0,0,0,0,0,0,0,4,1,FALSE,0
"763",4,"M",1,"Hispanic","Middle",4,0,0,0,0,0,0,0,0,0,2,1,FALSE,1
"764",4,"M",1,"Black","Middle",4,0,0,0,0,0,0,0,0,0,4,1,FALSE,0
"765",3,"F",1,"AI/AN","Middle",4,0,0,0,0,0,0,0,0,0,4,1,FALSE,0
"766",4,"F",1,"White","Middle",4,0,0,0,0,0,0,0,0,0,2,1,FALSE,1
"767",4,"F",1,"Hispanic","Middle",3,0,0,0,0,0,0,0,0,0,3,1,FALSE,0
"768",3,"F",1,"White","Middle",4,0,0,0,0,0,0,0,0,0,4,1,FALSE,0
"769",4,"M",1,"Hispanic","Middle",4,0,0,0,0,0,0,0,0,0,2,1,FALSE,1
"770",3,"M",1,"White","Middle",4,0,0,0,0,0,0,0,0,0,4,1,FALSE,0
"771",4,"F",1,"Hispanic","Middle",2,0,0,0,0,0,0,0,0,0,4,NA,FALSE,0
"772",4,"M",1,"White","Middle",4,0,0,0,NA,NA,NA,NA,NA,0,4,1,NA,0
"773",3,"F",1,NA,"Middle",4,0,0,0,0,0,0,0,0,0,4,1,FALSE,0
"774",3,"M",1,"White","Middle",4,0,0,0,0,0,0,0,0,0,4,1,FALSE,0
"775",4,"F",1,"Hispanic","Middle",3,0,0,0,0,0,0,0,0,0,2,NA,FALSE,1
"776",5,"M",1,"Hispanic","Middle",4,0,0,0,0,0,0,0,0,0,3,NA,FALSE,0
"777",3,"M",1,"Hispanic","Middle",4,0,0,0,0,0,0,0,0,0,4,NA,FALSE,0
"778",3,"F",1,NA,"Middle",4,NA,0,0,0,0,0,0,0,0,2,1,NA,1
"779",4,"F",1,"White","Middle",4,0,0,0,0,0,0,0,0,0,4,1,FALSE,0
"780",4,"M",1,"White","Middle",4,0,0,0,0,0,0,0,0,0,4,1,FALSE,0
"781",3,"M",1,"Hispanic","Middle",4,0,0,0,0,0,0,0,0,0,4,1,FALSE,0
"782",4,"F",1,"White","Middle",4,0,0,0,0,0,0,0,0,0,3,1,FALSE,0
"783",3,"F",1,"AI/AN","Middle",4,0,0,0,0,0,0,0,0,0,4,NA,FALSE,0
"784",4,"M",1,NA,"Middle",3,0,0,0,0,0,0,0,0,0,1,NA,FALSE,1
"785",5,"F",3,"White","Middle",4,0,0,0,0,0,0,0,0,1,2,NA,TRUE,1
"786",6,"M",3,"Hispanic","Middle",4,0,0,0,0,0,0,0,0,0,4,1,FALSE,0
"787",6,"M",3,"Hispanic","Middle",3,0,0,0,0,0,0,0,0,1,2,1,TRUE,1
"788",6,"F",3,"Hispanic","Middle",3,0,0,0,0,0,1,0,0,1,1,NA,TRUE,1
"789",4,"F",1,"Hispanic","Middle",4,0,0,0,0,0,0,0,0,0,4,1,FALSE,0
"790",3,"F",1,"Hispanic","Middle",4,0,0,0,0,0,0,0,0,0,4,NA,FALSE,0
"791",4,"F",1,"White","Middle",2,0,0,0,0,0,0,0,0,0,1,1,FALSE,1
"792",3,"M",1,"White","Middle",4,0,0,0,0,0,0,0,0,0,2,NA,FALSE,1
"793",3,"F",1,"Hispanic","Middle",3,0,0,0,0,0,0,0,0,0,3,NA,FALSE,0
"794",4,"F",1,"White","Middle",4,0,0,0,0,0,0,0,0,0,4,1,FALSE,0
"795",4,"M",1,"White","Middle",4,0,0,0,0,0,0,0,0,0,4,1,FALSE,0
"796",3,"F",1,"White","Middle",4,0,0,0,0,0,0,0,0,0,4,1,FALSE,0
"797",3,"M",1,"White","Middle",4,0,0,0,0,0,0,0,0,0,4,1,FALSE,0
"798",4,"F",1,"Hispanic","Middle",4,0,0,0,0,0,0,0,0,0,1,NA,FALSE,1
"799",4,"M",1,"Hispanic","Middle",3,0,0,0,0,0,0,0,0,0,3,1,FALSE,0
"800",4,"M",1,"White","Middle",4,0,0,0,0,0,0,0,0,0,4,1,FALSE,0
"801",4,"F",1,"White","Middle",4,0,0,0,0,0,0,0,0,0,4,NA,FALSE,0
"802",3,"F",1,"White","Middle",4,0,0,0,0,0,0,0,0,0,2,NA,FALSE,1
"803",3,"F",1,"Hispanic","Middle",4,0,0,0,0,0,0,0,0,0,4,1,FALSE,0
"804",4,"F",1,"Hispanic","Middle",4,0,0,0,0,0,0,0,0,0,4,1,FALSE,0
"805",4,"M",1,"White","Middle",4,0,0,0,0,0,0,0,0,0,4,NA,FALSE,0
"806",3,"M",1,"Hispanic","Middle",4,0,0,0,0,0,0,0,0,0,4,1,FALSE,0
"807",3,"M",1,"White","Middle",4,0,0,0,0,0,0,0,0,0,4,NA,FALSE,0
"808",4,"F",1,"White","Middle",4,0,0,0,0,0,0,0,0,0,4,NA,FALSE,0
"809",4,"F",1,"White","Middle",4,0,0,0,0,0,0,0,0,0,4,1,FALSE,0
"810",4,"M",1,"White","Middle",4,0,0,0,0,0,0,0,0,0,3,NA,FALSE,0
"811",4,"M",1,"White","Middle",3,NA,0,0,0,0,0,0,0,0,2,NA,NA,1
"812",4,"F",1,"Hispanic","Middle",4,0,0,0,0,0,0,0,0,0,4,1,FALSE,0
"813",4,"M",1,"Hispanic","Middle",4,0,0,0,0,0,0,0,0,0,4,1,FALSE,0
"814",3,"F",1,"White","Middle",4,0,0,0,0,0,0,0,0,0,4,1,FALSE,0
"815",4,"M",1,"Hispanic","Middle",4,0,0,0,0,0,0,0,0,0,3,1,FALSE,0
"816",4,"M",1,"Hispanic","Middle",4,0,0,0,0,0,0,0,0,0,2,1,FALSE,1
"817",4,"M",1,"White","Middle",4,0,0,0,0,0,0,0,0,0,4,1,FALSE,0
"818",5,"M",3,"White","Middle",4,0,0,0,0,0,1,0,0,0,2,1,TRUE,1
"819",6,"F",3,"White","Middle",3,0,0,0,0,0,0,0,0,0,1,1,FALSE,1
"820",5,"M",3,"Hispanic","Middle",4,0,0,0,0,0,0,0,0,0,4,1,FALSE,0
"821",6,"F",3,"Black","Middle",4,0,0,0,0,0,0,0,0,0,4,1,FALSE,0
"822",6,"M",3,"Hispanic","Middle",3,0,0,0,0,0,0,0,0,1,1,NA,TRUE,1
"823",6,"F",3,"Hispanic","Middle",4,0,0,0,0,0,0,0,0,0,4,1,FALSE,0
"824",4,"M",2,"White","Middle",4,0,0,0,0,0,0,0,0,0,4,1,FALSE,0
"825",5,"M",2,"White","Middle",4,0,0,0,0,0,0,0,0,0,4,NA,FALSE,0
"826",5,"M",2,"White","Middle",4,0,0,0,0,0,0,0,0,1,1,NA,TRUE,1
"827",4,"F",2,"Black","Middle",4,0,0,0,0,0,0,0,0,0,2,1,FALSE,1
"828",5,"M",2,"Hispanic","Middle",4,0,0,0,0,0,0,0,0,0,4,1,FALSE,0
"829",5,"F",2,"Hispanic","Middle",4,0,0,0,0,0,0,0,0,0,2,1,FALSE,1
"830",4,"M",2,"Hispanic","Middle",4,0,0,0,0,0,0,0,0,0,2,NA,FALSE,1
"831",5,"F",2,"White","Middle",4,0,0,0,0,0,0,0,0,0,2,NA,FALSE,1
"832",5,"M",2,"Black","Middle",4,0,0,0,0,0,0,0,0,0,4,1,FALSE,0
"833",5,"M",2,"White","Middle",4,0,0,0,0,0,0,0,0,0,4,NA,FALSE,0
"834",4,"F",2,"Hispanic","Middle",4,0,0,0,0,0,0,0,0,0,3,NA,FALSE,0
"835",4,"F",2,"Hispanic","Middle",3,0,0,0,0,0,0,0,0,0,3,NA,FALSE,0
"836",4,"F",2,"Black","Middle",3,0,0,0,0,0,0,0,0,0,4,1,FALSE,0
"837",5,"M",2,"White","Middle",4,0,0,0,0,0,0,0,0,0,1,1,FALSE,1
"838",5,"M",2,"Hispanic","Middle",4,0,0,0,0,0,0,0,0,0,4,1,FALSE,0
"839",5,"F",2,"White","Middle",4,0,0,0,0,0,0,0,0,0,4,1,FALSE,0
"840",4,"F",2,NA,"Middle",4,0,0,0,0,0,0,0,0,0,4,1,FALSE,0
"841",5,"F",2,"Black","Middle",3,0,0,0,0,0,0,0,0,0,2,NA,FALSE,1
"842",4,"M",2,"White","Middle",3,0,0,0,0,0,0,0,0,0,2,NA,FALSE,1
"843",6,"M",2,"White","Middle",4,0,0,0,0,0,0,0,0,0,4,1,FALSE,0
"844",5,"M",2,"Hispanic","Middle",2,0,0,0,0,0,0,0,0,0,2,NA,FALSE,1
"845",5,"M",2,"Asian","Middle",4,0,0,0,0,0,0,0,0,0,4,NA,FALSE,0
"846",5,"M",2,"AI/AN","Middle",4,0,0,0,0,0,0,0,0,0,4,NA,FALSE,0
"847",6,"F",3,"Hispanic","Middle",4,0,0,0,0,0,0,0,0,0,4,1,FALSE,0
"848",5,"F",3,"Hispanic","Middle",3,0,0,0,0,0,0,0,0,0,4,1,FALSE,0
"849",6,"F",3,"White","Middle",3,0,0,0,0,0,0,0,0,0,2,1,FALSE,1
"850",6,"F",3,"White","Middle",4,0,0,0,0,0,0,0,0,0,2,1,FALSE,1
"851",6,"F",3,"White","Middle",4,0,0,0,0,0,0,0,0,0,2,1,FALSE,1
"852",6,"F",3,"Hispanic","Middle",4,0,0,0,0,0,0,0,0,0,3,NA,FALSE,0
"853",5,"F",3,"White","Middle",4,0,0,0,0,0,0,0,0,0,2,NA,FALSE,1
"854",6,"F",3,"Hispanic","Middle",3,0,0,0,0,0,1,0,0,0,1,NA,TRUE,1
"855",6,"F",3,"Hispanic","Middle",3,0,0,0,0,0,0,0,0,1,1,1,TRUE,1
"856",6,"M",3,"AI/AN","Middle",3,0,0,0,0,0,0,0,0,0,1,NA,FALSE,1
"857",6,"M",3,"White","Middle",3,0,0,0,0,0,0,0,0,0,4,NA,FALSE,0
"858",6,"M",3,"White","Middle",4,0,0,0,0,0,0,0,0,0,4,1,FALSE,0
"859",6,"M",3,"White","Middle",4,0,0,0,0,0,0,0,0,0,4,1,FALSE,0
"860",9,"M",7,"White","High",3,0,0,0,0,0,0,0,0,1,2,NA,TRUE,1
"861",10,"M",7,"White","High",4,0,0,0,0,0,0,0,0,0,1,1,FALSE,1
"862",10,"M",7,"White","High",4,0,0,0,0,0,0,0,0,0,4,1,FALSE,0
"863",9,"M",7,"White","High",4,0,0,0,0,0,0,0,0,1,2,1,TRUE,1
"864",10,"M",7,"Hispanic","High",1,0,0,0,0,0,1,0,0,1,2,NA,TRUE,1
"865",10,"F",7,"White","High",4,0,0,0,0,0,0,0,0,0,4,1,FALSE,0
"866",9,"F",7,"White","High",4,0,0,0,0,0,0,0,0,0,4,1,FALSE,0
"867",10,"F",7,"White","High",4,0,0,0,0,0,0,0,0,0,1,NA,FALSE,1
"868",10,"F",7,"White","High",3,0,0,0,0,0,0,0,0,0,2,NA,FALSE,1
"869",10,"F",7,"White","High",4,0,0,0,0,0,0,0,0,0,4,1,FALSE,0
"870",10,"F",7,"White","High",4,0,0,0,0,0,0,0,0,0,1,NA,FALSE,1
"871",9,"F",7,"White","High",4,0,0,0,0,0,0,0,0,0,4,NA,FALSE,0
"872",10,"F",7,"White","High",4,0,0,0,0,0,0,0,0,0,4,NA,FALSE,0
"873",9,"M",7,"White","High",2,1,1,NA,0,0,0,1,0,NA,1,NA,TRUE,1
"874",9,"F",7,"White","High",2,0,1,0,0,0,0,0,0,0,1,1,TRUE,1
"875",9,"F",7,"White","High",4,1,0,0,0,0,0,0,0,1,1,1,TRUE,1
"876",10,"F",7,"White","High",4,0,0,0,0,0,0,0,0,0,4,NA,FALSE,0
"877",9,"M",6,"Hispanic","High",4,0,0,0,0,0,0,0,0,0,2,NA,FALSE,1
"878",9,"M",7,"White","High",4,0,0,0,0,0,0,0,0,0,4,1,FALSE,0
"879",9,"M",6,"White","High",3,1,0,1,0,0,0,0,0,1,1,NA,TRUE,1
"880",8,"F",6,"White","High",4,0,0,0,0,0,0,0,0,0,4,1,FALSE,0
"881",10,"F",6,"White","High",3,1,0,0,0,0,0,1,0,1,2,NA,TRUE,1
"882",10,"M",6,"AI/AN","High",1,1,1,1,1,0,0,0,0,1,1,NA,TRUE,1
"883",8,"F",6,"Hispanic","High",4,0,0,0,0,0,0,0,0,0,4,NA,FALSE,0
"884",9,"M",6,"White","High",3,1,NA,1,0,0,0,1,0,1,1,1,TRUE,1
"885",8,"F",6,"White","High",2,0,0,0,0,0,0,0,0,0,2,NA,FALSE,1
"886",9,"F",6,"White","High",3,1,1,1,0,0,0,0,0,1,2,NA,TRUE,1
"887",9,"M",6,"White","High",2,1,1,NA,0,0,0,0,0,NA,2,NA,TRUE,1
"888",9,"M",6,"White","High",2,0,0,1,0,0,1,1,0,1,1,1,TRUE,1
"889",9,"M",6,"White","High",2,1,0,1,0,0,0,1,0,1,1,NA,TRUE,1
"890",8,"M",6,"White","High",2,1,0,0,0,0,0,1,0,1,2,1,TRUE,1
"891",9,"M",6,"AI/AN","High",1,1,1,0,0,0,0,0,0,1,1,NA,TRUE,1
"892",10,"M",7,"White","High",2,0,0,0,0,0,0,0,0,0,1,1,FALSE,1
"893",10,"M",7,"White","High",2,0,0,0,0,0,0,0,0,0,2,1,FALSE,1
"894",10,"M",7,"White","High",3,0,0,0,0,0,0,0,0,0,4,1,FALSE,0
"895",9,"M",7,"White","High",4,0,0,0,0,0,0,0,0,0,4,1,FALSE,0
"896",9,"M",7,"White","High",4,0,0,0,0,0,0,0,0,0,4,NA,FALSE,0
"897",7,"M",5,"White","High",2,1,0,0,0,0,0,0,0,0,1,NA,TRUE,1
"898",8,"M",5,"AI/AN","High",4,0,0,0,0,0,0,0,0,0,4,1,FALSE,0
"899",8,"F",5,"White","High",3,1,1,0,0,0,1,0,0,1,1,NA,TRUE,1
"900",10,"M",7,"White","High",4,0,0,0,0,0,0,0,0,0,4,1,FALSE,0
"901",9,"M",6,"White","High",3,1,0,1,0,0,0,0,0,1,1,NA,TRUE,1
"902",7,"M",5,"White","High",4,0,0,0,0,0,0,0,0,0,4,1,FALSE,0
"903",8,"M",5,"Black","High",3,0,0,0,0,0,0,0,0,0,4,1,FALSE,0
"904",8,"M",5,"White","High",2,1,1,0,0,0,0,0,0,1,1,NA,TRUE,1
"905",7,"M",5,"White","High",4,0,0,0,0,0,0,0,0,1,2,NA,TRUE,1
"906",8,"M",5,"Hispanic","High",4,0,0,0,0,0,0,0,0,0,4,1,FALSE,0
"907",9,"M",6,"White","High",4,0,0,0,0,0,0,0,0,0,4,NA,FALSE,0
"908",8,"F",5,"White","High",3,1,0,0,0,0,1,0,0,1,1,NA,TRUE,1
"909",9,"F",5,"White","High",3,0,0,0,0,0,0,0,0,0,2,NA,FALSE,1
"910",8,"F",5,"White","High",2,0,0,0,0,0,0,0,0,0,2,1,FALSE,1
"911",8,"F",5,"White","High",3,0,0,0,0,0,0,0,0,0,3,1,FALSE,0
"912",8,"M",6,"White","High",4,0,0,0,0,0,0,0,0,0,4,1,FALSE,0
"913",8,"F",6,"White","High",4,0,0,0,0,0,0,0,0,0,4,1,FALSE,0
"914",9,"F",6,"White","High",4,1,0,0,0,0,0,0,0,0,1,NA,TRUE,1
"915",9,"F",6,"White","High",4,0,0,0,0,0,1,0,0,1,4,1,TRUE,0
"916",9,"F",6,"White","High",4,0,0,0,0,0,0,0,0,0,1,1,FALSE,1
"917",8,"M",6,"White","High",2,0,0,1,0,0,0,0,0,1,1,1,TRUE,1
"918",8,"F",6,"White","High",4,0,0,0,0,0,0,0,0,0,4,NA,FALSE,0
"919",8,"F",6,"White","High",4,0,0,0,0,0,0,0,0,0,4,1,FALSE,0
"920",7,"F",4,"Hispanic","High",4,0,0,0,0,0,0,0,0,0,3,1,FALSE,0
"921",6,"F",4,"White","High",3,0,0,0,0,0,0,0,0,0,1,NA,FALSE,1
"922",7,"M",4,"White","High",NA,0,NA,0,0,0,0,0,0,0,3,1,NA,0
"923",7,"M",4,"Hispanic","High",4,0,0,0,0,0,0,0,0,0,4,1,FALSE,0
"924",6,"M",4,"Hispanic","High",4,0,0,0,0,0,0,0,0,0,4,NA,FALSE,0
"925",7,"M",4,"White","High",2,1,1,0,0,0,0,0,0,1,1,1,TRUE,1
"926",8,"F",4,"Black","High",4,0,0,0,0,0,0,0,0,0,4,1,FALSE,0
"927",8,"F",4,"White","High",3,1,0,0,0,0,1,0,0,1,1,NA,TRUE,1
"928",6,"F",4,"Black","High",4,0,0,0,0,0,0,0,0,0,4,1,FALSE,0
"929",7,"F",4,"Hispanic","High",NA,0,0,0,0,0,0,0,0,0,4,NA,FALSE,0
"930",6,"F",4,"White","High",4,0,0,0,0,0,0,0,0,0,4,1,FALSE,0
"931",7,"F",4,"Black","High",4,0,0,0,0,0,0,0,0,0,4,1,FALSE,0
"932",6,"F",4,NA,"High",4,0,0,0,0,0,0,0,0,0,4,NA,FALSE,0
"933",8,"M",4,"Black","High",4,0,0,0,0,0,0,0,0,0,4,1,FALSE,0
"934",7,"M",4,"Black","High",4,0,0,0,0,0,0,0,0,0,4,NA,FALSE,0
"935",7,"M",4,"Hispanic","High",3,0,0,0,0,0,0,0,0,0,3,1,FALSE,0
"936",6,"M",4,"Black","High",4,0,0,0,0,0,0,0,0,0,3,1,FALSE,0
"937",7,"F",4,"Black","High",4,0,0,0,0,0,0,0,0,0,3,NA,FALSE,0
"938",6,"F",4,"White","High",4,0,0,0,0,0,0,0,0,0,4,1,FALSE,0
"939",7,"F",4,"Hispanic","High",4,0,0,0,0,0,0,0,0,0,2,1,FALSE,1
"940",7,"M",4,"Black","High",4,0,0,0,0,0,0,0,0,0,4,1,FALSE,0
"941",7,"M",4,"Hispanic","High",4,0,0,0,0,0,0,0,0,0,4,1,FALSE,0
"942",7,"M",4,"White","High",4,0,0,0,0,0,0,0,0,0,2,1,FALSE,1
"943",7,"M",4,"White","High",4,0,0,0,0,0,0,0,0,0,4,NA,FALSE,0
"944",6,"F",4,"Black","High",4,0,0,0,0,0,0,0,0,0,4,NA,FALSE,0
"945",7,"F",4,NA,"High",4,0,0,0,0,0,0,0,0,0,4,1,FALSE,0
"946",7,"F",4,"Black","High",3,0,0,0,0,0,0,0,0,1,1,NA,TRUE,1
"947",7,"F",4,NA,"High",3,1,NA,0,0,0,0,0,0,0,4,NA,TRUE,0
"948",7,"F",4,"Hispanic","High",3,0,0,0,0,0,0,0,0,0,4,1,FALSE,0
"949",7,"F",4,"Black","High",4,0,0,0,0,0,0,0,0,0,4,1,FALSE,0
"950",7,"F",4,"Black","High",3,0,0,0,NA,NA,NA,NA,NA,0,2,NA,NA,1
"951",6,"F",4,"White","High",4,0,0,0,0,0,0,0,0,0,2,1,FALSE,1
"952",7,"F",4,"Black","High",4,0,0,0,0,0,0,0,0,0,4,NA,FALSE,0
"953",7,"F",4,"White","High",4,0,0,0,0,0,0,0,0,0,1,NA,FALSE,1
"954",7,"F",4,"White","High",3,0,0,0,0,0,0,0,0,0,1,NA,FALSE,1
"955",8,"M",4,"White","High",4,0,0,0,0,0,0,0,0,1,1,1,TRUE,1
"956",7,"F",4,"White","High",3,0,0,0,0,0,0,0,0,0,2,NA,FALSE,1
"957",7,"F",4,"White","High",4,0,0,0,0,0,0,0,0,0,1,1,FALSE,1
"958",7,"F",4,"White","High",4,0,0,0,0,0,0,0,0,0,4,NA,FALSE,0
"959",6,"F",4,"Hispanic","High",3,0,0,0,0,0,0,0,0,0,2,1,FALSE,1
"960",6,"F",4,NA,"High",4,0,0,0,NA,NA,NA,NA,NA,1,2,NA,TRUE,1
"961",8,"M",4,"Black","High",4,0,0,0,0,0,0,0,0,0,4,1,FALSE,0
"962",7,"F",4,"Hispanic","High",4,0,0,0,0,0,0,0,0,0,4,1,FALSE,0
"963",6,"F",4,"White","High",4,0,0,0,0,0,0,0,0,0,4,NA,FALSE,0
"964",7,"M",4,NA,"High",2,0,0,0,0,0,0,0,0,1,1,1,TRUE,1
"965",7,"M",4,"White","High",4,0,0,0,0,0,0,0,0,0,4,1,FALSE,0
"966",6,"M",4,"Black","High",3,0,0,0,0,0,0,0,0,0,2,NA,FALSE,1
"967",8,"M",4,"Black","High",4,0,0,0,0,0,0,0,0,0,4,1,FALSE,0
"968",8,"F",4,"Black","High",3,0,1,0,0,0,0,0,0,0,4,NA,TRUE,0
"969",7,"F",4,NA,"High",4,0,0,0,0,0,0,0,0,0,4,1,FALSE,0
"970",3,"F",1,"Black","Middle",3,0,0,0,0,0,0,0,0,0,4,1,FALSE,0
"971",4,"F",1,"Black","Middle",4,0,0,0,0,0,0,0,0,0,4,1,FALSE,0
"972",4,"M",1,"Black","Middle",3,0,0,0,0,0,0,0,0,0,4,1,FALSE,0
"973",3,"F",1,"Black","Middle",4,0,0,0,0,0,0,0,0,0,4,NA,FALSE,0
"974",4,"M",1,"Hispanic","Middle",4,0,0,0,0,0,0,0,0,0,4,NA,FALSE,0
"975",4,"M",1,"Black","Middle",4,0,0,0,0,0,0,0,0,0,4,1,FALSE,0
"976",5,"M",1,"Black","Middle",4,0,0,0,0,0,0,0,0,0,2,NA,FALSE,1
"977",4,"F",1,"Hispanic","Middle",3,0,0,0,0,0,0,0,1,1,1,NA,TRUE,1
"978",5,"M",1,"Hispanic","Middle",2,0,0,0,0,0,0,0,0,0,1,1,FALSE,1
"979",4,"F",1,"White","Middle",2,0,0,0,0,0,0,0,0,0,3,NA,FALSE,0
"980",4,"F",1,"Black","Middle",4,0,0,0,0,0,0,0,0,0,4,1,FALSE,0
"981",4,"M",1,"Black","Middle",4,0,0,0,0,0,0,0,0,0,4,1,FALSE,0
"982",3,"F",1,NA,"Middle",4,0,0,0,0,0,0,0,0,0,4,NA,FALSE,0
"983",4,"F",1,"Black","Middle",4,0,0,0,0,0,0,0,0,0,4,1,FALSE,0
"984",3,"M",1,"White","Middle",1,0,1,0,0,0,0,0,0,0,2,NA,TRUE,1
"985",5,"F",1,"Black","Middle",3,0,0,0,0,0,0,0,0,0,4,1,FALSE,0
"986",4,"M",1,"Hispanic","Middle",2,NA,NA,NA,0,0,0,0,0,1,4,NA,TRUE,0
"987",4,"M",1,"White","Middle",4,0,0,0,0,0,0,0,0,0,4,NA,FALSE,0
"988",4,"M",1,"White","Middle",4,0,NA,0,0,0,0,0,0,0,4,NA,NA,0
"989",4,"F",1,"Hispanic","Middle",3,0,0,0,0,0,0,0,0,0,1,NA,FALSE,1
"990",4,"F",1,"Black","Middle",4,0,0,0,0,0,0,0,0,0,4,1,FALSE,0
"991",3,"M",1,"White","Middle",4,0,0,0,0,0,0,0,0,0,4,1,FALSE,0
"992",5,"F",1,"Hispanic","Middle",4,0,0,0,0,0,0,0,0,0,4,NA,FALSE,0
"993",4,"M",1,"Black","Middle",4,0,0,0,0,0,0,0,0,0,4,1,FALSE,0
"994",4,"M",1,"Hispanic","Middle",4,0,0,0,0,0,0,0,0,0,4,1,FALSE,0
"995",5,"M",1,NA,"Middle",4,NA,NA,NA,NA,NA,NA,NA,NA,NA,NA,NA,NA,NA
"996",5,"F",1,"Hispanic","Middle",4,0,0,0,0,0,0,0,0,0,4,1,FALSE,0
"997",4,"F",1,"Hispanic","Middle",4,0,0,0,0,0,0,0,0,0,4,1,FALSE,0
"998",4,"M",1,"White","Middle",4,0,0,0,0,0,0,0,0,0,4,NA,FALSE,0
"999",3,"M",1,"White","Middle",1,1,1,0,0,0,0,0,0,0,1,NA,TRUE,1
"1000",4,"F",1,"Black","Middle",4,0,0,0,0,0,0,0,0,0,4,1,FALSE,0
"1001",4,"F",1,"Hispanic","Middle",4,0,0,0,0,0,0,0,0,0,4,NA,FALSE,0
"1002",4,"F",1,"Black","Middle",4,0,0,0,0,0,0,0,0,0,4,NA,FALSE,0
"1003",4,"M",1,"Black","Middle",4,0,0,0,0,0,0,0,0,0,4,1,FALSE,0
"1004",5,"F",1,NA,"Middle",4,0,0,0,0,0,0,0,0,0,4,1,FALSE,0
"1005",4,"F",1,"Black","Middle",4,0,0,0,0,0,0,0,0,0,4,1,FALSE,0
"1006",3,"F",1,"Black","Middle",4,0,0,0,0,0,0,0,0,0,4,1,FALSE,0
"1007",4,"F",1,"Black","Middle",4,0,0,0,0,0,0,0,0,0,4,1,FALSE,0
"1008",4,"M",1,"Black","Middle",4,0,0,0,0,0,0,0,0,0,3,NA,FALSE,0
"1009",4,"M",1,"Black","Middle",4,0,0,0,0,0,0,0,0,0,4,1,FALSE,0
"1010",4,"F",1,"White","Middle",4,0,0,0,0,0,0,0,0,0,2,1,FALSE,1
"1011",4,"F",1,"Hispanic","Middle",4,0,0,0,0,0,0,0,0,0,4,1,FALSE,0
"1012",7,"M",3,"White","Middle",NA,0,NA,NA,0,0,0,0,0,NA,2,NA,NA,1
"1013",6,"F",3,"White","Middle",3,0,0,0,0,0,0,0,0,0,3,NA,FALSE,0
"1014",6,"F",3,"White","Middle",4,0,0,0,0,0,0,0,0,0,4,1,FALSE,0
"1015",7,"M",3,"Black","Middle",2,0,0,0,0,0,0,0,0,0,1,1,FALSE,1
"1016",6,"F",3,"White","Middle",2,1,0,0,0,0,1,0,0,0,1,NA,TRUE,1
"1017",5,"M",3,"Black","Middle",4,0,0,0,0,0,0,0,0,0,4,1,FALSE,0
"1018",8,"F",3,"White","Middle",4,0,0,0,0,0,0,0,0,0,2,1,FALSE,1
"1019",6,"M",3,"White","Middle",4,0,0,0,0,0,1,0,0,1,2,NA,TRUE,1
"1020",7,"F",3,"White","Middle",4,0,0,0,0,0,0,0,0,0,4,1,FALSE,0
"1021",6,"F",3,"White","Middle",1,1,1,0,0,0,0,0,0,1,1,NA,TRUE,1
"1022",6,"F",3,"Black","Middle",2,0,0,0,0,0,0,0,0,0,2,NA,FALSE,1
"1023",6,"F",3,"Black","Middle",3,0,0,0,0,0,0,0,0,0,1,1,FALSE,1
"1024",6,"F",3,"Hispanic","Middle",4,0,0,0,0,0,0,0,0,0,1,1,FALSE,1
"1025",6,"M",3,"AI/AN","Middle",4,0,0,0,0,0,0,0,0,0,4,NA,FALSE,0
"1026",6,"M",3,"Black","Middle",4,0,0,0,0,0,0,0,0,0,4,1,FALSE,0
"1027",6,"M",3,"Hispanic","Middle",4,0,0,0,0,0,0,0,0,0,4,1,FALSE,0
"1028",6,"M",3,"White","Middle",3,0,0,0,0,0,0,0,0,0,2,NA,FALSE,1
"1029",6,"F",3,"White","Middle",4,0,0,0,0,0,0,0,0,0,4,NA,FALSE,0
"1030",7,"F",3,"Hispanic","Middle",2,0,0,0,0,0,0,0,0,0,3,NA,FALSE,0
"1031",5,"F",3,NA,"Middle",4,0,0,NA,0,0,0,0,0,0,1,1,NA,1
"1032",6,"M",3,"Black","Middle",1,0,1,0,0,0,0,0,0,1,1,NA,TRUE,1
"1033",6,"F",3,"Hispanic","Middle",3,0,0,0,0,0,0,0,0,0,3,1,FALSE,0
"1034",6,"F",3,"Black","Middle",4,0,0,0,0,0,0,0,0,0,2,1,FALSE,1
"1035",5,"F",3,"Black","Middle",4,0,0,0,0,0,0,0,0,0,4,NA,FALSE,0
"1036",6,"F",3,"White","Middle",2,NA,1,0,0,0,0,0,0,1,1,NA,TRUE,1
"1037",6,"M",3,"Black","Middle",4,0,0,0,0,0,0,0,0,0,3,NA,FALSE,0
"1038",5,"F",3,"White","Middle",4,0,0,0,0,0,0,0,0,0,4,1,FALSE,0
"1039",6,"F",3,"White","Middle",4,0,0,0,0,0,0,0,0,0,4,NA,FALSE,0
"1040",5,"F",3,"White","Middle",4,0,0,0,0,0,0,0,0,0,2,NA,FALSE,1
"1041",7,"F",3,NA,"Middle",2,1,1,1,0,0,1,0,0,1,1,NA,TRUE,1
"1042",7,"F",3,"Hispanic","Middle",4,0,0,0,0,0,0,0,0,0,4,1,FALSE,0
"1043",6,"M",3,"White","Middle",3,0,0,0,0,0,0,0,0,1,2,NA,TRUE,1
"1044",6,"M",3,"Black","Middle",4,0,0,0,0,0,0,0,0,0,4,NA,FALSE,0
"1045",6,"F",3,"White","Middle",4,0,0,0,0,0,0,0,0,0,2,NA,FALSE,1
"1046",6,"M",3,"Hispanic","Middle",4,0,0,0,0,0,0,0,0,0,2,NA,FALSE,1
"1047",7,"F",3,"Hispanic","Middle",4,0,0,0,0,0,0,0,0,0,2,1,FALSE,1
"1048",5,"M",3,"White","Middle",4,0,0,0,0,0,0,0,0,0,1,NA,FALSE,1
"1049",5,"M",3,"Black","Middle",4,0,0,0,NA,NA,NA,NA,NA,0,4,NA,NA,0
"1050",5,"F",3,"White","Middle",4,0,0,0,0,0,0,0,0,0,4,1,FALSE,0
"1051",5,"F",3,"White","Middle",4,0,0,0,0,0,0,0,0,0,4,NA,FALSE,0
"1052",6,"M",3,"White","Middle",NA,0,NA,NA,0,0,0,0,0,NA,NA,NA,NA,NA
"1053",4,"F",2,"Black","Middle",4,0,0,0,0,0,0,0,0,0,4,1,FALSE,0
"1054",5,"M",2,"White","Middle",4,0,0,0,0,0,0,0,0,0,4,NA,FALSE,0
"1055",4,"F",2,"White","Middle",3,0,0,0,0,0,0,0,0,0,1,NA,FALSE,1
"1056",5,"F",2,"Hispanic","Middle",4,0,0,0,0,0,0,0,0,0,4,1,FALSE,0
"1057",5,"M",2,"White","Middle",4,0,0,0,0,0,0,0,0,0,1,1,FALSE,1
"1058",5,"M",2,"White","Middle",4,0,0,0,0,0,1,0,0,1,1,NA,TRUE,1
"1059",5,"F",2,"White","Middle",4,0,0,0,0,0,0,0,0,0,4,1,FALSE,0
"1060",5,"M",2,"White","Middle",4,0,0,0,0,0,0,0,0,0,4,1,FALSE,0
"1061",5,"M",2,NA,"Middle",4,0,0,0,0,0,0,0,0,0,2,NA,FALSE,1
"1062",4,"F",2,"Black","Middle",4,0,0,0,0,0,0,0,0,0,4,NA,FALSE,0
"1063",5,"F",2,"White","Middle",3,0,0,0,0,0,0,0,0,0,2,NA,FALSE,1
"1064",5,"M",2,"Black","Middle",4,0,0,0,0,0,0,0,0,0,4,1,FALSE,0
"1065",5,"F",2,"Black","Middle",3,0,0,0,0,0,1,0,0,0,3,NA,TRUE,0
"1066",6,"F",2,"Black","Middle",4,0,0,0,0,0,0,0,0,0,4,1,FALSE,0
"1067",5,"F",2,"Black","Middle",2,0,0,0,0,0,0,0,0,0,1,NA,FALSE,1
"1068",5,"F",2,"White","Middle",4,0,0,0,0,0,0,0,0,0,4,NA,FALSE,0
"1069",4,"F",2,"White","Middle",4,0,0,0,0,0,0,0,0,0,4,NA,FALSE,0
"1070",5,"F",2,"Black","Middle",3,0,0,0,0,0,1,0,0,0,1,NA,TRUE,1
"1071",5,"F",2,"Black","Middle",4,0,0,0,0,0,0,0,0,0,4,1,FALSE,0
"1072",5,"F",2,"Black","Middle",3,0,0,0,0,0,0,0,0,0,2,NA,FALSE,1
"1073",5,"F",2,"Hispanic","Middle",4,0,0,0,0,0,0,0,0,0,2,1,FALSE,1
"1074",4,"F",2,"Hispanic","Middle",4,0,0,0,0,0,0,0,0,0,4,1,FALSE,0
"1075",5,"M",2,"Hispanic","Middle",4,0,0,0,0,0,0,0,0,0,1,NA,FALSE,1
"1076",6,"M",2,"White","Middle",3,1,0,0,0,0,0,0,0,0,2,NA,TRUE,1
"1077",5,"M",2,"Black","Middle",2,0,0,0,0,0,0,0,0,1,1,NA,TRUE,1
"1078",5,"M",2,"Black","Middle",3,0,0,0,0,0,0,0,0,0,2,NA,FALSE,1
"1079",5,"M",2,"Black","Middle",4,0,0,0,0,0,0,0,0,0,4,1,FALSE,0
"1080",5,"M",2,"Black","Middle",NA,0,NA,NA,NA,NA,NA,NA,NA,NA,NA,NA,NA,NA
"1081",5,"M",2,"Black","Middle",4,0,0,0,0,0,0,0,0,0,4,1,FALSE,0
"1082",5,"M",2,"Black","Middle",3,0,0,0,0,0,0,0,0,0,4,1,FALSE,0
"1083",6,"F",2,"Black","Middle",4,0,0,0,0,0,0,0,0,1,1,NA,TRUE,1
"1084",5,"M",2,"Hispanic","Middle",3,0,0,0,0,0,0,0,0,0,4,1,FALSE,0
"1085",5,"M",2,"White","Middle",4,0,0,0,0,0,0,0,0,0,4,1,FALSE,0
"1086",5,"M",2,"Asian","Middle",4,0,0,0,0,0,0,0,0,0,4,1,FALSE,0
"1087",5,"F",2,"Black","Middle",3,0,0,0,0,0,1,0,0,0,1,NA,TRUE,1
"1088",5,"M",2,"Black","Middle",4,0,0,0,0,0,0,0,0,0,4,NA,FALSE,0
"1089",5,"F",2,"Black","Middle",4,0,0,0,0,0,0,0,0,0,4,1,FALSE,0
"1090",5,"M",2,"AI/AN","Middle",4,0,0,0,0,0,0,0,0,0,2,NA,FALSE,1
"1091",4,"F",2,"White","Middle",4,0,0,0,0,0,0,0,0,0,4,1,FALSE,0
"1092",10,"F",7,"White","High",3,0,0,0,0,0,0,0,0,1,1,NA,TRUE,1
"1093",11,"M",7,"Asian","High",3,0,0,0,0,0,0,0,0,0,3,1,FALSE,0
"1094",11,"M",7,"Hispanic","High",2,1,1,1,1,0,0,0,0,1,1,NA,TRUE,1
"1095",10,"M",7,"White","High",1,1,1,1,0,0,0,1,0,1,1,1,TRUE,1
"1096",10,"F",7,"White","High",4,1,0,0,0,0,0,0,0,1,2,NA,TRUE,1
"1097",10,"M",7,"White","High",3,1,0,0,0,0,0,0,0,1,1,NA,TRUE,1
"1098",9,"F",6,"White","High",2,0,0,0,NA,NA,NA,NA,NA,0,2,1,NA,1
"1099",9,"M",7,"Hispanic","High",4,0,0,0,0,0,0,0,0,0,4,1,FALSE,0
"1100",10,"M",7,"White","High",2,1,1,1,0,0,0,0,0,1,1,NA,TRUE,1
"1101",10,"M",7,"White","High",4,0,0,0,0,0,0,0,0,0,3,1,FALSE,0
"1102",9,"F",7,"White","High",3,1,0,0,0,0,0,0,0,1,1,NA,TRUE,1
"1103",10,"F",7,"Hispanic","High",3,0,0,0,0,0,0,0,0,0,2,NA,FALSE,1
"1104",9,"F",6,"White","High",1,1,1,0,0,0,1,0,0,0,3,NA,TRUE,0
"1105",8,"F",6,"Hispanic","High",4,0,0,0,0,0,0,0,0,0,2,NA,FALSE,1
"1106",8,"F",6,"White","High",4,0,0,0,0,0,0,0,0,0,4,1,FALSE,0
"1107",9,"F",6,"White","High",4,0,0,0,0,0,0,0,0,0,2,NA,FALSE,1
"1108",8,"F",6,"White","High",4,0,NA,0,0,0,0,0,0,0,4,NA,NA,0
"1109",10,"F",7,"White","High",2,1,1,0,0,0,0,0,0,1,1,1,TRUE,1
"1110",8,"F",6,"White","High",4,0,0,0,0,0,0,0,0,0,4,1,FALSE,0
"1111",9,"F",7,"White","High",2,1,0,0,0,0,0,0,0,1,2,NA,TRUE,1
"1112",8,"M",6,"White","High",2,1,1,1,0,0,0,1,0,1,1,NA,TRUE,1
"1113",9,"M",6,"Asian","High",3,0,0,0,0,0,0,0,0,0,3,1,FALSE,0
"1114",9,"F",6,"White","High",4,0,0,0,0,0,0,0,0,0,4,NA,FALSE,0
"1115",9,"M",7,"White","High",3,1,0,0,1,0,0,0,0,NA,1,NA,TRUE,1
"1116",9,"M",6,"Hispanic","High",4,0,0,0,0,0,0,0,0,0,4,1,FALSE,0
"1117",9,"F",6,"Hispanic","High",3,0,0,0,0,0,0,0,0,0,3,1,FALSE,0
"1118",9,"M",6,"Hispanic","High",4,0,0,0,0,0,0,0,0,0,4,1,FALSE,0
"1119",8,"F",6,"White","High",3,0,0,0,0,0,0,0,0,0,3,NA,FALSE,0
"1120",7,"M",4,"Hispanic","High",4,0,0,0,0,0,0,0,0,0,4,1,FALSE,0
"1121",7,"F",4,"Hispanic","High",3,0,0,0,0,0,0,0,0,0,2,NA,FALSE,1
"1122",6,"F",4,"Hispanic","High",3,0,0,0,0,0,0,0,0,0,4,1,FALSE,0
"1123",8,"M",4,"White","High",4,1,0,0,0,0,0,0,0,1,1,NA,TRUE,1
"1124",6,"F",4,"White","High",3,1,0,0,0,0,0,0,0,0,2,1,TRUE,1
"1125",7,"F",4,"White","High",3,0,0,1,0,0,0,0,0,1,1,1,TRUE,1
"1126",7,"M",4,"White","High",4,0,0,0,0,0,0,0,0,0,4,NA,FALSE,0
"1127",7,"F",4,"White","High",4,0,0,0,0,0,0,0,0,0,4,1,FALSE,0
"1128",7,"M",4,"White","High",3,0,0,0,0,0,0,0,0,0,3,NA,FALSE,0
"1129",6,"M",4,"White","High",2,0,0,1,0,0,0,0,0,0,1,NA,TRUE,1
"1130",7,"F",4,"White","High",3,0,0,0,0,0,0,0,0,0,1,NA,FALSE,1
"1131",7,"M",4,"White","High",4,0,0,0,0,0,0,0,0,0,2,NA,FALSE,1
"1132",6,"M",4,"AI/AN","High",3,0,0,0,NA,NA,NA,NA,NA,1,1,NA,TRUE,1
"1133",8,"M",4,"White","High",4,0,0,0,0,0,0,0,0,0,4,NA,FALSE,0
"1134",7,"M",4,"White","High",4,0,0,0,0,0,0,0,0,0,4,NA,FALSE,0
"1135",6,"M",4,"White","High",4,0,0,0,0,0,0,0,0,0,2,NA,FALSE,1
"1136",7,"F",4,"White","High",4,0,0,0,0,0,0,0,0,0,4,1,FALSE,0
"1137",7,"M",4,"White","High",4,0,0,1,0,0,0,0,0,0,4,NA,TRUE,0
"1138",8,"M",5,"White","High",4,0,0,1,NA,NA,NA,NA,NA,0,2,NA,TRUE,1
"1139",8,"F",5,"White","High",4,0,0,0,0,0,0,0,0,0,1,1,FALSE,1
"1140",7,"F",5,"White","High",3,0,0,0,0,0,0,0,0,0,3,NA,FALSE,0
"1141",7,"M",5,"White","High",2,1,0,1,0,0,1,0,0,1,1,NA,TRUE,1
"1142",8,"F",5,"White","High",3,0,0,0,0,0,1,0,0,1,1,NA,TRUE,1
"1143",7,"F",5,"White","High",3,0,0,0,0,0,0,0,0,1,1,NA,TRUE,1
"1144",9,"M",6,"White","High",1,1,0,0,0,0,0,0,0,1,1,NA,TRUE,1
"1145",9,"F",5,"White","High",4,0,0,0,0,0,0,0,0,0,3,NA,FALSE,0
"1146",8,"F",5,"Hispanic","High",3,0,0,0,0,0,0,0,0,0,3,1,FALSE,0
"1147",8,"M",6,"Hispanic","High",1,1,1,1,0,1,0,0,0,1,1,1,TRUE,1
"1148",8,"M",5,"White","High",4,0,0,0,0,0,0,0,0,0,4,1,FALSE,0
"1149",8,"F",5,"White","High",4,0,0,0,0,0,0,0,0,0,2,NA,FALSE,1
"1150",7,"M",5,"White","High",4,0,0,1,0,0,0,0,0,0,1,NA,TRUE,1
"1151",8,"M",5,"Hispanic","High",3,0,0,0,NA,NA,NA,NA,NA,0,2,NA,NA,1
"1152",8,"M",5,"Hispanic","High",4,0,0,0,0,0,0,0,0,0,2,1,FALSE,1
"1153",8,"F",5,"Hispanic","High",4,0,0,0,0,0,0,0,0,0,4,1,FALSE,0
"1154",11,"F",6,"Black","High",2,1,NA,1,0,0,0,0,0,1,2,NA,TRUE,1
"1155",8,"F",5,"White","High",4,0,0,0,0,0,0,0,0,0,2,1,FALSE,1
"1156",7,"F",5,"White","High",4,0,0,0,0,0,0,0,0,0,4,1,FALSE,0
"1157",7,"M",6,"Hispanic","High",2,NA,1,0,0,0,0,0,0,1,2,NA,TRUE,1
"1158",6,"F",4,"White","High",4,0,0,0,0,0,0,0,0,0,2,NA,FALSE,1
"1159",7,"F",4,"White","High",4,0,0,0,0,0,0,0,0,0,4,1,FALSE,0
"1160",7,"M",4,"White","High",4,NA,NA,NA,NA,NA,NA,NA,NA,NA,NA,NA,NA,NA
"1161",7,"F",4,"Hispanic","High",4,0,0,0,0,0,0,0,0,0,4,1,FALSE,0
"1162",6,"M",4,"Black","High",3,0,0,0,0,0,0,0,0,1,1,NA,TRUE,1
"1163",7,"F",4,"Black","High",2,0,0,0,0,0,0,0,0,0,4,1,FALSE,0
"1164",7,"F",4,"Hispanic","High",4,0,0,0,0,0,0,0,0,0,4,1,FALSE,0
"1165",7,"F",4,"White","High",4,0,0,0,0,0,0,0,0,0,4,NA,FALSE,0
"1166",6,"F",4,"White","High",2,0,0,0,0,0,0,0,0,0,1,1,FALSE,1
"1167",7,"F",4,"Hispanic","High",4,0,0,0,0,0,0,0,0,0,4,NA,FALSE,0
"1168",7,"M",4,"White","High",4,0,0,0,0,0,0,0,0,0,4,NA,FALSE,0
"1169",7,"F",4,"White","High",3,0,0,0,0,0,0,0,0,0,4,NA,FALSE,0
"1170",6,"F",4,"White","High",1,1,1,1,0,0,1,0,1,1,1,NA,TRUE,1
"1171",6,"F",4,"Hispanic","High",3,1,0,0,0,0,0,0,0,1,1,NA,TRUE,1
"1172",7,"M",4,"Asian","High",4,0,0,0,0,0,0,0,0,0,4,NA,FALSE,0
"1173",7,"M",4,NA,"High",4,0,0,0,0,0,0,0,0,0,1,NA,FALSE,1
"1174",6,"M",4,"White","High",4,1,0,0,0,0,0,0,0,1,1,1,TRUE,1
"1175",6,"M",4,"Hispanic","High",4,0,0,0,0,0,0,0,0,1,1,NA,TRUE,1
"1176",7,"M",4,"Black","High",4,0,0,0,0,0,0,0,0,0,1,NA,FALSE,1
"1177",7,"M",4,"Hispanic","High",3,0,0,0,0,0,0,0,0,0,1,1,FALSE,1
"1178",6,"F",4,"Hispanic","High",4,0,0,0,0,0,0,0,0,0,1,NA,FALSE,1
"1179",7,"M",4,"Black","High",1,0,1,0,0,0,0,0,0,1,1,NA,TRUE,1
"1180",7,"M",4,"White","High",4,0,0,0,0,0,0,0,0,0,2,NA,FALSE,1
"1181",7,"M",4,"White","High",3,0,0,0,0,0,0,0,0,0,4,1,FALSE,0
"1182",7,"M",4,"AI/AN","High",3,0,0,0,0,0,0,0,0,1,1,NA,TRUE,1
"1183",7,"M",4,"Hispanic","High",4,0,0,0,0,0,0,0,0,0,1,1,FALSE,1
"1184",8,"M",4,"Hispanic","High",1,0,1,0,0,0,0,0,0,1,1,1,TRUE,1
"1185",7,"M",4,"Asian","High",4,0,0,0,0,0,0,0,0,0,1,NA,FALSE,1
"1186",6,"M",4,"Black","High",4,0,0,0,0,0,0,0,0,0,4,1,FALSE,0
"1187",7,"M",4,"Hispanic","High",3,0,NA,0,0,0,0,0,0,0,1,NA,NA,1
"1188",7,"M",4,"Black","High",4,0,0,0,0,0,0,0,0,0,2,1,FALSE,1
"1189",7,"M",4,"White","High",2,0,1,0,0,0,0,0,0,1,1,1,TRUE,1
"1190",7,"F",4,"White","High",3,0,0,0,0,0,0,0,0,0,1,1,FALSE,1
"1191",7,"F",4,"White","High",3,0,0,0,0,0,0,0,0,0,1,NA,FALSE,1
"1192",8,"F",5,"Asian","High",4,0,0,0,0,0,0,0,0,0,4,1,FALSE,0
"1193",9,"F",7,"Asian","High",4,0,0,0,0,0,0,0,0,0,4,1,FALSE,0
"1194",8,"M",5,"Hispanic","High",4,0,0,0,0,0,0,0,0,0,4,1,FALSE,0
"1195",8,"M",5,"Hispanic","High",3,0,0,0,0,0,0,0,0,0,2,1,FALSE,1
"1196",8,"M",5,"Hispanic","High",3,0,0,0,0,0,0,0,0,0,2,1,FALSE,1
"1197",8,"M",5,"Black","High",3,0,0,0,0,0,0,0,0,0,2,NA,FALSE,1
"1198",8,"M",6,"Hispanic","High",3,0,0,0,0,0,0,0,0,0,2,1,FALSE,1
"1199",8,"F",6,"Black","High",1,1,1,0,1,0,0,0,0,1,1,NA,TRUE,1
"1200",8,"F",6,"Hispanic","High",2,1,0,0,0,0,0,0,0,0,2,1,TRUE,1
"1201",10,"M",6,"Hispanic","High",4,0,0,0,0,0,0,0,0,0,4,1,FALSE,0
"1202",9,"F",6,"Black","High",4,0,0,0,0,0,0,0,0,0,4,1,FALSE,0
"1203",8,"M",6,"Hispanic","High",2,1,1,1,0,0,0,0,0,1,2,1,TRUE,1
"1204",8,"F",5,"White","High",4,0,0,0,0,0,0,0,0,0,2,1,FALSE,1
"1205",7,"F",5,"White","High",3,0,0,0,0,0,0,0,0,0,3,NA,FALSE,0
"1206",7,"F",5,"Hispanic","High",3,0,0,0,0,0,0,0,0,0,4,NA,FALSE,0
"1207",8,"M",5,"Hispanic","High",2,0,0,0,0,0,0,0,0,0,1,1,FALSE,1
"1208",10,"F",7,"Hispanic","High",1,0,1,0,0,0,0,0,0,1,1,NA,TRUE,1
"1209",8,"M",5,"White","High",2,1,1,0,0,0,0,0,0,0,1,NA,TRUE,1
"1210",8,"M",5,"Asian","High",4,0,0,0,0,0,0,0,0,0,4,1,FALSE,0
"1211",8,"M",5,"White","High",3,0,0,1,0,0,0,0,0,1,1,1,TRUE,1
"1212",10,"M",7,"White","High",1,0,1,1,1,0,0,0,0,1,1,NA,TRUE,1
"1213",10,"M",7,"White","High",1,1,1,1,1,0,0,0,0,1,1,1,TRUE,1
"1214",9,"F",6,"Hispanic","High",4,0,0,0,0,0,0,0,0,0,4,1,FALSE,0
"1215",9,"F",6,"Hispanic","High",4,0,0,0,0,0,1,0,0,0,3,1,TRUE,0
"1216",9,"M",6,"Asian","High",4,0,0,0,0,0,0,0,0,0,4,NA,FALSE,0
"1217",8,"F",6,NA,"High",4,0,0,0,0,0,0,0,0,0,1,1,FALSE,1
"1218",9,"F",6,"Hispanic","High",3,0,0,0,0,0,0,0,0,0,2,1,FALSE,1
"1219",8,"M",6,"Asian","High",4,0,0,0,0,0,0,0,0,0,4,NA,FALSE,0
"1220",9,"F",6,"Hispanic","High",2,0,0,0,0,0,0,0,0,0,1,NA,FALSE,1
"1221",10,"M",7,"Black","High",1,1,1,0,0,0,0,0,0,1,1,1,TRUE,1
"1222",8,"M",6,"Black","High",3,0,0,0,0,0,0,0,0,0,3,1,FALSE,0
"1223",8,"F",6,"Hispanic","High",4,0,0,0,0,0,0,0,0,0,2,1,FALSE,1
"1224",8,"M",6,"Hispanic","High",4,0,0,0,0,0,0,0,0,0,3,NA,FALSE,0
"1225",8,"M",6,"Hispanic","High",3,0,0,0,0,0,0,0,0,1,1,1,TRUE,1
"1226",8,"F",6,"White","High",2,0,1,0,0,0,0,0,0,0,1,NA,TRUE,1
"1227",9,"F",6,"White","High",3,0,0,0,0,0,0,0,0,0,4,NA,FALSE,0
"1228",8,"M",6,"White","High",4,0,0,0,0,0,0,0,0,0,2,NA,FALSE,1
"1229",9,"M",6,"Black","High",NA,0,0,0,0,0,1,0,0,0,2,NA,TRUE,1
"1230",9,"F",6,"Black","High",4,0,0,0,0,0,0,0,0,0,4,1,FALSE,0
"1231",8,"F",6,"Black","High",3,0,0,0,0,0,0,0,0,0,4,NA,FALSE,0
"1232",9,"M",6,"Hispanic","High",1,1,1,0,0,1,0,0,0,1,1,NA,TRUE,1
"1233",8,"F",6,"Black","High",4,0,0,0,0,0,0,0,0,0,4,1,FALSE,0
"1234",9,"F",6,"Asian","High",4,0,0,0,0,0,0,0,0,0,4,1,FALSE,0
"1235",10,"M",7,"Hispanic","High",4,0,0,0,0,0,0,0,0,0,2,1,FALSE,1
"1236",9,"F",7,"Black","High",3,1,0,0,0,0,0,0,0,0,1,1,TRUE,1
"1237",9,"F",7,"Hispanic","High",4,0,0,0,0,0,0,0,0,0,1,1,FALSE,1
"1238",9,"F",7,"Asian","High",4,0,0,0,0,0,0,0,0,0,3,1,FALSE,0
"1239",9,"F",7,"Hispanic","High",4,0,0,0,0,0,0,0,0,0,3,1,FALSE,0
"1240",10,"F",7,"Hispanic","High",4,0,0,0,0,0,0,0,0,0,4,1,FALSE,0
"1241",10,"F",7,"Hispanic","High",2,0,NA,0,NA,NA,NA,NA,NA,1,1,NA,TRUE,1
"1242",9,"M",7,NA,"High",4,1,0,0,0,1,0,0,0,0,1,1,TRUE,1
"1243",10,"M",7,"Black","High",2,1,NA,0,0,0,0,0,0,0,4,1,TRUE,0
"1244",9,"M",6,"Hispanic","High",3,1,1,0,0,0,0,0,0,1,2,NA,TRUE,1
"1245",10,"M",7,"White","High",1,1,NA,0,0,0,1,0,0,0,1,NA,TRUE,1
"1246",10,"F",7,"Asian","High",4,0,0,0,0,0,0,0,0,0,4,1,FALSE,0
"1247",10,"M",7,"Hispanic","High",3,0,0,0,0,0,0,0,0,0,1,1,FALSE,1
"1248",9,"F",7,"White","High",3,0,0,0,0,0,0,0,0,0,2,1,FALSE,1
"1249",10,"F",7,"White","High",3,1,0,0,1,0,1,0,0,1,1,NA,TRUE,1
"1250",11,"F",7,"White","High",4,0,0,0,0,0,0,0,0,0,4,NA,FALSE,0
"1251",10,"M",7,"White","High",4,0,0,0,0,0,0,0,0,0,4,1,FALSE,0
"1252",3,"F",1,"Hispanic","Middle",1,1,1,1,0,1,0,0,0,1,1,NA,TRUE,1
"1253",9,"M",7,"White","High",1,1,1,1,0,0,1,0,0,1,1,NA,TRUE,1
"1254",10,"F",7,"White","High",4,0,0,0,0,0,0,0,0,0,4,1,FALSE,0
"1255",10,"F",7,"Hispanic","High",2,1,1,0,0,0,0,0,0,1,1,1,TRUE,1
"1256",10,"F",7,"Hispanic","High",3,0,1,0,0,0,0,0,0,1,1,1,TRUE,1
"1257",9,"F",7,"Hispanic","High",4,0,0,0,0,0,0,0,0,0,2,1,FALSE,1
"1258",9,"F",7,"White","High",2,1,1,0,0,0,0,0,0,1,1,NA,TRUE,1
"1259",10,"F",7,"AI/AN","High",1,NA,0,0,0,0,0,0,0,0,1,NA,NA,1
"1260",9,"F",7,"Hispanic","High",4,0,0,0,0,0,0,0,0,0,2,1,FALSE,1
"1261",9,"F",7,"Hispanic","High",3,0,0,0,0,0,0,0,0,0,1,1,FALSE,1
"1262",9,"F",7,"Hispanic","High",3,0,0,0,0,0,0,0,0,0,3,1,FALSE,0
"1263",7,"M",5,"AI/AN","High",4,0,0,0,NA,NA,NA,NA,NA,1,2,NA,TRUE,1
"1264",8,"F",5,"Hispanic","High",2,0,1,0,0,0,0,0,0,0,1,1,TRUE,1
"1265",10,"M",7,"Hispanic","High",1,1,1,1,0,0,1,0,0,1,1,NA,TRUE,1
"1266",9,"F",7,"Hispanic","High",2,0,0,0,0,0,0,0,0,0,2,1,FALSE,1
"1267",9,"F",7,"Hispanic","High",1,0,0,0,0,0,0,0,0,NA,1,NA,NA,1
"1268",10,"M",7,"Black","High",1,1,1,0,0,0,1,0,0,1,1,NA,TRUE,1
"1269",10,"F",7,"White","High",3,0,0,0,0,0,0,0,0,0,1,1,FALSE,1
"1270",11,NA,NA,"Hispanic",NA,3,0,NA,0,0,0,0,0,0,0,1,1,NA,1
"1271",9,"F",6,"Hispanic","High",4,0,0,0,0,0,0,0,0,0,4,1,FALSE,0
"1272",9,"F",6,"White","High",4,0,0,0,0,0,0,0,0,0,4,NA,FALSE,0
"1273",9,"F",6,"Black","High",2,0,0,0,0,0,0,0,0,0,1,NA,FALSE,1
"1274",8,"F",6,"Black","High",3,0,0,0,0,0,0,0,0,0,1,NA,FALSE,1
"1275",10,"F",6,"White","High",1,1,1,0,0,0,1,0,0,1,1,NA,TRUE,1
"1276",9,"F",6,"Hispanic","High",3,0,0,0,0,0,0,0,0,0,2,1,FALSE,1
"1277",9,"F",6,"Hispanic","High",4,0,0,0,0,0,0,0,0,0,4,NA,FALSE,0
"1278",9,"M",6,"Hispanic","High",4,0,0,0,0,0,0,0,0,0,4,1,FALSE,0
"1279",8,"F",6,"White","High",4,0,0,0,0,0,0,0,0,0,3,NA,FALSE,0
"1280",8,"M",6,"Black","High",4,0,0,0,0,0,0,0,0,0,4,1,FALSE,0
"1281",8,"F",6,"Hispanic","High",4,0,0,0,0,0,0,0,0,0,3,1,FALSE,0
"1282",8,"F",6,"Black","High",4,0,0,0,0,0,0,0,0,0,1,NA,FALSE,1
"1283",8,"M",6,"Hispanic","High",4,0,0,0,0,0,0,0,0,0,2,1,FALSE,1
"1284",9,"M",6,"Hispanic","High",4,0,0,0,0,0,0,0,0,0,2,1,FALSE,1
"1285",9,"F",6,"Black","High",3,0,0,0,0,0,0,0,0,0,3,NA,FALSE,0
"1286",9,"F",6,"White","High",4,0,0,0,0,0,0,0,0,0,3,NA,FALSE,0
"1287",9,"F",6,"Black","High",4,0,0,0,0,0,0,0,0,0,3,NA,FALSE,0
"1288",8,"M",6,"Black","High",4,0,0,0,0,0,0,0,0,0,4,1,FALSE,0
"1289",8,"M",6,"Hispanic","High",4,0,0,0,0,0,0,0,0,0,2,NA,FALSE,1
"1290",9,"F",6,"Hispanic","High",4,0,0,0,0,0,0,0,0,0,3,NA,FALSE,0
"1291",9,"F",6,"Hispanic","High",4,0,0,0,0,0,0,0,0,0,1,NA,FALSE,1
"1292",8,"M",6,"Hispanic","High",4,0,0,0,0,0,0,0,0,0,4,NA,FALSE,0
"1293",10,"M",7,"Black","High",4,0,0,0,0,0,0,0,0,0,3,1,FALSE,0
"1294",9,"F",6,"Hispanic","High",4,0,0,0,0,0,0,0,0,0,4,1,FALSE,0
"1295",10,"M",7,"Black","High",1,0,0,1,0,0,0,0,0,1,1,NA,TRUE,1
"1296",9,"F",7,"White","High",4,0,0,0,0,0,0,0,0,0,3,NA,FALSE,0
"1297",9,"F",7,"Black","High",4,0,1,0,0,0,0,0,0,0,2,1,TRUE,1
"1298",10,"M",7,"Black","High",4,0,0,0,0,0,0,0,0,0,4,NA,FALSE,0
"1299",10,"M",7,"White","High",4,0,0,0,0,0,0,0,0,0,2,1,FALSE,1
"1300",9,"M",7,"Hispanic","High",3,0,0,0,0,0,0,0,0,0,1,NA,FALSE,1
"1301",10,"M",7,"White","High",4,0,0,0,0,0,0,0,0,1,1,NA,TRUE,1
"1302",9,"M",7,"Hispanic","High",3,0,0,0,0,0,0,0,0,1,2,NA,TRUE,1
"1303",9,"M",7,"Hispanic","High",4,0,0,0,NA,NA,NA,NA,NA,0,4,NA,NA,0
"1304",10,"M",7,"White","High",2,1,1,0,0,0,0,0,0,1,1,1,TRUE,1
"1305",9,"M",7,"White","High",1,0,1,1,0,0,0,0,0,1,1,1,TRUE,1
"1306",10,"M",7,"White","High",4,0,0,0,0,0,0,0,0,0,4,NA,FALSE,0
"1307",10,"F",7,"White","High",2,0,1,0,0,0,0,0,0,1,1,NA,TRUE,1
"1308",9,"M",7,"White","High",2,0,1,1,0,0,0,0,0,1,2,1,TRUE,1
"1309",10,"M",7,"White","High",2,0,1,1,0,0,0,0,0,1,2,1,TRUE,1
"1310",9,"M",7,"Hispanic","High",4,0,0,0,0,0,0,0,0,0,4,1,FALSE,0
"1311",9,"M",7,"Hispanic","High",3,0,NA,0,0,0,0,0,0,0,2,1,NA,1
"1312",8,"F",5,"White","High",4,0,0,0,0,0,0,0,0,0,4,NA,FALSE,0
"1313",8,"F",5,"Hispanic","High",4,0,0,0,0,0,0,0,0,0,2,1,FALSE,1
"1314",8,"F",5,"Hispanic","High",4,0,0,0,0,0,0,0,0,0,3,NA,FALSE,0
"1315",7,"F",5,"White","High",3,0,0,0,0,0,0,0,0,0,4,NA,FALSE,0
"1316",7,"M",5,NA,"High",NA,NA,NA,NA,NA,NA,NA,NA,NA,NA,NA,NA,NA,NA
"1317",10,"M",7,"Asian","High",3,0,0,0,0,0,0,0,0,0,3,NA,FALSE,0
"1318",7,"F",5,"Hispanic","High",4,0,0,0,0,0,0,0,0,0,4,1,FALSE,0
"1319",7,"F",5,"Black","High",2,0,1,0,0,0,0,0,0,1,1,NA,TRUE,1
"1320",8,"M",5,"Hispanic","High",4,0,0,0,0,0,0,0,0,0,4,1,FALSE,0
"1321",8,"F",5,"Asian","High",3,0,0,0,0,0,0,0,0,0,2,NA,FALSE,1
"1322",7,"F",5,"NHOPI","High",4,0,0,0,0,0,0,0,0,0,4,1,FALSE,0
"1323",8,"M",5,"Hispanic","High",1,1,1,1,1,1,1,1,1,1,1,NA,TRUE,1
"1324",9,"F",7,"White","High",4,0,0,0,0,0,0,0,0,0,2,1,FALSE,1
"1325",9,"F",7,"White","High",3,0,0,0,0,0,0,0,0,1,1,NA,TRUE,1
"1326",7,"F",5,"Hispanic","High",3,0,0,0,0,0,0,0,0,0,1,NA,FALSE,1
"1327",7,"F",5,"White","High",4,0,0,0,NA,NA,NA,NA,NA,1,2,NA,TRUE,1
"1328",8,"M",5,"Hispanic","High",3,NA,NA,1,0,0,0,0,0,NA,2,NA,TRUE,1
"1329",6,"M",3,"White","Middle",4,0,0,0,0,0,0,0,0,0,4,1,FALSE,0
"1330",5,"F",3,"White","Middle",3,1,0,0,0,0,0,1,0,1,2,NA,TRUE,1
"1331",5,"M",3,"Asian","Middle",3,0,0,0,0,0,0,0,0,0,3,1,FALSE,0
"1332",6,"F",3,"White","Middle",4,0,0,0,0,0,0,0,0,0,4,1,FALSE,0
"1333",5,"F",3,NA,"Middle",4,0,0,0,NA,NA,NA,NA,NA,0,2,NA,NA,1
"1334",6,"F",3,"White","Middle",3,0,0,0,0,0,0,0,0,0,3,1,FALSE,0
"1335",5,"F",3,"White","Middle",4,0,0,0,0,0,0,0,0,0,4,1,FALSE,0
"1336",6,"M",3,"White","Middle",4,0,0,0,0,0,0,0,0,0,4,1,FALSE,0
"1337",6,"M",3,"White","Middle",4,0,0,0,0,0,0,0,0,0,3,1,FALSE,0
"1338",5,"M",3,"White","Middle",4,0,0,0,0,0,0,0,0,0,4,1,FALSE,0
"1339",6,"M",3,"White","Middle",4,0,0,0,0,0,0,0,0,1,1,NA,TRUE,1
"1340",5,"M",3,"White","Middle",2,0,0,0,0,0,0,0,0,0,2,NA,FALSE,1
"1341",6,"M",3,"White","Middle",4,0,0,0,0,0,0,0,0,0,3,NA,FALSE,0
"1342",6,"F",3,NA,"Middle",4,0,0,0,0,0,0,0,0,0,4,NA,FALSE,0
"1343",6,"F",3,"White","Middle",4,0,0,0,0,0,0,0,0,0,4,1,FALSE,0
"1344",6,"M",3,"White","Middle",4,0,0,0,0,0,0,0,0,0,4,NA,FALSE,0
"1345",5,"F",3,"White","Middle",4,0,0,0,0,0,0,0,0,0,4,1,FALSE,0
"1346",5,"F",3,"White","Middle",4,0,0,0,0,0,0,0,0,0,4,1,FALSE,0
"1347",5,"F",3,"White","Middle",4,0,0,0,0,0,0,0,0,0,2,1,FALSE,1
"1348",6,"M",3,"White","Middle",4,0,0,0,0,0,0,0,0,0,4,1,FALSE,0
"1349",4,"M",1,"White","Middle",4,0,0,0,0,0,0,0,0,0,4,1,FALSE,0
"1350",4,"F",1,"White","Middle",4,0,0,0,0,0,0,0,0,0,4,1,FALSE,0
"1351",4,"F",1,"White","Middle",4,0,0,0,0,0,0,0,0,0,4,1,FALSE,0
"1352",4,"F",1,NA,"Middle",4,0,0,0,0,0,0,0,0,0,4,1,FALSE,0
"1353",4,"F",1,"White","Middle",4,0,0,0,0,0,0,0,0,0,4,1,FALSE,0
"1354",11,"F",1,"Hispanic","Middle",1,1,1,1,0,0,0,0,0,1,1,NA,TRUE,1
"1355",4,"F",1,"White","Middle",4,0,0,0,0,0,0,0,0,0,4,1,FALSE,0
"1356",4,"F",1,"White","Middle",4,0,0,0,0,0,0,0,0,0,4,NA,FALSE,0
"1357",4,"M",1,"White","Middle",4,0,0,0,0,0,0,0,0,0,3,NA,FALSE,0
"1358",4,"M",1,"White","Middle",4,0,0,0,0,0,0,0,0,0,3,1,FALSE,0
"1359",4,"M",1,"White","Middle",3,0,0,0,0,0,0,0,0,0,4,1,FALSE,0
"1360",5,"M",1,"White","Middle",4,0,0,0,NA,NA,NA,NA,NA,0,4,1,NA,0
"1361",4,"M",1,"White","Middle",4,0,0,0,0,0,0,0,0,0,3,1,FALSE,0
"1362",5,"M",1,"White","Middle",4,0,0,0,0,0,0,0,0,0,4,1,FALSE,0
"1363",4,"F",1,"White","Middle",4,0,0,0,0,0,0,0,0,0,4,1,FALSE,0
"1364",4,"F",1,"White","Middle",4,0,0,0,0,0,0,0,0,0,4,1,FALSE,0
"1365",4,"F",1,"White","Middle",4,0,0,0,0,0,0,0,0,0,4,1,FALSE,0
"1366",4,"F",1,"AI/AN","Middle",3,0,0,0,0,0,0,0,0,0,4,1,FALSE,0
"1367",5,"F",1,"White","Middle",4,0,0,0,0,0,0,0,0,0,4,1,FALSE,0
"1368",4,"F",1,"White","Middle",4,0,NA,0,0,0,0,0,0,0,4,NA,NA,0
"1369",4,"M",1,"White","Middle",3,0,0,0,0,0,0,0,0,0,4,1,FALSE,0
"1370",4,"M",1,"White","Middle",4,0,0,0,0,0,0,0,0,0,4,NA,FALSE,0
"1371",4,"F",1,"Hispanic","Middle",4,0,0,0,0,0,0,0,0,0,4,NA,FALSE,0
"1372",4,"F",1,"White","Middle",4,0,0,0,0,0,0,0,0,0,4,1,FALSE,0
"1373",3,"F",1,"White","Middle",4,0,0,0,0,0,0,0,0,0,3,NA,FALSE,0
"1374",4,"F",1,"White","Middle",4,0,0,0,0,0,0,0,0,0,4,1,FALSE,0
"1375",4,"M",1,"White","Middle",3,0,0,0,0,0,0,0,0,0,4,NA,FALSE,0
"1376",3,"M",1,NA,"Middle",4,0,0,0,0,0,0,0,0,0,4,NA,FALSE,0
"1377",4,"M",1,"White","Middle",4,0,0,0,0,0,0,0,0,0,4,1,FALSE,0
"1378",3,"F",1,"Hispanic","Middle",4,0,0,0,0,0,0,0,0,0,4,NA,FALSE,0
"1379",4,"F",1,"White","Middle",3,0,0,0,0,0,0,0,0,0,4,1,FALSE,0
"1380",4,"M",1,"White","Middle",4,0,0,0,0,0,0,0,0,0,4,1,FALSE,0
"1381",4,"F",1,"White","Middle",4,0,0,0,0,0,0,0,0,0,4,1,FALSE,0
"1382",4,"F",1,"White","Middle",4,0,0,0,0,0,0,0,0,0,3,1,FALSE,0
"1383",4,"F",1,"White","Middle",4,0,0,0,0,0,0,0,0,0,4,NA,FALSE,0
"1384",4,"M",1,NA,"Middle",4,0,0,0,0,0,0,0,0,0,4,NA,FALSE,0
"1385",4,"F",1,"White","Middle",4,0,0,0,0,0,0,0,0,0,4,1,FALSE,0
"1386",3,"M",1,NA,"Middle",4,0,0,0,0,0,0,0,0,0,3,1,FALSE,0
"1387",5,"M",2,"White","Middle",4,0,0,0,0,0,0,0,0,0,4,1,FALSE,0
"1388",5,"F",2,"White","Middle",4,0,0,0,0,0,0,0,0,0,4,1,FALSE,0
"1389",5,"M",2,"Hispanic","Middle",4,0,0,0,0,0,0,0,0,0,3,1,FALSE,0
"1390",5,"F",2,"White","Middle",4,0,0,0,0,0,0,0,0,0,4,1,FALSE,0
"1391",5,"F",2,"White","Middle",3,0,0,0,0,0,0,0,0,0,2,1,FALSE,1
"1392",5,"M",2,"AI/AN","Middle",4,0,0,0,0,0,0,0,0,0,4,NA,FALSE,0
"1393",4,"F",2,"White","Middle",4,0,0,0,0,0,0,0,0,0,4,1,FALSE,0
"1394",5,"M",2,"AI/AN","Middle",3,0,0,0,0,0,0,0,0,0,4,1,FALSE,0
"1395",5,"M",2,"Black","Middle",2,0,0,1,0,0,0,0,0,1,1,NA,TRUE,1
"1396",5,"F",2,NA,"Middle",3,1,0,0,0,0,0,0,0,0,1,NA,TRUE,1
"1397",6,"F",2,"White","Middle",3,0,0,0,0,0,0,0,0,0,4,1,FALSE,0
"1398",5,"F",2,"White","Middle",4,0,0,0,0,0,0,0,0,0,4,1,FALSE,0
"1399",5,"F",2,"White","Middle",4,0,0,0,0,0,0,0,0,0,4,1,FALSE,0
"1400",5,"F",2,"White","Middle",4,0,0,0,0,0,0,0,0,0,4,1,FALSE,0
"1401",5,"M",2,"White","Middle",4,0,0,0,0,0,0,0,0,0,4,1,FALSE,0
"1402",5,"F",2,"White","Middle",4,0,0,0,0,0,0,0,0,0,4,1,FALSE,0
"1403",4,"F",2,"White","Middle",3,0,0,0,0,0,0,0,0,0,4,NA,FALSE,0
"1404",5,"M",2,"Hispanic","Middle",4,0,0,0,0,0,0,0,0,0,4,1,FALSE,0
"1405",5,"M",2,"White","Middle",4,0,0,0,0,0,0,0,0,0,4,NA,FALSE,0
"1406",8,"M",6,"Hispanic","High",3,0,0,0,0,0,0,0,0,0,2,1,FALSE,1
"1407",9,"M",6,"Hispanic","High",3,0,0,0,NA,NA,NA,NA,NA,0,3,1,NA,0
"1408",10,"F",6,"Black","High",4,0,0,0,0,0,1,0,0,1,2,NA,TRUE,1
"1409",8,"M",6,"Hispanic","High",4,0,0,0,0,0,0,0,0,0,4,1,FALSE,0
"1410",8,"F",6,"Hispanic","High",3,0,0,0,0,0,1,0,0,0,1,1,TRUE,1
"1411",8,"F",6,"Hispanic","High",4,0,0,0,0,0,0,0,0,0,4,1,FALSE,0
"1412",8,"M",6,"Hispanic","High",4,0,0,0,0,0,0,0,0,0,4,NA,FALSE,0
"1413",9,"F",6,"Hispanic","High",4,0,0,0,0,0,0,0,0,0,2,1,FALSE,1
"1414",9,"M",6,"Hispanic","High",2,0,0,0,0,0,0,0,0,0,3,1,FALSE,0
"1415",9,"M",6,"Hispanic","High",4,0,0,0,0,0,0,0,0,0,4,1,FALSE,0
"1416",9,"F",6,"Hispanic","High",2,0,1,0,0,0,0,0,0,1,2,NA,TRUE,1
"1417",9,"F",6,"Asian","High",3,0,0,0,0,0,0,0,0,0,3,1,FALSE,0
"1418",9,"F",6,"Hispanic","High",4,0,0,0,0,0,0,0,0,0,2,NA,FALSE,1
"1419",9,"F",6,"Hispanic","High",4,0,0,0,0,0,0,0,0,0,4,NA,FALSE,0
"1420",9,"F",6,"Hispanic","High",2,0,0,0,0,0,0,0,0,0,1,1,FALSE,1
"1421",8,"F",6,"Hispanic","High",2,0,1,0,0,0,1,0,0,1,1,1,TRUE,1
"1422",8,"F",6,"Hispanic","High",3,0,0,0,0,0,0,0,0,0,2,1,FALSE,1
"1423",8,"F",6,"Hispanic","High",4,0,0,0,0,0,0,0,0,0,2,1,FALSE,1
"1424",8,"F",6,"Hispanic","High",2,0,0,0,0,0,0,0,0,0,2,1,FALSE,1
"1425",9,"M",6,"Hispanic","High",4,0,0,0,0,0,0,0,0,0,1,1,FALSE,1
"1426",7,"M",5,"Hispanic","High",4,0,0,0,0,0,0,0,0,0,4,1,FALSE,0
"1427",8,"F",5,"Hispanic","High",2,0,0,0,0,0,0,0,0,1,1,1,TRUE,1
"1428",7,"F",5,"Hispanic","High",4,0,0,0,0,0,0,0,0,0,4,1,FALSE,0
"1429",6,"M",4,"Hispanic","High",4,0,0,0,0,0,0,0,0,0,3,NA,FALSE,0
"1430",6,"M",4,"Hispanic","High",3,0,1,0,0,0,0,0,0,0,4,1,TRUE,0
"1431",7,"M",4,"Hispanic","High",4,0,0,0,0,0,0,0,0,0,1,1,FALSE,1
"1432",7,"F",4,"Hispanic","High",4,0,0,0,0,0,0,0,0,0,4,1,FALSE,0
"1433",6,"M",4,"Hispanic","High",4,0,0,0,0,0,0,0,0,0,3,1,FALSE,0
"1434",6,"F",4,"Hispanic","High",4,0,0,0,0,0,0,0,0,0,2,NA,FALSE,1
"1435",6,"F",4,"Hispanic","High",3,0,0,0,0,0,0,0,0,0,1,1,FALSE,1
"1436",7,"F",4,"Hispanic","High",3,0,0,0,0,0,0,0,0,0,2,NA,FALSE,1
"1437",6,"F",4,"Hispanic","High",4,0,0,0,0,0,0,0,0,0,3,NA,FALSE,0
"1438",7,"M",4,"Hispanic","High",3,0,0,0,0,0,0,0,0,0,2,1,FALSE,1
"1439",6,"F",4,"Hispanic","High",2,0,0,0,0,0,0,0,0,0,2,1,FALSE,1
"1440",7,"M",4,"Hispanic","High",2,0,0,0,0,0,1,0,0,1,1,NA,TRUE,1
"1441",7,"F",4,"Hispanic","High",3,0,0,0,0,0,0,0,0,0,2,1,FALSE,1
"1442",6,"F",4,"Hispanic","High",3,0,0,0,0,0,0,0,0,0,2,NA,FALSE,1
"1443",6,"M",4,"Hispanic","High",4,0,0,0,0,0,0,0,0,0,4,1,FALSE,0
"1444",7,"M",4,"White","High",4,0,0,0,0,0,1,0,0,1,2,NA,TRUE,1
"1445",10,"M",6,"White","High",2,0,1,0,0,0,0,0,0,1,2,1,TRUE,1
"1446",9,"M",6,"Hispanic","High",3,0,0,0,0,0,0,0,0,0,1,NA,FALSE,1
"1447",8,"F",5,"Hispanic","High",3,0,0,0,0,0,0,0,0,0,4,1,FALSE,0
"1448",6,"F",4,"Hispanic","High",2,0,0,0,NA,NA,NA,NA,NA,0,1,NA,NA,1
"1449",9,"M",6,"Hispanic","High",3,0,0,0,0,0,0,0,0,0,2,1,FALSE,1
"1450",7,"F",4,"Hispanic","High",4,0,0,0,0,0,0,0,0,0,2,1,FALSE,1
"1451",6,"M",4,"Asian","High",4,0,0,0,0,0,0,0,0,0,2,1,FALSE,1
"1452",6,"F",4,"Hispanic","High",4,0,0,0,0,0,0,0,0,1,1,NA,TRUE,1
"1453",6,"F",4,"Hispanic","High",4,0,0,0,0,0,0,0,0,0,3,NA,FALSE,0
"1454",6,"M",4,"Hispanic","High",3,0,0,0,0,0,0,0,0,0,1,1,FALSE,1
"1455",7,"F",4,"Hispanic","High",2,0,1,0,0,0,0,0,0,0,1,NA,TRUE,1
"1456",6,"F",4,"Hispanic","High",3,0,0,0,0,0,0,0,0,0,2,1,FALSE,1
"1457",6,"M",4,"White","High",4,0,0,0,0,0,0,0,0,0,4,1,FALSE,0
"1458",7,"M",4,"Hispanic","High",3,0,1,0,0,0,0,0,0,1,2,1,TRUE,1
"1459",6,"M",4,"Hispanic","High",4,0,0,0,0,0,0,0,0,0,2,1,FALSE,1
"1460",6,"M",4,"Hispanic","High",3,0,0,0,NA,NA,NA,NA,NA,0,1,1,NA,1
"1461",6,"F",4,"Hispanic","High",3,0,0,0,0,0,0,0,0,0,1,NA,FALSE,1
"1462",6,"F",4,"Hispanic","High",4,0,0,0,0,0,1,0,0,0,2,NA,TRUE,1
"1463",7,"M",4,"Hispanic","High",3,0,0,0,0,0,0,0,0,0,2,NA,FALSE,1
"1464",7,"M",4,"Hispanic","High",2,1,0,0,0,0,0,0,0,0,4,NA,TRUE,0
"1465",7,"M",4,"Hispanic","High",4,0,0,0,0,0,0,0,0,0,4,1,FALSE,0
"1466",7,"F",4,NA,"High",4,0,0,0,0,0,0,0,0,1,4,1,TRUE,0
"1467",6,"M",4,"Hispanic","High",4,0,0,0,0,0,0,0,0,0,4,1,FALSE,0
"1468",6,"F",4,"Hispanic","High",4,0,0,0,0,0,0,0,0,0,2,NA,FALSE,1
"1469",7,"M",4,"White","High",4,0,0,0,0,0,0,0,0,0,1,NA,FALSE,1
"1470",7,"F",4,"White","High",4,0,0,0,0,0,0,0,0,0,2,1,FALSE,1
"1471",8,"F",4,"Hispanic","High",4,0,0,0,0,0,0,0,0,0,4,NA,FALSE,0
"1472",7,"M",4,"Hispanic","High",3,0,0,0,0,0,0,0,0,0,2,NA,FALSE,1
"1473",7,"F",4,"Hispanic","High",3,NA,0,0,0,0,1,0,0,1,1,NA,TRUE,1
"1474",6,"M",4,"Hispanic","High",4,0,0,0,0,0,0,0,0,0,2,NA,FALSE,1
"1475",10,"F",7,"White","High",4,0,0,0,0,0,0,0,0,0,4,1,FALSE,0
"1476",10,"F",7,"Asian","High",4,0,0,0,0,0,0,0,0,0,4,1,FALSE,0
"1477",10,"F",7,"Asian","High",3,0,0,0,0,0,1,0,0,0,1,NA,TRUE,1
"1478",10,"M",7,"Hispanic","High",4,0,0,0,0,0,0,0,0,0,4,1,FALSE,0
"1479",9,"F",7,"Asian","High",4,0,0,0,0,0,0,0,0,0,3,1,FALSE,0
"1480",9,"F",7,"Hispanic","High",4,0,0,0,0,0,0,0,0,0,2,NA,FALSE,1
"1481",9,"M",7,"Hispanic","High",1,0,0,0,0,0,0,0,0,0,1,1,FALSE,1
"1482",9,"M",7,"Hispanic","High",3,0,0,0,0,0,0,0,0,0,1,1,FALSE,1
"1483",9,"F",7,"White","High",4,0,0,0,0,0,1,0,0,0,2,1,TRUE,1
"1484",9,"M",7,"White","High",1,1,1,0,0,0,0,0,0,0,1,NA,TRUE,1
"1485",10,"F",7,"Hispanic","High",4,0,0,0,0,0,0,0,0,0,2,1,FALSE,1
"1486",9,"F",7,"Hispanic","High",2,0,0,0,0,0,0,0,0,0,4,NA,FALSE,0
"1487",9,"F",7,"Hispanic","High",2,1,0,0,0,0,0,0,0,0,2,NA,TRUE,1
"1488",9,"F",7,"Hispanic","High",4,0,0,0,0,0,0,0,0,0,2,1,FALSE,1
"1489",10,"M",7,"Hispanic","High",2,0,0,0,0,0,0,0,0,0,4,1,FALSE,0
"1490",10,"F",7,"Hispanic","High",3,0,0,0,0,0,1,0,0,0,2,1,TRUE,1
"1491",9,"F",7,"Hispanic","High",3,0,0,0,0,0,1,0,0,1,2,NA,TRUE,1
"1492",9,"M",7,"Hispanic","High",NA,0,0,0,0,0,0,0,0,0,4,1,FALSE,0
"1493",9,"F",7,"Hispanic","High",4,0,0,0,NA,NA,NA,NA,NA,1,3,1,TRUE,0
"1494",7,"F",4,"Hispanic","High",3,0,0,0,0,0,0,0,0,0,2,NA,FALSE,1
"1495",7,"F",4,"Hispanic","High",3,0,0,0,0,0,0,0,0,0,2,1,FALSE,1
"1496",7,"M",4,"Hispanic","High",4,0,0,0,0,0,0,0,0,0,1,1,FALSE,1
"1497",9,"M",7,"Hispanic","High",3,0,0,0,0,0,0,0,0,0,3,1,FALSE,0
"1498",10,"M",7,"NHOPI","High",3,0,0,0,0,0,0,0,0,0,2,1,FALSE,1
"1499",9,"M",7,"Hispanic","High",4,0,0,0,0,0,0,0,0,0,4,1,FALSE,0
"1500",10,"M",7,"Hispanic","High",3,0,0,0,0,0,0,0,0,0,2,NA,FALSE,1
"1501",9,"M",7,"Hispanic","High",4,0,0,0,0,0,0,0,0,0,4,NA,FALSE,0
"1502",9,"M",7,NA,"High",3,0,0,0,0,0,0,0,0,0,2,1,FALSE,1
"1503",9,"M",7,"Hispanic","High",4,0,0,0,0,0,0,0,0,0,4,1,FALSE,0
"1504",9,"M",7,"Hispanic","High",4,0,0,0,0,0,0,0,0,0,4,1,FALSE,0
"1505",9,"F",7,"Hispanic","High",3,0,0,0,0,0,0,0,0,0,4,1,FALSE,0
"1506",11,"M",7,"Hispanic","High",4,0,0,0,0,0,0,0,0,0,NA,NA,FALSE,NA
"1507",9,"M",7,"Hispanic","High",4,0,0,0,0,0,0,0,0,0,4,NA,FALSE,0
"1508",10,"M",7,"Hispanic","High",3,0,0,0,0,0,0,0,0,0,3,1,FALSE,0
"1509",9,"M",7,"Hispanic","High",3,0,0,0,0,0,0,0,0,0,1,1,FALSE,1
"1510",9,"F",7,"Hispanic","High",4,0,0,0,0,0,0,0,0,0,2,1,FALSE,1
"1511",9,"F",7,"Hispanic","High",4,0,0,0,0,0,0,0,0,0,4,1,FALSE,0
"1512",10,"M",7,"Hispanic","High",2,0,1,0,0,0,0,0,0,0,1,1,TRUE,1
"1513",9,"F",7,"Hispanic","High",4,0,0,0,0,0,0,0,0,0,4,1,FALSE,0
"1514",9,"F",7,"Black","High",4,0,0,0,0,0,0,0,0,0,4,1,FALSE,0
"1515",9,"F",7,"Hispanic","High",4,0,0,0,0,0,0,0,0,0,1,1,FALSE,1
"1516",9,"F",7,"Hispanic","High",4,0,0,0,0,0,0,0,0,0,4,1,FALSE,0
"1517",10,"M",7,"Hispanic","High",1,0,1,0,0,0,1,0,0,0,1,1,TRUE,1
"1518",9,"F",7,"Hispanic","High",4,0,0,0,0,0,0,0,0,0,1,1,FALSE,1
"1519",10,"M",7,"Hispanic","High",4,0,0,0,0,0,1,0,0,1,2,1,TRUE,1
"1520",9,"F",7,"Hispanic","High",4,0,0,0,0,0,0,0,0,0,2,1,FALSE,1
"1521",9,"M",7,"White","High",4,0,0,0,0,0,0,0,0,0,4,NA,FALSE,0
"1522",10,"F",7,"Hispanic","High",3,0,0,0,0,0,0,0,0,0,3,1,FALSE,0
"1523",10,"M",7,"Hispanic","High",3,0,0,0,0,0,0,0,0,0,3,1,FALSE,0
"1524",9,"M",7,"Hispanic","High",4,0,0,0,0,0,0,0,0,0,4,NA,FALSE,0
"1525",10,"M",7,"Hispanic","High",4,0,0,0,0,0,0,0,0,0,3,1,FALSE,0
"1526",9,"M",7,"Hispanic","High",4,0,0,0,0,0,0,0,0,0,4,1,FALSE,0
"1527",10,"M",7,"Hispanic","High",3,0,0,0,0,0,0,0,0,0,2,1,FALSE,1
"1528",9,"F",7,"Hispanic","High",4,0,0,0,0,0,0,0,0,0,3,NA,FALSE,0
"1529",9,"M",7,"White","High",1,1,1,0,0,0,1,0,0,1,1,1,TRUE,1
"1530",9,"F",7,"Hispanic","High",4,0,0,0,0,0,1,0,0,1,1,1,TRUE,1
"1531",6,"M",4,"Hispanic","High",4,0,0,0,0,0,0,0,0,0,4,NA,FALSE,0
"1532",10,"M",7,"Hispanic","High",3,1,1,1,0,0,0,0,0,0,1,NA,TRUE,1
"1533",10,"M",7,"Hispanic","High",4,0,0,0,0,0,0,0,0,0,1,1,FALSE,1
"1534",9,"F",7,"Hispanic","High",4,0,0,0,0,0,0,0,0,0,4,1,FALSE,0
"1535",9,"M",7,"Hispanic","High",4,0,0,0,0,0,0,0,0,0,1,1,FALSE,1
"1536",9,"M",7,"Hispanic","High",4,0,0,0,0,0,0,0,0,0,1,NA,FALSE,1
"1537",11,"F",7,"Hispanic","High",2,0,0,0,0,0,1,0,0,1,2,NA,TRUE,1
"1538",8,"F",6,"Hispanic","High",4,0,0,0,0,0,0,0,0,0,4,1,FALSE,0
"1539",7,"M",4,"Hispanic","High",2,0,0,0,0,0,0,0,0,1,1,NA,TRUE,1
"1540",6,"M",4,"Black","High",4,0,0,0,0,0,0,0,0,0,2,1,FALSE,1
"1541",6,"F",4,"Hispanic","High",4,0,0,0,0,0,0,0,0,0,4,1,FALSE,0
"1542",7,"M",4,"Hispanic","High",2,0,1,0,0,0,1,0,0,1,1,NA,TRUE,1
"1543",9,"F",7,"Hispanic","High",4,0,0,0,0,0,0,0,0,0,4,NA,FALSE,0
"1544",10,"M",7,"Hispanic","High",2,0,1,0,0,0,0,0,0,1,1,1,TRUE,1
"1545",7,"M",4,"Hispanic","High",3,0,0,0,0,0,0,0,0,0,1,1,FALSE,1
"1546",7,"F",4,"Hispanic","High",4,0,0,0,0,0,0,0,0,0,1,NA,FALSE,1
"1547",7,"F",4,"Hispanic","High",4,0,0,0,0,0,0,0,0,0,4,1,FALSE,0
"1548",7,"M",4,"Hispanic","High",4,0,0,0,0,0,0,0,0,0,4,1,FALSE,0
"1549",7,"M",4,"Hispanic","High",4,0,0,0,0,0,0,0,0,0,2,1,FALSE,1
"1550",6,"F",4,"Hispanic","High",4,0,0,0,0,0,0,0,0,0,4,NA,FALSE,0
"1551",6,"F",4,"Hispanic","High",4,0,0,0,0,0,0,0,0,0,4,NA,FALSE,0
"1552",7,"M",4,"Hispanic","High",4,0,0,0,0,0,0,0,0,0,3,1,FALSE,0
"1553",8,"F",6,"Hispanic","High",4,0,0,0,0,0,0,0,0,0,1,1,FALSE,1
"1554",10,"M",6,"Hispanic","High",2,0,0,0,0,0,0,0,0,0,1,1,FALSE,1
"1555",9,"M",6,"Hispanic","High",3,0,0,1,0,0,0,0,0,0,2,NA,TRUE,1
"1556",8,"M",6,"Hispanic","High",3,0,0,0,0,0,0,0,0,0,3,NA,FALSE,0
"1557",8,"M",6,NA,"High",4,0,0,0,0,0,0,0,0,0,4,1,FALSE,0
"1558",9,"M",6,"Hispanic","High",3,0,0,0,0,0,0,0,0,0,1,1,FALSE,1
"1559",9,"M",6,"Hispanic","High",2,0,0,0,0,0,0,0,0,0,2,1,FALSE,1
"1560",8,"F",6,"Hispanic","High",4,0,0,0,0,0,0,0,0,0,4,1,FALSE,0
"1561",9,"F",6,"Hispanic","High",2,0,0,0,0,0,0,0,0,0,4,1,FALSE,0
"1562",9,"M",7,"Hispanic","High",4,0,0,0,0,0,0,0,0,0,4,NA,FALSE,0
"1563",9,"F",7,"Asian","High",3,0,0,0,0,0,0,0,0,0,4,NA,FALSE,0
"1564",6,"M",4,"Hispanic","High",4,0,0,0,0,0,0,0,0,0,4,1,FALSE,0
"1565",9,"M",7,"Hispanic","High",3,0,0,0,0,0,0,0,0,0,1,NA,FALSE,1
"1566",10,"F",7,"Hispanic","High",4,0,0,0,0,0,0,0,0,0,1,1,FALSE,1
"1567",9,"F",7,"Hispanic","High",4,0,0,0,0,0,0,0,0,0,4,NA,FALSE,0
"1568",10,"F",7,"Hispanic","High",4,0,0,0,0,0,0,0,0,0,4,1,FALSE,0
"1569",9,"F",7,"Hispanic","High",1,0,0,0,0,0,0,0,0,0,1,NA,FALSE,1
"1570",9,"F",7,"Hispanic","High",4,0,0,0,0,0,0,0,0,0,4,NA,FALSE,0
"1571",9,"M",7,"Hispanic","High",2,1,1,0,0,0,0,0,0,0,1,NA,TRUE,1
"1572",7,"M",4,"Hispanic","High",2,0,0,0,0,0,0,0,0,0,2,NA,FALSE,1
"1573",8,"M",5,"Hispanic","High",3,0,0,0,0,0,0,0,0,0,1,1,FALSE,1
"1574",7,"F",5,"Hispanic","High",3,0,0,0,NA,NA,NA,NA,NA,0,3,NA,NA,0
"1575",7,"F",4,"Hispanic","High",4,0,0,0,0,0,0,0,0,0,3,1,FALSE,0
"1576",6,"F",4,"Asian","High",4,0,0,0,0,0,0,0,0,0,4,1,FALSE,0
"1577",9,"F",6,"Hispanic","High",4,0,0,0,0,0,0,0,0,0,2,1,FALSE,1
"1578",9,"M",6,"Hispanic","High",4,0,0,0,0,0,0,0,0,0,4,1,FALSE,0
"1579",8,"M",6,"Hispanic","High",4,0,0,0,0,0,0,0,0,0,1,NA,FALSE,1
"1580",8,"M",6,"Hispanic","High",2,1,1,0,NA,NA,NA,NA,NA,0,4,NA,TRUE,0
"1581",8,"M",6,"Hispanic","High",3,0,0,0,0,0,0,0,0,0,1,NA,FALSE,1
"1582",8,"F",6,"Hispanic","High",2,0,1,0,0,0,0,0,0,0,4,NA,TRUE,0
"1583",9,"M",6,"Hispanic","High",3,0,0,0,0,0,0,0,0,0,1,NA,FALSE,1
"1584",9,"M",6,"Hispanic","High",2,0,0,0,0,0,0,0,0,0,3,NA,FALSE,0
"1585",8,"M",6,"Hispanic","High",3,0,0,0,0,0,0,0,0,0,2,1,FALSE,1
"1586",9,"F",6,"Hispanic","High",3,0,0,0,0,0,0,0,0,0,1,1,FALSE,1
"1587",9,"F",6,"Hispanic","High",2,0,0,0,0,0,0,0,0,0,1,NA,FALSE,1
"1588",10,"F",6,"White","High",4,0,0,0,0,0,0,0,0,0,4,1,FALSE,0
"1589",8,"F",6,"Hispanic","High",4,0,0,0,0,0,0,0,0,0,4,1,FALSE,0
"1590",8,"F",6,"Hispanic","High",4,0,0,0,0,0,0,0,0,0,4,1,FALSE,0
"1591",9,"F",6,"Hispanic","High",4,0,0,0,0,0,0,0,0,0,4,1,FALSE,0
"1592",9,"M",6,"Hispanic","High",4,0,0,0,0,0,0,0,0,1,2,NA,TRUE,1
"1593",7,"F",5,"Hispanic","High",3,0,0,0,0,0,0,0,0,0,2,1,FALSE,1
"1594",8,"M",5,"Hispanic","High",NA,0,0,0,0,0,0,0,0,0,4,NA,FALSE,0
"1595",7,"F",5,"Hispanic","High",4,0,0,0,0,0,0,0,0,0,2,1,FALSE,1
"1596",7,"M",5,"Hispanic","High",3,0,0,0,0,0,0,0,0,0,1,1,FALSE,1
"1597",7,"M",5,"Hispanic","High",3,0,0,0,0,0,0,0,0,0,1,1,FALSE,1
"1598",7,"F",5,"Hispanic","High",3,0,0,0,0,0,1,0,0,1,1,1,TRUE,1
"1599",7,"M",5,"Hispanic","High",4,0,0,0,0,0,0,0,0,0,3,NA,FALSE,0
"1600",8,"M",5,"Hispanic","High",3,0,0,0,NA,NA,NA,NA,NA,0,3,NA,NA,0
"1601",8,"F",6,"Hispanic","High",4,0,0,0,0,0,0,0,0,0,4,1,FALSE,0
"1602",8,"M",6,"Hispanic","High",4,0,0,0,0,0,0,0,0,0,2,1,FALSE,1
"1603",8,"F",5,"Hispanic","High",3,0,0,0,NA,NA,NA,NA,NA,0,2,1,NA,1
"1604",8,"M",5,"Hispanic","High",1,0,0,0,0,0,0,0,0,0,2,1,FALSE,1
"1605",7,"F",5,"Hispanic","High",4,0,0,0,0,0,0,0,0,0,3,1,FALSE,0
"1606",7,"F",5,"Hispanic","High",4,0,0,0,0,0,0,0,0,0,4,1,FALSE,0
"1607",9,"F",6,"Hispanic","High",3,0,0,0,0,0,0,0,0,0,4,1,FALSE,0
"1608",9,"F",6,"Hispanic","High",3,0,0,0,0,0,0,0,0,0,2,NA,FALSE,1
"1609",9,"F",6,"Hispanic","High",3,0,0,0,0,0,0,0,0,0,2,1,FALSE,1
"1610",8,"F",6,"Hispanic","High",4,0,0,0,0,0,0,0,0,0,2,NA,FALSE,1
"1611",9,"F",6,NA,"High",4,0,0,0,0,0,0,0,0,0,1,NA,FALSE,1
"1612",8,"F",6,"Hispanic","High",3,0,0,0,0,0,0,0,0,0,1,NA,FALSE,1
"1613",8,"F",6,"Hispanic","High",4,0,0,0,0,0,0,0,0,0,4,NA,FALSE,0
"1614",9,"M",6,"Hispanic","High",4,0,0,0,0,0,0,0,0,0,1,1,FALSE,1
"1615",8,"M",6,"Hispanic","High",4,0,0,0,0,0,0,0,0,0,2,1,FALSE,1
"1616",9,"F",6,"Hispanic","High",3,1,0,0,0,0,0,0,1,0,2,NA,TRUE,1
"1617",9,"F",6,"Hispanic","High",3,0,0,0,0,0,0,0,0,0,2,1,FALSE,1
"1618",8,"M",5,"Black","High",2,0,0,0,NA,NA,NA,NA,NA,0,NA,NA,NA,NA
"1619",7,"F",5,"Hispanic","High",3,0,0,0,0,0,1,0,0,1,1,NA,TRUE,1
"1620",8,"M",5,"Hispanic","High",4,0,0,0,0,0,0,0,0,0,4,1,FALSE,0
"1621",7,"F",5,"Hispanic","High",2,0,0,0,0,0,1,0,0,0,1,1,TRUE,1
"1622",7,"M",5,"Hispanic","High",4,0,0,0,0,0,0,0,0,0,4,NA,FALSE,0
"1623",7,"M",5,"Hispanic","High",4,0,0,0,0,0,0,0,0,0,3,1,FALSE,0
"1624",8,"M",5,"Black","High",4,0,0,0,0,0,0,0,0,0,2,NA,FALSE,1
"1625",7,"F",5,"Hispanic","High",3,0,0,0,0,0,0,0,0,0,2,1,FALSE,1
"1626",8,"F",5,"Hispanic","High",3,0,0,0,0,0,0,0,0,1,1,1,TRUE,1
"1627",7,"F",5,"Hispanic","High",4,0,0,0,0,0,0,0,0,0,4,1,FALSE,0
"1628",8,"M",5,"Hispanic","High",2,0,0,0,0,0,1,0,0,1,1,NA,TRUE,1
"1629",7,"M",5,"Hispanic","High",3,0,0,0,0,0,0,0,0,0,3,1,FALSE,0
"1630",7,"F",5,"Hispanic","High",3,0,0,0,0,0,0,0,0,1,1,1,TRUE,1
"1631",8,"M",5,"Hispanic","High",4,0,0,0,0,0,0,0,0,0,4,1,FALSE,0
"1632",7,"F",5,"Hispanic","High",4,0,0,0,0,0,0,0,0,0,4,NA,FALSE,0
"1633",8,"M",5,"Hispanic","High",4,0,0,0,0,0,0,0,0,0,2,NA,FALSE,1
"1634",7,"F",5,"Hispanic","High",3,0,0,0,0,0,0,0,0,0,1,NA,FALSE,1
"1635",7,"M",5,"Hispanic","High",2,0,0,0,0,0,0,0,0,0,2,NA,FALSE,1
"1636",7,"F",5,"White","High",4,0,0,0,0,0,0,0,0,0,1,NA,FALSE,1
"1637",8,"F",5,"Hispanic","High",1,NA,1,1,1,0,1,0,0,1,1,NA,TRUE,1
"1638",8,"M",5,"Hispanic","High",3,0,0,0,0,0,0,0,0,0,3,1,FALSE,0
"1639",7,"F",5,"Hispanic","High",2,0,0,0,0,0,1,0,0,1,1,NA,TRUE,1
"1640",8,"M",5,"Hispanic","High",4,0,NA,0,0,0,0,0,0,0,3,1,NA,0
"1641",6,"M",5,"Hispanic","High",2,0,1,0,0,0,1,0,0,1,1,1,TRUE,1
"1642",8,"F",5,"Hispanic","High",4,0,0,0,0,0,0,0,0,0,4,1,FALSE,0
"1643",7,"F",5,"Hispanic","High",4,0,0,0,0,0,0,0,0,0,1,NA,FALSE,1
"1644",7,"F",5,"Hispanic","High",4,0,0,0,0,0,0,0,0,0,1,1,FALSE,1
"1645",8,"M",5,"Hispanic","High",4,0,0,0,0,0,0,0,0,0,1,NA,FALSE,1
"1646",7,"F",5,"Hispanic","High",4,0,0,0,0,0,0,0,0,0,2,NA,FALSE,1
"1647",8,"M",5,"Hispanic","High",4,0,0,0,NA,NA,NA,NA,NA,0,1,1,NA,1
"1648",7,"M",5,"Hispanic","High",3,0,0,0,0,0,1,0,0,1,1,1,TRUE,1
"1649",8,"M",5,"Hispanic","High",4,0,0,0,0,0,0,0,0,0,4,1,FALSE,0
"1650",7,"F",5,"Hispanic","High",4,0,0,0,0,0,0,0,0,0,2,1,FALSE,1
"1651",8,"M",5,"Hispanic","High",4,0,NA,0,0,0,0,0,0,0,4,1,NA,0
"1652",7,"M",5,"Hispanic","High",2,0,0,0,0,0,0,0,0,1,1,NA,TRUE,1
"1653",7,"M",6,"Hispanic","High",4,0,0,0,0,0,0,0,0,0,4,1,FALSE,0
"1654",8,"M",5,"Hispanic","High",4,0,0,0,0,0,0,0,0,0,4,1,FALSE,0
"1655",7,"M",5,"Hispanic","High",4,0,0,0,0,0,0,0,0,0,4,1,FALSE,0
"1656",8,"M",5,"Black","High",3,0,0,0,0,0,0,0,0,0,2,NA,FALSE,1
"1657",8,"F",5,"Hispanic","High",2,0,0,0,0,0,0,0,0,0,1,1,FALSE,1
"1658",7,"M",5,"Hispanic","High",4,0,0,0,0,0,0,0,0,0,2,1,FALSE,1
"1659",8,"F",5,"Hispanic","High",2,0,0,0,0,0,0,0,0,1,1,1,TRUE,1
"1660",7,"M",5,"Hispanic","High",4,0,0,0,0,0,0,0,0,0,1,NA,FALSE,1
"1661",7,"M",5,"Hispanic","High",4,0,0,0,0,0,0,0,0,0,2,1,FALSE,1
"1662",8,"F",5,"Hispanic","High",3,0,0,0,0,0,0,0,0,1,2,NA,TRUE,1
"1663",8,"F",5,"Hispanic","High",4,0,0,0,0,0,0,0,0,0,3,1,FALSE,0
"1664",8,"M",5,"Hispanic","High",1,0,NA,0,0,0,0,0,0,1,1,NA,TRUE,1
"1665",7,"M",5,"Hispanic","High",3,0,0,0,0,0,0,0,0,0,2,1,FALSE,1
"1666",8,"M",5,NA,"High",4,0,0,0,NA,NA,NA,NA,NA,0,2,NA,NA,1
"1667",8,"M",5,"Hispanic","High",3,0,0,0,0,0,0,0,0,0,4,1,FALSE,0
"1668",4,"M",2,"Hispanic","Middle",4,0,0,0,0,0,0,0,0,0,3,1,FALSE,0
"1669",4,"M",2,"Hispanic","Middle",4,0,0,0,0,0,0,0,0,1,4,NA,TRUE,0
"1670",5,"F",2,"Hispanic","Middle",2,0,0,0,0,0,1,0,0,1,2,NA,TRUE,1
"1671",4,"M",2,"Hispanic","Middle",4,0,0,0,0,0,0,0,0,0,3,1,FALSE,0
"1672",5,"F",2,"NHOPI","Middle",2,1,0,0,NA,NA,NA,NA,NA,1,1,NA,TRUE,1
"1673",4,"M",2,"Hispanic","Middle",3,0,0,0,0,0,0,0,0,0,3,1,FALSE,0
"1674",5,"M",2,"Hispanic","Middle",3,0,0,NA,0,0,0,0,0,0,2,NA,NA,1
"1675",4,"F",2,"Hispanic","Middle",4,0,0,0,0,0,0,0,0,0,2,NA,FALSE,1
"1676",4,"M",2,"Hispanic","Middle",4,0,0,0,0,0,0,0,0,0,4,1,FALSE,0
"1677",4,"M",2,"Hispanic","Middle",4,0,0,0,0,0,0,0,0,0,4,1,FALSE,0
"1678",5,"M",3,"Hispanic","Middle",4,0,0,0,0,0,0,0,0,0,4,NA,FALSE,0
"1679",5,"F",3,"NHOPI","Middle",4,0,0,0,0,0,0,0,0,0,4,1,FALSE,0
"1680",6,"F",3,"Hispanic","Middle",4,0,0,0,0,0,0,0,0,0,4,1,FALSE,0
"1681",5,"F",3,"Hispanic","Middle",4,0,0,0,0,0,0,0,0,0,4,NA,FALSE,0
"1682",5,"M",3,"Black","Middle",3,0,0,0,0,0,0,0,0,0,2,1,FALSE,1
"1683",6,"M",3,"Hispanic","Middle",4,0,0,0,0,0,0,0,0,0,4,1,FALSE,0
"1684",5,NA,3,"Hispanic","Middle",4,0,0,0,0,0,0,0,0,0,4,1,FALSE,0
"1685",6,"M",3,"Hispanic","Middle",4,0,0,0,0,0,0,0,0,0,2,NA,FALSE,1
"1686",5,"F",3,"Hispanic","Middle",3,0,0,0,0,0,0,0,0,1,1,NA,TRUE,1
"1687",5,"F",3,"Hispanic","Middle",4,0,0,0,0,0,0,0,0,0,4,1,FALSE,0
"1688",5,"M",2,"Hispanic","Middle",3,0,0,0,0,0,0,0,0,0,2,1,FALSE,1
"1689",4,"F",2,"Hispanic","Middle",3,0,0,0,0,0,0,0,0,0,4,1,FALSE,0
"1690",4,"M",2,"Hispanic","Middle",4,0,0,0,0,0,0,0,0,0,3,NA,FALSE,0
"1691",4,"M",2,"Hispanic","Middle",4,0,0,0,0,0,0,0,0,0,4,1,FALSE,0
"1692",5,"F",3,"Hispanic","Middle",3,0,0,0,0,0,0,0,0,0,2,1,FALSE,1
"1693",5,"F",3,"Hispanic","Middle",4,0,0,0,0,0,0,0,0,0,3,1,FALSE,0
"1694",6,"M",3,"Hispanic","Middle",4,0,0,0,0,0,0,0,0,0,4,1,FALSE,0
"1695",6,"M",3,"Hispanic","Middle",4,0,0,0,0,0,0,0,0,0,4,1,FALSE,0
"1696",5,"F",3,"Hispanic","Middle",3,0,0,0,0,0,0,0,0,0,3,1,FALSE,0
"1697",5,"F",3,"Hispanic","Middle",4,0,0,0,0,0,0,0,0,0,4,1,FALSE,0
"1698",5,"F",3,"Hispanic","Middle",4,0,0,0,0,0,1,0,0,1,1,1,TRUE,1
"1699",5,"M",3,"Hispanic","Middle",4,0,0,0,0,0,0,0,0,0,4,1,FALSE,0
"1700",5,"M",3,"Hispanic","Middle",4,0,0,0,0,0,0,0,0,0,4,NA,FALSE,0
"1701",5,"F",3,"Hispanic","Middle",4,0,0,0,0,0,0,0,0,0,4,1,FALSE,0
"1702",6,"F",3,"Hispanic","Middle",4,0,0,0,0,0,0,0,0,0,4,1,FALSE,0
"1703",5,"M",3,"Hispanic","Middle",3,0,0,0,0,0,0,0,0,0,2,1,FALSE,1
"1704",5,"M",3,"Hispanic","Middle",4,0,0,0,0,0,0,0,0,0,4,1,FALSE,0
"1705",6,"F",3,"Hispanic","Middle",4,0,0,0,0,0,0,0,0,0,2,1,FALSE,1
"1706",4,"M",1,"Hispanic","Middle",4,0,0,0,0,0,0,0,0,0,4,1,FALSE,0
"1707",4,"F",1,"Hispanic","Middle",3,0,0,NA,NA,NA,NA,NA,NA,NA,1,1,NA,1
"1708",3,"F",1,"Hispanic","Middle",2,0,0,0,0,0,0,0,0,0,3,1,FALSE,0
"1709",4,"M",1,"Hispanic","Middle",4,0,0,0,0,0,0,0,0,0,4,NA,FALSE,0
"1710",4,"M",1,"Hispanic","Middle",4,0,0,0,0,0,0,0,0,0,4,1,FALSE,0
"1711",4,"M",1,"Hispanic","Middle",2,0,0,0,0,0,0,0,0,0,3,1,FALSE,0
"1712",1,"M",8,"Hispanic",NA,1,NA,NA,NA,0,0,0,0,0,1,2,NA,TRUE,1
"1713",4,"F",1,"Hispanic","Middle",4,0,0,0,0,0,0,0,0,0,4,1,FALSE,0
"1714",4,"M",1,"Hispanic","Middle",2,0,0,0,0,0,0,0,0,0,4,NA,FALSE,0
"1715",4,"F",1,"White","Middle",4,0,0,0,0,0,0,0,0,0,4,NA,FALSE,0
"1716",3,"M",1,"Hispanic","Middle",4,0,0,0,0,0,0,0,0,0,4,1,FALSE,0
"1717",4,"F",1,"Hispanic","Middle",4,0,0,0,0,0,0,0,0,0,3,1,FALSE,0
"1718",3,"M",1,"Hispanic","Middle",4,0,0,0,0,0,0,0,0,0,4,NA,FALSE,0
"1719",3,"F",1,"Hispanic","Middle",4,0,0,0,0,0,0,0,0,0,4,1,FALSE,0
"1720",3,"M",1,NA,"Middle",4,NA,NA,NA,NA,NA,NA,NA,NA,NA,3,NA,NA,0
"1721",3,"M",1,"Hispanic","Middle",4,0,0,0,0,0,0,0,0,0,4,1,FALSE,0
"1722",3,"F",1,NA,"Middle",4,0,0,0,0,0,0,0,0,0,4,NA,FALSE,0
"1723",3,"F",1,"Hispanic","Middle",4,0,0,0,0,0,0,0,0,0,4,NA,FALSE,0
"1724",5,"F",3,NA,"Middle",4,0,0,0,0,0,0,0,0,0,4,1,FALSE,0
"1725",5,"F",3,"Hispanic","Middle",3,0,0,0,0,0,0,0,0,0,2,NA,FALSE,1
"1726",6,"M",3,"Hispanic","Middle",4,0,0,0,0,0,0,0,0,1,1,NA,TRUE,1
"1727",4,"M",2,"Hispanic","Middle",3,0,0,0,0,0,0,0,0,0,4,1,FALSE,0
"1728",5,"M",2,"Hispanic","Middle",4,0,0,0,0,0,0,0,0,0,4,1,FALSE,0
"1729",5,"F",3,"Hispanic","Middle",3,0,0,0,0,0,0,0,0,0,4,NA,FALSE,0
"1730",6,"M",3,"Hispanic","Middle",4,0,0,0,0,0,0,0,0,0,4,1,FALSE,0
"1731",5,"M",3,"NHOPI","Middle",4,0,0,0,0,0,0,0,0,0,4,1,FALSE,0
"1732",6,"M",3,"Hispanic","Middle",4,0,0,0,0,0,0,0,0,0,4,1,FALSE,0
"1733",5,"M",3,"Hispanic","Middle",4,0,0,0,0,0,0,0,0,0,2,1,FALSE,1
"1734",5,"M",3,"Hispanic","Middle",4,0,0,0,0,0,0,0,0,0,3,1,FALSE,0
"1735",5,"M",3,"Hispanic","Middle",4,0,0,0,0,0,0,0,0,0,2,1,FALSE,1
"1736",5,"M",3,"Hispanic","Middle",3,0,0,0,0,0,0,0,0,0,2,1,FALSE,1
"1737",5,"M",3,"Hispanic","Middle",4,0,0,0,0,0,0,0,0,0,4,1,FALSE,0
"1738",6,"M",3,"Hispanic","Middle",4,0,0,0,0,0,0,0,0,0,4,1,FALSE,0
"1739",6,"F",3,"Black","Middle",4,0,0,0,0,0,0,0,0,0,2,1,FALSE,1
"1740",6,"M",3,"Hispanic","Middle",4,0,0,0,0,0,0,0,0,0,1,NA,FALSE,1
"1741",6,"F",3,"Hispanic","Middle",4,0,0,0,0,0,0,0,0,0,4,1,FALSE,0
"1742",4,"F",1,"Hispanic","Middle",4,0,0,0,0,0,0,0,0,0,4,1,FALSE,0
"1743",4,"M",1,"Hispanic","Middle",4,0,0,0,0,0,0,0,0,0,4,NA,FALSE,0
"1744",3,"M",1,"Hispanic","Middle",4,0,0,0,0,0,0,0,0,0,3,1,FALSE,0
"1745",3,"M",1,"Hispanic","Middle",3,0,0,0,0,0,0,0,0,0,4,1,FALSE,0
"1746",3,"M",1,"Hispanic","Middle",4,0,0,0,0,0,0,0,0,0,4,1,FALSE,0
"1747",4,"M",1,"Hispanic","Middle",2,0,0,0,0,0,0,0,0,0,1,1,FALSE,1
"1748",3,"F",1,"Hispanic","Middle",4,0,0,0,0,0,0,0,0,0,4,1,FALSE,0
"1749",4,"F",1,"Hispanic","Middle",4,0,0,0,0,0,0,0,0,0,4,1,FALSE,0
"1750",3,"M",1,"Hispanic","Middle",4,0,0,0,0,0,0,0,0,0,3,1,FALSE,0
"1751",3,"M",1,"Hispanic","Middle",4,0,0,0,0,0,0,0,0,0,4,1,FALSE,0
"1752",3,"M",1,"Hispanic","Middle",3,0,0,0,0,0,0,0,0,0,2,1,FALSE,1
"1753",3,"F",1,"NHOPI","Middle",2,0,0,0,0,0,0,0,0,0,4,NA,FALSE,0
"1754",3,"F",1,"Hispanic","Middle",4,0,0,0,0,0,0,0,0,0,3,1,FALSE,0
"1755",3,"F",1,"Hispanic","Middle",4,0,0,0,0,0,0,0,0,0,4,NA,FALSE,0
"1756",3,"F",1,NA,"Middle",4,0,0,0,0,0,0,0,0,0,4,1,FALSE,0
"1757",4,"M",1,NA,"Middle",3,0,0,0,0,0,0,0,0,0,1,NA,FALSE,1
"1758",3,"F",1,"Hispanic","Middle",4,0,0,0,0,0,0,0,0,0,1,1,FALSE,1
"1759",4,"F",1,"Hispanic","Middle",4,0,0,0,0,0,0,0,0,0,4,1,FALSE,0
"1760",3,"F",1,"Hispanic","Middle",3,0,0,0,0,0,0,0,0,0,4,1,FALSE,0
"1761",3,"F",1,"Hispanic","Middle",4,0,0,0,0,0,0,0,0,0,4,1,FALSE,0
"1762",3,"F",1,"Hispanic","Middle",4,0,0,0,NA,NA,NA,NA,NA,0,4,NA,NA,0
"1763",3,"M",1,"Black","Middle",4,0,0,0,0,0,0,0,0,0,4,1,FALSE,0
"1764",3,"F",1,"Hispanic","Middle",4,0,0,0,0,0,0,0,0,0,4,1,FALSE,0
"1765",5,"F",3,"Hispanic","Middle",4,0,0,0,0,0,0,0,0,0,4,1,FALSE,0
"1766",5,"M",3,"Hispanic","Middle",4,0,0,0,0,0,0,0,0,0,4,NA,FALSE,0
"1767",5,"M",3,"Hispanic","Middle",4,0,0,0,0,0,0,0,0,0,3,1,FALSE,0
"1768",4,"F",1,"Hispanic","Middle",4,0,0,0,0,0,0,0,0,0,4,1,FALSE,0
"1769",3,"F",1,"Hispanic","Middle",4,0,0,0,0,0,0,0,0,0,4,1,FALSE,0
"1770",3,"F",1,"Hispanic","Middle",4,0,0,0,0,0,0,0,0,0,4,1,FALSE,0
"1771",4,"M",1,"Hispanic","Middle",4,0,0,0,0,0,0,0,0,0,4,1,FALSE,0
"1772",3,"F",1,"Hispanic","Middle",4,0,0,0,0,0,0,0,0,0,3,1,FALSE,0
"1773",4,"F",1,"Hispanic","Middle",4,0,0,0,0,0,0,0,0,0,4,1,FALSE,0
"1774",4,"F",1,"Hispanic","Middle",3,0,0,0,0,0,0,0,0,0,4,NA,FALSE,0
"1775",4,"F",2,"Hispanic","Middle",4,0,0,0,0,0,0,0,0,0,4,NA,FALSE,0
"1776",4,"M",2,"Asian","Middle",4,0,0,0,0,0,0,0,0,0,4,NA,FALSE,0
"1777",6,"M",3,"Hispanic","Middle",4,0,0,0,0,0,0,0,0,0,4,1,FALSE,0
"1778",5,"F",2,"Hispanic","Middle",3,0,0,0,0,0,0,0,0,0,2,1,FALSE,1
"1779",4,"F",2,"Hispanic","Middle",4,0,0,0,0,0,0,0,0,0,2,NA,FALSE,1
"1780",4,"M",2,"Hispanic","Middle",4,0,0,0,0,0,0,0,0,0,4,1,FALSE,0
"1781",4,"M",2,"Hispanic","Middle",4,0,0,0,0,0,0,0,0,0,4,1,FALSE,0
"1782",4,"F",2,"Asian","Middle",4,0,0,0,0,0,0,0,0,0,4,1,FALSE,0
"1783",5,"F",2,"Hispanic","Middle",4,0,0,0,0,0,0,0,0,0,4,1,FALSE,0
"1784",4,"F",2,"Hispanic","Middle",3,0,0,0,0,0,0,0,0,0,1,NA,FALSE,1
"1785",4,"F",2,"Hispanic","Middle",2,0,0,1,0,0,0,0,0,1,1,NA,TRUE,1
"1786",4,"M",2,"Hispanic","Middle",3,0,0,0,0,0,0,0,0,0,4,1,FALSE,0
"1787",5,"F",2,"Hispanic","Middle",4,0,0,0,0,0,0,0,0,0,4,1,FALSE,0
"1788",5,"F",2,"Hispanic","Middle",3,0,0,0,0,0,0,0,0,0,1,NA,FALSE,1
"1789",4,"F",2,"Hispanic","Middle",4,0,0,0,0,0,0,0,0,0,4,1,FALSE,0
"1790",4,"M",2,"Hispanic","Middle",3,0,0,0,0,0,0,0,0,1,2,1,TRUE,1
"1791",4,"M",2,"Hispanic","Middle",4,0,0,0,0,0,0,0,0,0,2,NA,FALSE,1
"1792",4,"M",2,"Hispanic","Middle",4,0,0,0,0,0,0,0,0,0,4,1,FALSE,0
"1793",4,"M",2,"Hispanic","Middle",4,0,0,0,0,0,0,0,0,0,4,1,FALSE,0
"1794",4,"F",2,"Hispanic","Middle",4,0,0,0,0,0,0,0,0,0,4,1,FALSE,0
"1795",4,"F",2,"Hispanic","Middle",2,0,NA,0,0,0,0,0,0,0,2,NA,NA,1
"1796",4,"F",2,NA,"Middle",4,0,0,0,0,0,0,0,0,0,4,NA,FALSE,0
"1797",5,"F",2,"Hispanic","Middle",4,0,0,0,0,0,0,0,0,0,4,1,FALSE,0
"1798",5,"M",2,"Hispanic","Middle",2,0,NA,0,0,0,1,0,0,1,1,1,TRUE,1
"1799",5,"F",2,"Hispanic","Middle",4,0,0,0,0,0,0,0,0,0,3,1,FALSE,0
"1800",4,"M",2,"Hispanic","Middle",4,0,0,0,0,0,0,0,0,0,2,1,FALSE,1
"1801",4,"M",2,"Hispanic","Middle",4,0,0,0,0,0,0,0,0,0,4,1,FALSE,0
"1802",4,"F",2,"Hispanic","Middle",4,0,0,0,0,0,0,0,0,0,4,1,FALSE,0
"1803",4,"F",1,"Hispanic","Middle",4,0,0,0,0,0,0,0,0,0,4,1,FALSE,0
"1804",4,"F",1,"Hispanic","Middle",4,0,0,0,0,0,0,0,0,0,4,NA,FALSE,0
"1805",3,"F",1,"Hispanic","Middle",4,0,0,0,0,0,0,0,0,0,4,1,FALSE,0
"1806",3,"F",1,"Hispanic","Middle",4,0,0,0,0,0,0,0,0,0,4,1,FALSE,0
"1807",3,"F",1,"Hispanic","Middle",4,0,0,0,0,0,0,0,0,0,4,1,FALSE,0
"1808",3,"F",1,"Hispanic","Middle",4,0,0,0,0,0,0,0,0,0,4,NA,FALSE,0
"1809",4,"M",1,"Hispanic","Middle",4,0,0,0,0,0,0,0,0,0,4,1,FALSE,0
"1810",3,"M",1,"Hispanic","Middle",4,0,0,0,0,0,0,0,0,0,4,NA,FALSE,0
"1811",3,"F",1,"Hispanic","Middle",3,0,0,0,NA,NA,NA,NA,NA,0,3,1,NA,0
"1812",5,"F",1,NA,"Middle",4,0,0,0,NA,NA,NA,NA,NA,0,4,NA,NA,0
"1813",4,"M",1,"Hispanic","Middle",4,0,0,0,0,0,0,0,0,0,2,NA,FALSE,1
"1814",4,"M",1,"Hispanic","Middle",4,0,0,0,0,0,0,0,0,0,4,NA,FALSE,0
"1815",4,"F",1,"Hispanic","Middle",4,0,0,0,0,0,0,0,0,0,4,1,FALSE,0
"1816",3,"F",1,"Hispanic","Middle",4,0,0,0,0,0,0,0,0,0,4,NA,FALSE,0
"1817",3,NA,1,"Hispanic","Middle",4,0,0,0,0,0,0,0,0,0,4,1,FALSE,0
"1818",4,"M",1,"Asian","Middle",4,0,NA,0,0,0,0,0,0,0,3,NA,NA,0
"1819",3,"M",1,"Hispanic","Middle",4,0,0,0,0,0,0,0,0,0,4,1,FALSE,0
"1820",4,"F",1,"Hispanic","Middle",4,0,0,0,0,0,0,0,0,0,4,NA,FALSE,0
"1821",3,"F",1,"Hispanic","Middle",4,0,0,0,0,0,0,0,0,0,4,1,FALSE,0
"1822",3,"M",1,NA,"Middle",4,0,0,0,0,0,0,0,0,0,4,1,FALSE,0
"1823",3,"M",1,"Hispanic","Middle",4,0,0,0,0,0,0,0,0,0,4,1,FALSE,0
"1824",3,"M",1,"Hispanic","Middle",4,0,0,0,0,0,0,0,0,0,4,1,FALSE,0
"1825",3,"M",1,"Hispanic","Middle",4,0,0,0,0,0,0,0,0,0,2,1,FALSE,1
"1826",4,"F",1,"Hispanic","Middle",4,0,0,0,0,0,0,0,0,0,4,NA,FALSE,0
"1827",4,"F",1,NA,"Middle",4,0,0,0,0,0,0,0,0,0,3,1,FALSE,0
"1828",3,"M",1,"Hispanic","Middle",4,0,0,0,0,0,0,0,0,0,4,NA,FALSE,0
"1829",3,"M",1,"Asian","Middle",4,0,0,0,0,0,0,0,0,0,4,1,FALSE,0
"1830",3,"M",1,"Hispanic","Middle",4,0,0,0,0,0,0,0,0,0,4,1,FALSE,0
"1831",4,"M",1,"Hispanic","Middle",4,0,0,0,0,0,0,0,0,0,4,1,FALSE,0
"1832",4,"M",2,"Hispanic","Middle",1,0,0,0,0,0,0,0,0,0,4,1,FALSE,0
"1833",5,"M",2,"Hispanic","Middle",4,0,0,0,0,0,0,0,0,0,4,1,FALSE,0
"1834",4,"M",2,"Hispanic","Middle",3,0,0,0,0,0,0,0,0,1,1,NA,TRUE,1
"1835",4,"F",2,"White","Middle",4,0,0,0,0,0,0,0,0,0,4,NA,FALSE,0
"1836",4,"F",2,NA,"Middle",3,0,0,0,NA,NA,NA,NA,NA,1,1,NA,TRUE,1
"1837",5,"M",2,"White","Middle",3,0,0,0,0,0,0,0,0,0,1,NA,FALSE,1
"1838",5,"M",2,NA,"Middle",4,0,0,0,0,0,0,0,0,0,4,1,FALSE,0
"1839",5,"M",2,NA,"Middle",4,0,0,0,NA,NA,NA,NA,NA,0,4,NA,NA,0
"1840",5,"M",2,"White","Middle",4,0,0,0,0,0,0,0,0,0,4,1,FALSE,0
"1841",5,"M",2,"White","Middle",4,0,0,0,0,0,0,0,0,0,4,1,FALSE,0
"1842",6,"M",2,"Hispanic","Middle",2,0,0,0,0,0,0,0,0,0,4,1,FALSE,0
"1843",5,"F",2,"Hispanic","Middle",2,0,1,0,0,0,0,0,0,0,4,NA,TRUE,0
"1844",4,"F",2,"Hispanic","Middle",4,0,0,0,0,0,0,0,0,0,4,1,FALSE,0
"1845",4,"F",2,"Hispanic","Middle",4,0,0,0,0,0,0,0,0,0,4,1,FALSE,0
"1846",4,"F",2,"Black","Middle",4,0,0,0,0,0,0,0,0,0,4,1,FALSE,0
"1847",5,"F",2,NA,"Middle",4,0,0,0,0,0,0,0,0,0,4,1,FALSE,0
"1848",4,"F",2,"Black","Middle",4,0,0,0,0,0,0,0,0,0,4,1,FALSE,0
"1849",5,"F",2,"White","Middle",4,0,0,0,0,0,0,0,0,0,4,1,FALSE,0
"1850",4,"M",2,NA,"Middle",4,0,0,0,0,0,0,0,0,0,4,NA,FALSE,0
"1851",4,"M",2,"Hispanic","Middle",4,0,0,0,0,0,0,0,0,0,4,NA,FALSE,0
"1852",4,"M",2,"White","Middle",3,0,0,0,NA,NA,NA,NA,NA,0,4,NA,NA,0
"1853",4,"F",2,"Hispanic","Middle",4,0,0,0,0,0,0,0,0,0,2,1,FALSE,1
"1854",4,"M",2,"White","Middle",4,0,0,0,0,0,0,0,0,0,4,NA,FALSE,0
"1855",5,"M",2,"Hispanic","Middle",4,0,0,0,0,0,0,0,0,0,4,NA,FALSE,0
"1856",5,"M",2,"Hispanic","Middle",4,0,NA,NA,NA,NA,NA,NA,NA,NA,4,NA,NA,0
"1857",4,"M",2,"White","Middle",3,0,0,0,0,0,0,0,0,0,2,1,FALSE,1
"1858",5,"M",2,"Hispanic","Middle",4,0,0,0,0,0,0,0,0,0,4,1,FALSE,0
"1859",4,"M",2,"Hispanic","Middle",4,0,0,0,0,0,0,0,0,0,4,1,FALSE,0
"1860",4,"M",2,"White","Middle",4,0,0,0,0,0,0,0,0,0,4,1,FALSE,0
"1861",5,"M",2,NA,"Middle",4,0,0,0,0,0,0,0,0,0,4,NA,FALSE,0
"1862",5,"M",2,"Hispanic","Middle",4,0,0,0,0,0,0,0,0,0,4,1,FALSE,0
"1863",5,"M",2,"Hispanic","Middle",4,1,0,0,0,0,1,0,0,1,1,NA,TRUE,1
"1864",6,"F",3,"White","Middle",4,0,0,0,0,0,0,0,0,0,4,1,FALSE,0
"1865",5,"M",2,"Black","Middle",3,0,NA,1,0,0,0,0,0,NA,3,NA,TRUE,0
"1866",4,"M",2,"White","Middle",4,0,0,0,0,0,0,0,0,0,4,1,FALSE,0
"1867",4,"F",2,"Hispanic","Middle",4,0,0,0,0,0,0,0,0,0,4,1,FALSE,0
"1868",4,"F",2,"Hispanic","Middle",4,0,0,0,0,0,0,0,0,0,4,1,FALSE,0
"1869",4,"F",2,"White","Middle",3,0,0,0,0,0,0,0,0,0,1,NA,FALSE,1
"1870",4,"F",2,"White","Middle",4,0,0,0,0,0,0,0,0,0,1,NA,FALSE,1
"1871",4,"F",2,"Hispanic","Middle",4,0,0,0,0,0,0,0,0,0,4,1,FALSE,0
"1872",5,"F",2,"Black","Middle",4,0,0,0,0,0,0,0,0,0,2,1,FALSE,1
"1873",5,"F",2,"White","Middle",4,0,0,0,0,0,0,0,0,0,4,NA,FALSE,0
"1874",4,"F",2,"Asian","Middle",4,0,0,0,0,0,0,0,0,0,4,1,FALSE,0
"1875",5,"M",2,"White","Middle",4,0,0,0,0,0,0,0,0,0,2,1,FALSE,1
"1876",5,"M",2,"Hispanic","Middle",3,0,0,0,0,0,0,0,0,0,3,1,FALSE,0
"1877",4,"M",2,"Asian","Middle",4,0,0,0,0,0,0,0,0,0,4,1,FALSE,0
"1878",6,"M",3,"AI/AN","Middle",3,0,0,0,0,0,0,0,0,0,1,NA,FALSE,1
"1879",6,"F",3,"Hispanic","Middle",4,0,0,0,0,0,0,0,0,0,4,1,FALSE,0
"1880",6,"M",3,"White","Middle",4,0,0,0,0,0,0,0,0,0,4,1,FALSE,0
"1881",5,"M",3,"White","Middle",3,0,0,0,0,0,0,0,0,0,2,1,FALSE,1
"1882",6,"M",3,"Hispanic","Middle",3,0,0,0,0,0,0,0,0,0,3,NA,FALSE,0
"1883",5,"M",3,"White","Middle",4,0,0,0,0,0,0,0,0,0,4,NA,FALSE,0
"1884",6,"M",3,"Hispanic","Middle",2,0,0,0,0,0,0,0,0,0,1,NA,FALSE,1
"1885",6,"F",3,"White","Middle",4,0,0,0,0,0,0,0,0,0,4,1,FALSE,0
"1886",5,"F",3,"Hispanic","Middle",4,0,NA,0,0,0,0,0,0,0,2,NA,NA,1
"1887",6,"F",3,"Hispanic","Middle",4,0,0,0,0,0,0,0,0,0,3,NA,FALSE,0
"1888",6,"F",3,"Hispanic","Middle",3,0,0,0,0,0,0,0,0,0,1,1,FALSE,1
"1889",5,"F",3,"Hispanic","Middle",4,0,0,0,0,0,0,0,0,0,4,1,FALSE,0
"1890",5,"F",3,"Hispanic","Middle",4,0,0,0,0,0,0,0,0,0,4,1,FALSE,0
"1891",6,"F",3,"White","Middle",4,0,0,0,0,0,0,0,0,0,3,1,FALSE,0
"1892",5,"M",3,"Black","Middle",4,0,0,0,0,0,0,0,0,0,4,1,FALSE,0
"1893",5,"F",3,"White","Middle",3,0,0,0,0,0,0,0,0,0,2,1,FALSE,1
"1894",5,"F",3,"Hispanic","Middle",4,0,0,0,0,0,0,0,0,0,4,1,FALSE,0
"1895",5,"M",3,"Hispanic","Middle",4,0,0,0,0,0,0,0,0,0,3,1,FALSE,0
"1896",5,"F",3,"Hispanic","Middle",4,0,0,0,0,0,0,0,0,0,1,1,FALSE,1
"1897",6,"F",3,"White","Middle",4,0,0,0,0,0,0,0,0,0,NA,1,FALSE,NA
"1898",5,"M",3,"White","Middle",4,0,0,0,0,0,0,0,0,0,4,NA,FALSE,0
"1899",6,"M",3,"Black","Middle",4,0,0,0,0,0,0,0,0,0,4,1,FALSE,0
"1900",6,"M",3,"Black","Middle",4,0,0,0,0,0,0,0,0,0,4,1,FALSE,0
"1901",7,"M",3,"Black","Middle",4,0,0,0,0,0,0,0,0,0,4,1,FALSE,0
"1902",6,"M",3,"Hispanic","Middle",4,0,0,0,0,0,0,0,0,1,1,NA,TRUE,1
"1903",6,"M",3,"Hispanic","Middle",4,0,0,0,0,0,0,0,0,0,4,1,FALSE,0
"1904",5,"M",3,"Hispanic","Middle",4,0,0,0,0,0,0,0,0,0,4,1,FALSE,0
"1905",7,"F",3,NA,"Middle",3,0,0,0,0,0,0,0,0,0,3,1,FALSE,0
"1906",6,"M",3,"White","Middle",4,0,0,0,0,0,0,0,0,0,4,1,FALSE,0
"1907",6,"F",3,"White","Middle",4,0,0,0,0,0,0,0,0,0,2,NA,FALSE,1
"1908",5,"F",3,NA,"Middle",4,0,0,0,0,0,0,0,0,0,2,NA,FALSE,1
"1909",5,"M",3,"Hispanic","Middle",4,0,0,NA,0,0,0,0,0,0,4,1,NA,0
"1910",5,"F",3,"Hispanic","Middle",4,0,0,0,0,0,0,0,0,0,4,NA,FALSE,0
"1911",6,"M",3,"Hispanic","Middle",4,0,0,0,0,0,0,0,0,0,4,1,FALSE,0
"1912",6,"M",3,"White","Middle",3,0,0,0,0,0,0,0,0,0,4,NA,FALSE,0
"1913",5,"F",3,NA,"Middle",4,0,0,0,0,0,0,0,0,0,4,1,FALSE,0
"1914",6,"F",3,"White","Middle",4,0,0,0,0,0,0,0,0,0,4,NA,FALSE,0
"1915",6,"F",3,"Asian","Middle",4,0,0,0,0,0,0,0,0,0,4,1,FALSE,0
"1916",6,"F",3,"Asian","Middle",4,0,0,0,0,0,0,0,0,0,4,1,FALSE,0
"1917",5,"M",3,"White","Middle",4,0,0,0,0,0,0,0,0,0,4,1,FALSE,0
"1918",6,"M",3,"Hispanic","Middle",4,0,0,0,0,0,0,0,0,0,2,NA,FALSE,1
"1919",6,"F",3,"Hispanic","Middle",4,0,0,0,0,0,0,0,0,0,4,1,FALSE,0
"1920",6,"F",3,"Black","Middle",3,0,0,0,0,0,0,0,0,0,2,1,FALSE,1
"1921",5,"F",3,"Black","Middle",4,0,0,0,0,0,0,0,0,0,4,1,FALSE,0
"1922",6,"F",3,"Black","Middle",4,0,0,0,0,0,0,0,0,0,4,1,FALSE,0
"1923",5,"F",3,"White","Middle",4,0,0,0,0,0,0,0,0,0,3,NA,FALSE,0
"1924",5,"F",3,"White","Middle",4,0,0,0,0,0,0,0,0,0,4,1,FALSE,0
"1925",5,"F",3,"Hispanic","Middle",4,0,0,0,0,0,0,0,0,0,1,NA,FALSE,1
"1926",5,"M",3,"Hispanic","Middle",3,0,0,0,0,0,0,0,0,0,3,1,FALSE,0
"1927",5,"M",3,"Hispanic","Middle",3,0,0,0,0,0,0,0,0,0,4,NA,FALSE,0
"1928",6,"F",3,"White","Middle",4,0,0,0,0,0,0,0,0,0,4,1,FALSE,0
"1929",5,"M",3,"White","Middle",2,0,0,1,0,0,1,0,0,1,1,NA,TRUE,1
"1930",5,"F",3,"Hispanic","Middle",3,0,0,0,0,0,0,0,0,0,2,1,FALSE,1
"1931",5,"F",3,"Hispanic","Middle",4,0,0,0,0,0,0,0,0,0,1,NA,FALSE,1
"1932",6,"M",3,NA,"Middle",4,0,0,0,0,0,0,0,0,0,2,1,FALSE,1
"1933",5,"M",3,"White","Middle",4,0,0,0,NA,NA,NA,NA,NA,0,4,1,NA,0
"1934",5,"M",3,"White","Middle",4,0,0,0,0,0,0,0,0,0,4,1,FALSE,0
"1935",5,"F",3,NA,"Middle",4,0,0,0,0,0,0,0,0,0,2,1,FALSE,1
"1936",5,"M",3,NA,"Middle",4,0,0,0,0,0,0,0,0,0,4,1,FALSE,0
"1937",6,"M",3,"White","Middle",4,0,0,0,0,0,0,0,0,0,2,NA,FALSE,1
"1938",6,"M",3,"White","Middle",4,0,0,NA,0,0,0,0,0,0,4,1,NA,0
"1939",6,"M",3,"Black","Middle",4,0,0,0,0,0,0,0,0,0,4,1,FALSE,0
"1940",7,"M",3,"White","Middle",4,0,0,0,0,0,0,0,0,0,4,1,FALSE,0
"1941",5,"F",3,"Hispanic","Middle",3,0,0,0,0,0,0,0,0,0,1,1,FALSE,1
"1942",5,"F",3,"Black","Middle",3,0,0,0,0,0,0,0,0,0,2,NA,FALSE,1
"1943",10,"M",7,"Hispanic","High",2,0,0,0,0,0,0,0,0,0,1,NA,FALSE,1
"1944",9,"M",7,"Hispanic","High",3,0,0,0,0,0,1,0,0,1,1,1,TRUE,1
"1945",9,"F",7,"Hispanic","High",1,1,1,0,0,0,1,0,0,1,1,1,TRUE,1
"1946",6,"F",4,"Hispanic","High",4,0,0,0,0,0,0,0,0,0,3,1,FALSE,0
"1947",6,"M",4,"Hispanic","High",3,0,1,0,0,0,0,0,0,0,2,1,TRUE,1
"1948",9,"F",7,"White","High",4,0,0,0,0,0,0,0,0,0,4,NA,FALSE,0
"1949",10,"F",7,"White","High",4,0,0,0,0,0,0,0,0,0,4,1,FALSE,0
"1950",10,"M",7,"Hispanic","High",4,0,0,0,0,0,0,0,0,0,4,1,FALSE,0
"1951",10,NA,7,"Hispanic","High",1,1,0,0,0,0,1,0,0,1,NA,NA,TRUE,NA
"1952",6,"M",4,"Hispanic","High",4,0,0,0,0,0,0,0,0,0,4,1,FALSE,0
"1953",7,"M",4,"Hispanic","High",4,0,0,0,0,0,0,0,0,0,4,1,FALSE,0
"1954",7,"M",4,"Hispanic","High",4,0,0,0,0,0,0,0,0,0,4,1,FALSE,0
"1955",7,"F",4,"Hispanic","High",3,0,0,0,0,0,0,0,0,0,1,NA,FALSE,1
"1956",6,"M",4,"Hispanic","High",4,0,0,0,0,0,0,0,0,0,4,NA,FALSE,0
"1957",10,"F",7,"Hispanic","High",4,0,0,0,0,0,0,0,0,0,3,1,FALSE,0
"1958",7,"F",4,"Hispanic","High",4,0,0,0,0,0,0,0,0,0,2,1,FALSE,1
"1959",6,"M",4,"Hispanic","High",3,0,0,0,0,0,0,0,0,0,1,1,FALSE,1
"1960",6,"M",4,"Hispanic","High",1,0,0,0,0,0,0,0,0,0,1,1,FALSE,1
"1961",7,"F",4,"Hispanic","High",4,0,0,0,0,0,0,0,0,0,3,1,FALSE,0
"1962",7,"F",4,"Hispanic","High",3,0,0,0,0,0,0,0,0,0,4,NA,FALSE,0
"1963",8,"M",6,"Hispanic","High",4,0,NA,0,0,0,0,0,0,0,4,NA,NA,0
"1964",8,"F",6,"Hispanic","High",4,0,0,0,0,0,0,0,0,0,1,1,FALSE,1
"1965",9,NA,6,"Hispanic","High",4,0,0,0,0,0,0,0,0,0,4,NA,FALSE,0
"1966",8,"M",6,"Hispanic","High",4,0,0,0,0,0,0,0,0,0,4,1,FALSE,0
"1967",8,"M",6,"Hispanic","High",3,0,0,0,0,0,0,0,0,0,2,NA,FALSE,1
"1968",8,"F",6,"Hispanic","High",4,0,0,0,0,0,0,0,0,0,4,1,FALSE,0
"1969",9,"F",6,"Hispanic","High",4,0,0,0,0,0,0,0,0,0,2,1,FALSE,1
"1970",9,"M",6,"Hispanic","High",2,0,0,0,0,0,0,0,0,0,1,1,FALSE,1
"1971",9,"F",6,"Hispanic","High",3,0,0,0,0,0,0,0,0,0,3,1,FALSE,0
"1972",8,"M",6,"White","High",3,0,0,0,0,0,0,0,0,0,2,NA,FALSE,1
"1973",10,"M",7,"Hispanic","High",1,1,1,1,0,0,0,0,0,1,1,1,TRUE,1
"1974",9,"F",7,"Hispanic","High",4,0,0,0,0,0,0,0,0,0,3,1,FALSE,0
"1975",10,"F",7,"Hispanic","High",4,0,0,0,0,0,0,0,0,0,4,NA,FALSE,0
"1976",10,"M",7,"Hispanic","High",2,1,0,0,0,0,0,0,0,1,1,1,TRUE,1
"1977",9,"F",7,"Hispanic","High",2,0,0,0,0,0,0,0,0,1,1,NA,TRUE,1
"1978",9,"M",7,"Hispanic","High",3,0,0,0,0,0,1,0,0,1,1,1,TRUE,1
"1979",10,"F",7,"Hispanic","High",4,0,0,0,0,0,1,0,0,1,2,NA,TRUE,1
"1980",10,"M",7,"Hispanic","High",4,0,0,0,0,0,0,0,0,0,4,1,FALSE,0
"1981",9,"F",7,"White","High",4,0,0,0,0,0,0,0,0,0,4,NA,FALSE,0
"1982",10,"M",7,"Hispanic","High",3,0,0,0,0,0,0,0,0,0,2,1,FALSE,1
"1983",9,"M",6,"Hispanic","High",4,0,0,0,0,0,0,0,0,0,2,NA,FALSE,1
"1984",8,"M",6,"Hispanic","High",4,0,0,0,0,0,0,0,0,1,2,1,TRUE,1
"1985",8,"F",6,"Hispanic","High",4,0,0,0,0,0,0,0,0,0,4,1,FALSE,0
"1986",8,"F",6,"Hispanic","High",2,0,0,0,0,0,0,0,0,0,3,1,FALSE,0
"1987",9,"M",6,"Hispanic","High",3,0,0,0,0,0,0,0,0,0,3,NA,FALSE,0
"1988",10,"M",7,"Hispanic","High",4,0,0,0,0,0,0,0,0,0,2,NA,FALSE,1
"1989",10,"F",7,"Hispanic","High",4,0,0,0,0,0,0,0,0,0,2,NA,FALSE,1
"1990",7,"M",4,"Hispanic","High",4,0,0,0,0,0,0,0,0,0,4,NA,FALSE,0
"1991",9,"F",7,"Hispanic","High",4,0,0,0,0,0,0,0,0,0,2,1,FALSE,1
"1992",9,"F",7,"Hispanic","High",2,0,1,0,0,0,0,0,0,0,1,1,TRUE,1
"1993",7,"M",5,"Hispanic","High",4,0,0,0,0,0,0,0,0,0,4,NA,FALSE,0
"1994",8,"M",5,"Hispanic","High",3,0,0,0,0,0,0,0,0,0,3,1,FALSE,0
"1995",8,"M",5,"Hispanic","High",3,1,0,0,0,0,1,0,0,0,1,1,TRUE,1
"1996",7,"M",5,"Hispanic","High",4,0,0,0,0,0,0,0,0,0,4,1,FALSE,0
"1997",8,"M",5,"Hispanic","High",3,NA,0,0,0,0,0,0,0,0,1,1,NA,1
"1998",9,"F",6,"AI/AN","High",3,0,0,0,0,0,0,0,0,0,2,1,FALSE,1
"1999",9,"F",6,"Hispanic","High",4,0,0,0,0,0,0,0,0,0,4,NA,FALSE,0
"2000",8,"M",6,"Hispanic","High",4,NA,0,0,0,0,1,0,0,1,1,NA,TRUE,1
"2001",9,"F",6,"Hispanic","High",4,0,0,0,0,0,0,0,0,0,4,1,FALSE,0
"2002",9,"F",6,"Hispanic","High",4,0,0,0,0,0,0,0,0,0,2,1,FALSE,1
"2003",9,"F",6,"Hispanic","High",4,0,0,0,0,0,0,0,0,0,4,1,FALSE,0
"2004",10,"F",6,"Hispanic","High",4,0,0,0,0,0,0,0,0,0,4,1,FALSE,0
"2005",9,"F",6,"Hispanic","High",4,0,0,0,0,0,0,0,0,0,4,NA,FALSE,0
"2006",9,"M",7,"Hispanic","High",2,0,0,0,0,0,1,0,0,1,1,1,TRUE,1
"2007",11,"F",1,"Hispanic","Middle",4,0,0,0,0,0,0,0,0,0,2,NA,FALSE,1
"2008",10,"M",7,NA,"High",3,0,0,0,0,0,0,0,0,0,3,NA,FALSE,0
"2009",7,"F",5,"Hispanic","High",4,0,0,0,0,0,0,0,0,0,2,1,FALSE,1
"2010",8,NA,5,"Hispanic","High",3,0,0,0,NA,NA,NA,NA,NA,0,2,NA,NA,1
"2011",7,"F",5,"Hispanic","High",4,0,0,0,0,0,0,0,0,0,2,NA,FALSE,1
"2012",8,"F",5,"Hispanic","High",4,0,0,0,0,0,0,0,0,0,4,1,FALSE,0
"2013",8,NA,5,NA,"High",3,0,0,0,0,0,0,0,0,0,2,NA,FALSE,1
"2014",8,"M",5,"Hispanic","High",1,0,1,0,0,0,0,0,0,0,4,NA,TRUE,0
"2015",7,"M",5,"Hispanic","High",3,0,0,0,0,0,0,0,0,0,4,NA,FALSE,0
"2016",7,"F",5,"Hispanic","High",4,0,0,0,0,0,0,0,0,0,4,1,FALSE,0
"2017",7,"M",5,"Hispanic","High",2,0,1,0,0,1,0,0,0,0,1,NA,TRUE,1
"2018",8,"F",5,"Hispanic","High",3,0,0,0,0,0,0,0,0,0,2,1,FALSE,1
"2019",7,"M",5,"Hispanic","High",4,0,0,0,0,0,0,0,0,0,3,NA,FALSE,0
"2020",7,"M",5,NA,"High",4,0,0,0,NA,NA,NA,NA,NA,0,4,NA,NA,0
"2021",NA,NA,NA,NA,NA,3,0,0,0,0,0,0,0,0,0,2,NA,FALSE,1
"2022",8,"M",5,"Hispanic","High",4,0,0,0,0,0,0,0,0,0,NA,1,FALSE,NA
"2023",7,"F",5,"Hispanic","High",4,0,0,0,0,0,0,0,0,0,2,NA,FALSE,1
"2024",8,"F",5,"Hispanic","High",3,0,0,0,0,0,0,0,0,0,2,1,FALSE,1
"2025",7,"F",5,"Black","High",4,0,0,0,0,0,0,0,0,0,4,1,FALSE,0
"2026",7,"M",5,NA,"High",3,0,0,0,0,0,0,0,0,0,3,1,FALSE,0
"2027",7,"M",5,"Hispanic","High",4,0,0,0,0,0,0,0,0,0,3,1,FALSE,0
"2028",8,"M",5,"Hispanic","High",3,NA,0,0,0,0,0,0,0,0,3,1,NA,0
"2029",7,"F",5,"Hispanic","High",3,0,NA,0,NA,NA,NA,NA,NA,0,4,NA,NA,0
"2030",7,"F",5,"Hispanic","High",4,0,0,0,0,0,0,0,0,0,4,1,FALSE,0
"2031",6,"M",5,"Hispanic","High",4,0,0,0,0,0,0,0,0,0,3,1,FALSE,0
"2032",7,"M",5,"Hispanic","High",NA,0,0,0,NA,NA,NA,NA,NA,0,NA,NA,NA,NA
"2033",6,"M",4,"Hispanic","High",4,0,0,0,0,0,0,0,0,0,1,NA,FALSE,1
"2034",7,"F",4,"Hispanic","High",3,NA,0,0,0,0,0,0,0,0,1,1,NA,1
"2035",6,"M",4,"Hispanic","High",4,0,0,0,0,0,0,0,0,0,4,NA,FALSE,0
"2036",7,"M",4,"Hispanic","High",3,0,0,0,0,0,0,0,0,0,3,NA,FALSE,0
"2037",6,"M",4,"Hispanic","High",3,1,0,0,1,0,0,0,0,0,2,NA,TRUE,1
"2038",7,"M",4,"Hispanic","High",4,1,0,0,0,0,0,0,0,0,4,1,TRUE,0
"2039",6,"M",4,"Hispanic","High",4,0,0,0,0,0,0,0,0,0,4,1,FALSE,0
"2040",6,"F",4,"Hispanic","High",4,0,0,0,0,0,0,0,0,0,4,1,FALSE,0
"2041",6,"F",4,"Hispanic","High",3,0,0,0,0,0,0,0,0,0,1,1,FALSE,1
"2042",8,"M",4,"Hispanic","High",4,0,0,0,0,0,0,0,0,0,4,1,FALSE,0
"2043",7,"F",4,"Hispanic","High",2,0,NA,0,0,0,1,0,0,1,1,NA,TRUE,1
"2044",6,"M",4,"Hispanic","High",2,0,1,0,0,0,0,0,0,0,3,NA,TRUE,0
"2045",7,"M",4,"Hispanic","High",4,0,0,0,0,0,0,0,0,0,4,1,FALSE,0
"2046",6,"F",4,"NHOPI","High",3,0,0,0,0,0,1,0,0,0,1,NA,TRUE,1
"2047",7,"M",4,"Black","High",4,0,0,0,1,0,1,0,0,1,1,1,TRUE,1
"2048",6,"M",4,"Hispanic","High",2,0,NA,0,0,0,0,0,0,0,2,1,NA,1
"2049",7,"M",5,"Hispanic","High",4,0,0,0,0,0,0,0,0,0,4,NA,FALSE,0
"2050",8,"M",5,"Hispanic","High",2,NA,NA,1,1,0,1,0,0,1,1,NA,TRUE,1
"2051",8,"M",5,"Hispanic","High",4,0,0,0,0,0,0,0,0,0,2,NA,FALSE,1
"2052",8,"M",5,"Hispanic","High",2,0,0,0,0,0,1,0,0,1,1,1,TRUE,1
"2053",7,"F",6,NA,"High",4,0,0,0,0,0,0,0,0,0,4,NA,FALSE,0
"2054",3,"M",1,"White","Middle",NA,0,0,0,0,0,0,0,0,0,4,1,FALSE,0
"2055",4,"M",1,"White","Middle",4,0,0,0,0,0,0,0,0,0,4,1,FALSE,0
"2056",3,"F",1,"White","Middle",4,0,0,0,0,0,0,0,0,0,4,NA,FALSE,0
"2057",3,"F",1,"Hispanic","Middle",4,0,0,0,0,0,0,0,0,0,4,NA,FALSE,0
"2058",3,"F",1,"Hispanic","Middle",4,0,0,0,0,0,0,0,0,0,4,1,FALSE,0
"2059",4,"F",1,"Hispanic","Middle",3,0,0,0,0,0,0,0,0,0,3,1,FALSE,0
"2060",3,"F",1,"Black","Middle",4,0,0,0,0,0,0,0,0,0,4,1,FALSE,0
"2061",4,"F",1,"Hispanic","Middle",4,0,0,0,0,0,0,0,0,0,4,1,FALSE,0
"2062",3,"F",1,"Black","Middle",4,0,0,0,0,0,0,0,0,0,4,NA,FALSE,0
"2063",3,"F",1,"White","Middle",4,0,0,0,0,0,0,0,0,0,3,NA,FALSE,0
"2064",3,"F",1,"White","Middle",4,0,0,0,0,0,0,0,0,0,4,NA,FALSE,0
"2065",4,"F",1,"Hispanic","Middle",4,0,0,0,0,0,0,0,0,0,4,NA,FALSE,0
"2066",4,"F",1,NA,"Middle",4,0,0,0,0,0,0,0,0,0,4,1,FALSE,0
"2067",4,"M",1,"White","Middle",4,0,0,0,0,0,0,0,0,0,4,1,FALSE,0
"2068",3,"F",1,"Hispanic","Middle",4,0,0,0,0,0,0,0,0,0,4,1,FALSE,0
"2069",4,"M",1,"Asian","Middle",4,0,0,0,0,0,0,0,0,0,4,1,FALSE,0
"2070",4,"M",1,"Black","Middle",4,0,0,0,0,0,0,0,0,0,4,1,FALSE,0
"2071",4,"M",1,"Hispanic","Middle",4,0,0,0,0,0,0,0,0,0,4,1,FALSE,0
"2072",3,"M",1,"White","Middle",4,0,0,0,0,0,0,0,0,0,4,1,FALSE,0
"2073",4,"M",1,"Hispanic","Middle",4,0,0,0,0,0,0,0,0,0,4,1,FALSE,0
"2074",4,"F",1,"White","Middle",3,0,0,0,0,0,0,0,0,0,2,NA,FALSE,1
"2075",5,"F",2,"Black","Middle",4,0,0,0,0,0,0,0,0,0,4,1,FALSE,0
"2076",5,"F",2,NA,"Middle",4,0,0,0,0,0,0,0,0,0,4,NA,FALSE,0
"2077",3,"M",1,"White","Middle",4,0,0,0,0,0,0,0,0,0,4,1,FALSE,0
"2078",4,"M",1,"Hispanic","Middle",4,0,0,0,0,0,0,0,0,0,4,1,FALSE,0
"2079",3,"M",1,"Black","Middle",4,0,0,0,0,0,0,0,0,0,4,1,FALSE,0
"2080",4,"M",1,"Hispanic","Middle",4,0,0,0,0,0,0,0,0,0,1,1,FALSE,1
"2081",4,"F",2,NA,"Middle",4,0,0,0,0,0,0,0,0,0,4,1,FALSE,0
"2082",5,"F",3,"Hispanic","Middle",4,0,0,0,0,0,0,0,0,0,4,1,FALSE,0
"2083",5,"F",3,"Hispanic","Middle",4,0,0,0,0,0,0,0,0,0,4,NA,FALSE,0
"2084",6,"M",3,"Hispanic","Middle",4,0,0,0,0,0,0,0,0,0,4,1,FALSE,0
"2085",5,"F",3,"Hispanic","Middle",4,0,0,0,0,0,0,0,0,0,4,1,FALSE,0
"2086",7,"M",3,"Black","Middle",4,0,0,0,0,0,0,0,0,0,2,1,FALSE,1
"2087",5,"F",3,"Hispanic","Middle",4,0,0,0,0,0,0,0,0,0,3,1,FALSE,0
"2088",5,"F",3,"White","Middle",4,0,0,0,0,0,0,0,0,0,2,NA,FALSE,1
"2089",5,"M",3,NA,"Middle",4,0,0,0,0,0,0,0,0,0,4,NA,FALSE,0
"2090",5,"F",3,"Hispanic","Middle",4,0,0,0,0,0,0,0,0,0,4,NA,FALSE,0
"2091",5,"F",3,"White","Middle",3,1,0,0,0,0,1,1,0,1,1,NA,TRUE,1
"2092",5,"F",2,NA,"Middle",4,0,0,0,0,0,0,0,0,0,4,NA,FALSE,0
"2093",5,"M",2,"Black","Middle",4,0,0,0,0,0,0,0,0,0,4,NA,FALSE,0
"2094",4,"M",2,"Hispanic","Middle",4,0,0,0,0,0,0,0,0,0,4,NA,FALSE,0
"2095",4,"F",2,"Black","Middle",4,0,0,0,0,0,0,0,0,0,4,NA,FALSE,0
"2096",4,"F",2,"Hispanic","Middle",4,0,0,0,0,0,0,0,0,0,3,1,FALSE,0
"2097",5,"F",2,"Black","Middle",3,0,NA,0,NA,NA,NA,NA,NA,NA,3,1,NA,0
"2098",6,NA,3,"Hispanic","Middle",4,0,0,0,0,0,0,0,0,0,4,1,FALSE,0
"2099",4,"F",2,"Hispanic","Middle",NA,0,NA,NA,NA,NA,NA,NA,NA,NA,NA,NA,NA,NA
"2100",2,"F",1,"Hispanic","Middle",4,0,0,NA,NA,NA,NA,NA,NA,0,4,1,NA,0
"2101",4,"M",2,"Hispanic","Middle",NA,0,NA,NA,NA,NA,NA,NA,NA,NA,2,NA,NA,1
"2102",5,"M",2,"Hispanic","Middle",4,0,0,0,0,0,0,0,0,0,4,1,FALSE,0
"2103",6,"M",3,"Hispanic","Middle",3,0,0,0,NA,NA,NA,NA,NA,0,1,1,NA,1
"2104",7,"F",3,"White","Middle",NA,0,NA,NA,NA,NA,NA,NA,NA,NA,NA,NA,NA,NA
"2105",5,"F",2,"Hispanic","Middle",4,NA,0,1,NA,NA,NA,NA,NA,0,4,NA,TRUE,0
"2106",6,"M",3,"Hispanic","Middle",4,0,0,0,0,0,0,0,0,0,4,1,FALSE,0
"2107",6,"M",3,"Black","Middle",NA,NA,NA,NA,NA,NA,NA,NA,NA,NA,4,1,NA,0
"2108",7,"M",3,"White","Middle",4,1,0,0,0,0,0,0,0,1,1,NA,TRUE,1
"2109",5,"M",3,"Hispanic","Middle",4,0,0,0,0,0,0,0,0,0,4,1,FALSE,0
"2110",6,"M",3,"Hispanic","Middle",4,0,0,0,0,0,0,0,0,0,2,NA,FALSE,1
"2111",6,"M",3,"White","Middle",4,0,0,0,0,0,0,0,0,0,4,1,FALSE,0
"2112",5,"M",3,"Hispanic","Middle",3,0,0,0,0,0,0,0,0,1,1,NA,TRUE,1
"2113",4,"M",2,"White","Middle",4,0,0,0,0,0,0,0,0,0,4,NA,FALSE,0
"2114",5,"M",2,"Hispanic","Middle",3,0,NA,0,0,0,0,0,0,0,2,NA,NA,1
"2115",5,"F",2,"Black","Middle",4,0,0,0,0,0,0,0,0,0,3,1,FALSE,0
"2116",4,"M",2,"Hispanic","Middle",3,0,0,0,0,0,0,0,0,0,3,1,FALSE,0
"2117",5,"F",2,"Hispanic","Middle",3,0,0,0,0,0,0,0,0,0,2,1,FALSE,1
"2118",4,"M",2,"Hispanic","Middle",4,0,0,0,0,0,0,0,0,0,4,NA,FALSE,0
"2119",5,"F",2,NA,"Middle",4,0,0,0,0,0,0,0,0,0,4,1,FALSE,0
"2120",4,"M",2,"AI/AN","Middle",3,0,0,0,0,0,0,0,0,0,4,NA,FALSE,0
"2121",5,"M",2,"White","Middle",3,0,0,0,0,0,0,0,0,0,2,NA,FALSE,1
"2122",4,"F",2,"Hispanic","Middle",4,0,0,0,0,0,0,0,0,0,4,1,FALSE,0
"2123",6,"F",3,"White","Middle",2,0,0,0,0,0,0,0,0,0,1,1,FALSE,1
"2124",6,"F",3,"Hispanic","Middle",4,0,0,0,NA,NA,NA,NA,NA,0,2,1,NA,1
"2125",5,"M",3,"White","Middle",4,0,0,0,0,0,0,0,0,0,4,1,FALSE,0
"2126",5,"M",3,"Hispanic","Middle",4,0,0,0,0,0,0,0,0,0,4,1,FALSE,0
"2127",6,"F",3,"White","Middle",4,0,0,0,0,0,0,0,0,0,1,NA,FALSE,1
"2128",7,"F",3,"White","Middle",3,1,1,0,0,0,1,0,0,0,2,NA,TRUE,1
"2129",5,"F",2,"Hispanic","Middle",3,0,0,0,0,0,0,0,0,0,1,NA,FALSE,1
"2130",4,"M",2,"Hispanic","Middle",4,0,0,0,NA,NA,NA,NA,NA,0,4,NA,NA,0
"2131",4,"M",2,"Asian","Middle",4,0,0,0,0,0,0,0,0,0,4,NA,FALSE,0
"2132",5,"M",3,"Black","Middle",3,0,0,0,NA,NA,NA,NA,NA,0,4,1,NA,0
"2133",6,"M",3,"White","Middle",1,0,0,0,0,0,0,0,0,0,1,NA,FALSE,1
"2134",4,"M",2,"White","Middle",4,0,0,0,NA,NA,NA,NA,NA,0,4,NA,NA,0
"2135",5,"M",2,"White","Middle",3,0,0,0,0,0,0,0,0,0,4,NA,FALSE,0
"2136",4,"F",2,"Hispanic","Middle",4,0,0,0,0,0,0,0,0,0,4,NA,FALSE,0
"2137",4,"F",2,"Hispanic","Middle",3,0,0,0,0,0,0,0,0,0,3,1,FALSE,0
"2138",4,"F",2,"White","Middle",4,0,0,0,0,0,0,0,0,0,4,NA,FALSE,0
"2139",3,"F",1,"Hispanic","Middle",4,0,0,0,0,0,0,0,0,0,4,NA,FALSE,0
"2140",4,"F",1,"Hispanic","Middle",4,0,0,0,0,0,0,0,0,0,4,NA,FALSE,0
"2141",3,"M",1,"Hispanic","Middle",3,0,0,0,0,0,0,0,0,0,3,1,FALSE,0
"2142",3,"F",1,"Hispanic","Middle",3,0,0,0,0,0,0,0,0,0,2,1,FALSE,1
"2143",5,"F",1,"Hispanic","Middle",3,0,0,0,0,0,0,0,0,0,3,NA,FALSE,0
"2144",NA,"M",NA,"Hispanic",NA,2,0,0,0,0,0,0,0,0,0,2,1,FALSE,1
"2145",3,"F",1,"Hispanic","Middle",2,0,0,0,0,0,0,0,0,0,3,NA,FALSE,0
"2146",3,"M",1,"Hispanic","Middle",4,0,0,0,0,0,0,0,0,0,4,NA,FALSE,0
"2147",3,"M",1,"Hispanic","Middle",4,0,0,0,0,0,0,0,0,0,2,NA,FALSE,1
"2148",4,"M",1,"Hispanic","Middle",4,0,0,0,0,0,0,0,0,0,2,NA,FALSE,1
"2149",4,"F",NA,"NHOPI",NA,3,0,0,0,0,0,0,0,0,0,3,NA,FALSE,0
"2150",4,"M",1,NA,"Middle",4,0,0,0,0,0,0,0,0,0,2,NA,FALSE,1
"2151",3,"F",1,"Hispanic","Middle",4,0,NA,NA,0,0,0,0,0,NA,4,NA,NA,0
"2152",4,"F",1,NA,"Middle",3,0,0,0,0,0,0,0,0,0,2,NA,FALSE,1
"2153",3,"F",1,"Hispanic","Middle",3,NA,0,1,0,0,0,0,0,1,1,NA,TRUE,1
"2154",3,"F",1,NA,"Middle",4,0,0,0,0,0,0,0,0,0,4,NA,FALSE,0
"2155",3,"F",1,"Hispanic","Middle",4,0,0,0,0,0,0,0,0,1,2,1,TRUE,1
"2156",4,"M",1,"Hispanic","Middle",4,0,0,0,0,0,0,0,0,0,2,NA,FALSE,1
"2157",3,"M",1,"Hispanic","Middle",3,0,NA,NA,0,0,0,0,0,0,3,1,NA,0
"2158",4,"F",1,"Hispanic","Middle",2,0,0,0,NA,NA,NA,NA,NA,0,4,NA,NA,0
"2159",4,"M",1,"Hispanic","Middle",4,0,0,0,0,0,0,0,0,0,2,1,FALSE,1
"2160",3,"M",1,"Hispanic","Middle",4,0,0,0,0,0,0,0,0,0,4,NA,FALSE,0
"2161",6,"M",3,"Asian","Middle",4,0,0,0,0,0,0,0,0,0,4,NA,FALSE,0
"2162",5,"F",3,"Hispanic","Middle",4,0,0,0,0,0,0,0,0,0,3,1,FALSE,0
"2163",6,"F",3,"Asian","Middle",4,0,0,0,0,0,0,0,0,0,4,1,FALSE,0
"2164",5,"F",3,"White","Middle",4,0,0,0,0,0,0,0,0,0,4,1,FALSE,0
"2165",5,"M",3,"White","Middle",4,0,0,0,0,0,0,0,0,0,4,1,FALSE,0
"2166",5,"M",3,"White","Middle",4,0,0,0,0,0,0,0,0,0,4,1,FALSE,0
"2167",5,"M",3,"White","Middle",4,0,0,0,0,0,0,0,0,0,4,1,FALSE,0
"2168",6,"M",3,"Asian","Middle",4,0,NA,0,0,0,0,0,0,0,3,1,NA,0
"2169",5,"F",3,"White","Middle",4,0,0,0,0,0,0,0,0,0,4,1,FALSE,0
"2170",6,"M",3,"Hispanic","Middle",4,0,0,0,0,0,0,0,0,0,2,1,FALSE,1
"2171",5,"M",2,NA,"Middle",4,0,0,0,0,0,0,0,0,0,4,1,FALSE,0
"2172",5,"F",2,"Hispanic","Middle",4,0,0,0,0,0,0,0,0,0,4,1,FALSE,0
"2173",6,"M",2,"Black","Middle",4,0,0,0,0,0,0,0,0,0,4,1,FALSE,0
"2174",5,"M",2,"White","Middle",4,0,0,0,0,0,0,0,0,0,4,1,FALSE,0
"2175",5,"M",2,"White","Middle",4,0,0,0,0,0,0,0,0,0,3,1,FALSE,0
"2176",4,"F",2,"Hispanic","Middle",4,0,0,0,0,0,0,0,0,0,4,1,FALSE,0
"2177",4,"M",2,"Hispanic","Middle",3,0,0,0,0,0,0,0,0,0,4,1,FALSE,0
"2178",5,"F",2,"White","Middle",4,0,0,0,0,0,0,0,0,0,4,NA,FALSE,0
"2179",4,"M",2,"Asian","Middle",4,0,0,0,0,0,0,0,0,1,2,NA,TRUE,1
"2180",5,"M",3,"Asian","Middle",4,0,0,0,0,0,0,0,0,0,4,NA,FALSE,0
"2181",6,"M",3,"White","Middle",4,0,0,0,0,0,0,0,0,0,4,NA,FALSE,0
"2182",5,"F",3,"White","Middle",4,0,0,0,0,0,0,0,0,0,2,1,FALSE,1
"2183",4,"M",2,"White","Middle",3,0,0,0,0,0,0,0,0,0,4,1,FALSE,0
"2184",4,"F",2,"Hispanic","Middle",4,0,0,0,0,0,0,0,0,0,4,1,FALSE,0
"2185",4,"F",2,"Hispanic","Middle",4,0,0,0,0,0,0,0,0,0,4,1,FALSE,0
"2186",4,"F",2,"White","Middle",4,0,0,0,0,0,0,0,0,0,4,1,FALSE,0
"2187",4,"M",2,"Hispanic","Middle",3,0,0,0,0,0,0,0,0,0,3,1,FALSE,0
"2188",4,"F",2,"White","Middle",4,0,0,0,0,0,0,0,0,0,4,NA,FALSE,0
"2189",4,"M",2,NA,"Middle",3,0,0,0,0,0,0,0,0,0,3,NA,FALSE,0
"2190",5,"F",2,"White","Middle",4,0,0,0,0,0,0,0,0,0,4,1,FALSE,0
"2191",4,"M",2,"White","Middle",4,0,0,0,0,0,0,0,0,0,4,1,FALSE,0
"2192",4,"F",2,"White","Middle",4,0,0,0,0,0,0,0,0,0,4,1,FALSE,0
"2193",4,"M",2,"Asian","Middle",4,0,0,0,0,0,0,0,0,0,4,NA,FALSE,0
"2194",5,"M",2,"Hispanic","Middle",4,0,0,0,0,0,0,0,0,0,2,NA,FALSE,1
"2195",5,"M",2,"White","Middle",4,0,0,0,0,0,0,0,0,0,4,1,FALSE,0
"2196",5,"M",2,"White","Middle",4,0,0,0,0,0,0,0,0,0,3,1,FALSE,0
"2197",5,"M",2,"NHOPI","Middle",2,1,1,1,0,0,1,0,0,1,1,NA,TRUE,1
"2198",4,"M",2,"AI/AN","Middle",4,0,0,0,0,0,0,0,0,0,4,1,FALSE,0
"2199",5,"M",2,"Asian","Middle",3,0,0,0,0,0,0,0,0,0,1,NA,FALSE,1
"2200",4,"M",2,"Hispanic","Middle",4,0,0,0,0,0,0,0,0,0,4,NA,FALSE,0
"2201",5,"M",2,"White","Middle",4,0,0,0,0,0,0,0,0,0,4,1,FALSE,0
"2202",4,"M",2,"Hispanic","Middle",4,0,0,0,NA,NA,NA,NA,NA,0,4,NA,NA,0
"2203",5,"M",2,"White","Middle",4,0,0,0,0,0,0,0,0,0,2,NA,FALSE,1
"2204",4,"F",2,"White","Middle",4,0,0,0,0,0,0,0,0,0,4,1,FALSE,0
"2205",4,"F",2,"Black","Middle",4,0,0,0,0,0,0,0,0,0,3,NA,FALSE,0
"2206",4,"M",2,"Hispanic","Middle",4,0,0,0,0,0,0,0,0,0,4,1,FALSE,0
"2207",5,"M",2,NA,"Middle",4,0,0,0,0,0,0,0,0,0,4,NA,FALSE,0
"2208",5,"M",3,"White","Middle",4,0,0,0,0,0,0,0,0,0,4,1,FALSE,0
"2209",6,"F",3,"White","Middle",4,0,0,0,0,0,0,0,0,0,4,1,FALSE,0
"2210",6,"F",3,"White","Middle",4,0,0,0,NA,NA,NA,NA,NA,0,4,NA,NA,0
"2211",5,"M",3,"NHOPI","Middle",4,0,0,0,0,0,0,0,0,0,4,1,FALSE,0
"2212",5,"M",3,"White","Middle",4,0,0,0,0,0,0,0,0,0,3,1,FALSE,0
"2213",6,"F",3,"Asian","Middle",4,0,0,0,0,0,0,0,0,0,4,1,FALSE,0
"2214",5,"F",3,"White","Middle",4,0,0,0,0,0,0,0,0,0,1,1,FALSE,1
"2215",5,"M",3,"Asian","Middle",4,0,0,0,0,0,0,0,0,0,4,1,FALSE,0
"2216",5,"M",3,"White","Middle",4,0,0,0,0,0,0,0,0,0,4,1,FALSE,0
"2217",5,"M",3,"White","Middle",4,0,0,0,0,0,0,0,0,0,4,1,FALSE,0
"2218",5,"F",3,"Hispanic","Middle",4,0,0,0,0,0,0,0,0,0,4,1,FALSE,0
"2219",5,"F",3,"Asian","Middle",4,0,0,0,0,0,0,0,0,0,4,1,FALSE,0
"2220",5,"F",3,"White","Middle",4,0,0,0,0,0,0,0,0,0,3,1,FALSE,0
"2221",6,"M",3,"Asian","Middle",4,0,0,0,0,0,0,0,0,0,4,1,FALSE,0
"2222",6,"F",3,"White","Middle",4,0,0,0,0,0,0,0,0,0,4,1,FALSE,0
"2223",6,"F",3,"White","Middle",4,0,0,0,0,0,0,0,0,0,4,1,FALSE,0
"2224",5,"M",3,"White","Middle",4,0,0,0,0,0,0,0,0,0,4,NA,FALSE,0
"2225",6,"F",3,"White","Middle",4,0,0,0,0,0,0,0,0,0,4,1,FALSE,0
"2226",5,"F",3,"White","Middle",4,0,0,0,0,0,0,0,0,0,4,NA,FALSE,0
"2227",6,"M",3,"Asian","Middle",4,0,0,0,0,0,0,0,0,0,4,1,FALSE,0
"2228",5,"M",3,"Hispanic","Middle",4,0,0,0,0,0,0,0,0,0,4,1,FALSE,0
"2229",5,"M",3,"Hispanic","Middle",4,0,0,0,0,0,0,0,0,0,4,1,FALSE,0
"2230",6,"F",3,"White","Middle",3,0,0,0,0,0,0,0,0,0,2,NA,FALSE,1
"2231",5,"M",3,"Asian","Middle",4,0,0,0,0,0,0,0,0,0,4,1,FALSE,0
"2232",3,"F",1,NA,"Middle",4,0,0,0,0,0,0,0,0,0,4,1,FALSE,0
"2233",3,"F",1,"White","Middle",4,0,0,0,0,0,0,0,0,0,4,NA,FALSE,0
"2234",3,"F",1,"Hispanic","Middle",4,NA,NA,NA,NA,NA,NA,NA,NA,NA,2,NA,NA,1
"2235",4,"F",1,"White","Middle",3,0,0,0,0,0,0,0,0,0,4,1,FALSE,0
"2236",4,"F",1,"White","Middle",4,0,0,0,0,0,0,0,0,0,4,1,FALSE,0
"2237",4,"M",1,"Hispanic","Middle",3,0,0,0,0,0,0,0,0,0,2,1,FALSE,1
"2238",4,"F",1,"White","Middle",4,0,0,0,0,0,0,0,0,0,4,NA,FALSE,0
"2239",3,"M",1,"NHOPI","Middle",4,0,0,0,0,0,0,0,0,0,4,NA,FALSE,0
"2240",4,"M",2,"Hispanic","Middle",3,0,0,0,0,0,0,0,0,0,3,NA,FALSE,0
"2241",4,"M",2,"Hispanic","Middle",4,0,0,0,NA,NA,NA,NA,NA,0,3,1,NA,0
"2242",5,"M",2,"White","Middle",3,0,0,0,0,0,0,0,0,0,2,1,FALSE,1
"2243",5,"M",2,"White","Middle",4,0,0,0,0,0,0,0,0,0,2,NA,FALSE,1
"2244",5,"M",2,"NHOPI","Middle",4,0,0,0,NA,NA,NA,NA,NA,0,4,1,NA,0
"2245",4,"F",2,"Black","Middle",4,0,0,0,0,0,0,0,0,0,4,1,FALSE,0
"2246",5,"M",2,NA,"Middle",4,0,0,0,0,0,0,0,0,0,4,NA,FALSE,0
"2247",4,"M",2,"AI/AN","Middle",NA,0,NA,NA,NA,NA,NA,NA,NA,NA,NA,NA,NA,NA
"2248",6,"M",2,NA,"Middle",4,0,0,0,NA,NA,NA,NA,NA,NA,NA,NA,NA,NA
"2249",5,"F",2,"Hispanic","Middle",4,NA,NA,NA,NA,NA,NA,NA,NA,NA,4,NA,NA,0
"2250",4,"F",2,"Hispanic","Middle",4,0,0,0,0,0,0,0,0,0,4,1,FALSE,0
"2251",6,"F",3,"White","Middle",4,0,0,0,0,0,0,0,0,0,3,1,FALSE,0
"2252",5,"F",3,"Hispanic","Middle",4,0,0,0,0,0,0,0,0,0,2,NA,FALSE,1
"2253",5,"F",3,"White","Middle",4,0,0,0,0,0,0,0,0,1,1,NA,TRUE,1
"2254",5,"F",3,"White","Middle",4,0,0,0,0,0,0,0,0,0,4,1,FALSE,0
"2255",6,"F",3,"Hispanic","Middle",4,0,0,0,0,0,0,0,0,0,4,1,FALSE,0
"2256",6,"F",3,"White","Middle",4,0,0,0,0,0,0,0,0,0,4,1,FALSE,0
"2257",5,"M",3,"Black","Middle",4,0,0,0,0,0,0,0,0,0,4,1,FALSE,0
"2258",5,"M",2,"Hispanic","Middle",4,0,0,0,0,0,0,0,0,0,4,1,FALSE,0
"2259",5,"M",2,"Hispanic","Middle",4,0,0,0,0,0,0,0,0,0,4,1,FALSE,0
"2260",6,"F",2,"White","Middle",4,0,0,0,0,0,0,0,0,0,4,NA,FALSE,0
"2261",6,"M",3,"White","Middle",3,0,0,0,0,0,0,0,0,0,1,NA,FALSE,1
"2262",6,"F",3,"Hispanic","Middle",4,0,0,0,0,0,0,0,0,0,4,1,FALSE,0
"2263",6,"F",3,"White","Middle",2,0,0,0,0,0,0,0,0,0,2,1,FALSE,1
"2264",5,"F",3,"Asian","Middle",4,0,0,0,0,0,0,0,0,0,4,1,FALSE,0
"2265",6,"M",3,"White","Middle",4,0,0,0,0,0,0,0,0,0,4,1,FALSE,0
"2266",6,"F",3,"White","Middle",4,0,0,0,0,0,0,0,0,0,1,1,FALSE,1
"2267",5,"M",1,"Black","Middle",3,0,0,0,0,0,0,0,0,0,4,1,FALSE,0
"2268",3,"F",1,"White","Middle",4,0,0,0,0,0,0,0,0,0,4,NA,FALSE,0
"2269",4,"M",1,"White","Middle",4,0,0,0,0,0,0,0,0,0,4,1,FALSE,0
"2270",4,"M",1,"White","Middle",4,0,0,0,0,0,0,0,0,0,4,NA,FALSE,0
"2271",3,"M",1,"Asian","Middle",4,0,0,0,0,0,0,0,0,0,4,NA,FALSE,0
"2272",3,"F",1,"White","Middle",4,0,0,0,0,0,0,0,0,0,4,NA,FALSE,0
"2273",4,"M",1,"White","Middle",4,0,0,0,NA,NA,NA,NA,NA,0,4,NA,NA,0
"2274",4,"F",1,"NHOPI","Middle",4,0,0,0,0,0,0,0,0,0,4,1,FALSE,0
"2275",4,"M",1,NA,"Middle",4,0,0,0,0,0,0,0,0,0,4,1,FALSE,0
"2276",4,"M",1,"Hispanic","Middle",4,0,0,0,0,0,0,0,0,0,4,1,FALSE,0
"2277",3,"M",1,"White","Middle",4,0,0,0,NA,NA,NA,NA,NA,0,4,NA,NA,0
"2278",4,"M",1,"White","Middle",3,0,0,0,0,0,0,0,0,1,1,NA,TRUE,1
"2279",3,"M",1,"White","Middle",1,1,1,0,0,0,1,0,0,0,1,NA,TRUE,1
"2280",4,"M",1,"White","Middle",3,0,0,0,0,0,0,0,0,0,2,1,FALSE,1
"2281",5,"F",3,"Hispanic","Middle",4,0,0,0,0,0,0,0,0,0,2,1,FALSE,1
"2282",5,"M",3,"Hispanic","Middle",4,0,0,0,0,0,0,0,0,0,4,1,FALSE,0
"2283",5,"F",3,"White","Middle",4,0,0,0,0,0,0,0,0,0,3,1,FALSE,0
"2284",5,"M",3,"White","Middle",4,0,0,0,0,0,0,0,0,0,4,NA,FALSE,0
"2285",6,"M",3,"Hispanic","Middle",2,1,0,1,0,1,1,0,0,0,1,1,TRUE,1
"2286",6,"F",3,"Hispanic","Middle",4,0,0,0,0,0,0,0,0,0,3,1,FALSE,0
"2287",5,"M",3,"Hispanic","Middle",4,0,0,0,0,0,0,0,0,0,4,1,FALSE,0
"2288",5,"F",7,"Black","High",4,0,NA,NA,0,0,0,0,0,NA,4,NA,NA,0
"2289",5,"F",3,"Asian","Middle",3,0,0,0,0,0,0,0,0,0,2,NA,FALSE,1
"2290",5,"M",3,"White","Middle",3,0,0,0,0,0,0,0,0,0,3,NA,FALSE,0
"2291",5,"F",3,"Hispanic","Middle",4,0,0,0,0,0,0,0,0,0,4,NA,FALSE,0
"2292",5,"M",3,"Hispanic","Middle",4,0,0,0,0,0,0,0,0,0,4,1,FALSE,0
"2293",5,"M",3,"Hispanic","Middle",4,0,0,0,0,0,0,0,0,0,4,1,FALSE,0
"2294",6,"M",3,"Hispanic","Middle",4,0,0,0,NA,NA,NA,NA,NA,0,4,NA,NA,0
"2295",5,"M",3,"Hispanic","Middle",4,0,0,0,0,0,0,0,0,0,4,1,FALSE,0
"2296",5,"F",3,"Hispanic","Middle",4,0,0,0,0,0,0,0,0,0,3,NA,FALSE,0
"2297",6,"F",3,"Hispanic","Middle",4,0,0,0,0,0,0,0,0,0,4,1,FALSE,0
"2298",5,"M",3,"Hispanic","Middle",4,0,0,0,0,0,0,0,0,0,4,1,FALSE,0
"2299",6,"M",3,"Hispanic","Middle",4,0,0,0,0,0,0,0,0,0,4,1,FALSE,0
"2300",5,"F",3,"Hispanic","Middle",3,0,0,0,0,0,0,0,0,0,2,1,FALSE,1
"2301",6,"F",3,"Hispanic","Middle",3,0,0,0,0,0,0,0,0,0,2,NA,FALSE,1
"2302",4,"F",1,"White","Middle",4,0,0,0,0,0,0,0,0,0,4,1,FALSE,0
"2303",3,"F",1,"Hispanic","Middle",4,0,0,0,0,0,0,0,0,0,4,1,FALSE,0
"2304",3,"M",1,"White","Middle",4,0,0,0,0,0,0,0,0,0,4,1,FALSE,0
"2305",3,"F",1,"Hispanic","Middle",4,0,0,0,NA,NA,NA,NA,NA,0,4,NA,NA,0
"2306",4,"F",1,"White","Middle",4,0,0,0,0,0,0,0,0,0,4,NA,FALSE,0
"2307",3,"M",1,NA,"Middle",4,0,0,0,0,0,0,0,0,0,4,1,FALSE,0
"2308",3,"F",1,"White","Middle",4,0,0,0,0,0,0,0,0,0,4,1,FALSE,0
"2309",3,"F",1,"White","Middle",4,0,0,0,0,0,0,0,0,0,4,1,FALSE,0
"2310",3,"F",1,"White","Middle",4,0,0,0,0,0,0,0,0,0,4,NA,FALSE,0
"2311",3,"F",1,"White","Middle",4,0,0,0,0,0,0,0,0,0,3,NA,FALSE,0
"2312",4,"M",1,NA,"Middle",4,0,0,0,0,0,0,0,0,0,4,1,FALSE,0
"2313",4,"M",1,"Hispanic","Middle",4,0,0,0,0,0,0,0,0,0,4,1,FALSE,0
"2314",3,"M",1,NA,"Middle",4,0,0,0,0,0,0,0,0,0,4,1,FALSE,0
"2315",3,"F",1,"White","Middle",4,0,0,0,0,0,0,0,0,0,3,1,FALSE,0
"2316",4,"M",1,"White","Middle",4,0,0,0,0,0,0,0,0,0,2,1,FALSE,1
"2317",5,"F",3,"White","Middle",4,0,0,0,0,0,0,0,0,0,4,1,FALSE,0
"2318",5,"F",3,"White","Middle",2,1,1,0,0,0,1,0,0,1,1,NA,TRUE,1
"2319",6,"F",3,"White","Middle",4,0,0,0,0,0,0,0,0,0,4,NA,FALSE,0
"2320",6,"F",3,"White","Middle",3,1,0,1,0,0,0,0,0,1,1,1,TRUE,1
"2321",5,"F",3,"White","Middle",4,0,0,0,0,0,0,0,0,0,4,1,FALSE,0
"2322",5,"F",3,NA,"Middle",4,0,0,0,0,0,0,0,0,0,4,1,FALSE,0
"2323",4,"F",2,"White","Middle",4,0,0,0,0,0,0,0,0,0,4,1,FALSE,0
"2324",5,"M",3,"White","Middle",4,0,0,0,0,0,0,0,0,0,4,NA,FALSE,0
"2325",5,"M",3,"White","Middle",4,0,0,0,0,0,0,0,0,0,4,1,FALSE,0
"2326",6,"M",3,"Hispanic","Middle",4,0,0,0,0,0,0,0,0,0,4,1,FALSE,0
"2327",6,"M",3,"White","Middle",3,0,0,0,0,0,0,0,0,0,2,1,FALSE,1
"2328",6,"F",3,"Hispanic","Middle",4,0,0,0,0,0,0,0,0,0,4,1,FALSE,0
"2329",6,"F",3,"Hispanic","Middle",4,0,0,0,0,0,0,0,0,0,3,1,FALSE,0
"2330",6,"M",3,"White","Middle",4,0,0,0,0,0,0,0,0,0,3,1,FALSE,0
"2331",5,"M",3,"White","Middle",4,0,0,0,0,0,0,0,0,0,4,1,FALSE,0
"2332",5,"M",3,"White","Middle",2,0,0,0,0,0,0,0,0,0,4,1,FALSE,0
"2333",6,"M",3,"Hispanic","Middle",4,0,0,0,0,0,0,0,0,0,4,NA,FALSE,0
"2334",5,"F",3,"White","Middle",4,0,0,0,0,0,0,0,0,0,3,1,FALSE,0
"2335",5,"M",3,"White","Middle",4,0,0,0,0,0,0,0,0,0,4,1,FALSE,0
"2336",5,"M",3,"Hispanic","Middle",4,0,0,0,0,0,0,0,0,0,4,1,FALSE,0
"2337",6,"F",3,"Hispanic","Middle",4,0,0,0,0,0,0,0,0,0,4,1,FALSE,0
"2338",5,"F",3,"Hispanic","Middle",4,0,0,0,0,0,0,0,0,0,4,1,FALSE,0
"2339",4,"F",2,"White","Middle",4,0,0,0,0,0,0,0,0,0,2,1,FALSE,1
"2340",5,"M",2,"Hispanic","Middle",4,0,0,0,0,0,0,0,0,0,4,1,FALSE,0
"2341",5,"M",2,"Hispanic","Middle",4,0,0,0,0,0,0,0,0,0,4,1,FALSE,0
"2342",5,"M",2,"Hispanic","Middle",3,0,0,0,0,0,0,0,0,0,1,NA,FALSE,1
"2343",4,"M",2,NA,"Middle",4,0,0,0,0,0,0,0,0,0,4,NA,FALSE,0
"2344",6,"M",2,"Hispanic","Middle",4,0,0,0,0,0,0,0,0,1,4,NA,TRUE,0
"2345",5,"F",2,"Black","Middle",3,0,0,0,0,0,0,0,0,0,4,NA,FALSE,0
"2346",5,"M",2,"White","Middle",3,1,0,0,0,0,0,0,0,1,1,NA,TRUE,1
"2347",5,"M",2,"Black","Middle",3,0,0,0,0,0,0,0,0,0,3,1,FALSE,0
"2348",5,"M",2,"White","Middle",4,0,0,0,0,0,0,0,0,0,4,1,FALSE,0
"2349",5,"M",2,"Hispanic","Middle",3,0,0,NA,0,0,0,0,0,0,3,1,NA,0
"2350",4,"F",2,"Hispanic","Middle",4,0,0,0,0,0,0,0,0,0,4,1,FALSE,0
"2351",5,"M",2,"White","Middle",4,0,0,0,0,0,0,0,0,0,3,NA,FALSE,0
"2352",5,"F",2,"Hispanic","Middle",4,0,0,0,0,0,0,0,0,0,4,1,FALSE,0
"2353",5,"M",2,"Hispanic","Middle",3,0,0,0,0,0,0,0,0,0,3,1,FALSE,0
"2354",5,"M",2,"White","Middle",4,0,0,0,0,0,0,0,0,0,2,1,FALSE,1
"2355",4,"F",2,"White","Middle",4,0,0,0,0,0,0,0,0,0,4,1,FALSE,0
"2356",4,"F",2,"White","Middle",4,0,0,0,0,0,0,0,0,0,4,1,FALSE,0
"2357",4,"F",2,"Hispanic","Middle",1,0,0,0,0,0,0,0,0,0,1,NA,FALSE,1
"2358",4,"F",2,"NHOPI","Middle",4,0,0,0,0,0,0,0,0,0,4,NA,FALSE,0
"2359",5,"M",2,"White","Middle",4,0,0,0,0,0,0,0,0,0,3,NA,FALSE,0
"2360",4,"F",1,"Hispanic","Middle",4,0,0,0,0,0,0,0,0,0,4,1,FALSE,0
"2361",4,"M",1,"Hispanic","Middle",3,0,0,0,NA,NA,NA,NA,NA,0,3,1,NA,0
"2362",4,"M",1,"Hispanic","Middle",3,0,0,0,0,0,0,0,0,0,2,1,FALSE,1
"2363",4,"F",1,"Asian","Middle",4,0,0,0,0,0,0,0,0,0,4,1,FALSE,0
"2364",5,"M",2,"White","Middle",4,0,0,0,0,0,0,0,0,0,4,1,FALSE,0
"2365",5,"F",2,"Black","Middle",4,0,0,0,NA,NA,NA,NA,NA,0,4,1,NA,0
"2366",5,"F",2,"Hispanic","Middle",4,0,0,0,0,0,0,0,0,0,2,1,FALSE,1
"2367",4,"F",2,"White","Middle",4,0,0,0,0,0,0,0,0,0,4,NA,FALSE,0
"2368",5,"M",2,"White","Middle",4,0,0,0,0,0,0,0,0,0,4,1,FALSE,0
"2369",4,"M",2,"Hispanic","Middle",3,0,0,0,0,0,0,0,0,0,1,1,FALSE,1
"2370",5,"F",2,"Hispanic","Middle",4,0,0,0,0,0,0,0,0,0,2,NA,FALSE,1
"2371",4,"F",2,"Hispanic","Middle",4,0,0,0,0,0,0,0,0,0,4,1,FALSE,0
"2372",4,"M",1,NA,"Middle",3,0,0,0,0,0,0,0,0,0,3,NA,FALSE,0
"2373",4,"M",2,"Hispanic","Middle",4,0,0,0,NA,NA,NA,NA,NA,0,4,NA,NA,0
"2374",4,"M",2,"White","Middle",4,0,0,0,0,0,0,0,0,0,2,1,FALSE,1
"2375",4,"F",2,"White","Middle",4,0,0,0,0,0,0,0,0,0,1,NA,FALSE,1
"2376",5,"M",2,"Hispanic","Middle",3,0,0,0,0,0,0,0,0,0,2,1,FALSE,1
"2377",5,"M",2,"Hispanic","Middle",4,0,0,0,NA,NA,NA,NA,NA,0,4,1,NA,0
"2378",4,"F",2,"White","Middle",4,0,0,0,0,0,0,0,0,0,4,1,FALSE,0
"2379",4,"M",2,"White","Middle",4,0,0,0,0,0,0,0,0,0,2,NA,FALSE,1
"2380",4,"M",2,"White","Middle",4,0,0,0,0,0,0,0,0,0,4,1,FALSE,0
"2381",4,"F",1,"White","Middle",4,0,0,0,0,0,0,0,0,0,4,1,FALSE,0
"2382",4,"M",1,"White","Middle",4,0,0,0,0,0,0,0,0,0,3,NA,FALSE,0
"2383",7,"M",5,"Hispanic","High",4,0,0,0,0,0,0,0,0,0,2,1,FALSE,1
"2384",9,"M",6,"Hispanic","High",3,NA,NA,0,0,0,0,0,0,0,4,NA,NA,0
"2385",7,"M",5,NA,"High",NA,0,NA,0,NA,NA,NA,NA,NA,1,1,1,TRUE,1
"2386",10,"F",7,"Hispanic","High",4,NA,0,0,0,0,0,0,0,0,1,1,NA,1
"2387",9,"M",6,"White","High",3,NA,0,0,0,0,0,0,0,1,1,NA,TRUE,1
"2388",7,"F",5,"Hispanic","High",4,0,0,0,0,0,0,0,0,0,4,1,FALSE,0
"2389",7,"M",5,"Hispanic","High",3,1,0,0,0,0,0,0,0,0,4,1,TRUE,0
"2390",8,"F",6,"Hispanic","High",4,0,0,0,0,0,0,0,0,0,2,1,FALSE,1
"2391",10,"M",7,"Hispanic","High",3,0,0,0,0,0,0,0,0,0,2,NA,FALSE,1
"2392",11,"F",7,"Hispanic","High",1,0,0,0,0,0,0,0,0,0,2,NA,FALSE,1
"2393",9,"F",6,"Hispanic","High",4,0,0,0,0,0,1,0,0,0,2,1,TRUE,1
"2394",9,"F",7,"White","High",3,0,0,0,0,0,0,0,0,0,1,1,FALSE,1
"2395",9,"M",7,"Asian","High",4,0,0,0,0,0,0,0,0,0,2,1,FALSE,1
"2396",9,"F",6,"White","High",3,0,0,0,0,0,0,0,0,1,1,NA,TRUE,1
"2397",8,"M",7,"Hispanic","High",3,0,0,1,0,0,0,0,0,0,2,1,TRUE,1
"2398",9,"M",7,"Hispanic","High",4,0,0,0,0,0,0,0,0,0,2,NA,FALSE,1
"2399",9,"M",7,"Hispanic","High",2,0,0,0,0,0,0,0,0,0,4,1,FALSE,0
"2400",9,"M",6,"Hispanic","High",4,NA,0,0,0,0,0,0,0,0,2,1,NA,1
"2401",8,"F",5,"Hispanic","High",3,0,0,1,0,0,0,0,0,0,3,NA,TRUE,0
"2402",8,"F",6,"White","High",3,1,0,0,0,0,1,0,0,0,3,NA,TRUE,0
"2403",10,NA,7,"Hispanic","High",4,0,0,0,0,0,0,0,0,0,4,1,FALSE,0
"2404",8,"M",5,"Hispanic","High",4,0,0,0,0,0,0,0,0,0,2,1,FALSE,1
"2405",9,"F",6,"White","High",4,0,0,0,0,0,0,0,0,0,4,NA,FALSE,0
"2406",8,"M",6,"Hispanic","High",4,0,0,0,0,0,0,0,0,0,1,1,FALSE,1
"2407",8,"M",6,"Hispanic","High",4,0,0,0,0,0,0,0,0,0,4,1,FALSE,0
"2408",9,"F",7,"Black","High",3,0,0,0,0,0,0,0,0,0,1,NA,FALSE,1
"2409",8,"M",5,"White","High",3,0,0,0,0,0,0,0,0,0,1,1,FALSE,1
"2410",9,"F",6,"Hispanic","High",4,0,0,0,0,0,0,0,0,0,4,1,FALSE,0
"2411",8,"M",6,"Hispanic","High",4,0,0,0,0,0,0,0,0,0,4,NA,FALSE,0
"2412",9,"M",6,NA,"High",4,0,0,0,0,0,0,0,0,0,4,1,FALSE,0
"2413",11,"F",7,"White","High",4,0,0,0,0,0,0,0,0,0,3,1,FALSE,0
"2414",9,"F",6,NA,"High",3,0,0,0,0,0,0,0,0,0,2,NA,FALSE,1
"2415",11,"M",7,"White","High",3,0,0,0,0,0,0,0,0,0,4,NA,FALSE,0
"2416",8,"M",6,"Hispanic","High",3,0,0,0,0,0,0,0,0,0,1,NA,FALSE,1
"2417",9,"M",7,"Hispanic","High",4,1,0,0,0,0,0,0,0,0,1,NA,TRUE,1
"2418",7,"M",5,"Black","High",4,0,0,0,0,0,0,0,0,0,4,1,FALSE,0
"2419",9,"M",6,"Hispanic","High",3,1,0,0,0,0,0,0,0,1,1,1,TRUE,1
"2420",8,"M",6,"White","High",4,0,0,0,0,0,0,0,0,0,4,NA,FALSE,0
"2421",9,"M",7,"Hispanic","High",2,0,0,0,0,0,0,0,0,0,1,1,FALSE,1
"2422",9,"F",5,"Hispanic","High",3,0,0,0,0,0,0,0,0,0,1,NA,FALSE,1
"2423",9,"M",7,"Hispanic","High",4,0,0,0,0,0,0,0,0,0,4,NA,FALSE,0
"2424",8,"F",6,"White","High",4,0,0,0,0,0,0,0,0,0,4,NA,FALSE,0
"2425",9,"M",6,"Hispanic","High",3,0,0,0,0,0,0,0,0,0,1,1,FALSE,1
"2426",10,"F",7,"Black","High",2,0,0,0,0,0,0,0,0,0,4,NA,FALSE,0
"2427",8,"F",6,"White","High",4,0,0,0,NA,NA,NA,NA,NA,1,1,NA,TRUE,1
"2428",9,"M",6,"White","High",4,0,0,0,0,0,0,0,0,1,2,NA,TRUE,1
"2429",9,"F",6,"Hispanic","High",4,0,0,0,0,0,0,0,0,0,4,1,FALSE,0
"2430",7,"M",5,"Hispanic","High",4,NA,0,0,0,0,0,0,0,0,4,1,NA,0
"2431",10,"M",7,"Hispanic","High",2,0,0,0,0,0,0,0,0,1,1,NA,TRUE,1
"2432",8,"M",5,"Hispanic","High",3,0,0,0,0,0,0,0,0,0,3,1,FALSE,0
"2433",8,"M",6,"Hispanic","High",4,0,0,0,0,0,0,0,0,0,3,1,FALSE,0
"2434",8,"M",6,"Hispanic","High",4,1,0,0,0,0,1,0,0,0,1,1,TRUE,1
"2435",8,"F",6,"Hispanic","High",4,0,0,0,0,0,0,0,0,0,2,1,FALSE,1
"2436",9,"F",7,"Black","High",4,0,0,0,0,0,1,0,0,1,1,NA,TRUE,1
"2437",8,"M",6,"White","High",2,0,0,1,0,0,1,0,1,1,1,NA,TRUE,1
"2438",9,"F",7,"Hispanic","High",4,0,0,0,0,0,0,0,0,0,4,1,FALSE,0
"2439",9,"F",7,"Hispanic","High",3,0,0,0,0,0,0,0,0,0,4,1,FALSE,0
"2440",11,"F",6,"Hispanic","High",4,0,0,0,0,0,0,0,0,0,4,NA,FALSE,0
"2441",9,"M",6,"Hispanic","High",4,0,0,0,0,0,0,0,0,0,4,1,FALSE,0
"2442",9,"F",7,"White","High",4,0,0,0,0,0,0,0,0,0,1,NA,FALSE,1
"2443",9,"M",6,"Hispanic","High",3,0,0,0,0,0,0,0,0,0,3,1,FALSE,0
"2444",9,"M",6,"Hispanic","High",2,0,0,0,0,0,0,0,0,0,1,NA,FALSE,1
"2445",8,"M",5,"Hispanic","High",1,1,1,0,NA,NA,NA,NA,NA,0,1,NA,TRUE,1
"2446",7,"M",4,"Hispanic","High",4,0,0,0,0,0,0,0,0,1,1,1,TRUE,1
"2447",7,"M",4,"Hispanic","High",4,0,0,0,0,0,1,0,0,1,2,1,TRUE,1
"2448",7,"M",5,"Hispanic","High",3,0,0,0,0,0,0,0,0,0,2,1,FALSE,1
"2449",8,"M",5,"Hispanic","High",2,1,0,0,0,0,0,0,0,0,3,1,TRUE,0
"2450",10,"F",7,"White","High",4,0,0,0,0,0,0,0,0,0,4,NA,FALSE,0
"2451",6,"F",4,"Hispanic","High",2,1,NA,0,NA,NA,NA,NA,NA,0,4,NA,TRUE,0
"2452",8,"M",6,"White","High",1,1,NA,0,0,1,0,0,0,0,4,NA,TRUE,0
"2453",9,"M",6,"Hispanic","High",4,0,NA,0,0,0,0,0,0,0,1,NA,NA,1
"2454",10,"M",7,"Hispanic","High",4,0,0,0,0,0,0,0,0,0,4,1,FALSE,0
"2455",11,"M",1,"Hispanic","Middle",1,NA,1,1,1,1,1,1,1,1,1,1,TRUE,1
"2456",7,"F",4,"Hispanic","High",4,0,0,0,0,0,0,0,0,0,1,1,FALSE,1
"2457",7,"F",4,"White","High",2,0,0,0,0,0,1,0,0,1,1,NA,TRUE,1
"2458",7,"M",4,"White","High",4,NA,0,0,0,0,0,0,0,0,4,NA,NA,0
"2459",6,"M",4,"Black","High",4,0,0,0,0,0,0,0,0,0,4,1,FALSE,0
"2460",9,"M",6,"White","High",1,1,1,0,0,0,0,0,0,0,1,NA,TRUE,1
"2461",7,"M",4,NA,"High",4,0,0,0,0,0,0,0,0,0,4,NA,FALSE,0
"2462",8,"M",5,"Hispanic","High",4,0,0,0,0,0,0,0,0,0,4,NA,FALSE,0
"2463",8,"M",4,"Hispanic","High",4,NA,NA,0,0,0,0,0,0,NA,4,NA,NA,0
"2464",8,"M",NA,"Hispanic",NA,1,0,1,0,0,0,0,0,0,1,2,NA,TRUE,1
"2465",7,"M",5,"Hispanic","High",4,0,0,0,0,0,0,0,0,0,4,1,FALSE,0
"2466",8,"M",4,"Hispanic","High",3,1,1,NA,0,0,0,0,0,1,3,NA,TRUE,0
"2467",10,"M",6,"Hispanic","High",4,0,0,0,0,0,0,0,0,0,4,NA,FALSE,0
"2468",8,"F",6,"Hispanic","High",4,0,0,0,0,0,0,0,0,0,4,1,FALSE,0
"2469",10,"M",7,"Asian","High",3,0,NA,NA,0,1,0,0,0,0,3,NA,TRUE,0
"2470",9,"M",7,"Hispanic","High",1,0,1,0,0,0,1,0,0,0,1,NA,TRUE,1
"2471",8,"M",5,"Hispanic","High",4,0,0,0,0,0,0,0,0,0,4,NA,FALSE,0
"2472",7,"M",4,"Hispanic","High",4,0,0,0,NA,NA,NA,NA,NA,0,4,1,NA,0
"2473",8,"F",6,"Hispanic","High",4,0,0,0,0,0,0,0,0,0,1,NA,FALSE,1
"2474",9,"M",6,"Hispanic","High",4,0,0,0,0,0,0,0,0,0,4,1,FALSE,0
"2475",8,"M",6,"Hispanic","High",3,0,0,0,0,0,0,0,0,0,4,NA,FALSE,0
"2476",7,"F",5,"Hispanic","High",3,0,0,0,0,0,0,0,0,0,2,1,FALSE,1
"2477",7,"M",5,"Hispanic","High",4,0,0,0,0,0,0,0,0,0,4,1,FALSE,0
"2478",8,"F",5,"Hispanic","High",4,0,0,0,0,0,0,0,0,0,4,1,FALSE,0
"2479",8,"F",5,"Hispanic","High",3,0,0,0,0,0,0,0,0,0,2,NA,FALSE,1
"2480",8,"F",6,"Hispanic","High",4,0,0,0,0,0,0,0,0,0,1,1,FALSE,1
"2481",8,"F",5,"Hispanic","High",4,0,0,0,0,0,0,0,0,0,1,1,FALSE,1
"2482",9,"F",6,"Hispanic","High",4,0,0,0,0,0,0,0,0,1,1,NA,TRUE,1
"2483",8,"M",5,"Hispanic","High",4,0,0,0,0,0,0,0,0,0,2,1,FALSE,1
"2484",9,"F",6,"Hispanic","High",4,0,0,0,0,0,0,0,0,0,4,1,FALSE,0
"2485",8,"F",6,"Hispanic","High",4,0,0,0,0,0,1,0,0,1,1,1,TRUE,1
"2486",7,"M",5,"Hispanic","High",4,0,0,0,0,0,0,0,0,0,4,1,FALSE,0
"2487",7,"M",5,"Hispanic","High",3,0,0,0,0,0,0,0,0,0,2,1,FALSE,1
"2488",7,"F",5,"Hispanic","High",4,0,0,0,0,0,0,0,0,0,4,NA,FALSE,0
"2489",7,"M",5,"Hispanic","High",4,0,0,0,0,0,0,0,0,0,4,1,FALSE,0
"2490",9,"F",6,"Hispanic","High",4,0,0,0,0,0,0,0,0,0,4,1,FALSE,0
"2491",8,"M",6,NA,"High",4,0,0,0,0,0,0,0,0,0,4,1,FALSE,0
"2492",7,"M",5,"Hispanic","High",3,NA,0,0,0,0,0,1,0,1,1,NA,TRUE,1
"2493",8,"F",5,"Hispanic","High",4,0,0,0,0,0,0,0,0,0,4,NA,FALSE,0
"2494",7,"F",5,"Hispanic","High",4,0,0,0,0,0,0,0,0,0,2,1,FALSE,1
"2495",8,"F",6,"Asian","High",4,0,0,0,0,0,0,0,0,0,1,1,FALSE,1
"2496",7,"F",5,"Hispanic","High",3,0,0,0,0,0,0,0,0,0,1,1,FALSE,1
"2497",8,"F",5,"Hispanic","High",3,0,0,0,0,0,0,0,0,0,2,1,FALSE,1
"2498",10,"M",7,"Hispanic","High",3,0,0,1,0,0,1,0,0,0,3,NA,TRUE,0
"2499",6,"M",4,"Hispanic","High",3,1,NA,0,0,0,0,0,0,0,1,NA,TRUE,1
"2500",6,"F",4,"Hispanic","High",4,0,0,0,0,0,0,0,0,0,4,NA,FALSE,0
"2501",6,"F",4,"Hispanic","High",2,1,0,0,1,0,0,1,1,1,1,NA,TRUE,1
"2502",7,"F",4,"Hispanic","High",3,0,0,0,0,0,0,0,0,1,1,NA,TRUE,1
"2503",6,"F",4,NA,"High",4,0,0,0,0,0,0,0,0,0,1,1,FALSE,1
"2504",6,"F",4,NA,"High",4,0,0,0,0,0,0,0,0,0,4,1,FALSE,0
"2505",6,"F",4,"Hispanic","High",3,0,0,0,0,0,1,0,0,1,1,NA,TRUE,1
"2506",6,"M",4,"Hispanic","High",4,0,0,0,0,0,0,0,0,0,4,1,FALSE,0
"2507",7,"F",4,"Hispanic","High",4,0,0,0,0,0,0,0,0,0,4,1,FALSE,0
"2508",7,"F",4,"White","High",4,0,0,0,0,0,0,0,0,0,4,1,FALSE,0
"2509",9,"F",7,"Black","High",4,0,0,0,0,0,0,0,0,0,4,1,FALSE,0
"2510",9,"F",7,"Hispanic","High",4,0,0,0,0,0,0,0,0,0,4,1,FALSE,0
"2511",7,"F",4,"Hispanic","High",4,0,0,0,0,0,0,0,0,0,4,1,FALSE,0
"2512",6,"F",4,"Hispanic","High",4,0,0,0,0,0,0,0,0,0,4,1,FALSE,0
"2513",9,"M",7,"Hispanic","High",4,0,0,0,0,0,0,0,0,0,4,1,FALSE,0
"2514",6,"F",4,"White","High",4,0,0,0,NA,NA,NA,NA,NA,0,4,NA,NA,0
"2515",6,"F",4,"Hispanic","High",4,0,0,0,0,0,0,0,0,0,3,1,FALSE,0
"2516",6,"F",4,"Hispanic","High",4,0,0,0,0,0,0,0,0,0,2,1,FALSE,1
"2517",6,"M",4,"Hispanic","High",4,0,0,0,0,0,0,0,0,0,4,1,FALSE,0
"2518",7,"M",4,"White","High",4,0,0,0,0,0,0,0,0,0,4,NA,FALSE,0
"2519",6,"M",4,"Hispanic","High",4,0,0,0,0,0,0,0,0,0,4,NA,FALSE,0
"2520",7,"M",4,"Hispanic","High",4,0,0,0,0,0,0,0,0,0,4,NA,FALSE,0
"2521",6,"M",4,"Hispanic","High",3,0,0,0,0,0,0,0,0,0,3,1,FALSE,0
"2522",6,"M",4,"Hispanic","High",4,0,0,0,0,0,0,0,0,0,4,1,FALSE,0
"2523",7,"M",4,"Hispanic","High",3,0,0,0,0,0,0,0,0,0,4,1,FALSE,0
"2524",6,"F",4,"Hispanic","High",3,0,0,0,0,0,0,0,0,0,2,1,FALSE,1
"2525",6,"F",4,"Hispanic","High",4,0,0,0,NA,NA,NA,NA,NA,0,4,NA,NA,0
"2526",6,"F",4,"Hispanic","High",4,0,0,0,0,0,0,0,0,0,4,1,FALSE,0
"2527",7,"F",4,"Hispanic","High",4,0,0,0,NA,NA,NA,NA,NA,0,4,NA,NA,0
"2528",10,"F",7,"Hispanic","High",4,0,0,0,0,0,0,0,0,0,2,1,FALSE,1
"2529",9,"F",7,"Hispanic","High",2,0,0,0,0,0,1,0,0,1,2,NA,TRUE,1
"2530",10,"F",7,"White","High",4,0,0,0,0,0,1,0,0,0,2,NA,TRUE,1
"2531",10,"F",7,"Black","High",2,0,0,0,0,0,0,0,0,0,2,1,FALSE,1
"2532",10,"M",7,"Hispanic","High",3,0,0,0,0,0,1,0,0,1,1,NA,TRUE,1
"2533",9,"M",7,"Hispanic","High",3,NA,NA,0,0,0,1,0,0,0,2,NA,TRUE,1
"2534",10,"M",7,"AI/AN","High",2,0,1,1,0,0,1,0,0,1,1,1,TRUE,1
"2535",10,"M",7,"Hispanic","High",4,0,0,0,0,0,0,0,0,0,1,1,FALSE,1
"2536",7,"F",5,"Hispanic","High",4,0,0,0,0,0,0,0,0,0,4,1,FALSE,0
"2537",7,"F",5,"Hispanic","High",4,0,0,0,0,0,0,0,0,0,4,1,FALSE,0
"2538",7,"M",5,"Hispanic","High",4,0,0,0,0,0,0,0,0,0,2,1,FALSE,1
"2539",7,"M",5,"Hispanic","High",4,0,0,0,0,0,0,0,0,0,4,1,FALSE,0
"2540",9,"F",7,"Hispanic","High",4,0,0,0,0,0,1,0,0,0,2,NA,TRUE,1
"2541",9,"F",6,"Hispanic","High",4,0,0,0,0,0,1,0,0,1,2,1,TRUE,1
"2542",11,"F",7,"Hispanic","High",4,0,0,0,0,0,0,0,0,0,4,1,FALSE,0
"2543",9,NA,7,"White","High",4,0,0,0,0,0,0,0,0,0,2,NA,FALSE,1
"2544",9,"F",7,NA,"High",4,0,0,0,0,0,0,0,0,0,4,1,FALSE,0
"2545",8,"F",6,"White","High",4,0,0,0,0,0,0,0,0,0,4,1,FALSE,0
"2546",8,"F",6,"Hispanic","High",4,0,0,0,0,0,0,0,0,0,4,1,FALSE,0
"2547",9,"F",7,"Hispanic","High",4,0,0,0,0,0,0,0,0,0,2,1,FALSE,1
"2548",10,"M",7,"White","High",3,0,0,0,0,0,0,0,0,0,2,NA,FALSE,1
"2549",8,"F",6,"White","High",3,0,0,0,0,0,0,0,0,0,1,1,FALSE,1
"2550",9,"F",7,"Hispanic","High",4,0,0,0,0,0,0,0,0,0,2,NA,FALSE,1
"2551",9,"F",6,"Hispanic","High",4,0,0,0,0,0,0,0,0,0,4,1,FALSE,0
"2552",9,"M",6,"White","High",3,0,0,0,0,0,0,0,0,0,4,NA,FALSE,0
"2553",8,"M",6,"White","High",4,0,0,0,0,0,0,0,0,0,4,1,FALSE,0
"2554",8,"F",6,"Hispanic","High",3,0,0,0,0,0,0,0,0,0,2,NA,FALSE,1
"2555",7,"F",5,"Hispanic","High",2,0,0,0,0,0,0,0,0,0,1,NA,FALSE,1
"2556",8,"F",5,"Black","High",4,0,0,0,0,0,0,0,0,0,4,1,FALSE,0
"2557",7,"M",4,"Hispanic","High",4,0,NA,0,0,0,0,0,0,0,3,NA,NA,0
"2558",8,"M",5,"Hispanic","High",4,0,0,0,0,0,0,0,0,0,4,1,FALSE,0
"2559",10,"F",7,"Hispanic","High",4,0,0,0,0,0,0,0,0,0,4,1,FALSE,0
"2560",9,"F",6,"Asian","High",4,0,0,0,0,0,0,0,0,0,4,NA,FALSE,0
"2561",7,"F",5,"Hispanic","High",4,0,0,0,0,0,0,0,0,0,4,1,FALSE,0
"2562",7,"F",5,"Hispanic","High",4,0,0,NA,NA,NA,NA,NA,NA,NA,4,1,NA,0
"2563",8,"F",5,"Hispanic","High",4,0,0,0,0,0,0,0,0,0,1,NA,FALSE,1
"2564",8,"F",5,"Hispanic","High",4,0,0,0,0,0,0,0,0,0,2,NA,FALSE,1
"2565",9,"F",7,"Hispanic","High",3,1,0,0,0,0,1,0,0,0,1,NA,TRUE,1
"2566",7,"F",5,"Hispanic","High",4,0,0,0,0,0,1,0,0,1,1,NA,TRUE,1
"2567",7,"F",5,"Hispanic","High",2,0,0,0,0,0,0,0,0,1,1,NA,TRUE,1
"2568",8,"F",5,"Hispanic","High",4,0,0,0,0,0,0,0,0,0,4,1,FALSE,0
"2569",7,"M",5,"Hispanic","High",4,0,0,0,0,0,0,0,0,0,4,1,FALSE,0
"2570",9,"F",7,"Black","High",4,0,0,0,0,0,0,0,0,0,2,1,FALSE,1
"2571",10,"F",7,"Hispanic","High",4,0,0,0,0,0,0,0,0,0,3,1,FALSE,0
"2572",10,"F",7,"Hispanic","High",4,0,0,0,0,0,0,0,0,1,2,NA,TRUE,1
"2573",10,"M",7,"Hispanic","High",4,0,0,0,0,0,0,0,0,1,1,NA,TRUE,1
"2574",10,"M",7,"Hispanic","High",NA,0,0,0,0,0,0,0,0,0,3,1,FALSE,0
"2575",9,"M",7,"Hispanic","High",4,0,0,0,0,0,0,0,0,0,4,1,FALSE,0
"2576",9,"M",7,"Hispanic","High",4,0,0,0,0,0,0,0,0,0,4,1,FALSE,0
"2577",9,"M",7,"Hispanic","High",1,0,0,0,0,0,0,0,0,0,1,1,FALSE,1
"2578",9,"F",6,"White","High",3,0,0,0,0,0,0,0,0,0,4,1,FALSE,0
"2579",9,"F",7,"Hispanic","High",4,0,0,0,0,0,0,0,0,0,2,1,FALSE,1
"2580",11,"F",7,"Hispanic","High",NA,0,NA,NA,0,0,0,0,0,NA,NA,1,NA,NA
"2581",10,"F",7,"Hispanic","High",3,0,0,0,0,0,0,0,0,0,2,1,FALSE,1
"2582",9,"F",7,"White","High",4,0,0,0,0,0,1,0,0,0,2,NA,TRUE,1
"2583",9,"M",7,"Hispanic","High",3,0,0,0,NA,NA,NA,NA,NA,0,4,1,NA,0
"2584",8,"M",6,"Hispanic","High",4,0,0,0,0,0,0,0,0,0,4,1,FALSE,0
"2585",9,"F",6,"White","High",4,0,0,0,0,0,0,0,0,0,4,1,FALSE,0
"2586",9,"F",6,"Hispanic","High",4,0,0,0,0,0,0,0,0,0,4,1,FALSE,0
"2587",8,"F",6,"Hispanic","High",3,0,0,0,0,0,0,0,0,0,1,NA,FALSE,1
"2588",9,"F",6,"Hispanic","High",4,0,0,0,0,0,0,0,0,0,4,1,FALSE,0
"2589",9,"F",7,"White","High",2,1,1,1,0,0,1,0,0,1,1,1,TRUE,1
"2590",7,"M",5,"Hispanic","High",4,0,0,0,0,0,0,0,0,0,3,1,FALSE,0
"2591",7,"M",5,"Hispanic","High",3,0,0,0,0,0,0,0,0,0,4,1,FALSE,0
"2592",9,"M",5,"Hispanic","High",4,0,0,0,0,0,0,0,0,0,4,1,FALSE,0
"2593",8,"M",5,"Hispanic","High",3,0,0,0,0,0,0,0,0,0,4,1,FALSE,0
"2594",10,"F",7,"Hispanic","High",4,0,0,0,0,0,1,0,0,0,1,NA,TRUE,1
"2595",8,"F",6,"Asian","High",4,0,0,0,0,0,0,0,0,0,4,NA,FALSE,0
"2596",9,"F",6,"Hispanic","High",4,0,0,0,0,0,0,0,0,0,1,NA,FALSE,1
"2597",8,"F",6,"Hispanic","High",3,0,0,0,0,0,0,0,0,0,2,1,FALSE,1
"2598",8,"F",6,NA,"High",4,0,0,0,0,0,0,0,0,0,2,NA,FALSE,1
"2599",8,"M",6,"Hispanic","High",2,0,0,0,0,0,1,0,0,0,4,NA,TRUE,0
"2600",8,"M",6,"Hispanic","High",3,0,0,0,0,0,0,0,0,0,3,1,FALSE,0
"2601",9,"F",6,"Hispanic","High",4,0,0,0,0,0,0,0,0,0,4,1,FALSE,0
"2602",10,"M",7,"Hispanic","High",4,0,0,0,0,0,0,0,0,0,1,1,FALSE,1
"2603",9,"M",7,"Hispanic","High",3,0,0,0,0,0,0,0,0,0,3,1,FALSE,0
"2604",10,"F",7,"Hispanic","High",4,0,0,0,0,0,0,0,0,0,4,NA,FALSE,0
"2605",9,"F",7,"Hispanic","High",4,0,0,0,0,0,0,0,0,0,4,1,FALSE,0
"2606",9,"M",7,"Hispanic","High",4,0,0,0,0,0,0,0,0,0,4,1,FALSE,0
"2607",9,"F",7,"Hispanic","High",4,0,0,0,0,0,0,0,0,0,4,NA,FALSE,0
"2608",9,"M",7,"White","High",2,0,0,0,0,0,0,0,0,0,2,NA,FALSE,1
"2609",9,"F",7,"Hispanic","High",3,0,0,0,0,0,1,0,0,0,1,1,TRUE,1
"2610",9,"F",7,"Black","High",4,0,0,0,0,0,0,0,0,0,4,1,FALSE,0
"2611",9,"F",7,"Hispanic","High",4,0,0,0,0,0,0,0,0,0,4,NA,FALSE,0
"2612",6,"M",4,"White","High",4,0,0,0,0,0,0,0,0,0,1,NA,FALSE,1
"2613",7,"M",4,"Hispanic","High",3,0,0,0,0,0,0,0,0,0,3,1,FALSE,0
"2614",7,"F",4,"Hispanic","High",4,NA,NA,NA,NA,NA,NA,NA,NA,NA,2,NA,NA,1
"2615",9,"F",6,"Black","High",4,0,0,0,0,0,0,0,0,0,2,1,FALSE,1
"2616",8,"M",6,"Hispanic","High",3,0,0,0,0,0,0,0,0,0,3,1,FALSE,0
"2617",9,"F",6,"Hispanic","High",4,0,0,0,0,0,0,0,0,0,4,NA,FALSE,0
"2618",6,"F",4,"Hispanic","High",4,0,0,0,NA,NA,NA,NA,NA,0,4,1,NA,0
"2619",7,"M",4,"Hispanic","High",3,0,0,0,0,0,0,0,0,0,3,1,FALSE,0
"2620",8,"M",6,"Hispanic","High",4,0,0,0,0,0,0,0,0,0,4,1,FALSE,0
"2621",6,"M",4,"Hispanic","High",3,0,0,0,0,0,0,0,0,0,2,NA,FALSE,1
"2622",7,"F",4,"White","High",4,0,0,0,0,0,0,0,0,0,4,1,FALSE,0
"2623",8,"F",6,"Hispanic","High",4,0,0,0,0,0,0,0,0,0,4,1,FALSE,0
"2624",6,"M",4,"Hispanic","High",4,0,NA,0,0,0,1,0,0,1,1,1,TRUE,1
"2625",6,"F",4,"Hispanic","High",3,0,0,0,0,0,0,0,0,0,2,1,FALSE,1
"2626",7,"F",4,"Hispanic","High",3,0,0,0,NA,NA,NA,NA,NA,0,1,NA,NA,1
"2627",7,"M",4,"White","High",3,0,0,0,0,0,0,0,0,0,3,NA,FALSE,0
"2628",6,"F",4,"Hispanic","High",4,0,0,0,0,0,0,0,0,0,2,NA,FALSE,1
"2629",7,"F",4,"Hispanic","High",3,0,0,0,0,0,0,0,0,0,2,NA,FALSE,1
"2630",7,"F",4,"Hispanic","High",4,0,0,0,0,0,0,0,0,0,1,NA,FALSE,1
"2631",6,"F",4,"Hispanic","High",4,0,0,0,0,0,0,0,0,0,4,1,FALSE,0
"2632",6,"F",4,"Hispanic","High",4,0,0,0,0,0,0,0,0,0,4,1,FALSE,0
"2633",4,"F",4,"Hispanic","High",4,0,0,0,NA,NA,NA,NA,NA,0,4,1,NA,0
"2634",6,"F",4,"Hispanic","High",4,0,0,0,0,0,0,0,0,0,4,1,FALSE,0
"2635",7,"M",4,"Hispanic","High",4,0,0,0,0,0,0,0,0,0,4,NA,FALSE,0
"2636",6,"F",4,"Hispanic","High",4,0,0,0,0,0,0,0,0,0,2,1,FALSE,1
"2637",7,"M",4,"White","High",2,0,0,0,0,0,0,0,0,0,4,NA,FALSE,0
"2638",7,"F",4,"Hispanic","High",4,0,0,0,0,0,0,0,0,0,4,NA,FALSE,0
"2639",6,"M",4,"Hispanic","High",4,0,0,0,0,0,0,0,0,0,4,1,FALSE,0
"2640",6,"M",4,"Hispanic","High",4,0,0,0,0,0,0,0,0,0,4,1,FALSE,0
"2641",7,"M",4,"Hispanic","High",4,0,0,0,0,0,0,0,0,0,4,1,FALSE,0
"2642",8,"F",6,"Hispanic","High",4,0,0,0,0,0,0,0,0,0,4,1,FALSE,0
"2643",8,"F",6,"Hispanic","High",3,0,0,0,0,0,0,0,0,0,2,1,FALSE,1
"2644",8,"F",6,"White","High",4,0,0,0,0,0,0,0,0,0,4,NA,FALSE,0
"2645",9,"F",6,"White","High",4,0,0,0,0,0,0,0,0,0,4,NA,FALSE,0
"2646",8,"F",5,"Hispanic","High",4,0,0,0,0,0,0,0,0,0,1,NA,FALSE,1
"2647",7,"F",5,"Hispanic","High",4,0,0,0,0,0,0,0,0,0,4,1,FALSE,0
"2648",8,"F",5,"Black","High",4,0,0,0,0,0,0,0,0,0,4,1,FALSE,0
"2649",8,"M",6,"Hispanic","High",2,0,0,0,NA,NA,NA,NA,NA,0,3,NA,NA,0
"2650",9,"F",6,"Hispanic","High",3,0,0,0,0,0,0,0,0,0,2,NA,FALSE,1
"2651",8,"F",6,NA,"High",4,0,0,0,0,0,0,0,0,0,4,1,FALSE,0
"2652",7,"M",5,"Hispanic","High",4,0,0,0,0,0,0,0,0,0,4,1,FALSE,0
"2653",8,"F",5,"Hispanic","High",4,0,0,0,0,0,0,0,0,0,4,1,FALSE,0
"2654",7,"F",5,"Hispanic","High",4,0,0,0,0,0,0,0,0,0,4,1,FALSE,0
"2655",7,"F",5,"Hispanic","High",4,0,0,0,0,0,0,0,0,0,4,NA,FALSE,0
"2656",9,"M",6,"Hispanic","High",4,0,0,0,0,0,0,0,0,0,4,1,FALSE,0
"2657",9,"M",6,"Hispanic","High",4,0,0,0,0,0,0,0,0,0,4,1,FALSE,0
"2658",9,"M",6,"Hispanic","High",4,0,0,0,0,0,0,0,0,0,4,1,FALSE,0
"2659",8,"F",6,"Hispanic","High",3,0,0,0,0,0,0,0,0,0,3,1,FALSE,0
"2660",7,"M",5,"White","High",2,0,0,0,0,0,0,0,0,0,1,1,FALSE,1
"2661",7,"F",5,"White","High",4,0,0,0,0,0,0,0,0,0,4,1,FALSE,0
"2662",7,"M",5,"White","High",4,0,0,0,0,0,0,0,0,0,2,1,FALSE,1
"2663",7,"M",5,"White","High",4,0,0,0,0,0,0,0,0,0,4,1,FALSE,0
"2664",7,"M",5,"White","High",4,0,0,0,0,0,0,0,0,0,4,1,FALSE,0
"2665",8,"M",5,"Hispanic","High",4,0,0,0,0,0,0,0,0,0,4,1,FALSE,0
"2666",9,"F",6,"Black","High",4,0,0,0,0,0,0,0,0,0,2,1,FALSE,1
"2667",9,"M",6,"White","High",4,0,0,0,0,0,0,0,0,0,4,1,FALSE,0
"2668",8,"M",6,"Hispanic","High",4,0,0,0,0,0,0,0,0,0,4,1,FALSE,0
"2669",8,"F",4,"Hispanic","High",4,0,0,0,0,0,0,0,0,0,3,1,FALSE,0
"2670",9,"F",7,"NHOPI","High",4,0,0,0,0,0,0,0,0,0,2,1,FALSE,1
"2671",10,"F",7,"Hispanic","High",4,0,0,0,0,0,0,0,0,0,4,NA,FALSE,0
"2672",10,"F",7,"Hispanic","High",3,0,0,0,0,0,0,0,0,0,2,1,FALSE,1
"2673",10,"F",7,"Hispanic","High",4,0,0,0,0,0,0,0,0,0,4,1,FALSE,0
"2674",9,"F",6,"Hispanic","High",2,0,1,0,0,0,0,0,0,0,1,NA,TRUE,1
"2675",9,"M",6,"Hispanic","High",3,0,0,0,0,0,0,0,0,0,2,NA,FALSE,1
"2676",8,"M",6,"Hispanic","High",1,1,0,0,1,1,1,1,1,0,1,NA,TRUE,1
"2677",8,"F",6,"Asian","High",2,1,0,0,1,0,0,0,0,0,1,1,TRUE,1
"2678",9,"F",5,"Hispanic","High",1,0,0,0,0,0,0,0,0,0,1,1,FALSE,1
"2679",9,"M",6,"Black","High",3,0,0,0,0,0,0,0,0,0,1,NA,FALSE,1
"2680",9,"F",6,"Hispanic","High",3,0,0,0,0,0,1,0,0,1,1,NA,TRUE,1
"2681",8,"M",6,"Hispanic","High",4,0,0,0,0,0,0,0,0,0,1,1,FALSE,1
"2682",9,"F",6,"White","High",4,0,0,0,0,0,0,0,0,0,2,1,FALSE,1
"2683",11,"M",7,"Asian","High",4,1,0,0,0,0,0,0,0,1,4,NA,TRUE,0
"2684",10,"M",7,"Hispanic","High",3,0,0,0,0,0,0,0,0,0,2,NA,FALSE,1
"2685",9,"M",7,"Hispanic","High",4,0,0,0,0,0,0,0,0,0,1,1,FALSE,1
"2686",10,"F",7,"Hispanic","High",4,0,0,0,0,0,0,0,0,0,4,1,FALSE,0
"2687",9,"M",7,"Black","High",4,0,0,0,0,0,0,0,0,0,1,1,FALSE,1
"2688",10,"M",7,"Hispanic","High",3,NA,0,0,0,0,0,0,0,0,1,1,NA,1
"2689",10,"M",7,"Hispanic","High",4,0,0,0,0,0,1,0,0,1,1,NA,TRUE,1
"2690",9,"M",7,"White","High",4,0,0,0,1,0,0,0,0,1,1,NA,TRUE,1
"2691",9,"F",6,"Hispanic","High",3,0,0,0,0,0,0,0,0,1,2,NA,TRUE,1
"2692",8,"F",6,"Hispanic","High",3,0,0,0,0,0,0,0,0,0,2,NA,FALSE,1
"2693",8,"F",6,"Hispanic","High",3,0,0,0,0,0,0,0,0,0,2,1,FALSE,1
"2694",8,"F",6,"Hispanic","High",3,1,0,0,0,0,0,0,0,0,3,1,TRUE,0
"2695",10,"F",7,"Hispanic","High",3,0,0,0,0,0,1,0,0,0,3,1,TRUE,0
"2696",8,"F",6,"Hispanic","High",3,0,0,0,0,0,0,0,0,0,2,1,FALSE,1
"2697",10,"F",7,"Hispanic","High",4,0,0,0,0,0,0,0,0,0,1,NA,FALSE,1
"2698",10,"F",7,"Black","High",3,1,1,0,0,0,0,0,0,0,2,NA,TRUE,1
"2699",9,"F",7,"Hispanic","High",3,0,0,0,0,0,0,0,0,0,4,NA,FALSE,0
"2700",10,"F",7,"White","High",4,0,0,0,0,0,0,0,0,0,3,1,FALSE,0
"2701",9,"M",7,"Hispanic","High",4,0,0,0,0,0,0,0,0,0,4,NA,FALSE,0
"2702",9,"M",6,"White","High",4,0,0,0,0,0,0,0,0,0,3,1,FALSE,0
"2703",9,"M",6,"Hispanic","High",4,0,0,0,0,0,0,0,0,0,1,1,FALSE,1
"2704",9,"F",6,NA,"High",4,0,0,0,0,0,0,0,0,0,4,1,FALSE,0
"2705",8,"F",5,"Black","High",4,0,0,0,0,0,0,0,0,0,2,NA,FALSE,1
"2706",8,"F",5,"White","High",2,1,0,0,0,0,0,0,0,0,1,NA,TRUE,1
"2707",7,"F",5,"Hispanic","High",4,0,0,0,0,0,0,0,0,0,4,1,FALSE,0
"2708",6,"M",5,"Hispanic","High",4,0,0,0,0,0,0,0,0,0,4,1,FALSE,0
"2709",7,"M",5,"White","High",4,0,0,0,0,0,0,0,0,0,4,1,FALSE,0
"2710",8,"F",5,"Black","High",4,0,0,0,0,0,0,0,0,0,4,NA,FALSE,0
"2711",8,"M",5,"White","High",4,0,0,0,0,0,0,0,0,0,4,1,FALSE,0
"2712",8,"M",5,"Black","High",4,0,0,0,0,0,0,0,0,0,2,1,FALSE,1
"2713",7,"M",5,"Hispanic","High",4,0,0,0,0,0,0,0,0,0,4,NA,FALSE,0
"2714",7,"M",5,"Hispanic","High",3,0,0,0,0,0,0,0,0,0,2,1,FALSE,1
"2715",10,"M",7,"Hispanic","High",4,0,0,0,0,0,0,0,0,0,2,1,FALSE,1
"2716",10,"F",7,"White","High",4,0,0,0,0,0,0,0,0,0,1,1,FALSE,1
"2717",9,"M",7,"White","High",3,0,0,0,0,0,1,0,0,1,2,NA,TRUE,1
"2718",10,"F",7,"Hispanic","High",4,0,0,0,0,0,0,0,0,0,4,1,FALSE,0
"2719",9,"F",7,"Hispanic","High",4,0,0,0,0,0,0,0,0,0,2,1,FALSE,1
"2720",8,"M",6,"Hispanic","High",4,0,0,0,0,0,0,0,0,0,3,NA,FALSE,0
"2721",8,"M",6,"White","High",4,0,0,0,0,0,0,0,0,0,2,1,FALSE,1
"2722",9,"M",7,"White","High",4,0,0,0,0,0,0,0,0,0,2,NA,FALSE,1
"2723",10,"F",7,"Hispanic","High",4,0,0,0,0,0,1,0,0,0,1,1,TRUE,1
"2724",9,"F",7,"White","High",4,0,0,0,0,0,0,0,0,0,4,1,FALSE,0
"2725",9,"F",7,"Hispanic","High",4,0,0,0,0,0,0,0,0,0,3,1,FALSE,0
"2726",9,"F",7,"AI/AN","High",4,0,0,0,0,0,0,0,0,0,4,NA,FALSE,0
"2727",10,"M",7,"Hispanic","High",3,0,0,0,0,0,0,0,0,0,2,1,FALSE,1
"2728",9,"M",7,"Hispanic","High",2,0,0,0,0,0,0,0,0,0,1,NA,FALSE,1
"2729",10,"M",7,NA,"High",1,1,NA,0,0,0,0,1,0,1,1,1,TRUE,1
"2730",10,"M",7,"Hispanic","High",1,NA,NA,0,0,0,0,0,0,1,4,1,TRUE,0
"2731",9,"F",6,"Hispanic","High",4,0,0,0,0,0,0,0,0,0,4,1,FALSE,0
"2732",7,"F",5,"Hispanic","High",4,0,0,0,0,0,0,0,0,0,2,1,FALSE,1
"2733",7,"F",5,"Hispanic","High",4,0,0,0,0,0,1,0,0,1,1,NA,TRUE,1
"2734",8,"F",5,"White","High",4,0,0,0,0,0,0,0,0,0,4,1,FALSE,0
"2735",7,"M",5,"Hispanic","High",4,0,0,0,0,0,0,0,0,0,4,1,FALSE,0
"2736",8,"M",5,"NHOPI","High",4,0,0,0,0,0,0,0,0,0,4,1,FALSE,0
"2737",9,"M",5,"Hispanic","High",4,NA,0,0,0,0,0,0,0,0,1,NA,NA,1
"2738",9,"F",7,"Black","High",4,0,0,0,0,0,0,0,0,0,2,1,FALSE,1
"2739",7,"M",5,NA,"High",4,0,0,0,NA,NA,NA,NA,NA,0,4,1,NA,0
"2740",8,"F",5,"Hispanic","High",4,0,0,0,0,0,0,0,0,0,4,1,FALSE,0
"2741",8,"F",6,"White","High",2,0,0,0,0,0,1,0,0,1,1,NA,TRUE,1
"2742",9,"F",6,"White","High",3,0,0,0,0,0,0,0,0,0,1,NA,FALSE,1
"2743",7,"M",6,"Asian","High",4,0,0,0,0,0,0,0,0,0,3,1,FALSE,0
"2744",9,"M",6,"Hispanic","High",4,0,0,0,0,0,0,0,0,0,4,1,FALSE,0
"2745",9,"M",6,NA,"High",4,0,0,0,0,0,0,0,0,0,4,1,FALSE,0
"2746",9,"F",6,"Hispanic","High",3,0,0,0,0,0,0,0,0,0,2,1,FALSE,1
"2747",8,"M",6,"White","High",4,0,0,0,NA,NA,NA,NA,NA,0,4,1,NA,0
"2748",8,"M",6,"Hispanic","High",3,0,0,0,0,0,0,0,0,0,3,1,FALSE,0
"2749",8,"F",6,"Hispanic","High",4,0,0,0,0,0,0,0,0,0,4,1,FALSE,0
"2750",9,"M",6,"Black","High",3,1,NA,0,0,0,0,0,0,1,1,1,TRUE,1
"2751",9,"M",6,"Hispanic","High",4,0,0,0,0,0,0,0,0,0,3,1,FALSE,0
"2752",8,"F",6,NA,"High",3,0,0,0,0,0,0,0,0,0,1,NA,FALSE,1
"2753",8,"M",6,"White","High",1,0,1,0,0,0,0,0,0,1,1,1,TRUE,1
"2754",8,"F",6,"Hispanic","High",4,0,0,0,0,0,0,0,0,0,2,1,FALSE,1
"2755",9,"M",6,"Hispanic","High",4,0,0,0,0,0,0,0,0,0,4,1,FALSE,0
"2756",9,"M",6,"White","High",4,1,0,0,0,0,0,0,0,0,2,1,TRUE,1
"2757",9,"F",7,"Hispanic","High",4,0,0,0,0,0,0,0,0,0,1,1,FALSE,1
"2758",10,"M",7,"Hispanic","High",2,1,0,0,0,0,0,0,0,1,1,1,TRUE,1
"2759",10,"M",7,NA,"High",3,0,0,NA,0,0,0,0,0,0,4,1,NA,0
"2760",9,"F",7,"Black","High",4,0,0,0,0,0,0,0,0,0,4,1,FALSE,0
"2761",10,"M",7,"Black","High",3,0,0,0,0,0,0,0,0,0,3,1,FALSE,0
"2762",10,"M",7,"Black","High",4,0,0,0,0,0,0,0,0,0,4,1,FALSE,0
"2763",9,"F",7,"Hispanic","High",4,0,0,0,0,0,0,0,0,0,4,NA,FALSE,0
"2764",9,"M",7,"White","High",2,0,0,1,0,0,0,0,0,0,4,1,TRUE,0
"2765",9,"F",7,"White","High",3,0,0,0,0,0,0,0,0,0,2,1,FALSE,1
"2766",10,"F",7,"White","High",2,0,0,0,0,0,0,0,0,1,1,1,TRUE,1
"2767",9,"M",7,"Hispanic","High",2,0,1,0,0,0,0,0,0,0,1,NA,TRUE,1
"2768",10,"F",7,"Hispanic","High",4,0,0,0,0,0,0,0,0,0,3,1,FALSE,0
"2769",9,"F",7,"Hispanic","High",4,0,0,0,0,0,0,0,0,0,4,1,FALSE,0
"2770",9,"M",7,"Black","High",2,0,0,0,0,0,0,0,0,0,1,1,FALSE,1
"2771",10,"M",7,"Hispanic","High",3,0,0,0,0,0,0,0,0,0,1,1,FALSE,1
"2772",9,"F",7,"Asian","High",4,0,0,0,0,0,0,0,0,0,4,NA,FALSE,0
"2773",8,"F",6,"Hispanic","High",4,0,0,0,0,0,0,0,0,0,3,1,FALSE,0
"2774",9,"M",6,"White","High",3,1,1,0,0,0,0,0,0,1,1,1,TRUE,1
"2775",8,"M",6,"Asian","High",3,0,0,0,0,0,0,0,0,0,1,NA,FALSE,1
"2776",8,"F",6,"Black","High",4,0,0,0,0,0,0,0,0,0,3,1,FALSE,0
"2777",9,"F",6,"White","High",4,0,0,0,0,0,0,0,0,0,1,NA,FALSE,1
"2778",9,"F",6,"Hispanic","High",3,NA,0,0,0,0,0,0,0,0,4,1,NA,0
"2779",9,"M",6,"Hispanic","High",2,NA,NA,0,0,0,0,0,0,0,2,1,NA,1
"2780",7,"F",5,"Hispanic","High",4,0,0,0,0,0,0,0,0,0,4,1,FALSE,0
"2781",7,"M",5,"Hispanic","High",3,0,0,0,0,0,0,0,0,0,2,NA,FALSE,1
"2782",10,"M",7,"White","High",2,0,0,0,0,0,0,0,0,0,4,1,FALSE,0
"2783",7,"F",5,"Hispanic","High",4,0,0,0,0,0,0,0,0,0,4,NA,FALSE,0
"2784",8,"M",5,"Hispanic","High",3,0,0,0,0,0,0,0,0,0,4,1,FALSE,0
"2785",7,"M",5,"Hispanic","High",4,0,0,0,0,0,0,0,0,0,4,NA,FALSE,0
"2786",7,"M",5,"Hispanic","High",2,0,0,0,0,0,0,0,0,1,1,1,TRUE,1
"2787",7,"F",5,"White","High",4,0,0,0,0,0,0,0,0,0,4,1,FALSE,0
"2788",8,"M",5,"Hispanic","High",4,0,NA,NA,NA,NA,NA,NA,NA,NA,3,1,NA,0
"2789",8,"F",5,"Hispanic","High",4,0,0,0,0,0,0,0,0,1,2,1,TRUE,1
"2790",8,"F",5,"Hispanic","High",4,0,0,0,0,0,0,0,0,0,4,1,FALSE,0
"2791",8,"M",5,"Hispanic","High",4,0,0,0,0,0,0,0,0,1,2,NA,TRUE,1
"2792",7,"M",5,"Hispanic","High",4,0,0,0,0,0,0,0,0,1,1,NA,TRUE,1
"2793",7,"M",4,"NHOPI","High",3,0,0,0,0,0,0,0,0,0,2,1,FALSE,1
"2794",7,"M",4,"Hispanic","High",2,1,0,0,0,0,0,0,0,1,1,1,TRUE,1
"2795",8,"M",6,"Hispanic","High",4,0,0,0,0,0,0,0,0,0,4,NA,FALSE,0
"2796",6,"M",4,NA,"High",3,0,0,0,0,0,0,0,0,0,1,NA,FALSE,1
"2797",7,"F",4,"White","High",4,0,0,0,0,0,0,0,0,0,2,1,FALSE,1
"2798",6,"F",4,"White","High",4,0,0,0,0,0,0,0,0,0,3,NA,FALSE,0
"2799",6,"M",4,"Hispanic","High",4,0,0,0,0,0,0,0,0,0,2,1,FALSE,1
"2800",6,"F",4,"Hispanic","High",4,NA,NA,NA,NA,NA,NA,NA,NA,NA,3,1,NA,0
"2801",7,"M",4,"Hispanic","High",3,0,0,0,0,0,0,0,0,0,2,1,FALSE,1
"2802",7,"F",4,"Hispanic","High",3,0,0,0,0,0,1,0,0,1,1,1,TRUE,1
"2803",9,"M",6,"Hispanic","High",3,0,0,0,0,0,0,0,0,0,2,NA,FALSE,1
"2804",8,"F",6,"Hispanic","High",3,0,0,0,0,0,0,0,0,0,2,1,FALSE,1
"2805",8,"F",6,"Hispanic","High",3,0,0,0,0,0,1,0,0,1,1,1,TRUE,1
"2806",8,"F",6,"Hispanic","High",4,0,0,0,0,0,0,0,0,0,1,1,FALSE,1
"2807",8,"M",6,"White","High",2,1,1,0,0,0,0,0,0,1,4,NA,TRUE,0
"2808",6,"F",4,"White","High",4,0,0,0,0,0,0,0,0,0,3,NA,FALSE,0
"2809",6,"M",4,NA,"High",4,0,0,0,0,0,0,0,0,0,4,NA,FALSE,0
"2810",7,"F",4,"Hispanic","High",3,0,0,0,0,0,0,0,0,0,4,1,FALSE,0
"2811",6,"F",4,"Asian","High",4,0,0,0,0,0,1,0,0,0,1,NA,TRUE,1
"2812",7,"F",4,"AI/AN","High",4,NA,0,0,1,0,0,0,0,0,1,NA,TRUE,1
"2813",6,"F",4,"Black","High",4,0,0,0,NA,NA,NA,NA,NA,0,4,1,NA,0
"2814",7,"F",4,"Black","High",4,0,0,0,0,0,0,0,0,0,3,NA,FALSE,0
"2815",6,"F",4,"White","High",3,0,0,0,0,0,0,0,0,0,4,1,FALSE,0
"2816",7,"F",4,"White","High",4,0,0,0,0,0,0,0,0,0,4,1,FALSE,0
"2817",7,"F",4,"White","High",4,0,0,0,0,0,0,0,0,1,1,NA,TRUE,1
"2818",7,"M",4,"Hispanic","High",4,0,0,0,0,0,0,0,0,0,2,1,FALSE,1
"2819",7,"M",4,"White","High",4,0,0,0,0,0,0,0,0,0,4,1,FALSE,0
"2820",7,"M",4,NA,"High",4,0,0,0,0,0,0,0,0,0,4,NA,FALSE,0
"2821",7,"M",4,"White","High",4,0,0,0,0,0,0,0,0,0,3,NA,FALSE,0
"2822",7,"M",4,"Hispanic","High",4,0,0,0,0,0,0,0,0,0,4,1,FALSE,0
"2823",8,"M",6,"White","High",2,0,1,0,0,0,1,0,0,1,1,NA,TRUE,1
"2824",9,"M",6,"White","High",4,0,0,0,0,0,0,0,0,0,1,1,FALSE,1
"2825",8,"M",6,"Hispanic","High",4,0,0,0,0,0,0,0,0,0,4,1,FALSE,0
"2826",8,"F",6,"Hispanic","High",4,0,0,0,0,0,0,0,0,0,2,NA,FALSE,1
"2827",9,"F",6,"White","High",4,0,0,0,0,0,0,0,0,0,3,1,FALSE,0
"2828",9,"F",6,"White","High",4,0,0,0,0,0,0,0,0,0,2,1,FALSE,1
"2829",8,"M",6,NA,"High",4,0,0,0,0,0,0,0,0,0,1,1,FALSE,1
"2830",8,"M",6,"Black","High",4,0,0,0,0,0,0,0,0,0,4,1,FALSE,0
"2831",9,"F",6,"Hispanic","High",4,0,0,0,0,0,0,0,0,0,2,1,FALSE,1
"2832",9,"M",7,"Black","High",4,0,0,0,0,0,0,0,0,0,4,1,FALSE,0
"2833",6,"M",4,"Hispanic","High",3,0,0,0,0,0,0,0,0,0,1,NA,FALSE,1
"2834",6,"M",4,"Hispanic","High",4,0,0,0,0,0,0,0,0,0,1,NA,FALSE,1
"2835",6,"M",4,"Hispanic","High",4,0,0,0,0,0,0,0,0,0,1,NA,FALSE,1
"2836",6,"F",4,"Hispanic","High",3,0,0,0,0,0,0,0,0,0,2,1,FALSE,1
"2837",7,"F",4,"White","High",3,0,NA,0,NA,NA,NA,NA,NA,1,1,NA,TRUE,1
"2838",7,"F",4,"White","High",4,0,0,0,0,0,0,0,0,0,2,NA,FALSE,1
"2839",7,"M",4,"White","High",2,1,1,0,1,0,1,0,1,1,1,1,TRUE,1
"2840",6,"F",4,"Hispanic","High",2,0,NA,0,1,1,1,0,0,1,1,NA,TRUE,1
"2841",7,NA,NA,NA,NA,3,0,0,0,0,0,0,0,0,1,1,NA,TRUE,1
"2842",6,"M",4,"Hispanic","High",4,NA,NA,0,0,0,1,0,0,1,1,NA,TRUE,1
"2843",7,"M",4,"White","High",4,1,0,0,0,0,0,1,0,0,1,NA,TRUE,1
"2844",6,"M",4,NA,"High",3,0,0,0,0,0,0,0,0,0,2,NA,FALSE,1
"2845",6,"F",4,"Hispanic","High",4,0,0,0,0,0,0,0,0,0,NA,1,FALSE,NA
"2846",6,"F",4,"Hispanic","High",4,0,0,0,0,0,0,0,0,0,4,1,FALSE,0
"2847",7,"M",4,"Hispanic","High",4,0,0,0,0,0,0,0,0,0,4,1,FALSE,0
"2848",6,"F",4,"Hispanic","High",4,0,0,0,0,0,0,0,0,0,2,1,FALSE,1
"2849",7,"M",4,"NHOPI","High",3,NA,NA,0,0,0,0,0,0,0,2,1,NA,1
"2850",6,"F",4,"Hispanic","High",2,0,0,0,0,0,0,0,0,0,2,NA,FALSE,1
"2851",6,"F",4,"Asian","High",4,0,0,0,0,0,0,0,0,0,4,1,FALSE,0
"2852",7,"M",4,"Hispanic","High",4,0,0,0,NA,NA,NA,NA,NA,0,2,NA,NA,1
"2853",8,"F",6,"White","High",4,0,0,0,0,0,0,0,0,0,1,NA,FALSE,1
"2854",6,"M",4,"Hispanic","High",4,0,0,0,0,0,0,0,0,0,4,1,FALSE,0
"2855",6,"M",4,NA,"High",4,0,0,0,0,0,0,0,0,0,3,NA,FALSE,0
"2856",7,"M",4,"Hispanic","High",4,0,0,0,0,0,0,0,0,0,1,NA,FALSE,1
"2857",6,"F",4,"Hispanic","High",4,0,0,0,0,0,0,0,0,0,1,NA,FALSE,1
"2858",7,"M",4,"White","High",2,0,1,0,0,0,1,0,0,1,1,NA,TRUE,1
"2859",7,"F",4,"Hispanic","High",4,0,0,0,0,0,0,0,0,0,1,NA,FALSE,1
"2860",6,"M",4,"Asian","High",4,0,0,0,0,0,0,0,0,0,4,1,FALSE,0
"2861",7,"F",4,"White","High",4,0,0,0,0,0,0,0,0,0,4,1,FALSE,0
"2862",6,"M",4,"Asian","High",4,0,0,0,0,0,0,0,0,0,2,1,FALSE,1
"2863",6,"F",4,"Hispanic","High",4,0,0,0,0,0,0,0,0,0,1,1,FALSE,1
"2864",6,"M",4,"Hispanic","High",4,0,0,0,0,0,0,0,0,0,3,1,FALSE,0
"2865",7,"F",4,"Black","High",4,0,0,0,0,0,0,0,0,0,3,1,FALSE,0
"2866",7,"F",4,"Hispanic","High",3,0,0,0,0,0,0,0,0,0,3,NA,FALSE,0
"2867",7,"F",4,"White","High",3,0,0,0,0,0,0,0,0,0,1,1,FALSE,1
"2868",7,"M",5,"White","High",4,0,0,0,0,0,0,0,0,0,4,NA,FALSE,0
"2869",6,"F",4,"Hispanic","High",4,0,0,0,0,0,0,0,0,0,4,1,FALSE,0
"2870",6,"F",4,"Hispanic","High",4,0,0,0,0,0,0,0,0,0,2,NA,FALSE,1
"2871",7,"F",4,"Asian","High",4,0,0,0,0,0,0,0,0,0,4,NA,FALSE,0
"2872",7,"M",4,"White","High",4,0,0,0,0,0,0,0,0,0,4,1,FALSE,0
"2873",7,"F",4,"Black","High",4,0,0,0,0,0,0,0,0,0,4,NA,FALSE,0
"2874",6,"M",4,"White","High",4,0,0,0,0,0,0,0,0,0,4,1,FALSE,0
"2875",7,"M",4,"Hispanic","High",4,0,0,0,0,0,0,0,0,0,4,1,FALSE,0
"2876",7,"M",4,"Hispanic","High",2,0,0,0,0,0,0,0,0,0,1,1,FALSE,1
"2877",6,"F",4,"Asian","High",4,0,0,0,0,0,0,0,0,0,4,1,FALSE,0
"2878",6,"M",4,"Asian","High",4,0,0,0,0,0,0,0,0,0,2,1,FALSE,1
"2879",7,"F",4,"Asian","High",4,0,0,0,0,0,0,0,0,0,4,NA,FALSE,0
"2880",7,"M",4,"Hispanic","High",4,0,0,0,0,0,0,0,0,0,2,1,FALSE,1
"2881",6,"M",4,"Hispanic","High",3,0,0,0,0,0,0,0,0,0,2,1,FALSE,1
"2882",6,"F",4,"Hispanic","High",4,0,0,0,0,0,0,0,0,0,4,1,FALSE,0
"2883",6,"M",4,"White","High",4,0,0,0,0,0,0,0,0,0,4,1,FALSE,0
"2884",6,"F",4,"Hispanic","High",3,0,0,0,0,0,0,0,0,0,2,1,FALSE,1
"2885",6,"F",4,"Asian","High",4,0,0,0,0,0,0,0,0,0,3,NA,FALSE,0
"2886",7,"M",4,"White","High",4,0,0,0,0,0,0,0,0,0,4,1,FALSE,0
"2887",7,"F",4,"Asian","High",4,0,0,0,0,0,0,0,0,0,4,1,FALSE,0
"2888",6,"M",4,"Asian","High",4,0,0,0,0,0,0,0,0,0,4,1,FALSE,0
"2889",6,"F",4,"Black","High",4,0,0,0,0,0,0,0,0,0,2,NA,FALSE,1
"2890",7,"F",4,"White","High",3,0,0,0,0,0,0,0,0,0,3,1,FALSE,0
"2891",7,"F",4,NA,"High",4,0,0,0,0,0,0,0,0,0,2,NA,FALSE,1
"2892",6,"F",4,"Hispanic","High",3,0,0,0,0,0,0,0,0,0,2,1,FALSE,1
"2893",6,"M",4,"White","High",4,0,0,0,0,0,0,0,0,0,4,1,FALSE,0
"2894",7,"F",4,"White","High",4,0,0,0,0,0,0,0,0,0,2,NA,FALSE,1
"2895",7,"M",4,"Black","High",4,0,0,0,0,0,0,0,0,0,4,1,FALSE,0
"2896",7,"F",4,"Hispanic","High",4,0,0,0,0,0,0,0,0,0,4,1,FALSE,0
"2897",7,"F",4,"White","High",4,0,0,0,0,0,0,0,0,0,2,1,FALSE,1
"2898",7,"F",4,"Hispanic","High",3,0,0,0,0,0,0,0,0,0,1,1,FALSE,1
"2899",7,"F",4,"White","High",4,0,0,0,0,0,0,0,0,0,2,NA,FALSE,1
"2900",7,"F",4,"White","High",4,0,0,0,0,0,0,0,0,0,4,1,FALSE,0
"2901",7,"F",4,"White","High",4,0,0,0,0,0,0,0,0,0,3,1,FALSE,0
"2902",6,"M",4,"Asian","High",3,1,0,0,0,0,0,0,0,0,1,1,TRUE,1
"2903",6,"M",4,"Asian","High",4,0,0,0,0,0,0,0,0,0,4,NA,FALSE,0
"2904",7,"M",4,"Hispanic","High",3,0,0,0,0,0,0,0,0,0,4,1,FALSE,0
"2905",8,"M",6,"Black","High",3,0,0,0,0,0,0,0,0,0,1,1,FALSE,1
"2906",9,"M",6,"White","High",4,0,0,0,0,0,0,0,0,0,3,NA,FALSE,0
"2907",9,"F",6,"Hispanic","High",4,0,0,0,0,0,0,0,0,0,4,1,FALSE,0
"2908",8,"F",6,"Asian","High",4,0,0,0,0,0,0,0,0,0,4,NA,FALSE,0
"2909",8,"F",6,"Hispanic","High",4,0,0,0,0,0,0,0,0,0,2,NA,FALSE,1
"2910",4,"M",1,"Hispanic","Middle",4,NA,0,0,0,0,0,0,0,0,NA,NA,NA,NA
"2911",5,"F",1,"Hispanic","Middle",4,0,0,0,0,0,0,0,0,0,4,1,FALSE,0
"2912",3,"M",1,"Hispanic","Middle",4,0,0,0,0,0,0,0,0,0,4,1,FALSE,0
"2913",4,"F",1,"Hispanic","Middle",4,0,0,0,0,0,0,0,0,0,4,1,FALSE,0
"2914",4,NA,1,"White","Middle",4,NA,NA,NA,NA,NA,NA,NA,NA,NA,NA,1,NA,NA
"2915",3,"F",1,"Hispanic","Middle",4,0,0,0,0,0,0,0,0,0,2,NA,FALSE,1
"2916",4,"F",1,"Hispanic","Middle",4,0,0,0,0,0,0,0,0,0,4,1,FALSE,0
"2917",3,"F",1,"AI/AN","Middle",4,0,0,0,0,0,0,0,0,0,4,1,FALSE,0
"2918",4,"F",1,"Hispanic","Middle",4,0,0,0,0,0,0,0,0,0,4,1,FALSE,0
"2919",4,"M",1,"Hispanic","Middle",3,0,0,0,0,0,0,0,0,0,4,1,FALSE,0
"2920",3,"M",1,"Hispanic","Middle",4,0,0,0,0,0,0,0,0,0,4,1,FALSE,0
"2921",3,"F",1,"Hispanic","Middle",4,0,0,0,0,0,0,0,0,0,4,1,FALSE,0
"2922",3,"F",1,"Hispanic","Middle",4,0,0,0,0,0,0,0,0,0,4,1,FALSE,0
"2923",3,"M",1,"Hispanic","Middle",3,0,0,0,0,0,0,0,0,0,2,NA,FALSE,1
"2924",5,"F",1,"Hispanic","Middle",2,1,1,0,0,0,0,0,0,1,1,NA,TRUE,1
"2925",4,"F",1,"Hispanic","Middle",4,0,0,0,0,0,0,0,0,0,4,1,FALSE,0
"2926",4,"F",1,"Hispanic","Middle",4,0,0,0,0,0,0,0,0,0,2,NA,FALSE,1
"2927",4,"M",1,NA,"Middle",3,0,0,0,0,0,0,0,0,0,3,1,FALSE,0
"2928",4,"F",1,NA,"Middle",4,0,0,0,0,0,0,0,0,0,4,1,FALSE,0
"2929",5,"F",1,"White","Middle",4,0,0,0,0,0,0,0,0,0,3,NA,FALSE,0
"2930",NA,NA,NA,NA,NA,4,NA,0,0,0,0,0,0,0,0,4,1,NA,0
"2931",3,"M",1,"Asian","Middle",4,0,0,0,0,0,0,0,0,0,1,1,FALSE,1
"2932",3,"F",1,"Hispanic","Middle",4,0,0,0,0,0,0,0,0,0,4,1,FALSE,0
"2933",4,"M",1,"Hispanic","Middle",4,0,0,0,0,0,0,0,0,0,4,1,FALSE,0
"2934",3,"M",1,"White","Middle",3,0,0,0,0,0,0,0,0,0,3,NA,FALSE,0
"2935",NA,NA,NA,"Hispanic",NA,4,0,0,0,0,0,0,0,0,0,4,1,FALSE,0
"2936",3,"M",1,"White","Middle",4,0,0,0,0,0,0,0,0,0,1,NA,FALSE,1
"2937",3,"F",1,"White","Middle",4,0,0,0,0,0,0,0,0,0,4,1,FALSE,0
"2938",4,"F",1,"Hispanic","Middle",4,NA,0,0,0,0,0,0,0,0,4,1,NA,0
"2939",4,"F",1,NA,"Middle",4,0,0,0,0,0,0,0,0,0,4,1,FALSE,0
"2940",4,"M",1,"Hispanic","Middle",4,0,0,0,0,0,0,0,0,0,4,1,FALSE,0
"2941",4,"F",1,"Hispanic","Middle",4,0,0,0,0,0,0,0,0,0,4,NA,FALSE,0
"2942",4,"F",1,"Asian","Middle",4,0,0,0,0,0,0,0,0,0,4,1,FALSE,0
"2943",4,"M",1,NA,"Middle",4,0,0,0,NA,NA,NA,NA,NA,0,4,1,NA,0
"2944",3,"F",1,"Hispanic","Middle",4,0,0,0,0,0,0,0,0,0,4,1,FALSE,0
"2945",3,"M",1,"Hispanic","Middle",4,0,0,0,0,0,0,0,0,0,4,1,FALSE,0
"2946",3,"M",1,"Hispanic","Middle",4,0,0,0,0,0,0,0,0,0,4,1,FALSE,0
"2947",4,"F",1,"Hispanic","Middle",4,0,0,0,0,0,0,0,0,0,4,1,FALSE,0
"2948",3,"F",1,NA,"Middle",4,0,0,0,0,0,0,0,0,0,4,1,FALSE,0
"2949",4,"M",1,"Hispanic","Middle",4,0,0,0,0,0,0,0,0,0,4,1,FALSE,0
"2950",3,"M",1,"Hispanic","Middle",3,NA,0,0,0,0,0,0,0,0,4,1,NA,0
"2951",4,"M",1,"Hispanic","Middle",4,0,0,0,0,0,0,0,0,0,4,1,FALSE,0
"2952",3,"F",1,"Hispanic","Middle",4,0,0,0,0,0,0,0,0,0,4,1,FALSE,0
"2953",3,"M",1,"Hispanic","Middle",3,0,0,0,0,0,0,0,0,0,3,1,FALSE,0
"2954",3,"F",1,"Hispanic","Middle",4,0,0,0,0,0,0,0,0,0,4,1,FALSE,0
"2955",3,"F",1,"Hispanic","Middle",3,0,0,0,0,0,0,0,0,0,3,NA,FALSE,0
"2956",3,"M",1,NA,"Middle",4,NA,NA,NA,NA,NA,NA,NA,NA,NA,4,NA,NA,0
"2957",4,"F",1,NA,"Middle",4,0,0,0,0,0,0,0,0,0,4,NA,FALSE,0
"2958",4,"M",1,NA,"Middle",4,0,0,0,0,0,0,0,0,0,4,1,FALSE,0
"2959",4,"F",1,"Hispanic","Middle",4,0,NA,NA,NA,NA,NA,NA,NA,NA,4,NA,NA,0
"2960",3,"F",1,"White","Middle",4,0,0,0,0,0,0,0,0,0,4,1,FALSE,0
"2961",5,"M",2,"White","Middle",4,0,0,0,0,0,0,0,0,0,4,1,FALSE,0
"2962",6,"M",2,"Hispanic","Middle",4,0,0,0,0,0,0,0,0,0,4,1,FALSE,0
"2963",6,"M",2,"Hispanic","Middle",2,0,0,0,0,0,0,0,0,0,2,1,FALSE,1
"2964",5,"M",2,"White","Middle",NA,0,NA,NA,0,0,0,0,0,NA,NA,NA,NA,NA
"2965",4,"M",2,"Hispanic","Middle",4,0,0,0,0,0,0,0,0,1,2,NA,TRUE,1
"2966",4,"M",2,"White","Middle",4,0,0,0,0,0,0,0,0,0,3,NA,FALSE,0
"2967",4,"M",2,"White","Middle",4,0,0,0,0,0,0,0,0,0,4,1,FALSE,0
"2968",5,"M",2,"Hispanic","Middle",4,0,0,0,0,0,0,0,0,0,4,1,FALSE,0
"2969",5,"F",2,"White","Middle",4,0,0,0,0,0,0,0,0,0,4,NA,FALSE,0
"2970",5,"M",2,"Hispanic","Middle",4,0,0,0,0,0,0,0,0,0,4,1,FALSE,0
"2971",5,"F",2,"Hispanic","Middle",4,0,0,0,0,0,0,0,0,0,4,1,FALSE,0
"2972",5,"F",2,"Asian","Middle",4,0,0,0,0,0,0,0,0,0,2,NA,FALSE,1
"2973",4,"M",2,NA,"Middle",4,0,0,0,0,0,0,0,0,0,4,NA,FALSE,0
"2974",5,"F",2,"Hispanic","Middle",1,0,0,1,0,0,0,0,0,0,1,1,TRUE,1
"2975",5,"F",2,"White","Middle",4,0,0,0,0,0,0,0,0,0,1,1,FALSE,1
"2976",4,"M",2,"White","Middle",3,0,0,0,0,0,0,0,0,1,1,NA,TRUE,1
"2977",4,"F",2,"White","Middle",4,0,0,0,0,0,0,0,0,0,2,NA,FALSE,1
"2978",4,"F",2,"Hispanic","Middle",4,0,0,0,0,0,0,0,0,0,2,1,FALSE,1
"2979",5,"F",2,"White","Middle",4,0,0,0,0,0,0,0,0,0,4,NA,FALSE,0
"2980",4,"M",2,"White","Middle",4,0,0,0,NA,NA,NA,NA,NA,0,4,NA,NA,0
"2981",4,"M",2,"White","Middle",4,0,0,0,0,0,0,0,0,0,4,1,FALSE,0
"2982",5,"M",2,"Hispanic","Middle",4,0,0,0,0,0,0,0,0,0,4,1,FALSE,0
"2983",4,"M",2,"Hispanic","Middle",3,0,0,0,0,0,0,0,0,0,3,1,FALSE,0
"2984",5,"M",2,"Hispanic","Middle",4,0,0,0,0,0,0,0,0,0,4,NA,FALSE,0
"2985",5,"F",2,"Hispanic","Middle",4,0,0,0,0,0,0,0,0,0,4,1,FALSE,0
"2986",4,"F",2,"Black","Middle",4,0,0,0,0,0,0,0,0,0,4,1,FALSE,0
"2987",5,"F",2,"White","Middle",4,0,0,0,0,0,0,0,0,0,4,NA,FALSE,0
"2988",5,"F",2,"Hispanic","Middle",3,0,0,0,0,0,1,0,0,0,2,NA,TRUE,1
"2989",4,"F",2,"Hispanic","Middle",4,0,0,0,0,0,0,0,0,0,4,1,FALSE,0
"2990",4,"F",2,"White","Middle",4,0,0,0,0,0,0,0,0,0,4,NA,FALSE,0
"2991",4,"F",2,"White","Middle",4,0,0,0,0,0,0,0,0,0,4,1,FALSE,0
"2992",5,"F",3,"White","Middle",3,0,0,0,0,0,0,0,0,0,1,1,FALSE,1
"2993",4,"F",2,"Hispanic","Middle",4,0,0,0,0,0,0,0,0,0,4,1,FALSE,0
"2994",4,"F",2,"White","Middle",3,0,0,0,0,0,0,0,0,0,4,NA,FALSE,0
"2995",4,"F",2,"Black","Middle",4,0,0,0,0,0,0,0,0,0,2,NA,FALSE,1
"2996",5,"F",3,"Hispanic","Middle",4,0,0,0,0,0,0,0,0,0,4,1,FALSE,0
"2997",5,"F",3,"Black","Middle",4,0,0,0,0,0,1,0,0,1,1,1,TRUE,1
"2998",5,"F",3,"Hispanic","Middle",3,0,0,0,0,0,0,0,0,0,4,1,FALSE,0
"2999",6,"M",3,"Black","Middle",4,0,0,0,0,0,0,0,0,0,3,1,FALSE,0
"3000",6,"M",3,"White","Middle",4,0,0,0,0,0,0,0,0,0,4,1,FALSE,0
"3001",7,"F",3,"Hispanic","Middle",1,0,0,0,0,0,0,0,0,1,1,1,TRUE,1
"3002",5,"F",3,"AI/AN","Middle",3,0,0,0,0,0,0,0,0,0,2,1,FALSE,1
"3003",6,"M",3,"White","Middle",4,0,0,0,0,0,0,0,0,0,4,1,FALSE,0
"3004",6,"M",3,"Hispanic","Middle",3,0,0,0,0,0,0,0,0,0,2,NA,FALSE,1
"3005",5,"M",3,"White","Middle",3,0,0,0,0,0,0,0,0,0,3,1,FALSE,0
"3006",7,"M",3,"Hispanic","Middle",1,0,1,1,0,0,1,0,0,1,1,1,TRUE,1
"3007",6,"M",3,"Hispanic","Middle",3,0,0,0,0,0,0,0,0,0,1,1,FALSE,1
"3008",5,"F",3,"White","Middle",4,0,0,0,0,0,0,0,0,0,4,1,FALSE,0
"3009",6,"M",3,"Hispanic","Middle",4,0,0,0,0,0,0,0,0,0,3,NA,FALSE,0
"3010",6,"M",3,"Hispanic","Middle",3,0,0,0,0,0,0,0,0,0,3,NA,FALSE,0
"3011",5,"F",3,"Hispanic","Middle",4,0,0,0,0,0,0,0,0,0,4,1,FALSE,0
"3012",5,"M",3,"White","Middle",4,0,0,0,0,0,0,0,0,0,4,NA,FALSE,0
"3013",5,"M",3,"Hispanic","Middle",4,0,0,0,0,0,0,0,0,0,3,1,FALSE,0
"3014",4,"F",2,"White","Middle",4,0,0,0,0,0,0,0,0,0,4,NA,FALSE,0
"3015",4,"M",2,"White","Middle",3,0,0,0,0,0,0,0,0,0,2,NA,FALSE,1
"3016",4,"F",1,"White","Middle",4,0,0,0,0,0,0,0,0,0,4,NA,FALSE,0
"3017",4,"F",1,"Hispanic","Middle",4,0,0,0,0,0,0,0,0,0,4,1,FALSE,0
"3018",4,"M",1,"White","Middle",4,0,0,0,0,0,0,0,0,0,4,1,FALSE,0
"3019",4,"M",1,"White","Middle",4,0,0,0,0,0,0,0,0,0,4,1,FALSE,0
"3020",4,"M",1,NA,"Middle",4,0,0,0,0,0,0,0,0,0,4,1,FALSE,0
"3021",3,"F",1,"White","Middle",4,0,0,0,NA,NA,NA,NA,NA,0,4,1,NA,0
"3022",3,"F",1,"Hispanic","Middle",4,0,0,0,0,0,0,0,0,0,4,NA,FALSE,0
"3023",4,"F",1,"White","Middle",4,0,0,0,0,0,0,0,0,0,3,1,FALSE,0
"3024",3,"F",1,"White","Middle",4,0,0,0,0,0,0,0,0,0,4,1,FALSE,0
"3025",4,"F",1,"Hispanic","Middle",4,0,0,0,0,0,0,0,0,0,4,1,FALSE,0
"3026",4,"M",1,NA,"Middle",4,0,0,0,0,0,0,0,0,0,4,1,FALSE,0
"3027",4,"M",1,NA,"Middle",4,0,0,0,0,0,0,0,0,0,4,1,FALSE,0
"3028",3,"M",1,"White","Middle",4,0,0,0,0,0,0,0,0,0,4,1,FALSE,0
"3029",3,"F",1,"White","Middle",4,0,0,0,0,0,0,0,0,0,4,1,FALSE,0
"3030",4,"M",1,NA,"Middle",4,0,0,0,0,0,0,0,0,0,4,1,FALSE,0
"3031",4,"M",1,"White","Middle",4,0,0,0,0,0,0,0,0,0,4,NA,FALSE,0
"3032",3,"F",1,"White","Middle",4,0,0,0,0,0,0,0,0,0,1,1,FALSE,1
"3033",5,"M",1,NA,"Middle",4,0,0,0,0,0,0,0,0,0,4,NA,FALSE,0
"3034",4,"F",1,"Hispanic","Middle",4,0,0,0,0,0,0,0,0,0,4,1,FALSE,0
"3035",4,"F",2,"Black","Middle",4,0,0,0,0,0,0,0,0,0,4,1,FALSE,0
"3036",5,"M",2,"Hispanic","Middle",4,0,0,0,0,0,0,0,0,0,4,NA,FALSE,0
"3037",4,"F",2,"Hispanic","Middle",4,0,0,0,0,0,0,0,0,0,4,1,FALSE,0
"3038",4,"F",2,"Asian","Middle",4,0,0,0,0,0,0,0,0,0,4,1,FALSE,0
"3039",4,"F",2,"Hispanic","Middle",4,0,0,0,0,0,0,0,0,0,2,1,FALSE,1
"3040",5,"F",2,"White","Middle",4,0,0,0,0,0,0,0,0,0,4,1,FALSE,0
"3041",NA,NA,NA,NA,NA,4,0,0,0,0,0,0,0,0,0,4,1,FALSE,0
"3042",5,"M",2,"Hispanic","Middle",4,0,0,0,0,0,0,0,0,0,4,1,FALSE,0
"3043",4,"F",2,"Hispanic","Middle",4,0,0,0,0,0,0,0,0,0,1,NA,FALSE,1
"3044",4,"M",2,"Asian","Middle",4,0,0,0,0,0,0,0,0,0,4,NA,FALSE,0
"3045",4,"F",2,"White","Middle",4,0,0,0,0,0,0,0,0,0,2,1,FALSE,1
"3046",4,"M",2,"Hispanic","Middle",3,0,0,0,0,0,0,0,0,0,4,NA,FALSE,0
"3047",5,"F",2,NA,"Middle",4,0,0,1,0,0,0,0,0,0,3,1,TRUE,0
"3048",4,"F",2,"Asian","Middle",4,0,0,0,0,0,0,0,0,0,4,NA,FALSE,0
"3049",5,"F",2,"Hispanic","Middle",4,0,0,0,0,0,0,0,0,0,4,1,FALSE,0
"3050",5,"M",2,"Hispanic","Middle",4,0,0,0,0,0,0,0,0,0,4,NA,FALSE,0
"3051",5,"F",2,"White","Middle",4,0,0,0,0,0,0,0,0,0,4,NA,FALSE,0
"3052",4,"F",2,"Hispanic","Middle",2,0,0,0,0,0,0,0,0,0,2,1,FALSE,1
"3053",5,"F",2,"Hispanic","Middle",4,0,0,0,0,0,0,0,0,0,4,1,FALSE,0
"3054",5,"M",2,"Asian","Middle",4,NA,NA,NA,NA,NA,NA,NA,NA,NA,4,NA,NA,0
"3055",5,"M",2,"Asian","Middle",3,0,0,0,0,0,0,0,0,0,3,1,FALSE,0
"3056",4,"M",2,"Hispanic","Middle",3,0,0,0,0,0,0,0,0,0,3,NA,FALSE,0
"3057",4,"M",2,"Hispanic","Middle",2,0,0,0,0,0,0,0,0,0,2,1,FALSE,1
"3058",5,"M",2,"White","Middle",4,0,0,0,0,0,0,0,0,0,4,NA,FALSE,0
"3059",4,"F",2,"Black","Middle",4,0,0,0,NA,NA,NA,NA,NA,0,4,1,NA,0
"3060",5,"M",2,"Black","Middle",4,0,0,0,0,0,0,0,0,0,4,NA,FALSE,0
"3061",4,"F",2,"Hispanic","Middle",4,0,0,0,0,0,0,0,0,0,4,1,FALSE,0
"3062",5,"M",2,"Black","Middle",4,0,0,0,0,0,0,0,0,0,4,1,FALSE,0
"3063",5,"F",2,"Hispanic","Middle",4,0,0,0,0,0,0,0,0,0,3,NA,FALSE,0
"3064",5,"F",2,"Asian","Middle",4,0,0,0,0,0,0,0,0,0,4,1,FALSE,0
"3065",5,"M",2,"White","Middle",4,0,0,0,0,0,0,0,0,0,4,1,FALSE,0
"3066",5,"F",2,"White","Middle",4,0,0,0,0,0,0,0,0,0,4,1,FALSE,0
"3067",4,"M",2,"Hispanic","Middle",3,0,0,0,0,0,0,0,0,0,2,NA,FALSE,1
"3068",4,"F",2,"White","Middle",4,0,0,0,0,0,0,0,0,0,4,1,FALSE,0
"3069",5,"M",2,"White","Middle",4,0,0,0,0,0,0,0,0,0,1,1,FALSE,1
"3070",4,"F",2,"White","Middle",4,0,0,0,0,0,0,0,0,0,4,1,FALSE,0
"3071",5,"M",2,"White","Middle",4,0,0,0,0,0,0,0,0,0,4,NA,FALSE,0
"3072",4,"F",2,NA,"Middle",4,0,0,0,0,0,0,0,0,0,4,1,FALSE,0
"3073",5,"F",2,"Hispanic","Middle",4,0,0,0,0,0,0,0,0,0,4,1,FALSE,0
"3074",5,"F",2,"White","Middle",4,0,0,0,0,0,0,0,0,0,4,1,FALSE,0
"3075",5,"M",2,"Asian","Middle",4,0,0,0,0,0,0,0,0,0,4,1,FALSE,0
"3076",4,"F",2,"White","Middle",4,0,0,0,0,0,0,0,0,0,4,1,FALSE,0
"3077",5,"F",2,NA,"Middle",4,0,0,0,0,0,0,0,0,0,4,1,FALSE,0
"3078",5,"M",2,"Hispanic","Middle",4,0,0,0,0,0,0,0,0,0,3,1,FALSE,0
"3079",6,"F",3,"Hispanic","Middle",4,0,0,NA,0,0,0,0,0,0,4,1,NA,0
"3080",4,"F",2,"White","Middle",3,0,0,0,0,0,0,0,0,0,2,1,FALSE,1
"3081",5,"F",2,"White","Middle",4,0,0,0,0,0,0,0,0,0,4,1,FALSE,0
"3082",5,"M",2,"White","Middle",4,0,0,0,0,0,0,0,0,0,3,1,FALSE,0
"3083",4,"M",2,"White","Middle",4,0,0,0,0,0,0,0,0,0,4,1,FALSE,0
"3084",4,"M",2,NA,"Middle",4,0,0,0,0,0,0,0,0,0,4,1,FALSE,0
"3085",4,"F",2,"White","Middle",4,0,0,0,0,0,0,0,0,0,3,1,FALSE,0
"3086",4,"F",2,"White","Middle",4,0,0,0,0,0,0,0,0,0,3,1,FALSE,0
"3087",4,"M",2,"Hispanic","Middle",4,0,0,NA,0,0,0,0,0,0,4,1,NA,0
"3088",5,"F",2,"White","Middle",3,0,0,0,0,0,0,0,0,NA,1,NA,NA,1
"3089",5,"M",2,"White","Middle",4,0,0,0,0,0,0,0,0,0,4,1,FALSE,0
"3090",4,"M",2,"White","Middle",3,0,0,0,0,0,0,0,0,0,2,1,FALSE,1
"3091",4,"F",2,"Hispanic","Middle",4,0,0,0,0,0,0,0,0,0,2,NA,FALSE,1
"3092",4,"M",2,"White","Middle",4,0,0,0,0,0,0,0,0,0,4,1,FALSE,0
"3093",4,"M",2,"White","Middle",4,0,0,0,0,0,0,0,0,0,4,NA,FALSE,0
"3094",6,"M",3,NA,"Middle",4,0,0,0,0,0,0,0,0,0,4,1,FALSE,0
"3095",5,"F",2,"Hispanic","Middle",NA,0,0,0,0,0,0,0,0,0,3,NA,FALSE,0
"3096",5,"F",2,"Black","Middle",4,0,0,0,0,0,0,0,0,0,4,1,FALSE,0
"3097",5,"F",2,"Hispanic","Middle",4,0,0,0,0,0,0,0,0,0,2,1,FALSE,1
"3098",6,NA,3,"White","Middle",3,0,0,0,0,0,0,0,0,0,2,1,FALSE,1
"3099",6,"M",3,"Hispanic","Middle",4,0,0,0,0,0,0,0,0,0,4,NA,FALSE,0
"3100",5,"M",3,"Hispanic","Middle",4,0,0,0,0,0,0,0,0,0,4,1,FALSE,0
"3101",5,"F",2,"Hispanic","Middle",4,0,0,0,0,0,0,0,0,0,4,1,FALSE,0
"3102",7,"M",3,"White","Middle",3,0,0,0,0,0,0,0,0,0,1,NA,FALSE,1
"3103",5,"M",2,"Hispanic","Middle",4,0,0,0,0,0,0,0,0,0,4,1,FALSE,0
"3104",4,"M",2,"Black","Middle",4,0,0,0,0,0,0,0,0,0,3,1,FALSE,0
"3105",5,"M",2,"Hispanic","Middle",4,0,0,0,0,0,0,0,0,0,4,1,FALSE,0
"3106",4,"M",2,"Asian","Middle",3,0,0,0,NA,NA,NA,NA,NA,1,1,NA,TRUE,1
"3107",5,"M",2,"Hispanic","Middle",4,0,0,0,0,0,0,0,0,0,4,NA,FALSE,0
"3108",5,"F",2,"Asian","Middle",4,0,0,0,0,0,0,0,0,0,4,1,FALSE,0
"3109",5,"M",2,NA,"Middle",4,0,0,0,0,0,0,0,0,0,4,1,FALSE,0
"3110",5,"F",3,"White","Middle",4,0,0,0,0,0,0,0,0,0,4,NA,FALSE,0
"3111",5,"F",2,"Hispanic","Middle",4,0,0,0,0,0,0,0,0,0,4,1,FALSE,0
"3112",5,"F",2,"White","Middle",4,0,0,0,0,0,0,0,0,0,4,1,FALSE,0
"3113",5,"M",2,"Hispanic","Middle",4,0,0,0,0,0,0,0,0,0,4,1,FALSE,0
"3114",5,"F",2,"Hispanic","Middle",3,0,0,0,0,0,1,0,0,1,1,NA,TRUE,1
"3115",4,"F",2,"Hispanic","Middle",2,0,0,NA,0,0,0,0,0,0,2,NA,NA,1
"3116",4,"F",2,"Hispanic","Middle",3,0,0,0,0,0,0,0,0,0,4,NA,FALSE,0
"3117",5,"M",3,"Black","Middle",3,0,0,0,0,0,0,0,0,0,1,NA,FALSE,1
"3118",5,"F",3,"Hispanic","Middle",3,0,0,0,0,0,0,0,0,0,2,NA,FALSE,1
"3119",4,"F",2,"Hispanic","Middle",4,0,0,0,0,0,0,0,0,0,3,1,FALSE,0
"3120",5,"M",2,"Hispanic","Middle",4,0,0,0,0,0,0,0,0,0,4,NA,FALSE,0
"3121",4,"F",2,"Hispanic","Middle",4,0,0,0,0,0,0,0,0,0,2,1,FALSE,1
"3122",4,"M",2,"White","Middle",4,0,0,0,0,0,0,0,0,0,4,1,FALSE,0
"3123",4,"F",2,"Black","Middle",4,0,0,0,0,0,0,0,0,0,1,1,FALSE,1
"3124",5,"M",2,NA,"Middle",4,0,0,0,0,0,0,0,0,0,4,1,FALSE,0
"3125",5,"F",2,"White","Middle",4,0,0,0,0,0,0,0,0,0,4,1,FALSE,0
"3126",5,"F",2,"Black","Middle",4,0,0,0,0,0,0,0,0,0,4,1,FALSE,0
"3127",4,"F",2,"Hispanic","Middle",4,0,0,0,0,0,0,0,0,0,4,1,FALSE,0
"3128",NA,NA,NA,NA,NA,4,0,0,0,0,0,0,0,0,0,4,1,FALSE,0
"3129",4,"F",2,"Hispanic","Middle",4,0,0,0,0,0,0,0,0,0,3,NA,FALSE,0
"3130",5,"F",2,"White","Middle",4,0,0,0,0,0,0,0,0,0,4,1,FALSE,0
"3131",5,"F",2,"White","Middle",3,0,0,0,0,0,0,0,0,0,3,1,FALSE,0
"3132",5,"M",2,"Hispanic","Middle",4,0,0,0,0,0,0,0,0,0,4,NA,FALSE,0
"3133",4,"F",2,"Hispanic","Middle",4,0,0,0,0,0,0,0,0,0,4,1,FALSE,0
"3134",5,"F",2,"Hispanic","Middle",4,0,0,0,0,0,0,0,0,0,4,1,FALSE,0
"3135",4,"F",2,"White","Middle",4,0,0,0,0,0,0,0,0,0,4,1,FALSE,0
"3136",4,"F",2,"Hispanic","Middle",4,0,0,0,0,0,0,0,0,0,1,1,FALSE,1
"3137",5,"F",2,"Hispanic","Middle",3,0,0,0,0,0,0,0,0,0,1,NA,FALSE,1
"3138",NA,NA,NA,"Hispanic",NA,1,0,1,0,0,0,0,0,0,0,2,1,TRUE,1
"3139",4,NA,NA,"Hispanic",NA,4,0,0,0,0,0,0,0,0,0,1,1,FALSE,1
"3140",4,"F",2,"Hispanic","Middle",3,0,0,0,0,0,0,0,0,0,1,NA,FALSE,1
"3141",4,"M",2,NA,"Middle",4,0,0,0,0,0,0,0,0,0,4,1,FALSE,0
"3142",6,"M",3,"Asian","Middle",3,0,0,0,0,0,0,0,0,0,4,1,FALSE,0
"3143",5,"F",2,"Asian","Middle",4,0,0,0,0,0,0,0,0,0,3,1,FALSE,0
"3144",5,"F",2,"Asian","Middle",4,0,0,0,0,0,0,0,0,0,4,1,FALSE,0
"3145",5,"F",2,"White","Middle",4,0,0,0,0,0,0,0,0,0,4,1,FALSE,0
"3146",5,"F",2,"Hispanic","Middle",4,0,0,0,0,0,0,0,0,0,3,1,FALSE,0
"3147",5,"M",2,"Asian","Middle",4,0,0,0,0,0,0,0,0,0,4,NA,FALSE,0
"3148",5,"F",3,"White","Middle",4,0,0,0,0,0,0,0,0,0,4,1,FALSE,0
"3149",4,"M",2,"Hispanic","Middle",4,0,0,0,0,0,0,0,0,0,4,1,FALSE,0
"3150",5,"F",3,"Hispanic","Middle",4,0,0,0,0,0,0,0,0,0,4,1,FALSE,0
"3151",6,"M",3,"Hispanic","Middle",3,1,0,0,0,0,1,0,0,0,2,NA,TRUE,1
"3152",5,"M",3,"Hispanic","Middle",4,0,0,0,0,0,0,0,0,0,4,1,FALSE,0
"3153",6,"M",3,"Hispanic","Middle",4,0,0,0,0,0,0,0,0,0,4,1,FALSE,0
"3154",6,"F",3,"White","Middle",4,0,0,0,0,0,0,0,0,0,4,1,FALSE,0
"3155",4,"M",2,"White","Middle",4,0,0,0,0,0,0,0,0,0,4,1,FALSE,0
"3156",4,"F",2,"Hispanic","Middle",4,0,0,0,0,0,0,0,0,0,4,NA,FALSE,0
"3157",5,"F",3,"Asian","Middle",4,0,0,0,0,0,0,0,0,0,2,NA,FALSE,1
"3158",4,"F",3,"Hispanic","Middle",4,0,0,0,0,0,0,0,0,0,4,1,FALSE,0
"3159",6,"F",3,"Asian","Middle",4,0,0,0,0,0,0,0,0,0,4,1,FALSE,0
"3160",5,"F",3,"Hispanic","Middle",3,0,0,0,0,0,0,0,0,0,2,NA,FALSE,1
"3161",5,"F",3,"Black","Middle",3,0,0,0,0,0,0,0,0,0,1,1,FALSE,1
"3162",5,"F",3,"White","Middle",3,0,0,0,0,0,0,0,0,0,2,NA,FALSE,1
"3163",4,"M",2,"Hispanic","Middle",NA,NA,NA,0,NA,NA,NA,NA,NA,0,1,NA,NA,1
"3164",5,"M",2,NA,"Middle",4,0,0,0,0,0,0,0,0,0,4,1,FALSE,0
"3165",4,"M",2,"Hispanic","Middle",4,0,0,0,0,0,0,0,0,0,4,1,FALSE,0
"3166",4,"M",2,"Hispanic","Middle",3,0,0,0,0,0,1,0,0,1,2,NA,TRUE,1
"3167",NA,NA,NA,NA,NA,4,NA,0,0,0,0,0,0,0,0,4,1,NA,0
"3168",4,"F",2,"Hispanic","Middle",2,0,0,0,0,0,0,0,0,0,2,1,FALSE,1
"3169",6,"F",3,"Hispanic","Middle",3,0,0,0,0,0,0,0,0,1,1,NA,TRUE,1
"3170",9,"F",7,"Hispanic","High",2,1,0,0,0,0,1,0,0,1,1,NA,TRUE,1
"3171",7,NA,NA,NA,NA,2,1,1,0,0,0,0,0,0,0,4,NA,TRUE,0
"3172",9,NA,6,"Hispanic","High",3,0,0,0,0,0,1,0,0,1,1,NA,TRUE,1
"3173",7,"M",5,"Hispanic","High",4,0,0,0,0,0,0,0,0,0,2,1,FALSE,1
"3174",8,"F",5,"Hispanic","High",4,0,0,0,0,0,0,0,0,0,4,NA,FALSE,0
"3175",7,"M",5,"White","High",4,0,0,0,0,0,0,0,0,0,4,NA,FALSE,0
"3176",7,"M",5,NA,"High",3,0,0,0,NA,NA,NA,NA,NA,0,4,NA,NA,0
"3177",8,"M",5,NA,"High",2,NA,NA,0,0,0,0,0,0,0,1,NA,NA,1
"3178",7,"M",5,"Hispanic","High",3,1,NA,NA,NA,NA,NA,NA,NA,NA,4,NA,TRUE,0
"3179",8,"F",6,NA,"High",4,0,0,0,0,0,0,0,0,0,4,1,FALSE,0
"3180",9,"M",6,"Hispanic","High",4,1,0,0,0,0,0,0,0,0,2,NA,TRUE,1
"3181",9,"F",6,"Asian","High",4,0,0,0,NA,NA,NA,NA,NA,0,2,1,NA,1
"3182",10,"F",7,"White","High",4,0,0,0,0,0,0,0,0,0,4,1,FALSE,0
"3183",9,"M",6,"Hispanic","High",1,1,1,0,0,0,0,0,0,0,4,1,TRUE,0
"3184",6,"F",4,"Asian","High",4,0,0,0,0,0,0,0,0,0,2,1,FALSE,1
"3185",6,"M",4,"Hispanic","High",4,0,0,0,0,0,0,0,0,0,2,1,FALSE,1
"3186",9,"F",7,"White","High",2,1,0,0,0,0,1,0,0,0,1,NA,TRUE,1
"3187",9,"F",6,"White","High",4,0,0,0,0,0,0,0,0,0,4,1,FALSE,0
"3188",6,"M",4,"Hispanic","High",3,0,0,0,NA,NA,NA,NA,NA,0,1,NA,NA,1
"3189",7,"F",4,"Hispanic","High",4,0,0,0,0,0,0,0,0,0,2,1,FALSE,1
"3190",9,"M",7,"Hispanic","High",4,0,0,0,0,0,0,0,0,0,2,NA,FALSE,1
"3191",7,"F",4,"Hispanic","High",3,1,0,0,0,0,0,0,0,0,1,NA,TRUE,1
"3192",10,"M",7,"White","High",4,0,0,0,0,0,1,0,0,1,2,1,TRUE,1
"3193",10,"M",7,"Hispanic","High",4,1,0,0,0,0,0,1,0,0,2,1,TRUE,1
"3194",8,"F",6,"Hispanic","High",3,0,0,0,0,0,0,0,0,0,2,1,FALSE,1
"3195",9,"M",6,"Hispanic","High",4,0,0,0,0,0,0,0,0,0,4,1,FALSE,0
"3196",9,"F",7,"Hispanic","High",3,0,0,0,0,0,0,0,0,0,1,NA,FALSE,1
"3197",10,"M",7,"Hispanic","High",NA,0,NA,NA,0,0,0,0,0,NA,NA,NA,NA,NA
"3198",9,"M",7,"Hispanic","High",1,0,0,0,0,0,0,0,0,0,2,NA,FALSE,1
"3199",9,"F",6,"Hispanic","High",4,0,0,0,0,0,0,0,0,0,2,1,FALSE,1
"3200",8,"F",5,"White","High",4,0,0,0,0,0,0,0,0,0,2,NA,FALSE,1
"3201",9,"F",6,"Hispanic","High",4,0,0,0,0,0,0,0,0,1,1,1,TRUE,1
"3202",8,"F",6,"White","High",3,0,0,0,0,0,0,0,0,0,2,NA,FALSE,1
"3203",8,"M",6,"Hispanic","High",4,0,0,0,0,0,0,0,0,0,4,1,FALSE,0
"3204",6,"M",4,"White","High",4,0,0,0,0,0,0,0,0,0,4,1,FALSE,0
"3205",6,"F",4,"Hispanic","High",4,0,0,0,0,0,0,0,0,0,4,1,FALSE,0
"3206",10,"M",7,"Asian","High",3,0,0,0,0,0,0,0,0,0,2,1,FALSE,1
"3207",7,"F",4,"Black","High",2,0,0,0,0,0,0,0,0,0,1,NA,FALSE,1
"3208",9,"M",7,"Hispanic","High",3,0,0,0,0,0,0,0,0,1,1,1,TRUE,1
"3209",8,"F",6,"Asian","High",1,0,1,0,NA,NA,NA,NA,NA,1,1,1,TRUE,1
"3210",10,"F",7,"White","High",4,0,0,0,0,0,0,0,0,0,4,1,FALSE,0
"3211",9,"F",7,"Black","High",4,0,0,0,0,0,0,0,0,0,4,NA,FALSE,0
"3212",10,"M",7,"White","High",2,0,1,0,0,0,0,0,0,1,1,1,TRUE,1
"3213",10,"M",7,"Hispanic","High",2,1,1,0,0,0,1,1,0,1,2,1,TRUE,1
"3214",8,"M",6,"Hispanic","High",4,0,0,0,0,0,0,0,0,1,2,NA,TRUE,1
"3215",9,"M",6,"Hispanic","High",3,1,0,0,0,0,0,0,0,1,1,NA,TRUE,1
"3216",9,"M",6,"Hispanic","High",3,1,1,0,0,0,0,0,0,1,1,NA,TRUE,1
"3217",9,"M",6,"Hispanic","High",4,0,0,0,0,0,0,0,0,0,4,1,FALSE,0
"3218",9,"F",6,"Hispanic","High",4,0,0,0,0,0,0,0,0,0,1,1,FALSE,1
"3219",8,"M",6,"White","High",4,0,0,0,0,0,1,0,0,0,4,1,TRUE,0
"3220",7,"M",5,"Hispanic","High",4,0,0,0,0,0,0,0,0,0,4,1,FALSE,0
"3221",7,"F",5,"Hispanic","High",4,0,0,0,0,0,0,0,0,0,1,1,FALSE,1
"3222",7,"F",5,"Hispanic","High",4,0,0,0,0,0,0,0,0,0,4,1,FALSE,0
"3223",8,"F",5,"Hispanic","High",4,NA,NA,0,0,0,1,0,0,1,2,1,TRUE,1
"3224",7,"M",5,"Hispanic","High",2,NA,NA,0,NA,NA,NA,NA,NA,0,1,NA,NA,1
"3225",7,"F",5,"White","High",4,0,0,0,0,0,0,0,0,0,4,NA,FALSE,0
"3226",7,"F",5,"Hispanic","High",4,0,0,0,0,0,0,0,0,0,4,1,FALSE,0
"3227",7,"F",5,"Hispanic","High",4,0,0,0,0,0,0,0,0,0,4,NA,FALSE,0
"3228",9,"F",6,"Hispanic","High",1,1,1,1,1,0,1,0,0,1,1,NA,TRUE,1
"3229",8,"F",5,"Hispanic","High",1,1,1,0,0,0,1,0,0,1,1,NA,TRUE,1
"3230",11,"F",7,"Hispanic","High",2,1,NA,1,0,0,0,0,0,1,1,NA,TRUE,1
"3231",8,"F",NA,"Hispanic",NA,4,0,0,0,0,0,0,0,0,0,2,1,FALSE,1
"3232",7,"F",5,"Hispanic","High",4,0,0,0,0,0,0,0,0,0,4,1,FALSE,0
"3233",7,"F",5,"White","High",3,0,0,0,0,0,0,0,0,0,2,NA,FALSE,1
"3234",7,"F",5,"Hispanic","High",4,0,0,0,0,0,0,0,0,0,4,1,FALSE,0
"3235",7,"M",5,"Hispanic","High",3,0,0,0,0,0,0,0,0,0,1,NA,FALSE,1
"3236",7,NA,5,"Hispanic","High",NA,0,0,0,0,0,0,0,0,0,4,1,FALSE,0
"3237",7,"F",5,"Hispanic","High",4,0,0,0,0,0,0,0,0,0,1,NA,FALSE,1
"3238",8,"F",5,"Hispanic","High",4,0,0,0,0,0,0,0,0,0,2,NA,FALSE,1
"3239",7,"F",5,"Hispanic","High",4,0,0,0,0,0,0,0,0,0,1,NA,FALSE,1
"3240",7,"M",5,NA,"High",4,0,0,0,0,0,0,0,0,0,4,1,FALSE,0
"3241",8,"F",6,"Hispanic","High",3,0,0,0,0,0,0,0,0,0,3,1,FALSE,0
"3242",7,"F",4,"Hispanic","High",4,NA,0,0,0,0,0,0,0,0,1,1,NA,1
"3243",6,"F",4,"Hispanic","High",4,0,0,0,NA,NA,NA,NA,NA,0,4,1,NA,0
"3244",7,"F",4,"Hispanic","High",4,0,0,0,0,0,0,0,0,0,4,1,FALSE,0
"3245",7,"M",4,"Hispanic","High",4,0,0,0,0,0,0,0,0,0,2,1,FALSE,1
"3246",7,"F",4,"Hispanic","High",2,1,1,0,0,0,0,0,0,0,2,1,TRUE,1
"3247",7,"F",4,"Hispanic","High",3,0,0,0,0,0,0,0,0,1,1,1,TRUE,1
"3248",7,"F",4,"Hispanic","High",4,0,0,0,0,0,1,0,0,0,4,NA,TRUE,0
"3249",8,"F",6,"Black","High",4,0,0,0,0,0,0,0,0,0,4,NA,FALSE,0
"3250",8,"M",5,"Hispanic","High",3,0,0,0,0,0,0,0,0,0,3,NA,FALSE,0
"3251",8,"M",6,"White","High",4,0,0,0,0,0,0,0,0,0,4,1,FALSE,0
"3252",1,"M",6,"Hispanic","High",2,1,0,0,0,0,0,0,0,1,1,1,TRUE,1
"3253",2,"M",6,"Hispanic","High",1,1,1,0,0,0,0,0,0,0,4,NA,TRUE,0
"3254",6,"F",4,"Hispanic","High",3,0,0,0,0,0,0,0,0,1,1,NA,TRUE,1
"3255",6,"F",4,"Hispanic","High",4,0,0,0,0,0,0,0,0,1,1,NA,TRUE,1
"3256",7,"F",4,"Hispanic","High",3,1,0,0,1,0,0,0,0,0,1,NA,TRUE,1
"3257",7,"M",4,NA,"High",4,0,0,0,0,0,0,0,0,0,4,1,FALSE,0
"3258",6,"F",4,"Hispanic","High",3,0,0,0,0,0,0,0,0,0,1,NA,FALSE,1
"3259",6,"F",4,"Hispanic","High",4,0,0,0,0,0,0,0,0,0,4,1,FALSE,0
"3260",7,"F",4,"Black","High",3,0,0,0,0,0,0,0,0,0,1,1,FALSE,1
"3261",7,"F",5,"Hispanic","High",4,0,0,0,0,0,0,0,0,0,4,1,FALSE,0
"3262",7,"F",5,"Hispanic","High",4,0,0,0,0,0,0,0,0,0,2,1,FALSE,1
"3263",7,"M",5,"Hispanic","High",4,0,0,0,0,0,0,0,0,0,4,NA,FALSE,0
"3264",7,"M",5,"Hispanic","High",4,0,0,0,0,0,0,0,0,0,1,NA,FALSE,1
"3265",7,"M",5,"Hispanic","High",4,0,0,0,0,0,0,0,0,0,4,NA,FALSE,0
"3266",7,"M",5,"Hispanic","High",4,0,0,0,0,0,0,0,0,0,4,1,FALSE,0
"3267",7,"M",5,"Hispanic","High",4,0,0,0,0,0,1,0,0,0,1,1,TRUE,1
"3268",7,"M",5,"White","High",3,0,0,0,0,0,1,0,0,1,1,1,TRUE,1
"3269",8,"F",6,"Hispanic","High",4,0,0,0,0,0,0,0,0,0,4,1,FALSE,0
"3270",9,"M",7,"Hispanic","High",4,0,0,0,0,0,0,0,0,0,4,NA,FALSE,0
"3271",10,"F",7,"Hispanic","High",3,0,0,0,0,0,0,0,0,0,3,NA,FALSE,0
"3272",10,"M",7,"Hispanic","High",4,1,0,0,0,0,0,1,0,0,2,1,TRUE,1
"3273",8,"F",5,"Hispanic","High",4,0,0,0,0,0,0,0,0,0,NA,1,FALSE,NA
"3274",9,"F",6,"Hispanic","High",3,0,NA,0,0,0,1,0,0,1,1,NA,TRUE,1
"3275",8,"F",6,"Hispanic","High",3,0,0,0,0,0,0,0,0,0,1,1,FALSE,1
"3276",8,"F",5,"AI/AN","High",3,1,0,0,0,0,1,0,0,NA,1,NA,TRUE,1
"3277",8,"F",6,"White","High",2,1,0,0,0,0,1,0,0,NA,1,NA,TRUE,1
"3278",8,"F",6,"Hispanic","High",3,0,0,0,0,0,0,0,0,1,1,NA,TRUE,1
"3279",8,"F",6,"Hispanic","High",4,0,0,0,0,0,0,0,0,0,4,NA,FALSE,0
"3280",10,"M",7,"Hispanic","High",1,1,1,0,0,0,0,0,0,1,1,1,TRUE,1
"3281",10,"M",7,NA,"High",2,1,1,0,NA,NA,NA,NA,NA,1,2,NA,TRUE,1
"3282",10,"M",7,"Hispanic","High",4,0,0,0,0,0,0,0,0,0,4,NA,FALSE,0
"3283",9,"F",6,"Hispanic","High",1,0,1,0,0,0,0,0,0,1,1,1,TRUE,1
"3284",8,"F",6,"Hispanic","High",1,NA,1,0,0,0,0,0,0,1,1,1,TRUE,1
"3285",9,"M",6,"Hispanic","High",4,0,0,0,0,0,0,0,0,0,4,1,FALSE,0
"3286",9,"F",6,"Hispanic","High",1,1,1,0,NA,NA,NA,NA,NA,1,1,NA,TRUE,1
"3287",10,"F",7,"Asian","High",4,0,0,0,0,0,0,0,0,0,4,1,FALSE,0
"3288",10,"F",7,"Hispanic","High",4,0,0,0,0,0,0,0,0,0,4,NA,FALSE,0
"3289",8,"M",6,"Hispanic","High",4,0,0,0,0,0,0,0,0,0,4,1,FALSE,0
"3290",9,"F",6,"Hispanic","High",4,0,0,0,0,0,0,0,0,0,4,1,FALSE,0
"3291",8,"F",6,"Hispanic","High",4,0,0,0,0,0,0,0,0,0,2,1,FALSE,1
"3292",10,"M",7,"Hispanic","High",4,0,0,0,0,0,0,0,0,0,1,NA,FALSE,1
"3293",6,"M",4,"Hispanic","High",4,0,0,0,0,0,0,0,0,0,4,NA,FALSE,0
"3294",7,"M",4,"Hispanic","High",4,0,0,0,0,0,0,0,0,0,4,1,FALSE,0
"3295",6,"F",4,"Hispanic","High",1,0,0,0,0,0,1,0,0,1,1,NA,TRUE,1
"3296",6,"M",4,"Hispanic","High",3,NA,0,0,NA,NA,NA,NA,NA,1,1,NA,TRUE,1
"3297",6,"F",4,"Hispanic","High",4,0,0,0,0,0,0,0,0,0,4,1,FALSE,0
"3298",6,"F",4,"White","High",1,1,1,1,0,0,1,0,0,1,1,NA,TRUE,1
"3299",6,"F",4,"White","High",4,0,0,0,NA,NA,NA,NA,NA,0,1,NA,NA,1
"3300",7,"F",4,"Hispanic","High",4,0,0,0,0,0,0,0,0,0,3,NA,FALSE,0
"3301",6,"F",4,"Hispanic","High",2,0,0,0,0,0,1,0,0,0,2,NA,TRUE,1
"3302",7,"F",4,"Hispanic","High",3,0,0,0,0,0,1,0,0,1,1,NA,TRUE,1
"3303",7,"F",4,"Hispanic","High",2,0,0,0,0,0,0,0,0,1,1,1,TRUE,1
"3304",6,"M",NA,"White",NA,3,0,0,0,0,0,1,0,0,1,1,NA,TRUE,1
"3305",6,"F",4,"White","High",3,0,0,0,0,0,0,0,0,1,2,1,TRUE,1
"3306",6,"F",4,"Hispanic","High",4,0,0,0,0,0,0,0,0,0,1,1,FALSE,1
"3307",6,"F",4,"Hispanic","High",2,1,0,0,0,0,0,0,0,0,1,1,TRUE,1
"3308",6,"F",4,"Hispanic","High",2,0,0,0,0,0,0,0,0,0,1,NA,FALSE,1
"3309",10,"M",7,"Hispanic","High",1,1,1,0,0,0,1,0,0,1,4,NA,TRUE,0
"3310",7,"M",5,"Hispanic","High",1,0,1,0,0,0,0,0,0,0,4,NA,TRUE,0
"3311",8,"M",5,"White","High",4,0,0,0,0,0,0,0,0,0,4,1,FALSE,0
"3312",8,"M",5,"White","High",3,0,0,0,0,0,0,0,0,0,1,1,FALSE,1
"3313",10,"F",7,"Hispanic","High",2,0,0,0,0,0,0,0,0,1,1,NA,TRUE,1
"3314",8,"M",6,"White","High",4,0,0,0,0,0,0,0,0,0,4,1,FALSE,0
"3315",9,"M",5,"Hispanic","High",4,0,0,0,0,0,0,0,0,0,1,1,FALSE,1
"3316",8,"M",5,"Asian","High",4,0,0,0,0,0,0,0,0,0,1,NA,FALSE,1
"3317",8,"F",5,"Hispanic","High",4,0,0,0,0,0,0,0,0,0,4,1,FALSE,0
"3318",6,"F",4,NA,"High",3,0,0,0,0,0,0,0,0,1,1,NA,TRUE,1
"3319",6,"F",4,"Hispanic","High",2,0,0,0,0,0,1,0,0,1,1,NA,TRUE,1
"3320",7,"M",4,NA,"High",1,0,0,0,NA,NA,NA,NA,NA,1,1,NA,TRUE,1
"3321",7,"M",4,"Hispanic","High",4,0,0,0,0,0,0,0,0,0,4,1,FALSE,0
"3322",7,"F",4,"Hispanic","High",2,0,0,0,0,0,0,0,0,0,2,1,FALSE,1
"3323",6,"F",4,"Hispanic","High",2,0,0,0,0,0,0,0,0,0,1,NA,FALSE,1
"3324",6,"F",4,"Hispanic","High",4,0,0,0,0,0,0,0,0,0,4,1,FALSE,0
"3325",6,"M",4,"Hispanic","High",1,1,NA,1,0,0,0,0,0,0,1,NA,TRUE,1
"3326",6,"M",4,"Hispanic","High",3,0,0,0,0,0,0,0,0,0,1,NA,FALSE,1
"3327",9,"F",6,"Hispanic","High",3,0,0,0,0,0,0,0,0,0,3,1,FALSE,0
"3328",8,"F",6,"Hispanic","High",4,0,0,0,0,0,0,0,0,0,4,1,FALSE,0
"3329",7,"M",5,"Hispanic","High",2,NA,0,0,1,0,1,1,0,1,1,NA,TRUE,1
"3330",7,"M",5,"Hispanic","High",4,0,0,0,0,0,0,0,0,0,4,1,FALSE,0
"3331",7,"M",5,"Hispanic","High",4,NA,0,0,0,0,0,0,0,0,4,1,NA,0
"3332",8,"M",6,"Hispanic","High",2,0,NA,0,0,0,0,0,0,0,1,1,NA,1
"3333",NA,"M",NA,NA,NA,2,NA,NA,0,0,0,0,0,0,0,1,1,NA,1
"3334",9,"M",5,"Hispanic","High",1,0,0,0,0,0,0,0,0,1,1,1,TRUE,1
"3335",8,"F",5,"Hispanic","High",4,0,0,0,0,0,0,0,0,0,4,NA,FALSE,0
"3336",8,"M",5,"Hispanic","High",3,1,0,0,0,0,0,0,0,0,4,1,TRUE,0
"3337",7,"F",5,"Hispanic","High",3,0,0,0,0,0,1,0,0,0,2,NA,TRUE,1
"3338",7,"F",5,"Hispanic","High",3,0,0,0,0,0,1,0,0,1,2,NA,TRUE,1
"3339",7,"M",5,"Hispanic","High",3,0,0,0,0,0,1,0,0,1,2,1,TRUE,1
"3340",8,"M",5,"Hispanic","High",4,0,0,0,0,0,0,0,0,0,4,1,FALSE,0
"3341",7,"F",5,"Hispanic","High",4,0,0,0,0,0,0,0,0,0,4,1,FALSE,0
"3342",8,"M",5,"Hispanic","High",4,0,0,0,0,0,0,0,0,0,1,1,FALSE,1
"3343",7,"F",5,"Hispanic","High",4,0,0,0,0,0,0,0,0,0,4,1,FALSE,0
"3344",8,"F",5,"Hispanic","High",4,0,0,0,0,0,0,0,0,0,1,NA,FALSE,1
"3345",8,"F",5,"Hispanic","High",4,0,0,0,0,0,0,0,0,0,2,NA,FALSE,1
"3346",8,"F",5,"Hispanic","High",4,0,0,0,0,0,0,0,0,1,NA,1,TRUE,NA
"3347",7,"F",5,"Hispanic","High",3,0,0,0,0,0,0,0,0,0,1,NA,FALSE,1
"3348",8,"F",5,"Hispanic","High",2,0,0,0,0,0,0,0,0,0,3,1,FALSE,0
"3349",8,"F",5,"Hispanic","High",3,0,0,0,0,0,0,0,0,0,1,1,FALSE,1
"3350",7,"F",5,NA,"High",4,0,0,0,0,0,0,0,0,0,4,NA,FALSE,0
"3351",7,"F",5,"White","High",3,0,0,0,0,0,0,0,0,0,2,NA,FALSE,1
"3352",7,"F",5,"Hispanic","High",3,0,0,0,0,0,0,0,0,0,1,1,FALSE,1
"3353",7,"M",5,"White","High",4,0,0,0,0,0,0,0,0,0,4,1,FALSE,0
"3354",8,"M",5,"Hispanic","High",4,0,0,0,0,0,0,0,0,0,4,1,FALSE,0
"3355",8,"M",5,"Hispanic","High",4,0,0,0,0,0,0,0,0,0,4,1,FALSE,0
"3356",8,"F",5,"Hispanic","High",1,1,1,0,0,0,1,0,0,0,1,1,TRUE,1
"3357",7,"F",5,"Hispanic","High",4,0,0,0,0,0,0,0,0,0,4,1,FALSE,0
"3358",7,"F",5,"Hispanic","High",2,0,0,0,0,0,0,0,0,0,2,1,FALSE,1
"3359",7,"F",5,"Hispanic","High",2,0,0,0,0,0,1,0,0,0,1,NA,TRUE,1
"3360",7,"M",5,"Hispanic","High",4,0,0,0,NA,NA,NA,NA,NA,1,2,1,TRUE,1
"3361",7,"F",5,"Hispanic","High",3,0,0,0,0,0,0,0,0,0,4,1,FALSE,0
"3362",8,"M",5,"NHOPI","High",4,0,0,0,0,0,0,0,0,0,3,1,FALSE,0
"3363",7,"F",5,"Hispanic","High",2,0,0,0,0,0,0,0,0,0,1,1,FALSE,1
"3364",9,"M",6,"Hispanic","High",2,1,NA,1,1,0,0,0,0,1,2,NA,TRUE,1
"3365",10,"M",7,"Hispanic","High",4,0,0,0,0,0,0,0,0,0,3,1,FALSE,0
"3366",10,"M",7,"Hispanic","High",3,0,0,0,0,0,0,0,0,0,3,NA,FALSE,0
"3367",9,NA,7,"Hispanic","High",2,0,NA,NA,0,0,0,0,0,0,2,NA,NA,1
"3368",10,"M",7,"AI/AN","High",4,0,0,0,0,0,0,0,0,0,4,NA,FALSE,0
"3369",9,"M",7,"AI/AN","High",1,NA,NA,0,NA,NA,NA,NA,NA,0,2,NA,NA,1
"3370",10,"M",7,"Hispanic","High",2,1,1,0,0,0,1,0,0,0,2,NA,TRUE,1
"3371",9,"M",6,"White","High",4,0,0,0,0,0,0,0,0,0,4,1,FALSE,0
"3372",9,"M",6,"Hispanic","High",4,0,0,0,0,0,0,0,0,0,4,1,FALSE,0
"3373",9,"M",7,"Asian","High",1,NA,NA,1,0,0,0,0,0,0,3,NA,TRUE,0
"3374",9,"M",6,"Hispanic","High",4,0,0,0,0,0,0,0,0,0,4,1,FALSE,0
"3375",9,"M",6,"White","High",4,0,0,0,0,0,0,0,0,0,3,1,FALSE,0
"3376",8,"M",6,"Hispanic","High",4,NA,0,0,0,0,0,0,0,NA,4,1,NA,0
"3377",8,"M",6,"Hispanic","High",4,0,0,0,0,0,0,0,0,1,1,1,TRUE,1
"3378",9,"M",7,"Hispanic","High",4,0,0,0,0,0,0,0,0,0,4,NA,FALSE,0
"3379",8,"M",6,"White","High",3,1,0,0,0,0,0,0,0,1,1,NA,TRUE,1
"3380",8,"M",6,"White","High",4,0,0,0,0,0,1,0,0,1,1,NA,TRUE,1
"3381",9,"M",6,"Hispanic","High",3,0,0,0,0,0,0,0,0,1,2,NA,TRUE,1
"3382",8,"M",6,"Hispanic","High",4,0,0,0,0,0,0,0,0,0,4,1,FALSE,0
"3383",7,"F",5,"Hispanic","High",4,0,0,0,0,0,0,0,0,0,4,NA,FALSE,0
"3384",9,"M",7,"Hispanic","High",4,0,0,0,0,0,1,0,0,0,2,1,TRUE,1
"3385",9,"M",7,"Hispanic","High",4,0,0,0,0,0,0,0,0,0,4,1,FALSE,0
"3386",8,"M",6,"Black","High",4,0,NA,0,NA,NA,NA,NA,NA,0,4,1,NA,0
"3387",9,"M",6,"Black","High",4,0,0,0,0,0,0,0,0,0,4,1,FALSE,0
"3388",9,"M",7,"Hispanic","High",4,0,0,0,0,0,0,0,0,0,1,1,FALSE,1
"3389",9,"M",6,"White","High",4,0,0,0,0,0,0,0,0,0,4,NA,FALSE,0
"3390",10,"M",7,"Hispanic","High",4,0,0,0,0,0,0,0,0,0,4,NA,FALSE,0
"3391",8,"M",6,"Hispanic","High",4,0,0,0,0,0,0,0,0,0,4,NA,FALSE,0
"3392",8,"M",6,"White","High",4,0,0,0,0,0,0,0,0,0,4,1,FALSE,0
"3393",8,"F",6,"Hispanic","High",4,0,0,0,0,0,0,0,0,0,3,1,FALSE,0
"3394",9,NA,6,"White","High",2,1,0,0,0,0,0,0,0,1,1,1,TRUE,1
"3395",9,"F",6,"White","High",2,1,1,0,0,0,1,0,0,1,1,NA,TRUE,1
"3396",9,"F",6,"Hispanic","High",4,1,0,0,0,0,0,0,0,0,1,1,TRUE,1
"3397",9,"F",6,"White","High",4,0,0,0,0,0,0,0,0,0,4,NA,FALSE,0
"3398",9,"F",6,"Hispanic","High",4,0,0,0,0,0,0,0,0,0,1,NA,FALSE,1
"3399",8,"F",6,"Hispanic","High",4,0,0,0,0,0,0,0,0,0,1,1,FALSE,1
"3400",9,"M",6,"Hispanic","High",4,0,0,0,0,0,0,0,0,0,4,1,FALSE,0
"3401",8,"F",6,"Hispanic","High",3,0,0,0,0,0,0,0,0,0,2,1,FALSE,1
"3402",9,"M",6,"Hispanic","High",4,0,0,0,0,0,0,0,0,0,4,1,FALSE,0
"3403",9,"F",6,"Black","High",4,0,0,0,0,0,0,0,0,0,2,NA,FALSE,1
"3404",9,"F",6,"Black","High",3,0,0,0,0,0,0,0,0,0,2,NA,FALSE,1
"3405",8,"F",6,"Black","High",4,0,0,0,0,0,0,0,0,0,4,1,FALSE,0
"3406",8,"F",6,"Hispanic","High",4,0,0,0,0,0,0,0,0,0,4,1,FALSE,0
"3407",8,"F",6,"Hispanic","High",3,0,0,0,0,0,0,0,0,0,3,NA,FALSE,0
"3408",8,"F",6,"Hispanic","High",4,0,0,0,0,0,0,0,0,0,3,1,FALSE,0
"3409",9,"F",7,"Hispanic","High",4,0,0,0,0,0,0,0,0,0,4,1,FALSE,0
"3410",9,"M",7,"White","High",3,0,0,0,0,0,0,0,0,0,2,NA,FALSE,1
"3411",9,"F",7,"Hispanic","High",4,0,0,0,0,0,0,0,0,0,2,NA,FALSE,1
"3412",10,"F",7,"Hispanic","High",3,0,0,0,0,0,1,0,0,0,1,NA,TRUE,1
"3413",10,"F",7,"Hispanic","High",3,0,0,0,0,0,0,0,0,0,2,1,FALSE,1
"3414",9,"F",7,"Hispanic","High",2,NA,0,0,0,0,0,0,0,0,1,1,NA,1
"3415",9,"F",7,"White","High",4,0,0,0,0,0,0,0,0,0,1,NA,FALSE,1
"3416",9,"F",7,"Hispanic","High",3,0,0,0,0,0,0,0,0,0,1,1,FALSE,1
"3417",10,"F",7,"Hispanic","High",4,0,0,0,0,0,0,0,0,0,4,1,FALSE,0
"3418",10,"F",7,"Hispanic","High",3,0,0,0,0,0,1,0,0,1,1,1,TRUE,1
"3419",10,"M",7,"Hispanic","High",1,1,1,0,0,0,0,0,0,0,4,1,TRUE,0
"3420",9,"F",7,"Hispanic","High",3,0,0,0,0,0,0,0,0,0,2,1,FALSE,1
"3421",9,"M",7,"Hispanic","High",4,1,1,0,0,0,0,0,0,0,1,1,TRUE,1
"3422",9,"F",7,"Hispanic","High",4,0,0,0,0,0,0,0,0,0,4,1,FALSE,0
"3423",9,"M",6,"Hispanic","High",4,0,0,0,0,0,0,0,0,0,4,NA,FALSE,0
"3424",9,"M",7,"Hispanic","High",3,0,0,0,0,0,0,0,0,0,1,1,FALSE,1
"3425",10,"M",7,"Hispanic","High",3,0,0,0,0,0,0,0,0,0,3,NA,FALSE,0
"3426",8,"M",7,"Hispanic","High",4,0,0,0,0,0,0,0,0,0,4,NA,FALSE,0
"3427",9,"M",7,"Hispanic","High",3,0,0,0,0,0,0,0,0,0,4,1,FALSE,0
"3428",10,"M",7,"Black","High",1,1,0,0,0,0,1,0,1,0,2,NA,TRUE,1
"3429",9,"M",7,"Hispanic","High",4,0,0,0,0,0,0,0,0,0,4,1,FALSE,0
"3430",10,"M",7,"Black","High",4,0,0,0,0,0,0,0,0,0,4,1,FALSE,0
"3431",9,"M",7,"Hispanic","High",3,0,0,0,0,0,0,0,0,0,4,1,FALSE,0
"3432",7,"M",5,"Hispanic","High",2,0,0,0,0,0,1,0,0,1,2,1,TRUE,1
"3433",7,"M",5,"Hispanic","High",3,0,0,0,0,0,0,0,0,0,1,1,FALSE,1
"3434",7,"M",5,"Hispanic","High",4,0,0,0,0,0,0,0,0,0,4,NA,FALSE,0
"3435",8,"F",5,"Hispanic","High",3,0,0,0,0,0,0,0,0,0,1,1,FALSE,1
"3436",7,"F",5,"Hispanic","High",4,0,0,0,0,0,0,0,0,0,4,1,FALSE,0
"3437",9,"F",5,"Hispanic","High",3,1,1,0,0,0,0,0,0,1,2,NA,TRUE,1
"3438",7,"F",5,"Hispanic","High",4,0,0,0,0,0,0,0,0,0,1,1,FALSE,1
"3439",7,"F",5,"Hispanic","High",4,0,0,0,0,0,0,0,0,0,4,1,FALSE,0
"3440",8,"F",5,"Hispanic","High",4,0,0,0,0,0,0,0,0,0,4,1,FALSE,0
"3441",7,"F",5,"Asian","High",1,0,0,0,0,0,1,0,0,1,1,1,TRUE,1
"3442",7,"F",5,"Hispanic","High",3,0,0,0,0,0,0,0,0,0,4,NA,FALSE,0
"3443",8,"M",5,"Hispanic","High",4,0,0,0,0,0,0,0,0,0,4,NA,FALSE,0
"3444",8,"F",5,"Hispanic","High",2,NA,1,0,0,0,0,0,0,0,1,1,TRUE,1
"3445",10,"F",6,"White","High",4,0,0,0,0,0,0,0,0,0,4,1,FALSE,0
"3446",9,"M",6,"Hispanic","High",2,0,0,0,0,0,0,0,0,0,1,1,FALSE,1
"3447",8,"M",6,"Hispanic","High",3,0,0,0,0,0,0,0,0,0,1,1,FALSE,1
"3448",9,"M",6,"Hispanic","High",4,0,0,0,0,0,0,0,0,0,4,1,FALSE,0
"3449",8,"M",4,"White","High",4,0,0,0,0,0,0,0,0,0,4,1,FALSE,0
"3450",6,"M",4,"Hispanic","High",4,0,0,0,0,0,0,0,0,0,4,1,FALSE,0
"3451",7,"M",4,"Hispanic","High",3,0,0,0,0,0,0,0,0,1,1,1,TRUE,1
"3452",8,"M",4,"White","High",4,0,0,0,0,0,0,0,0,0,1,NA,FALSE,1
"3453",7,"F",4,"White","High",2,1,0,0,0,0,0,0,0,1,1,NA,TRUE,1
"3454",6,"F",4,"White","High",3,1,0,0,0,0,0,0,0,0,1,NA,TRUE,1
"3455",6,"F",4,"Hispanic","High",4,0,0,0,0,0,0,0,0,0,4,1,FALSE,0
"3456",6,"F",4,"Hispanic","High",4,0,0,0,0,0,0,0,0,0,1,NA,FALSE,1
"3457",6,"F",4,"Hispanic","High",4,0,0,0,0,0,0,0,0,0,4,1,FALSE,0
"3458",8,"M",4,"Hispanic","High",3,0,NA,NA,1,0,0,0,0,1,3,1,TRUE,0
"3459",6,"M",4,"Hispanic","High",4,0,0,0,0,0,0,0,0,0,4,1,FALSE,0
"3460",6,"M",4,"Hispanic","High",4,0,0,0,0,0,0,0,0,0,2,1,FALSE,1
"3461",6,"M",4,"Hispanic","High",4,0,0,0,0,0,0,0,0,0,4,1,FALSE,0
"3462",6,"M",4,"Hispanic","High",4,0,0,0,0,0,0,0,0,0,3,NA,FALSE,0
"3463",6,"M",4,"Hispanic","High",4,0,0,0,0,0,0,0,0,0,3,NA,FALSE,0
"3464",7,"F",4,"Hispanic","High",4,0,0,0,0,0,0,0,0,0,4,1,FALSE,0
"3465",7,"F",4,"Hispanic","High",4,0,0,0,0,0,0,0,0,0,2,NA,FALSE,1
"3466",7,"F",4,"Hispanic","High",3,0,0,0,0,0,0,0,0,0,1,1,FALSE,1
"3467",6,"F",4,"Hispanic","High",4,0,0,0,0,0,0,0,0,0,4,1,FALSE,0
"3468",7,"F",4,"Hispanic","High",4,0,0,0,0,0,0,0,0,0,2,NA,FALSE,1
"3469",7,"F",4,"Hispanic","High",4,0,0,0,0,0,0,0,0,0,4,NA,FALSE,0
"3470",7,"M",4,"Hispanic","High",4,0,0,0,0,0,0,0,0,0,1,NA,FALSE,1
"3471",7,"F",4,"Hispanic","High",3,0,0,0,NA,NA,NA,NA,NA,1,1,1,TRUE,1
"3472",8,"M",4,"Hispanic","High",4,0,0,0,0,0,0,0,0,0,4,NA,FALSE,0
"3473",7,"M",4,"Hispanic","High",3,0,0,0,0,0,0,0,0,1,1,NA,TRUE,1
"3474",7,"F",4,"Hispanic","High",4,0,0,0,0,0,0,0,0,0,4,1,FALSE,0
"3475",7,"M",5,"White","High",4,0,0,0,0,0,0,0,0,0,4,1,FALSE,0
"3476",8,"M",5,"Asian","High",4,0,0,0,0,0,0,0,0,0,4,NA,FALSE,0
"3477",8,"M",5,"Hispanic","High",4,0,0,0,0,0,0,0,0,0,2,1,FALSE,1
"3478",9,"F",6,"White","High",2,1,0,0,0,0,0,0,0,1,1,1,TRUE,1
"3479",7,"F",5,"Hispanic","High",3,0,0,0,0,0,0,0,0,0,1,NA,FALSE,1
"3480",7,"F",5,"AI/AN","High",2,0,0,0,0,0,0,0,0,0,2,1,FALSE,1
"3481",7,"F",5,"Hispanic","High",4,0,0,0,0,0,0,0,0,0,4,1,FALSE,0
"3482",7,"F",5,"Hispanic","High",4,0,0,0,0,0,0,0,0,0,4,1,FALSE,0
"3483",8,"F",5,"Hispanic","High",3,0,0,0,0,0,0,0,0,0,2,1,FALSE,1
"3484",7,"F",5,"White","High",4,0,0,0,0,0,0,0,0,0,4,1,FALSE,0
"3485",7,"M",5,"Hispanic","High",3,0,0,0,0,0,0,0,0,1,1,NA,TRUE,1
"3486",3,"F",1,"White","Middle",4,0,0,0,0,0,0,0,0,0,4,1,FALSE,0
"3487",3,"M",1,"White","Middle",4,0,0,0,0,0,0,0,0,0,4,1,FALSE,0
"3488",3,"F",1,"White","Middle",4,0,0,0,0,0,0,0,0,0,4,1,FALSE,0
"3489",4,"M",1,"White","Middle",4,0,0,0,0,0,0,0,0,0,4,1,FALSE,0
"3490",3,"F",1,"Hispanic","Middle",4,0,0,0,0,0,0,0,0,0,3,1,FALSE,0
"3491",4,"M",1,"White","Middle",4,0,0,0,0,0,0,0,0,0,4,1,FALSE,0
"3492",3,"M",1,"White","Middle",4,0,0,0,0,0,0,0,0,0,4,1,FALSE,0
"3493",3,"M",1,"Hispanic","Middle",4,0,0,0,0,0,0,0,0,0,4,NA,FALSE,0
"3494",4,"F",1,"White","Middle",4,0,0,0,0,0,0,0,0,0,4,1,FALSE,0
"3495",3,"F",1,"White","Middle",4,0,0,0,0,0,0,0,0,0,4,1,FALSE,0
"3496",3,"F",1,"Hispanic","Middle",4,0,0,0,0,0,0,0,0,0,4,1,FALSE,0
"3497",3,"F",1,"White","Middle",4,0,0,0,0,0,0,0,0,0,4,NA,FALSE,0
"3498",4,"F",1,"White","Middle",4,0,0,0,0,0,0,0,0,0,4,1,FALSE,0
"3499",3,"M",1,"Hispanic","Middle",4,0,0,0,0,0,0,0,0,0,4,1,FALSE,0
"3500",4,"M",1,NA,"Middle",4,0,0,0,0,0,0,0,0,0,4,1,FALSE,0
"3501",4,"F",1,"Hispanic","Middle",4,0,0,0,0,0,0,0,0,0,4,1,FALSE,0
"3502",3,"F",1,"White","Middle",4,0,0,0,0,0,0,0,0,0,4,1,FALSE,0
"3503",3,"M",1,"Hispanic","Middle",4,0,0,0,0,0,0,0,0,0,2,1,FALSE,1
"3504",3,"M",1,"Hispanic","Middle",4,0,0,0,0,0,0,0,0,0,4,1,FALSE,0
"3505",4,"F",1,NA,"Middle",4,0,0,0,0,0,0,0,0,0,4,1,FALSE,0
"3506",6,"M",3,"Hispanic","Middle",4,0,0,0,0,0,0,0,0,0,4,1,FALSE,0
"3507",6,"M",3,"Hispanic","Middle",2,1,1,0,0,1,1,1,0,1,1,1,TRUE,1
"3508",5,"F",3,"Hispanic","Middle",3,0,0,0,0,0,0,0,0,0,2,NA,FALSE,1
"3509",6,"F",3,"White","Middle",3,0,0,0,0,0,0,0,0,0,2,1,FALSE,1
"3510",6,"F",3,"Hispanic","Middle",4,NA,0,0,0,0,0,0,0,0,2,NA,NA,1
"3511",5,"F",3,"Hispanic","Middle",4,0,0,0,0,0,0,0,0,0,4,1,FALSE,0
"3512",5,"M",3,"Hispanic","Middle",4,0,NA,NA,0,0,0,0,0,0,2,1,NA,1
"3513",6,"F",3,"Hispanic","Middle",3,0,0,0,0,0,0,0,0,0,3,NA,FALSE,0
"3514",5,"F",3,"Hispanic","Middle",3,0,0,0,0,0,0,0,0,0,2,1,FALSE,1
"3515",7,"M",3,NA,"Middle",4,0,0,0,NA,NA,NA,NA,NA,0,4,NA,NA,0
"3516",6,"M",3,"Hispanic","Middle",4,0,0,0,0,0,0,0,0,1,1,NA,TRUE,1
"3517",6,"F",3,NA,"Middle",2,1,0,0,0,0,0,0,0,1,1,1,TRUE,1
"3518",5,"M",3,"Hispanic","Middle",4,0,0,0,0,0,0,0,0,0,4,1,FALSE,0
"3519",6,"F",3,"Hispanic","Middle",1,0,0,0,1,0,1,0,0,0,1,NA,TRUE,1
"3520",6,"M",3,"Hispanic","Middle",4,0,0,0,0,0,0,0,0,0,4,1,FALSE,0
"3521",5,"M",2,"Hispanic","Middle",4,0,0,0,0,0,0,0,0,0,4,1,FALSE,0
"3522",5,"F",2,"Hispanic","Middle",3,0,0,0,0,0,0,0,0,0,4,1,FALSE,0
"3523",4,"M",2,"Hispanic","Middle",4,0,0,0,0,0,0,0,0,0,4,1,FALSE,0
"3524",6,"M",2,"Hispanic","Middle",4,0,0,0,0,0,0,0,0,0,4,1,FALSE,0
"3525",5,"F",2,"Hispanic","Middle",3,0,0,0,0,0,0,0,0,0,4,NA,FALSE,0
"3526",4,"F",2,"Hispanic","Middle",4,0,0,0,0,0,0,0,0,0,2,1,FALSE,1
"3527",4,"F",2,"Hispanic","Middle",4,0,0,0,0,0,0,0,0,0,4,1,FALSE,0
"3528",5,"M",2,"Hispanic","Middle",3,0,NA,NA,0,0,0,0,0,0,1,1,NA,1
"3529",6,"F",2,"Hispanic","Middle",3,0,0,0,0,0,0,0,0,0,2,NA,FALSE,1
"3530",5,"F",2,"Hispanic","Middle",4,0,0,0,0,0,0,0,0,0,4,1,FALSE,0
"3531",4,"M",2,"Hispanic","Middle",4,0,0,0,0,0,0,0,0,0,4,NA,FALSE,0
"3532",6,"M",2,"Hispanic","Middle",4,0,0,0,0,0,0,0,0,0,4,1,FALSE,0
"3533",5,"F",2,"Hispanic","Middle",4,0,0,0,0,0,0,0,0,0,3,1,FALSE,0
"3534",4,"F",2,"Hispanic","Middle",4,0,0,0,0,0,0,0,0,0,4,1,FALSE,0
"3535",4,"M",2,"Hispanic","Middle",4,0,0,0,0,0,0,0,0,0,3,1,FALSE,0
"3536",5,"M",2,"Hispanic","Middle",4,0,NA,0,0,0,0,0,0,0,3,1,NA,0
"3537",4,"F",2,"Hispanic","Middle",4,0,NA,0,0,0,1,0,0,1,2,NA,TRUE,1
"3538",4,"F",2,"Hispanic","Middle",4,0,0,0,0,0,0,0,0,0,4,1,FALSE,0
"3539",6,"F",3,"Hispanic","Middle",3,0,0,0,0,0,0,0,0,0,1,NA,FALSE,1
"3540",6,"F",3,"Hispanic","Middle",4,0,0,0,0,0,0,0,0,0,3,1,FALSE,0
"3541",7,"M",3,"Hispanic","Middle",4,0,0,0,NA,NA,NA,NA,NA,0,3,NA,NA,0
"3542",5,"M",3,"Hispanic","Middle",4,0,0,0,0,0,0,0,0,0,4,NA,FALSE,0
"3543",4,"M",2,"Hispanic","Middle",4,0,0,0,0,0,1,0,0,1,2,1,TRUE,1
"3544",5,"F",2,"Hispanic","Middle",4,0,0,0,0,0,0,0,0,0,4,NA,FALSE,0
"3545",5,"M",2,"Hispanic","Middle",2,0,0,0,0,0,0,0,0,1,1,NA,TRUE,1
"3546",4,"M",2,"Hispanic","Middle",4,0,0,0,0,0,1,0,0,1,1,1,TRUE,1
"3547",5,"F",2,"Hispanic","Middle",4,0,0,0,0,0,0,0,0,0,4,1,FALSE,0
"3548",4,"F",2,"Hispanic","Middle",4,0,0,0,0,0,0,0,0,0,4,1,FALSE,0
"3549",6,NA,2,"Hispanic","Middle",4,0,0,0,0,0,0,0,0,0,4,1,FALSE,0
"3550",5,"M",2,"Asian","Middle",4,0,0,0,0,0,0,0,0,0,4,1,FALSE,0
"3551",4,"M",2,NA,"Middle",4,0,0,0,0,0,0,0,0,0,4,1,FALSE,0
"3552",6,"F",3,"Hispanic","Middle",3,0,0,0,0,0,0,0,0,0,2,1,FALSE,1
"3553",6,"M",3,"Hispanic","Middle",4,0,0,0,0,0,0,0,0,0,2,1,FALSE,1
"3554",5,"F",3,"Hispanic","Middle",4,0,0,0,0,0,0,0,0,0,3,1,FALSE,0
"3555",5,"M",3,"Hispanic","Middle",4,0,0,0,0,0,1,0,0,1,2,1,TRUE,1
"3556",5,"M",3,"Hispanic","Middle",3,0,0,0,0,0,0,0,0,0,2,1,FALSE,1
"3557",5,"F",3,"Hispanic","Middle",3,0,0,0,0,0,0,0,0,0,2,NA,FALSE,1
"3558",6,"F",3,"Hispanic","Middle",4,0,0,0,0,0,0,0,0,0,4,1,FALSE,0
"3559",5,"F",2,"Hispanic","Middle",3,0,0,0,0,0,0,0,0,0,3,NA,FALSE,0
"3560",5,"M",2,"Hispanic","Middle",3,0,0,0,0,0,0,0,0,0,3,NA,FALSE,0
"3561",5,"F",2,"Hispanic","Middle",3,0,0,0,0,0,0,0,0,1,1,NA,TRUE,1
"3562",4,"F",2,"Hispanic","Middle",4,0,0,0,0,0,0,0,0,NA,2,NA,NA,1
"3563",6,"M",2,"Hispanic","Middle",4,0,0,0,0,0,0,0,0,0,3,1,FALSE,0
"3564",4,"M",2,"Hispanic","Middle",3,0,0,0,0,0,0,0,0,0,3,1,FALSE,0
"3565",4,"M",2,"Hispanic","Middle",4,0,0,0,0,0,0,0,0,0,4,NA,FALSE,0
"3566",9,"F",7,"Hispanic","High",3,0,0,0,0,0,0,0,0,0,2,1,FALSE,1
"3567",10,"M",7,"Hispanic","High",3,0,0,0,0,0,0,0,0,0,2,1,FALSE,1
"3568",9,"F",7,"Hispanic","High",3,0,0,0,0,0,0,0,0,0,2,1,FALSE,1
"3569",9,"F",7,"Hispanic","High",4,0,0,0,0,0,0,0,0,0,2,1,FALSE,1
"3570",9,"M",7,"Asian","High",NA,0,NA,NA,0,0,0,0,0,NA,NA,1,NA,NA
"3571",10,"M",7,"Hispanic","High",3,0,0,0,0,0,0,0,0,0,1,1,FALSE,1
"3572",10,"F",7,"NHOPI","High",3,0,0,0,0,0,0,0,0,0,1,1,FALSE,1
"3573",10,"M",7,"White","High",2,0,0,1,0,0,0,0,0,0,3,1,TRUE,0
"3574",9,"F",7,"Hispanic","High",3,0,0,0,0,0,0,0,0,0,1,NA,FALSE,1
"3575",9,"F",7,"Hispanic","High",2,0,0,0,0,0,1,0,0,1,1,NA,TRUE,1
"3576",9,"M",7,"Hispanic","High",2,0,0,0,0,0,0,0,0,0,4,1,FALSE,0
"3577",9,"F",7,"Hispanic","High",3,0,0,0,0,0,0,0,0,0,2,1,FALSE,1
"3578",9,"F",7,"Hispanic","High",4,0,0,0,0,0,0,0,0,0,4,1,FALSE,0
"3579",10,"F",7,"Hispanic","High",4,0,0,0,0,0,0,0,0,0,3,1,FALSE,0
"3580",10,"F",7,"Black","High",4,0,0,0,0,0,0,0,0,0,4,1,FALSE,0
"3581",9,"F",7,"Hispanic","High",4,0,0,0,0,0,0,0,0,0,4,1,FALSE,0
"3582",9,"F",7,"Hispanic","High",4,0,0,0,0,0,0,0,0,0,3,NA,FALSE,0
"3583",10,"F",7,"Hispanic","High",3,0,0,0,0,0,0,0,0,0,2,1,FALSE,1
"3584",9,"F",7,"Hispanic","High",3,0,0,0,0,0,0,0,0,0,4,1,FALSE,0
"3585",9,"F",7,"Hispanic","High",4,0,0,0,0,0,0,0,0,0,4,1,FALSE,0
"3586",9,"F",7,"Hispanic","High",4,0,0,0,0,0,0,0,0,0,4,1,FALSE,0
"3587",9,"F",7,"Hispanic","High",4,0,0,0,0,0,0,0,0,0,2,1,FALSE,1
"3588",10,"F",7,"Hispanic","High",3,0,0,0,0,0,0,0,0,0,1,NA,FALSE,1
"3589",9,"M",7,"Hispanic","High",4,0,0,0,0,0,0,0,0,0,1,1,FALSE,1
"3590",10,"M",7,"Hispanic","High",2,1,1,1,1,0,1,0,1,1,1,NA,TRUE,1
"3591",9,"M",7,"Hispanic","High",4,0,0,0,0,0,0,0,0,0,3,1,FALSE,0
"3592",10,"M",7,"Hispanic","High",4,0,0,0,0,0,0,0,0,0,1,NA,FALSE,1
"3593",9,"M",7,"NHOPI","High",1,0,NA,1,0,0,0,1,1,1,1,1,TRUE,1
"3594",9,"M",7,"Hispanic","High",1,NA,1,1,NA,NA,NA,NA,NA,1,2,NA,TRUE,1
"3595",10,"M",7,NA,"High",3,0,0,0,0,0,0,0,0,0,2,1,FALSE,1
"3596",10,"M",7,"Hispanic","High",2,0,0,0,0,0,0,0,0,0,2,1,FALSE,1
"3597",4,"M",7,"Hispanic","High",4,0,0,0,0,0,0,0,0,1,2,1,TRUE,1
"3598",10,"M",7,"Hispanic","High",4,0,0,0,0,0,1,0,0,1,1,NA,TRUE,1
"3599",8,"M",6,"Hispanic","High",4,0,0,0,0,0,0,0,0,0,1,1,FALSE,1
"3600",8,"M",6,"Hispanic","High",3,0,0,0,0,0,0,0,0,1,1,1,TRUE,1
"3601",8,"F",6,"Hispanic","High",4,0,0,0,0,0,0,0,0,0,4,1,FALSE,0
"3602",9,"F",6,"Asian","High",4,0,0,0,0,0,0,0,0,0,2,NA,FALSE,1
"3603",9,"M",6,"Hispanic","High",4,0,0,0,0,0,0,0,0,0,2,1,FALSE,1
"3604",9,"M",6,"Hispanic","High",4,0,0,0,0,0,0,0,0,0,4,1,FALSE,0
"3605",9,"M",6,"Hispanic","High",4,0,0,0,0,0,0,0,0,0,4,1,FALSE,0
"3606",8,"M",6,"Hispanic","High",3,0,0,0,0,0,0,0,0,0,3,1,FALSE,0
"3607",8,"M",6,"Hispanic","High",4,0,0,0,0,0,0,0,0,0,4,1,FALSE,0
"3608",8,"M",6,"Hispanic","High",3,0,0,0,0,0,0,0,0,0,3,1,FALSE,0
"3609",9,"M",6,"Hispanic","High",3,0,0,0,0,0,0,0,0,0,1,1,FALSE,1
"3610",8,"M",6,"Hispanic","High",4,0,0,0,0,0,0,0,0,0,4,1,FALSE,0
"3611",9,"F",6,"White","High",4,0,0,0,0,0,0,0,0,0,2,NA,FALSE,1
"3612",10,"M",7,"Hispanic","High",4,0,0,0,0,0,0,0,0,1,1,NA,TRUE,1
"3613",11,"M",7,"Hispanic","High",1,0,0,0,0,0,0,0,0,0,1,1,FALSE,1
"3614",8,"F",6,"Hispanic","High",3,0,0,0,0,0,0,0,0,0,2,1,FALSE,1
"3615",9,"F",6,"Hispanic","High",3,0,NA,0,0,0,1,0,0,1,2,NA,TRUE,1
"3616",8,"M",6,"Hispanic","High",4,0,0,0,0,0,0,0,0,0,4,1,FALSE,0
"3617",9,"F",6,"Hispanic","High",4,0,0,0,0,0,0,0,0,0,4,1,FALSE,0
"3618",8,"F",6,"Hispanic","High",3,0,0,0,0,0,0,0,0,0,2,1,FALSE,1
"3619",9,"F",6,"Hispanic","High",4,0,0,0,0,0,0,0,0,0,3,1,FALSE,0
"3620",10,"M",7,"Hispanic","High",2,0,1,0,0,0,0,0,0,0,2,NA,TRUE,1
"3621",9,"F",6,"Hispanic","High",4,0,0,0,0,0,0,0,0,0,4,1,FALSE,0
"3622",8,"F",6,"Hispanic","High",3,0,0,0,0,0,0,0,0,0,3,1,FALSE,0
"3623",9,"F",7,"Hispanic","High",4,0,0,0,NA,NA,NA,NA,NA,0,4,NA,NA,0
"3624",8,"F",6,"Hispanic","High",4,0,0,0,0,0,0,0,0,0,4,NA,FALSE,0
"3625",9,"F",6,"Hispanic","High",4,0,0,0,0,0,0,0,0,0,1,1,FALSE,1
"3626",8,"M",6,"Hispanic","High",2,0,1,1,0,0,0,0,0,1,1,1,TRUE,1
"3627",9,"M",6,"Hispanic","High",4,0,0,0,0,0,0,0,0,0,2,1,FALSE,1
"3628",9,"F",6,"Hispanic","High",3,0,0,0,0,0,0,0,0,0,3,NA,FALSE,0
"3629",7,"M",5,"Hispanic","High",4,0,0,0,0,0,0,0,0,0,3,1,FALSE,0
"3630",7,"M",5,"Asian","High",4,0,0,0,0,0,0,0,0,0,3,1,FALSE,0
"3631",8,"F",5,"NHOPI","High",3,0,0,0,0,0,0,0,0,0,2,1,FALSE,1
"3632",7,"F",5,"Hispanic","High",3,0,0,0,0,0,0,0,0,0,3,1,FALSE,0
"3633",8,"M",5,"Hispanic","High",4,0,0,0,0,0,0,0,0,0,2,1,FALSE,1
"3634",7,"M",5,"Hispanic","High",3,0,0,0,0,0,0,0,0,1,1,1,TRUE,1
"3635",7,"M",5,"White","High",3,0,0,0,0,0,1,0,0,1,1,NA,TRUE,1
"3636",7,"F",5,"Hispanic","High",4,0,0,0,0,0,0,0,0,1,2,1,TRUE,1
"3637",8,"M",5,"Hispanic","High",4,0,1,0,0,0,0,0,0,0,1,NA,TRUE,1
"3638",7,"M",5,"Hispanic","High",1,NA,0,0,0,0,1,0,0,0,1,1,TRUE,1
"3639",8,"M",5,"Hispanic","High",4,0,0,0,0,0,0,0,0,0,4,1,FALSE,0
"3640",7,"M",5,"Hispanic","High",3,0,0,0,0,0,0,0,0,0,2,1,FALSE,1
"3641",7,"M",5,"Hispanic","High",2,0,1,0,0,0,0,0,0,1,2,NA,TRUE,1
"3642",7,"F",5,"Hispanic","High",1,1,NA,0,0,0,1,0,0,1,1,NA,TRUE,1
"3643",8,"F",5,NA,"High",3,0,0,0,0,0,0,0,0,0,2,NA,FALSE,1
"3644",8,"F",5,"Hispanic","High",4,0,0,0,0,0,0,0,0,0,2,NA,FALSE,1
"3645",7,"F",5,"Hispanic","High",3,0,0,0,0,0,0,0,0,0,2,1,FALSE,1
"3646",8,"F",5,"Hispanic","High",4,0,0,0,0,0,0,0,0,0,4,NA,FALSE,0
"3647",7,"M",5,"Hispanic","High",4,0,0,0,0,0,0,0,0,0,4,NA,FALSE,0
"3648",7,"F",5,"Hispanic","High",3,0,0,0,0,0,0,0,0,0,2,1,FALSE,1
"3649",7,"F",5,"Hispanic","High",4,0,0,0,0,0,0,0,0,0,4,NA,FALSE,0
"3650",7,"F",5,"Hispanic","High",4,0,0,0,0,0,0,0,0,0,1,1,FALSE,1
"3651",7,"F",5,"Hispanic","High",3,0,0,0,0,0,0,0,0,1,1,NA,TRUE,1
"3652",8,"M",5,NA,"High",4,NA,NA,0,0,0,1,0,0,1,2,NA,TRUE,1
"3653",7,"F",5,"Hispanic","High",3,0,0,0,0,0,0,0,0,0,3,1,FALSE,0
"3654",8,"F",5,"White","High",4,0,0,0,0,0,0,0,0,0,1,1,FALSE,1
"3655",NA,"F",1,"Hispanic","Middle",4,0,0,0,0,0,0,0,0,0,3,NA,FALSE,0
"3656",10,"M",1,"Hispanic","Middle",3,0,0,0,0,0,0,0,0,0,2,1,FALSE,1
"3657",6,"F",4,"Black","High",4,0,0,0,0,0,0,0,0,0,4,1,FALSE,0
"3658",6,"F",4,"Hispanic","High",4,0,0,0,0,0,0,0,0,1,1,NA,TRUE,1
"3659",7,"M",4,"White","High",4,0,0,0,0,0,0,0,0,0,4,1,FALSE,0
"3660",7,"M",4,"Hispanic","High",4,0,0,0,0,0,0,0,0,0,4,1,FALSE,0
"3661",6,"F",4,"Hispanic","High",4,0,0,0,0,0,0,0,0,0,4,1,FALSE,0
"3662",7,"M",4,"Hispanic","High",3,0,0,0,NA,NA,NA,NA,NA,0,1,NA,NA,1
"3663",7,"F",4,"Hispanic","High",3,0,0,0,0,0,0,0,0,0,3,1,FALSE,0
"3664",6,"M",4,"Hispanic","High",4,0,0,0,0,0,0,0,0,0,4,1,FALSE,0
"3665",7,"F",4,"Hispanic","High",3,0,0,0,0,0,0,0,0,0,1,NA,FALSE,1
"3666",7,"F",4,"Hispanic","High",4,0,0,0,0,0,0,0,0,0,1,1,FALSE,1
"3667",6,"M",4,"Hispanic","High",3,0,0,0,0,0,0,0,0,0,2,1,FALSE,1
"3668",7,"M",4,"Hispanic","High",4,0,0,0,0,0,0,0,0,0,2,1,FALSE,1
"3669",6,"F",4,"Hispanic","High",4,0,0,0,0,0,0,0,0,0,4,NA,FALSE,0
"3670",7,"M",4,"Hispanic","High",4,0,0,0,0,0,0,0,0,0,4,NA,FALSE,0
"3671",6,"F",4,"Hispanic","High",4,0,0,0,0,0,0,0,0,0,4,1,FALSE,0
"3672",7,"M",4,"Hispanic","High",4,0,0,0,0,0,0,0,0,0,3,1,FALSE,0
"3673",7,"F",4,"Hispanic","High",3,0,0,0,0,0,0,0,0,0,3,NA,FALSE,0
"3674",7,"M",4,"Hispanic","High",4,0,0,0,0,0,0,0,0,0,4,NA,FALSE,0
"3675",6,"M",4,"Hispanic","High",4,0,0,0,0,0,0,0,0,0,2,NA,FALSE,1
"3676",7,"M",4,"Hispanic","High",4,0,0,0,0,0,0,0,0,0,4,1,FALSE,0
"3677",6,"M",4,"Asian","High",4,0,0,0,0,0,0,0,0,0,4,NA,FALSE,0
"3678",4,"F",1,"White","Middle",4,0,0,0,0,0,0,0,0,0,4,NA,FALSE,0
"3679",4,"F",1,"White","Middle",4,0,0,0,0,0,0,0,0,0,4,1,FALSE,0
"3680",4,"F",1,"White","Middle",4,0,0,0,0,0,0,0,0,0,4,1,FALSE,0
"3681",3,"M",1,"White","Middle",2,0,0,0,0,0,0,0,0,0,2,NA,FALSE,1
"3682",4,"M",1,"White","Middle",3,0,0,0,0,0,0,0,0,0,3,1,FALSE,0
"3683",4,"F",1,"Black","Middle",4,NA,0,0,0,0,0,0,0,0,4,1,NA,0
"3684",3,"F",1,"Black","Middle",4,0,0,0,0,0,0,0,0,0,4,1,FALSE,0
"3685",3,"M",1,"Hispanic","Middle",4,0,0,0,0,0,0,0,0,0,4,1,FALSE,0
"3686",4,"M",1,"White","Middle",4,0,0,0,0,0,0,0,0,0,4,1,FALSE,0
"3687",3,"F",1,"White","Middle",4,0,0,0,0,0,0,0,0,0,4,NA,FALSE,0
"3688",5,"F",1,"White","Middle",4,0,0,0,0,0,0,0,0,0,4,NA,FALSE,0
"3689",4,"F",1,"White","Middle",4,0,0,0,0,0,0,0,0,0,4,NA,FALSE,0
"3690",5,"M",1,"White","Middle",4,0,0,0,0,0,0,0,0,0,4,NA,FALSE,0
"3691",3,NA,1,NA,"Middle",4,0,0,0,0,0,0,0,0,0,4,1,FALSE,0
"3692",4,"M",1,"White","Middle",4,0,0,0,0,0,0,0,0,0,4,1,FALSE,0
"3693",4,"F",1,"Black","Middle",2,0,0,0,0,0,0,0,0,0,4,NA,FALSE,0
"3694",4,"M",1,NA,"Middle",3,0,0,1,0,0,0,0,0,1,2,NA,TRUE,1
"3695",3,"M",1,"Black","Middle",3,0,0,0,0,0,0,0,0,0,1,1,FALSE,1
"3696",3,"F",1,"White","Middle",4,0,0,0,0,0,0,0,0,0,4,1,FALSE,0
"3697",4,"F",1,"White","Middle",4,0,0,0,0,0,0,0,0,0,4,1,FALSE,0
"3698",4,"F",1,"White","Middle",2,1,1,1,1,0,1,0,1,1,1,NA,TRUE,1
"3699",3,"F",1,"White","Middle",3,0,0,0,0,0,0,0,0,0,4,1,FALSE,0
"3700",3,"F",1,"White","Middle",4,0,0,0,0,0,0,0,0,0,4,NA,FALSE,0
"3701",4,"F",1,"White","Middle",4,0,0,0,0,0,0,0,0,0,4,NA,FALSE,0
"3702",4,"M",1,"Hispanic","Middle",4,0,0,0,0,0,0,0,0,0,4,NA,FALSE,0
"3703",3,"M",1,"White","Middle",4,0,0,0,0,0,0,0,0,0,4,1,FALSE,0
"3704",5,"M",1,"White","Middle",4,0,0,0,0,0,0,0,0,0,4,1,FALSE,0
"3705",4,"F",1,"White","Middle",4,0,0,0,0,0,0,0,0,0,4,1,FALSE,0
"3706",4,"M",1,"Hispanic","Middle",4,0,0,0,0,0,0,0,0,0,4,NA,FALSE,0
"3707",3,"M",1,"White","Middle",3,0,NA,0,0,0,0,0,0,0,4,NA,NA,0
"3708",4,"M",1,"White","Middle",4,0,0,0,0,0,0,0,0,0,4,1,FALSE,0
"3709",3,"F",1,"Black","Middle",3,0,0,0,0,0,0,0,0,0,2,1,FALSE,1
"3710",3,"F",1,"White","Middle",4,0,0,0,0,0,0,0,0,0,4,NA,FALSE,0
"3711",3,"M",1,NA,"Middle",4,0,0,0,0,0,0,0,0,0,4,1,FALSE,0
"3712",4,"M",1,"White","Middle",4,0,0,1,0,0,1,0,0,1,1,NA,TRUE,1
"3713",4,"M",1,"Black","Middle",4,0,0,0,0,0,0,0,0,0,4,1,FALSE,0
"3714",5,"F",1,"Hispanic","Middle",4,0,0,0,0,0,0,0,0,0,4,NA,FALSE,0
"3715",5,"F",1,"Black","Middle",4,0,0,0,0,0,0,0,0,0,4,1,FALSE,0
"3716",6,"M",3,"White","Middle",2,0,0,0,0,0,1,0,0,1,1,NA,TRUE,1
"3717",6,"M",2,"White","Middle",4,0,0,0,0,0,0,1,0,0,4,NA,TRUE,0
"3718",5,"F",2,"Hispanic","Middle",3,0,0,0,0,0,0,0,0,0,2,NA,FALSE,1
"3719",6,"F",2,"Black","Middle",4,0,0,0,0,0,0,0,0,0,4,1,FALSE,0
"3720",5,"F",2,"Hispanic","Middle",4,0,0,0,0,0,0,0,0,0,3,1,FALSE,0
"3721",6,"F",2,"White","Middle",3,0,0,0,0,0,0,0,0,0,3,NA,FALSE,0
"3722",5,"F",2,"Hispanic","Middle",4,0,0,0,0,0,0,0,0,0,4,1,FALSE,0
"3723",5,"F",2,"White","Middle",4,0,0,0,0,0,0,0,0,0,4,1,FALSE,0
"3724",6,"M",3,"Hispanic","Middle",4,0,0,0,0,0,0,0,0,0,3,1,FALSE,0
"3725",6,"M",3,"White","Middle",4,0,0,0,0,0,0,0,0,0,4,1,FALSE,0
"3726",6,"M",3,"White","Middle",4,0,0,0,0,0,0,0,0,0,4,1,FALSE,0
"3727",6,"M",3,"White","Middle",3,0,0,0,0,0,0,0,0,0,3,1,FALSE,0
"3728",5,"F",3,"White","Middle",4,0,0,0,0,0,0,0,0,0,4,1,FALSE,0
"3729",6,"F",3,"White","Middle",4,0,0,0,0,0,0,0,0,0,4,1,FALSE,0
"3730",6,"F",3,"White","Middle",4,0,0,0,0,0,0,0,0,0,4,1,FALSE,0
"3731",6,"F",3,"White","Middle",4,0,0,0,0,0,0,0,0,0,4,NA,FALSE,0
"3732",6,"F",3,"White","Middle",4,0,0,0,0,0,0,0,0,0,2,1,FALSE,1
"3733",6,"F",3,"Asian","Middle",3,0,0,0,0,0,0,0,0,0,2,1,FALSE,1
"3734",6,"F",3,"Asian","Middle",4,0,0,0,0,0,0,0,0,0,1,1,FALSE,1
"3735",6,"F",3,"White","Middle",4,0,0,0,0,0,0,0,0,0,4,NA,FALSE,0
"3736",5,NA,3,"Black","Middle",4,0,0,0,0,0,0,0,0,0,3,1,FALSE,0
"3737",6,"M",3,"White","Middle",3,0,0,0,0,0,0,0,0,1,2,1,TRUE,1
"3738",6,"M",3,"White","Middle",4,0,0,0,0,0,0,0,0,0,2,1,FALSE,1
"3739",6,"M",3,"White","Middle",4,0,0,0,0,0,0,0,0,0,4,1,FALSE,0
"3740",6,"M",3,"Hispanic","Middle",4,0,0,0,0,0,0,0,0,0,4,1,FALSE,0
"3741",6,"F",3,"White","Middle",4,0,0,0,0,0,0,0,0,0,4,1,FALSE,0
"3742",6,"F",3,"Hispanic","Middle",4,0,0,0,0,0,0,0,0,0,4,NA,FALSE,0
"3743",6,"F",3,"White","Middle",3,0,0,0,0,0,0,0,0,0,2,NA,FALSE,1
"3744",5,"F",3,"Hispanic","Middle",3,0,0,0,0,0,0,0,0,0,1,1,FALSE,1
"3745",7,"F",3,"NHOPI","Middle",4,0,0,0,0,0,0,0,0,0,4,NA,FALSE,0
"3746",6,"M",3,"White","Middle",1,1,1,1,1,0,1,0,0,1,1,NA,TRUE,1
"3747",5,"F",3,"White","Middle",4,0,0,0,0,0,0,0,0,0,2,NA,FALSE,1
"3748",6,"F",3,"Hispanic","Middle",4,0,0,0,0,0,0,0,0,0,4,NA,FALSE,0
"3749",6,"M",3,"White","Middle",2,0,1,0,0,0,0,0,0,1,1,NA,TRUE,1
"3750",5,"M",3,"White","Middle",2,0,0,0,0,0,1,0,0,1,1,NA,TRUE,1
"3751",6,"F",3,"White","Middle",4,0,0,0,0,0,0,0,0,0,4,1,FALSE,0
"3752",5,"F",3,"White","Middle",4,0,0,0,0,0,0,0,0,0,4,NA,FALSE,0
"3753",6,"M",3,"White","Middle",1,1,1,1,0,0,1,0,0,1,1,NA,TRUE,1
"3754",6,"F",3,"White","Middle",4,0,0,0,0,0,0,0,0,0,4,NA,FALSE,0
"3755",6,"F",3,"Hispanic","Middle",4,0,0,0,0,0,0,0,0,0,3,NA,FALSE,0
"3756",5,"F",2,"White","Middle",3,0,0,0,0,0,0,0,0,0,3,1,FALSE,0
"3757",5,"M",2,"Hispanic","Middle",4,0,0,0,0,0,0,0,0,0,4,1,FALSE,0
"3758",5,"F",2,"White","Middle",4,0,0,0,0,0,0,0,0,0,4,NA,FALSE,0
"3759",4,"F",2,"White","Middle",4,0,0,0,0,0,0,0,0,0,3,NA,FALSE,0
"3760",5,"M",2,"White","Middle",2,0,0,0,0,0,0,0,0,0,2,NA,FALSE,1
"3761",5,"M",2,"Black","Middle",4,0,0,0,0,0,0,0,0,0,4,1,FALSE,0
"3762",5,"M",2,"White","Middle",3,0,0,0,0,0,0,0,0,0,2,NA,FALSE,1
"3763",4,"F",2,"AI/AN","Middle",4,0,0,0,0,0,0,0,0,0,4,1,FALSE,0
"3764",5,"M",2,"Black","Middle",4,0,0,0,0,0,0,0,0,0,4,NA,FALSE,0
"3765",6,"F",2,"Hispanic","Middle",3,0,0,0,0,0,0,0,0,0,3,NA,FALSE,0
"3766",5,"F",2,"White","Middle",3,0,0,0,0,0,0,0,0,0,3,NA,FALSE,0
"3767",5,"F",2,"White","Middle",4,0,0,0,0,0,0,0,0,0,3,NA,FALSE,0
"3768",6,"F",2,"White","Middle",4,0,0,0,0,0,0,0,0,0,4,NA,FALSE,0
"3769",4,"F",2,"Hispanic","Middle",3,0,0,0,0,0,0,0,0,0,4,1,FALSE,0
"3770",6,"M",2,"White","Middle",4,0,0,0,0,0,0,0,0,0,4,NA,FALSE,0
"3771",5,"F",2,"White","Middle",3,1,0,1,NA,NA,NA,NA,NA,1,1,NA,TRUE,1
"3772",4,"F",2,"White","Middle",3,0,0,0,0,0,0,0,0,0,3,NA,FALSE,0
"3773",6,"M",2,"Hispanic","Middle",4,0,0,0,0,0,0,0,0,0,1,NA,FALSE,1
"3774",5,"M",2,"Black","Middle",4,0,0,0,NA,NA,NA,NA,NA,0,4,1,NA,0
"3775",5,"M",2,"Black","Middle",4,0,0,0,0,0,0,0,0,0,4,1,FALSE,0
"3776",6,"F",2,"White","Middle",2,1,1,0,1,0,1,0,0,1,1,NA,TRUE,1
"3777",5,"M",2,"White","Middle",2,0,0,0,0,0,0,0,0,0,2,NA,FALSE,1
"3778",8,"F",5,"Black","High",4,0,0,0,0,0,1,0,0,0,1,1,TRUE,1
"3779",8,"F",5,"White","High",4,0,0,0,0,0,0,0,0,0,4,NA,FALSE,0
"3780",8,"F",6,"White","High",4,0,0,0,0,0,0,0,0,0,2,1,FALSE,1
"3781",9,"M",5,"Hispanic","High",3,0,0,0,0,0,0,0,0,0,2,NA,FALSE,1
"3782",8,"M",5,"White","High",4,0,0,0,0,0,0,0,0,0,2,NA,FALSE,1
"3783",7,"F",5,"White","High",2,1,0,0,0,0,1,0,0,NA,1,NA,TRUE,1
"3784",8,"F",6,"White","High",4,0,0,0,0,0,0,0,0,0,2,NA,FALSE,1
"3785",7,"F",5,"White","High",4,0,0,0,0,0,0,0,0,0,4,1,FALSE,0
"3786",7,"F",5,"White","High",2,1,1,0,0,0,0,0,0,1,1,NA,TRUE,1
"3787",8,"F",5,"White","High",4,0,0,0,0,0,0,0,0,0,2,NA,FALSE,1
"3788",9,"F",5,"White","High",4,0,0,0,0,0,0,0,0,0,2,1,FALSE,1
"3789",7,"F",5,"White","High",3,0,0,0,0,0,0,0,0,0,2,NA,FALSE,1
"3790",8,"F",5,"White","High",4,0,0,0,0,0,0,0,0,0,4,1,FALSE,0
"3791",8,"M",5,"White","High",1,1,1,1,1,1,1,1,1,1,1,NA,TRUE,1
"3792",9,"M",5,"Hispanic","High",4,0,0,0,0,0,0,0,0,0,4,NA,FALSE,0
"3793",9,"F",6,"White","High",2,1,0,0,0,0,0,0,0,1,1,1,TRUE,1
"3794",7,"F",5,"White","High",3,0,0,0,0,0,0,0,0,0,2,NA,FALSE,1
"3795",7,"M",5,"White","High",3,0,0,0,0,0,0,0,0,1,1,NA,TRUE,1
"3796",9,"M",5,"White","High",2,0,1,0,0,0,0,0,0,0,2,1,TRUE,1
"3797",7,"F",5,"Asian","High",4,0,0,0,0,0,0,0,0,0,3,NA,FALSE,0
"3798",8,"F",5,"White","High",2,0,NA,0,NA,NA,NA,NA,NA,0,1,NA,NA,1
"3799",8,"F",5,"Hispanic","High",4,0,0,0,NA,NA,NA,NA,NA,1,1,1,TRUE,1
"3800",9,"F",5,"Asian","High",4,0,0,0,0,0,0,0,0,0,4,1,FALSE,0
"3801",7,"F",4,"White","High",4,0,0,0,0,0,0,0,0,0,4,1,FALSE,0
"3802",7,"F",4,"White","High",4,0,0,0,0,0,0,0,0,0,3,1,FALSE,0
"3803",6,"M",4,"Hispanic","High",2,0,0,0,0,0,0,0,0,0,1,1,FALSE,1
"3804",7,"F",4,"White","High",3,0,0,0,0,0,0,0,0,0,1,1,FALSE,1
"3805",7,"M",4,"White","High",4,0,0,0,0,0,0,0,0,0,4,NA,FALSE,0
"3806",6,"F",4,"White","High",3,0,0,0,0,0,0,0,0,0,4,1,FALSE,0
"3807",7,"F",4,"White","High",3,0,0,0,0,0,0,0,0,0,2,NA,FALSE,1
"3808",7,"M",4,"White","High",4,0,0,0,0,0,0,0,0,0,4,1,FALSE,0
"3809",9,"F",6,"White","High",4,0,0,0,0,0,0,0,0,0,2,NA,FALSE,1
"3810",9,"F",6,"White","High",1,1,1,0,0,1,1,0,0,0,1,NA,TRUE,1
"3811",8,"F",6,"White","High",4,0,0,0,0,0,0,0,0,0,1,1,FALSE,1
"3812",10,"M",7,"White","High",3,0,0,0,0,0,0,0,0,0,2,NA,FALSE,1
"3813",10,"M",7,"Black","High",4,0,0,0,0,0,0,0,0,0,4,1,FALSE,0
"3814",10,"F",7,"White","High",2,0,0,0,0,0,1,0,0,1,1,NA,TRUE,1
"3815",10,"M",7,"White","High",2,0,1,0,0,0,0,0,0,1,1,1,TRUE,1
"3816",9,"M",7,"White","High",1,0,0,0,0,0,0,0,0,0,3,1,FALSE,0
"3817",10,"M",6,"White","High",4,0,0,0,0,0,0,0,0,1,1,1,TRUE,1
"3818",8,"F",6,"White","High",3,0,0,0,0,0,0,0,0,0,1,NA,FALSE,1
"3819",9,"F",6,NA,"High",3,0,0,0,0,0,0,0,0,1,2,NA,TRUE,1
"3820",8,"F",6,"White","High",3,1,0,0,0,0,0,0,0,1,1,1,TRUE,1
"3821",9,"M",6,"Hispanic","High",4,0,0,0,0,0,0,0,0,0,3,NA,FALSE,0
"3822",8,"F",6,"White","High",4,0,0,0,0,0,0,0,0,0,1,1,FALSE,1
"3823",9,"M",6,"White","High",4,0,0,0,0,0,0,0,0,0,3,1,FALSE,0
"3824",9,"M",6,"White","High",4,0,0,0,0,0,0,0,0,1,2,1,TRUE,1
"3825",9,"F",6,"White","High",4,0,0,0,0,0,0,0,0,0,4,1,FALSE,0
"3826",9,"M",6,"White","High",4,0,0,0,0,0,0,0,0,0,3,NA,FALSE,0
"3827",9,"F",6,"Hispanic","High",4,0,0,0,0,0,0,0,0,0,2,1,FALSE,1
"3828",10,"M",7,"Black","High",3,0,0,0,0,0,0,0,0,0,3,1,FALSE,0
"3829",10,"F",7,"Hispanic","High",3,1,0,0,0,0,0,0,0,1,1,1,TRUE,1
"3830",10,"M",7,"White","High",2,0,0,1,0,0,0,0,0,1,1,NA,TRUE,1
"3831",9,"F",7,"White","High",4,0,0,0,0,0,0,0,0,0,4,1,FALSE,0
"3832",11,"M",7,"White","High",3,0,0,0,NA,NA,NA,NA,NA,0,3,NA,NA,0
"3833",9,"M",7,"Black","High",4,0,NA,0,0,0,0,0,0,0,4,NA,NA,0
"3834",11,"M",7,"White","High",3,0,0,0,0,0,0,0,0,1,1,NA,TRUE,1
"3835",10,"M",7,"White","High",3,1,0,0,0,0,0,0,0,1,1,NA,TRUE,1
"3836",10,"M",7,"White","High",3,0,0,1,0,0,0,0,0,1,1,1,TRUE,1
"3837",10,"F",7,"White","High",4,0,0,0,0,0,0,0,0,0,4,NA,FALSE,0
"3838",10,"F",7,"Hispanic","High",3,1,1,0,0,0,0,0,0,0,2,NA,TRUE,1
"3839",11,"M",7,"White","High",1,0,1,0,0,0,0,0,0,0,2,1,TRUE,1
"3840",9,"M",7,"White","High",4,0,0,0,0,0,0,0,0,1,2,NA,TRUE,1
"3841",10,"M",7,"White","High",2,0,NA,0,0,0,0,0,0,1,1,1,TRUE,1
"3842",10,"M",7,"White","High",3,0,0,0,0,0,0,0,0,0,3,1,FALSE,0
"3843",10,"F",7,"White","High",3,0,0,0,0,0,0,0,0,1,2,NA,TRUE,1
"3844",10,"M",7,"White","High",3,0,0,0,0,0,0,0,0,1,2,1,TRUE,1
"3845",10,"M",7,"Asian","High",3,0,0,0,0,0,0,0,0,1,1,1,TRUE,1
"3846",8,"F",6,"White","High",4,0,0,0,0,0,0,0,0,0,3,1,FALSE,0
"3847",8,"M",6,"Hispanic","High",4,0,0,0,0,0,0,0,0,0,4,1,FALSE,0
"3848",8,"F",6,"White","High",4,0,0,0,0,0,0,0,0,0,4,1,FALSE,0
"3849",7,"F",5,"White","High",4,0,0,0,0,0,0,0,0,0,4,1,FALSE,0
"3850",9,"F",6,"White","High",4,0,0,0,0,0,0,0,0,0,2,1,FALSE,1
"3851",8,"F",6,"White","High",3,0,0,0,0,0,0,0,0,0,2,1,FALSE,1
"3852",8,"F",5,"Hispanic","High",3,0,0,0,0,0,0,0,0,0,2,1,FALSE,1
"3853",6,"M",4,"White","High",4,0,0,0,0,0,0,0,0,0,4,1,FALSE,0
"3854",7,"M",5,"White","High",4,0,0,0,0,0,0,0,0,0,4,1,FALSE,0
"3855",9,"F",6,"White","High",3,0,1,0,0,0,0,0,0,0,1,1,TRUE,1
"3856",8,"M",6,"White","High",4,0,0,0,0,0,0,0,0,0,4,1,FALSE,0
"3857",8,"F",6,"White","High",4,0,0,0,0,0,0,0,0,0,4,1,FALSE,0
"3858",8,"M",6,"Hispanic","High",4,0,0,0,0,0,0,0,0,0,1,1,FALSE,1
"3859",6,"F",4,"White","High",4,0,0,0,0,0,0,0,0,0,2,1,FALSE,1
"3860",9,"M",6,"White","High",3,0,0,0,0,0,0,0,0,0,4,1,FALSE,0
"3861",8,"F",6,"White","High",4,0,0,0,0,0,0,0,0,0,4,1,FALSE,0
"3862",7,"F",5,"Hispanic","High",4,0,0,0,0,0,0,0,0,0,4,1,FALSE,0
"3863",7,"F",5,"Hispanic","High",4,0,0,0,0,0,0,0,0,0,3,NA,FALSE,0
"3864",7,"M",4,"White","High",4,0,0,0,0,0,0,0,0,0,3,1,FALSE,0
"3865",7,"F",5,"White","High",4,0,0,0,0,0,0,0,0,0,4,1,FALSE,0
"3866",8,"M",6,"White","High",1,1,1,1,0,0,0,0,0,0,3,NA,TRUE,0
"3867",8,"F",5,"Asian","High",3,0,0,0,0,0,0,0,0,0,2,NA,FALSE,1
"3868",8,"F",5,"Hispanic","High",4,0,0,0,0,0,0,0,0,0,4,1,FALSE,0
"3869",9,"F",6,"White","High",4,0,0,0,0,0,0,0,0,0,4,1,FALSE,0
"3870",9,"F",6,"White","High",3,0,0,0,0,0,0,0,0,0,4,1,FALSE,0
"3871",9,"M",6,"White","High",4,0,0,0,0,0,0,0,0,0,4,1,FALSE,0
"3872",7,"M",5,"White","High",4,0,0,0,0,0,0,0,0,0,4,1,FALSE,0
"3873",9,"M",6,"White","High",4,0,0,0,0,0,0,0,0,0,4,1,FALSE,0
"3874",8,"F",6,"Hispanic","High",4,0,0,0,0,0,0,0,0,0,4,1,FALSE,0
"3875",8,"F",5,"Hispanic","High",4,0,0,0,0,0,0,0,0,0,4,1,FALSE,0
"3876",7,"F",4,"White","High",4,0,0,0,0,0,0,0,0,0,4,1,FALSE,0
"3877",9,"M",5,"White","High",2,0,0,0,0,0,0,0,0,0,1,1,FALSE,1
"3878",8,"F",5,"Hispanic","High",4,0,0,0,0,0,0,0,0,0,4,1,FALSE,0
"3879",8,"F",5,"White","High",4,0,0,0,0,0,0,0,0,0,4,1,FALSE,0
"3880",9,"F",6,"White","High",3,0,0,0,0,0,0,0,0,0,3,1,FALSE,0
"3881",8,"M",6,"Black","High",4,0,0,0,0,0,0,0,0,0,4,1,FALSE,0
"3882",10,"M",6,"White","High",4,0,0,0,0,0,0,0,0,0,4,1,FALSE,0
"3883",10,"M",7,"Black","High",3,0,0,0,0,0,0,0,0,0,1,1,FALSE,1
"3884",8,"F",5,"Hispanic","High",4,0,0,0,0,0,0,0,0,0,4,1,FALSE,0
"3885",8,"M",5,"White","High",4,0,0,0,0,0,0,0,0,0,4,NA,FALSE,0
"3886",8,"F",5,"NHOPI","High",4,0,0,0,0,0,0,0,0,0,3,1,FALSE,0
"3887",7,"F",5,"White","High",4,0,0,0,0,0,0,0,0,0,3,1,FALSE,0
"3888",8,"F",5,"White","High",4,0,0,0,0,0,0,0,0,0,4,1,FALSE,0
"3889",8,"M",5,"White","High",4,0,0,0,0,0,0,0,0,0,4,1,FALSE,0
"3890",9,"M",6,"White","High",3,0,0,0,0,0,0,0,0,0,1,1,FALSE,1
"3891",8,"M",5,"White","High",3,0,0,0,0,0,0,0,0,0,2,1,FALSE,1
"3892",8,"M",5,"White","High",4,0,0,0,0,0,0,0,0,0,4,1,FALSE,0
"3893",8,"M",5,"White","High",4,0,0,0,0,0,0,0,0,0,4,1,FALSE,0
"3894",9,"M",5,"White","High",4,0,0,0,0,0,0,0,0,0,4,1,FALSE,0
"3895",8,"M",5,"White","High",4,0,0,0,0,0,0,0,0,0,2,1,FALSE,1
"3896",7,"F",5,"White","High",4,0,0,0,0,0,0,0,0,0,4,1,FALSE,0
"3897",8,"F",5,"White","High",4,0,0,0,0,0,0,0,0,0,4,1,FALSE,0
"3898",8,"F",6,"Hispanic","High",3,0,0,0,0,0,0,0,0,0,1,1,FALSE,1
"3899",8,"F",5,"Hispanic","High",4,0,0,0,0,0,0,0,0,0,4,1,FALSE,0
"3900",9,"F",5,"Black","High",4,0,0,0,0,0,0,0,0,0,4,1,FALSE,0
"3901",8,"F",5,"Hispanic","High",3,0,0,0,0,0,0,0,0,0,2,1,FALSE,1
"3902",9,"M",6,"White","High",4,0,0,0,0,0,0,0,0,0,4,1,FALSE,0
"3903",8,"F",5,"White","High",4,0,0,0,0,0,0,0,0,0,4,1,FALSE,0
"3904",9,"F",5,"White","High",4,0,0,0,0,0,0,0,0,0,2,1,FALSE,1
"3905",8,"M",5,"White","High",3,0,0,0,0,0,0,0,0,0,4,1,FALSE,0
"3906",9,"M",7,"White","High",4,0,0,0,0,0,0,0,0,0,4,1,FALSE,0
"3907",8,"F",4,"Hispanic","High",4,0,0,0,0,0,0,0,0,0,4,NA,FALSE,0
"3908",7,"F",4,"Hispanic","High",3,0,0,0,0,0,0,0,0,0,2,1,FALSE,1
"3909",8,"F",4,"Black","High",3,0,0,0,0,0,0,0,0,0,4,NA,FALSE,0
"3910",7,"M",4,"White","High",4,0,0,0,0,0,0,0,0,0,4,NA,FALSE,0
"3911",7,"F",4,"White","High",4,0,0,0,0,0,0,0,0,0,4,1,FALSE,0
"3912",8,"M",4,"White","High",4,0,0,0,0,0,0,0,0,0,4,1,FALSE,0
"3913",7,"M",4,"Hispanic","High",4,0,0,0,0,0,0,0,0,0,4,1,FALSE,0
"3914",7,"F",4,"White","High",4,0,0,0,0,0,0,0,0,0,4,1,FALSE,0
"3915",8,"F",4,"White","High",4,0,0,0,0,0,0,0,0,0,2,NA,FALSE,1
"3916",7,"F",4,"White","High",4,0,0,0,0,0,0,0,0,0,4,1,FALSE,0
"3917",6,"F",4,"Black","High",4,0,0,0,0,0,0,0,0,0,4,1,FALSE,0
"3918",6,"F",4,"Black","High",3,0,0,0,0,0,0,0,0,0,2,NA,FALSE,1
"3919",6,"F",4,"White","High",4,0,0,0,0,0,0,0,0,0,4,1,FALSE,0
"3920",7,"F",4,"White","High",4,0,0,0,0,0,0,0,0,0,4,1,FALSE,0
"3921",9,"M",7,"White","High",4,0,0,0,0,0,0,0,0,0,3,1,FALSE,0
"3922",10,"M",7,"White","High",4,0,0,0,0,0,0,0,0,0,4,1,FALSE,0
"3923",10,"M",7,"White","High",4,0,0,0,0,0,0,0,0,0,4,1,FALSE,0
"3924",10,"M",7,"White","High",1,0,1,0,0,0,0,0,0,0,3,1,TRUE,0
"3925",10,"M",7,"White","High",3,0,0,0,0,0,0,0,0,0,3,1,FALSE,0
"3926",6,"F",4,"White","High",4,0,0,0,0,0,0,0,0,0,4,1,FALSE,0
"3927",7,"F",4,"White","High",2,0,0,0,0,0,0,0,0,0,1,1,FALSE,1
"3928",8,"F",4,"White","High",4,0,0,0,0,0,0,0,0,0,4,1,FALSE,0
"3929",7,"F",4,"Black","High",4,0,0,0,0,0,0,0,0,0,2,1,FALSE,1
"3930",6,"F",4,"Asian","High",4,0,0,0,0,0,0,0,0,0,4,NA,FALSE,0
"3931",10,"F",7,"White","High",3,0,0,0,0,0,0,0,0,0,3,1,FALSE,0
"3932",10,"M",7,"White","High",4,0,0,0,0,0,0,0,0,0,4,1,FALSE,0
"3933",9,"F",7,"White","High",3,0,0,0,0,0,0,0,0,0,4,1,FALSE,0
"3934",10,"F",7,"Black","High",4,0,0,0,0,0,0,0,0,0,1,1,FALSE,1
"3935",7,"M",4,"Asian","High",4,0,0,0,0,0,0,0,0,0,4,1,FALSE,0
"3936",7,"F",4,"White","High",3,0,0,0,0,0,0,0,0,0,2,1,FALSE,1
"3937",6,"F",4,"Hispanic","High",4,0,0,0,0,0,0,0,0,0,4,1,FALSE,0
"3938",6,"F",4,"White","High",3,0,0,0,0,0,0,0,0,0,3,NA,FALSE,0
"3939",7,"M",4,"White","High",4,0,0,0,0,0,0,0,0,0,4,1,FALSE,0
"3940",7,"M",4,"NHOPI","High",4,0,0,0,0,0,0,0,0,1,1,1,TRUE,1
"3941",10,"F",7,"White","High",4,0,0,0,0,0,0,0,0,0,3,1,FALSE,0
"3942",10,"M",7,"White","High",3,0,0,0,0,0,0,0,0,0,4,1,FALSE,0
"3943",10,"F",7,"White","High",4,0,0,0,0,0,0,0,0,0,4,1,FALSE,0
"3944",9,"F",7,"White","High",4,0,0,0,0,0,0,0,0,0,4,1,FALSE,0
"3945",9,"F",7,"White","High",4,0,0,0,0,0,0,0,0,0,4,1,FALSE,0
"3946",9,"F",7,"Hispanic","High",4,0,0,0,0,0,0,0,0,0,3,1,FALSE,0
"3947",6,"M",4,"Black","High",4,0,0,0,0,0,0,0,0,0,3,1,FALSE,0
"3948",8,"M",4,NA,"High",4,0,0,0,0,0,0,0,0,0,4,1,FALSE,0
"3949",7,"M",4,"Black","High",4,0,0,0,0,0,0,0,0,0,4,1,FALSE,0
"3950",7,"M",4,"White","High",3,0,0,0,0,0,0,0,0,0,1,1,FALSE,1
"3951",6,"M",4,"Black","High",3,1,0,0,0,0,1,0,0,1,1,NA,TRUE,1
"3952",7,"M",4,"Black","High",3,0,0,0,0,0,0,0,0,0,1,1,FALSE,1
"3953",7,"M",4,"AI/AN","High",4,0,0,0,0,0,0,0,0,0,3,1,FALSE,0
"3954",7,"F",4,"White","High",3,0,0,0,0,0,0,0,0,0,2,1,FALSE,1
"3955",7,"F",4,"White","High",4,0,0,0,0,0,0,0,0,0,4,1,FALSE,0
"3956",6,"M",4,"White","High",3,0,0,0,0,0,0,0,0,0,1,NA,FALSE,1
"3957",7,"F",4,"White","High",4,0,0,0,0,0,0,0,0,0,3,1,FALSE,0
"3958",10,"M",7,"White","High",2,0,0,0,0,0,0,0,0,0,4,1,FALSE,0
"3959",10,"F",7,"White","High",4,0,0,0,0,0,0,0,0,0,4,1,FALSE,0
"3960",10,"M",7,"White","High",4,0,0,0,0,0,0,0,0,0,4,1,FALSE,0
"3961",10,"M",7,"White","High",4,0,0,0,0,0,0,0,0,0,4,NA,FALSE,0
"3962",10,"F",7,"White","High",4,0,0,0,0,0,0,0,0,0,4,1,FALSE,0
"3963",5,"M",2,"White","Middle",4,0,0,0,0,0,0,0,0,0,4,NA,FALSE,0
"3964",5,"F",2,"Hispanic","Middle",4,0,0,0,0,0,0,0,0,0,4,1,FALSE,0
"3965",6,"M",2,"Hispanic","Middle",4,0,0,0,0,0,0,0,0,0,4,1,FALSE,0
"3966",6,"M",2,"Hispanic","Middle",4,0,0,0,0,0,0,0,0,0,4,1,FALSE,0
"3967",4,"M",1,"Hispanic","Middle",4,0,0,0,NA,NA,NA,NA,NA,0,4,NA,NA,0
"3968",4,"M",1,"White","Middle",1,NA,0,0,0,0,1,0,0,1,2,NA,TRUE,1
"3969",4,"F",1,"White","Middle",4,0,0,0,0,0,0,0,0,0,4,1,FALSE,0
"3970",6,"F",3,"Black","Middle",4,0,0,0,0,0,0,0,0,0,3,NA,FALSE,0
"3971",7,"F",3,"Hispanic","Middle",4,0,0,0,0,0,0,0,0,0,4,1,FALSE,0
"3972",4,"M",1,"Hispanic","Middle",4,0,0,0,0,0,0,0,0,0,3,1,FALSE,0
"3973",4,"F",1,"White","Middle",4,0,0,0,0,0,0,0,0,0,3,1,FALSE,0
"3974",4,"F",1,"Hispanic","Middle",4,0,0,0,0,0,0,0,0,0,4,NA,FALSE,0
"3975",4,"M",1,"Hispanic","Middle",3,0,0,0,0,0,0,0,0,0,3,NA,FALSE,0
"3976",4,"F",1,"Black","Middle",3,0,0,0,NA,NA,NA,NA,NA,0,1,1,NA,1
"3977",6,"F",3,"Hispanic","Middle",2,0,1,0,0,0,0,0,0,0,4,1,TRUE,0
"3978",5,"M",3,"Hispanic","Middle",4,0,0,0,0,0,0,0,0,0,4,1,FALSE,0
"3979",6,"F",3,"Hispanic","Middle",4,0,0,0,0,0,0,0,0,0,3,1,FALSE,0
"3980",4,"M",1,"White","Middle",NA,0,0,1,0,0,0,0,0,0,4,NA,TRUE,0
"3981",4,"M",1,"Hispanic","Middle",4,0,0,0,0,0,0,0,0,0,4,NA,FALSE,0
"3982",4,"F",1,"Hispanic","Middle",4,0,0,0,0,0,0,0,0,0,4,NA,FALSE,0
"3983",3,"F",1,"Hispanic","Middle",4,0,0,0,0,0,0,0,0,0,4,1,FALSE,0
"3984",4,"M",1,"White","Middle",4,0,0,0,0,0,0,0,0,0,4,NA,FALSE,0
"3985",3,"M",1,"White","Middle",4,0,0,0,0,0,0,0,0,0,4,NA,FALSE,0
"3986",5,"M",1,"Hispanic","Middle",4,0,0,0,0,0,0,0,0,0,4,NA,FALSE,0
"3987",5,"M",1,"White","Middle",4,0,0,0,0,0,0,0,0,0,4,NA,FALSE,0
"3988",4,"M",1,"White","Middle",4,0,0,0,0,0,0,0,0,0,4,NA,FALSE,0
"3989",6,"F",1,"Hispanic","Middle",3,0,0,0,0,0,0,0,0,0,4,1,FALSE,0
"3990",3,"F",1,"White","Middle",4,0,0,0,0,0,0,0,0,1,1,NA,TRUE,1
"3991",5,"F",1,NA,"Middle",4,0,0,0,0,0,0,0,0,0,4,NA,FALSE,0
"3992",4,"M",1,"Hispanic","Middle",4,0,0,0,0,0,0,0,0,0,4,1,FALSE,0
"3993",4,"F",1,"Hispanic","Middle",4,0,0,0,0,0,0,0,0,0,4,1,FALSE,0
"3994",3,"F",1,"White","Middle",4,0,0,0,0,0,0,0,0,NA,4,NA,NA,0
"3995",4,"M",1,"Hispanic","Middle",4,0,0,0,0,0,0,0,0,0,1,1,FALSE,1
"3996",4,"F",1,"Hispanic","Middle",3,0,0,0,0,0,0,0,0,0,2,1,FALSE,1
"3997",5,"M",1,"Hispanic","Middle",4,0,0,0,0,0,0,0,0,0,4,1,FALSE,0
"3998",4,"M",1,"Hispanic","Middle",4,0,0,0,0,0,0,0,0,0,4,1,FALSE,0
"3999",4,"M",1,"Hispanic","Middle",4,0,0,0,0,0,0,0,0,0,4,1,FALSE,0
"4000",5,"M",2,"Hispanic","Middle",4,0,0,0,0,0,0,0,0,0,4,NA,FALSE,0
"4001",4,"M",2,"White","Middle",3,0,0,0,0,0,0,0,0,0,4,NA,FALSE,0
"4002",6,"M",2,"Hispanic","Middle",4,0,0,0,0,0,0,0,0,0,2,1,FALSE,1
"4003",5,"M",2,"White","Middle",3,0,0,0,0,0,0,0,0,0,2,1,FALSE,1
"4004",5,"F",2,"White","Middle",4,0,0,0,0,0,0,0,0,0,1,NA,FALSE,1
"4005",5,"F",2,"White","Middle",3,0,0,0,0,0,0,0,0,0,3,1,FALSE,0
"4006",5,"M",3,"Hispanic","Middle",4,0,0,0,0,0,0,0,0,0,2,1,FALSE,1
"4007",7,"F",3,"Black","Middle",1,0,1,0,0,0,0,0,0,0,4,NA,TRUE,0
"4008",8,"M",3,"Hispanic","Middle",3,0,NA,1,0,0,0,0,0,0,3,NA,TRUE,0
"4009",6,"F",3,"Hispanic","Middle",4,0,0,0,0,0,0,0,0,0,4,NA,FALSE,0
"4010",6,"M",3,NA,"Middle",4,0,0,0,0,0,0,0,0,0,4,1,FALSE,0
"4011",6,"M",3,"Black","Middle",3,0,0,0,0,0,0,0,0,0,4,1,FALSE,0
"4012",6,"M",3,"Hispanic","Middle",3,0,0,0,0,0,0,0,0,0,3,NA,FALSE,0
"4013",6,"F",3,"Hispanic","Middle",2,0,0,0,0,0,0,0,0,0,2,NA,FALSE,1
"4014",7,"M",3,"Hispanic","Middle",3,NA,0,0,0,0,0,0,0,0,2,NA,NA,1
"4015",5,"M",3,"Hispanic","Middle",4,0,0,0,0,0,0,0,0,0,4,NA,FALSE,0
"4016",6,"F",3,"Hispanic","Middle",4,0,0,0,0,0,0,0,0,1,2,1,TRUE,1
"4017",5,"M",2,NA,"Middle",4,0,0,0,0,0,0,0,0,0,2,1,FALSE,1
"4018",5,"F",2,"White","Middle",3,0,0,0,0,0,0,0,0,0,1,NA,FALSE,1
"4019",5,"F",2,"Hispanic","Middle",4,0,0,0,0,0,0,0,0,0,4,1,FALSE,0
"4020",5,"M",2,"Hispanic","Middle",4,0,0,0,0,0,0,0,0,0,4,NA,FALSE,0
"4021",5,"F",2,"Hispanic","Middle",4,0,0,0,0,0,0,0,0,0,2,NA,FALSE,1
"4022",5,"F",2,"White","Middle",4,0,0,0,0,0,0,0,0,0,4,1,FALSE,0
"4023",5,"M",2,"White","Middle",4,0,0,0,0,0,0,0,0,0,3,1,FALSE,0
"4024",5,"F",2,"Hispanic","Middle",4,0,0,0,0,0,0,0,0,0,4,1,FALSE,0
"4025",5,"F",2,"Hispanic","Middle",3,0,0,0,0,0,0,0,0,0,1,1,FALSE,1
"4026",5,"F",2,"Hispanic","Middle",4,0,0,0,0,0,0,0,0,0,4,NA,FALSE,0
"4027",4,"M",2,"Hispanic","Middle",4,0,0,0,0,0,0,0,0,0,2,NA,FALSE,1
"4028",5,"F",2,"White","Middle",4,0,0,0,0,0,0,0,0,0,2,1,FALSE,1
"4029",4,"F",2,"White","Middle",4,0,0,0,0,0,0,0,0,0,1,1,FALSE,1
"4030",6,"F",2,"Hispanic","Middle",3,0,0,0,0,0,0,0,0,0,3,NA,FALSE,0
"4031",5,"F",2,"Hispanic","Middle",3,0,0,0,0,0,0,0,0,0,1,1,FALSE,1
"4032",6,"F",3,"Asian","Middle",4,0,0,0,0,0,0,0,0,0,2,1,FALSE,1
"4033",6,"M",3,"White","Middle",4,0,0,0,0,0,0,0,0,0,4,NA,FALSE,0
"4034",5,"F",3,"White","Middle",4,0,0,0,0,0,0,0,0,0,3,NA,FALSE,0
"4035",5,"F",3,"White","Middle",3,0,0,0,0,0,0,0,0,0,2,NA,FALSE,1
"4036",6,"F",3,"Hispanic","Middle",4,0,0,0,0,0,0,0,0,1,1,1,TRUE,1
"4037",6,"F",3,"Hispanic","Middle",4,0,0,0,0,0,0,0,0,0,2,NA,FALSE,1
"4038",6,"F",3,"Hispanic","Middle",2,0,0,0,0,0,0,0,0,1,1,NA,TRUE,1
"4039",6,"F",3,"Black","Middle",4,0,0,0,0,0,0,0,0,0,4,1,FALSE,0
"4040",6,"M",3,"Hispanic","Middle",1,NA,1,0,0,0,1,0,0,0,1,NA,TRUE,1
"4041",7,"F",3,"Hispanic","Middle",4,NA,NA,0,NA,NA,NA,NA,NA,0,2,1,NA,1
"4042",6,"F",3,"Hispanic","Middle",4,0,0,0,0,0,0,0,0,0,4,1,FALSE,0
"4043",6,"F",3,"Hispanic","Middle",3,0,0,0,0,0,0,0,0,0,4,1,FALSE,0
"4044",6,"M",3,"Hispanic","Middle",1,1,1,0,0,1,0,0,0,1,1,NA,TRUE,1
"4045",6,"F",3,"Hispanic","Middle",4,1,0,0,0,0,0,0,0,1,1,NA,TRUE,1
"4046",6,"M",3,"Hispanic","Middle",2,0,1,1,0,0,1,0,0,0,1,NA,TRUE,1
"4047",6,"M",3,"Hispanic","Middle",1,0,NA,0,NA,NA,NA,NA,NA,1,1,NA,TRUE,1
"4048",6,"M",3,"Hispanic","Middle",4,0,0,0,0,0,0,0,0,0,4,1,FALSE,0
"4049",7,"M",3,NA,"Middle",4,0,0,0,0,0,0,0,0,0,4,NA,FALSE,0
"4050",5,"M",3,"Black","Middle",4,0,0,0,0,0,0,0,0,0,4,1,FALSE,0
"4051",6,"M",3,"Hispanic","Middle",4,0,0,0,0,0,0,0,0,0,NA,1,FALSE,NA
"4052",7,"M",3,"Hispanic","Middle",1,1,1,0,0,0,1,0,0,1,1,NA,TRUE,1
"4053",5,"M",3,"Hispanic","Middle",4,0,0,0,0,0,0,0,0,0,4,1,FALSE,0
"4054",6,"M",2,"White","Middle",4,0,0,0,0,0,0,0,0,0,4,NA,FALSE,0
"4055",4,"M",1,"Hispanic","Middle",4,0,0,0,0,0,0,0,0,0,4,1,FALSE,0
"4056",4,"M",1,"Hispanic","Middle",3,0,NA,0,0,0,0,0,0,0,4,NA,NA,0
"4057",4,"F",1,"Hispanic","Middle",4,0,0,0,0,0,0,0,0,0,4,1,FALSE,0
"4058",4,"M",1,"White","Middle",4,0,0,0,0,0,0,0,0,0,1,NA,FALSE,1
"4059",4,"F",1,"White","Middle",4,0,0,0,0,0,0,0,0,0,2,NA,FALSE,1
"4060",4,"M",1,"Hispanic","Middle",3,0,0,0,0,0,0,0,0,0,1,1,FALSE,1
"4061",3,"M",1,"Hispanic","Middle",3,0,0,0,0,0,0,0,0,0,2,1,FALSE,1
"4062",4,"M",1,"Hispanic","Middle",2,0,0,0,0,0,0,0,0,0,3,NA,FALSE,0
"4063",6,"M",3,"Hispanic","Middle",4,0,0,0,0,0,0,0,0,0,4,1,FALSE,0
"4064",4,"F",1,"Hispanic","Middle",3,0,0,0,0,0,0,0,0,0,3,1,FALSE,0
"4065",3,"F",1,"Black","Middle",1,0,0,0,0,0,0,0,0,0,1,NA,FALSE,1
"4066",5,"M",2,"Hispanic","Middle",4,0,0,0,0,0,0,0,0,0,4,NA,FALSE,0
"4067",5,"F",2,"Hispanic","Middle",3,0,0,0,0,0,0,0,0,0,3,NA,FALSE,0
"4068",5,NA,2,"Hispanic","Middle",4,1,0,0,0,0,0,0,0,1,1,NA,TRUE,1
"4069",5,"F",2,"Hispanic","Middle",4,0,0,0,0,0,0,0,0,0,4,NA,FALSE,0
"4070",5,"F",2,"White","Middle",4,0,0,0,0,0,0,0,0,0,1,NA,FALSE,1
"4071",5,"F",2,"Hispanic","Middle",4,0,0,0,0,0,0,0,0,0,4,1,FALSE,0
"4072",5,"F",2,"Hispanic","Middle",4,0,0,0,0,0,0,0,0,0,4,NA,FALSE,0
"4073",4,"F",2,"Hispanic","Middle",4,0,0,0,0,0,0,0,0,0,4,1,FALSE,0
"4074",5,"F",2,"Hispanic","Middle",3,0,0,0,0,0,0,0,0,0,2,1,FALSE,1
"4075",5,"F",2,"White","Middle",4,0,0,0,0,0,0,0,0,0,3,1,FALSE,0
"4076",5,"M",2,"White","Middle",4,0,0,0,0,0,0,0,0,0,4,1,FALSE,0
"4077",5,"M",2,"White","Middle",2,0,0,0,0,0,0,0,0,0,2,NA,FALSE,1
"4078",4,"M",2,"Hispanic","Middle",4,0,0,0,0,0,0,0,0,0,4,NA,FALSE,0
"4079",6,"M",2,"Hispanic","Middle",4,0,0,0,0,0,0,0,0,0,4,NA,FALSE,0
"4080",4,"M",2,"White","Middle",4,0,0,0,0,0,0,0,0,0,4,NA,FALSE,0
"4081",5,"F",2,"White","Middle",4,0,0,0,0,0,0,0,0,0,4,1,FALSE,0
"4082",4,"F",2,"Hispanic","Middle",4,0,0,0,0,0,0,0,0,0,4,1,FALSE,0
"4083",7,"F",2,"Hispanic","Middle",4,0,0,0,0,0,0,0,0,0,4,1,FALSE,0
"4084",5,"M",2,"White","Middle",2,0,0,0,0,0,0,0,0,0,4,1,FALSE,0
"4085",4,"F",2,"White","Middle",4,0,0,0,0,0,0,0,0,0,4,1,FALSE,0
"4086",4,"M",1,"White","Middle",4,0,0,0,0,0,0,0,0,0,3,NA,FALSE,0
"4087",5,"F",2,"White","Middle",4,0,0,0,0,0,0,0,0,0,4,NA,FALSE,0
"4088",4,"M",1,"White","Middle",4,0,0,0,0,0,0,0,0,0,4,NA,FALSE,0
"4089",5,"M",1,"White","Middle",4,0,0,0,0,0,0,0,0,0,4,1,FALSE,0
"4090",4,"F",1,"White","Middle",4,0,0,0,0,0,0,0,0,0,4,NA,FALSE,0
"4091",4,"M",1,"Hispanic","Middle",4,0,0,0,0,0,0,0,0,0,4,1,FALSE,0
"4092",4,"M",1,"White","Middle",4,0,0,0,0,0,0,0,0,0,4,1,FALSE,0
"4093",5,"M",2,"Hispanic","Middle",4,0,0,0,0,0,0,0,0,0,4,1,FALSE,0
"4094",5,"F",2,"White","Middle",4,0,0,0,0,0,0,0,0,0,4,NA,FALSE,0
"4095",7,"M",4,"Hispanic","High",1,0,1,0,0,0,0,0,0,0,1,NA,TRUE,1
"4096",7,"F",4,"Hispanic","High",2,0,0,0,0,0,1,0,0,1,1,1,TRUE,1
"4097",7,"F",4,"Hispanic","High",3,0,0,0,0,0,0,0,0,0,2,NA,FALSE,1
"4098",7,"M",4,"Black","High",4,0,0,0,0,0,0,0,0,0,4,1,FALSE,0
"4099",7,"M",4,"Black","High",4,0,0,NA,0,0,0,0,0,0,4,NA,NA,0
"4100",6,"M",4,"Black","High",3,0,0,0,0,0,0,0,0,0,2,1,FALSE,1
"4101",7,"F",4,"White","High",4,0,0,0,0,0,0,0,0,0,4,NA,FALSE,0
"4102",8,"M",4,"Hispanic","High",4,0,0,0,0,0,0,0,0,0,4,NA,FALSE,0
"4103",6,"M",4,"Hispanic","High",4,0,1,0,0,0,0,0,0,0,4,1,TRUE,0
"4104",9,"M",6,"Hispanic","High",4,0,0,0,0,0,1,0,0,0,1,1,TRUE,1
"4105",8,"M",5,"Black","High",4,0,0,0,0,0,0,0,0,0,2,1,FALSE,1
"4106",7,"M",4,"Asian","High",3,0,0,0,NA,NA,NA,NA,NA,0,3,NA,NA,0
"4107",8,"M",4,"Hispanic","High",2,0,0,0,0,0,0,0,0,1,1,1,TRUE,1
"4108",6,"M",4,"Black","High",4,0,0,0,0,0,0,0,0,0,4,1,FALSE,0
"4109",9,"M",6,"Black","High",4,0,0,0,0,0,0,0,0,0,4,NA,FALSE,0
"4110",9,"F",7,"Hispanic","High",1,0,0,0,0,0,0,0,0,0,1,1,FALSE,1
"4111",7,"F",5,"Hispanic","High",2,0,0,0,0,0,0,0,0,0,1,1,FALSE,1
"4112",7,"M",4,"Hispanic","High",4,0,0,0,0,0,0,0,0,0,4,1,FALSE,0
"4113",8,"M",4,NA,"High",4,0,0,0,0,0,0,0,0,0,4,NA,FALSE,0
"4114",8,"M",4,"Black","High",2,0,0,0,0,0,0,0,0,0,1,1,FALSE,1
"4115",7,"M",4,"Hispanic","High",3,0,0,0,0,0,0,0,0,0,1,NA,FALSE,1
"4116",6,"M",4,"Black","High",4,0,0,0,0,0,0,0,0,0,4,1,FALSE,0
"4117",7,"M",4,"Hispanic","High",4,0,0,0,0,0,0,0,0,0,4,NA,FALSE,0
"4118",8,"M",4,"Black","High",4,0,0,0,0,0,0,0,0,0,4,1,FALSE,0
"4119",7,"F",4,"Black","High",3,0,0,0,0,0,0,0,0,0,4,NA,FALSE,0
"4120",7,"M",4,"Black","High",4,0,0,0,0,0,0,0,0,0,4,NA,FALSE,0
"4121",6,"F",4,NA,"High",NA,0,0,0,0,0,0,0,0,NA,2,1,NA,1
"4122",7,"M",4,"Black","High",4,0,0,0,0,0,0,0,0,0,4,1,FALSE,0
"4123",8,"M",5,"Hispanic","High",4,0,0,0,0,0,0,0,0,1,2,1,TRUE,1
"4124",8,"M",5,"Hispanic","High",2,0,0,0,0,0,0,0,0,0,1,NA,FALSE,1
"4125",8,"M",5,"Hispanic","High",4,0,0,0,0,0,0,0,0,0,4,1,FALSE,0
"4126",8,"M",5,"Hispanic","High",4,0,0,0,0,0,0,0,0,0,2,NA,FALSE,1
"4127",8,"M",4,"Hispanic","High",4,0,0,0,0,0,0,0,0,0,4,1,FALSE,0
"4128",8,"M",5,"Hispanic","High",4,0,0,0,0,0,0,0,0,0,1,1,FALSE,1
"4129",9,"M",5,"Hispanic","High",4,0,0,0,0,0,0,0,0,0,2,NA,FALSE,1
"4130",8,"M",5,"Hispanic","High",4,0,0,0,0,0,0,0,0,0,4,NA,FALSE,0
"4131",7,"M",4,"Black","High",4,0,0,0,0,0,0,0,0,0,3,NA,FALSE,0
"4132",8,"M",6,"Hispanic","High",1,1,1,1,0,0,0,0,0,NA,4,NA,TRUE,0
"4133",6,"M",4,"Hispanic","High",4,0,0,0,0,0,0,0,0,0,3,NA,FALSE,0
"4134",10,"F",7,"Black","High",4,0,0,0,0,0,0,0,0,0,4,1,FALSE,0
"4135",8,"M",5,"Hispanic","High",2,0,1,0,0,0,1,0,0,1,1,NA,TRUE,1
"4136",7,"F",4,"Hispanic","High",3,0,0,0,0,0,0,0,0,0,2,1,FALSE,1
"4137",9,"M",4,"Hispanic","High",4,0,0,0,0,0,0,0,0,0,4,NA,FALSE,0
"4138",7,"M",4,"Hispanic","High",4,0,0,0,0,0,0,0,0,0,4,1,FALSE,0
"4139",6,"F",4,"Black","High",2,0,0,0,0,0,0,0,0,0,2,1,FALSE,1
"4140",8,"M",5,"Black","High",4,0,0,0,0,0,0,0,0,0,4,1,FALSE,0
"4141",9,"F",7,"Black","High",3,0,0,0,0,0,0,0,0,0,4,NA,FALSE,0
"4142",10,"F",6,"AI/AN","High",4,0,0,0,0,0,0,0,0,0,4,NA,FALSE,0
"4143",10,"F",7,NA,"High",4,0,0,0,0,0,0,0,0,0,1,NA,FALSE,1
"4144",10,"F",7,"Hispanic","High",4,0,0,0,0,0,0,0,0,0,4,1,FALSE,0
"4145",9,"M",6,"Hispanic","High",4,0,0,0,0,0,1,0,0,0,2,1,TRUE,1
"4146",9,"M",6,"Hispanic","High",4,0,0,0,0,0,0,0,0,0,2,1,FALSE,1
"4147",8,"F",5,"Hispanic","High",3,0,0,0,0,0,0,0,0,0,1,NA,FALSE,1
"4148",6,"F",4,"Hispanic","High",4,0,0,0,0,0,0,0,0,0,2,1,FALSE,1
"4149",6,"F",4,"Hispanic","High",4,0,0,0,0,0,0,0,0,0,4,NA,FALSE,0
"4150",7,"F",4,"Hispanic","High",4,0,0,0,0,0,0,0,0,0,4,1,FALSE,0
"4151",8,"F",4,"Hispanic","High",4,0,0,0,NA,NA,NA,NA,NA,0,4,NA,NA,0
"4152",7,"F",4,"Black","High",2,0,0,0,0,0,0,0,0,0,1,1,FALSE,1
"4153",7,"F",5,"White","High",1,0,1,0,0,0,1,0,0,1,1,1,TRUE,1
"4154",6,"M",4,"Hispanic","High",2,0,0,0,0,0,0,0,0,1,1,1,TRUE,1
"4155",7,"F",4,"Hispanic","High",4,0,0,0,0,0,0,0,0,0,3,1,FALSE,0
"4156",7,"M",4,"White","High",4,0,0,0,0,0,0,0,0,0,4,1,FALSE,0
"4157",8,"M",6,"Hispanic","High",4,0,0,0,0,0,0,0,0,0,2,1,FALSE,1
"4158",7,"F",4,"Hispanic","High",4,0,0,0,0,0,1,0,0,1,1,1,TRUE,1
"4159",10,"F",7,"Asian","High",2,1,0,0,0,0,1,0,0,1,1,1,TRUE,1
"4160",7,"M",4,"NHOPI","High",4,0,0,0,0,0,0,0,0,0,4,1,FALSE,0
"4161",9,"M",6,"White","High",2,0,0,0,0,0,0,0,0,0,1,1,FALSE,1
"4162",7,"M",4,"Hispanic","High",1,0,1,0,0,0,1,0,0,1,2,NA,TRUE,1
"4163",10,"F",6,"Hispanic","High",4,0,0,0,0,0,0,0,0,0,4,NA,FALSE,0
"4164",7,"F",4,"White","High",4,0,0,0,0,0,0,0,0,0,1,NA,FALSE,1
"4165",7,"F",4,"Black","High",4,0,0,0,0,0,0,0,0,0,4,1,FALSE,0
"4166",7,"F",4,"Hispanic","High",4,0,0,0,0,0,0,0,0,0,4,1,FALSE,0
"4167",6,"F",4,"Black","High",3,0,0,0,0,0,0,0,0,0,3,NA,FALSE,0
"4168",7,"F",4,"Black","High",4,0,0,0,0,0,0,0,0,0,3,1,FALSE,0
"4169",7,"M",4,"Hispanic","High",4,0,0,0,0,0,0,0,0,0,4,NA,FALSE,0
"4170",8,"M",4,"Hispanic","High",4,0,0,0,0,0,0,0,0,0,4,1,FALSE,0
"4171",8,"M",4,NA,"High",4,0,0,0,0,0,0,0,0,1,4,1,TRUE,0
"4172",7,"M",4,"Black","High",4,0,0,0,0,0,0,0,0,0,4,1,FALSE,0
"4173",10,"M",7,"Black","High",4,0,0,0,0,0,0,0,0,0,4,NA,FALSE,0
"4174",9,"F",6,"Hispanic","High",4,0,0,0,0,0,0,0,0,NA,4,NA,NA,0
"4175",8,"M",5,"Hispanic","High",3,0,0,0,0,0,0,0,0,0,3,1,FALSE,0
"4176",8,"F",5,"Hispanic","High",4,0,0,0,0,0,0,0,0,0,4,NA,FALSE,0
"4177",8,"M",5,"Hispanic","High",NA,NA,NA,NA,NA,NA,NA,NA,NA,NA,4,1,NA,0
"4178",7,"M",4,"Hispanic","High",4,0,0,0,0,0,0,0,0,0,4,NA,FALSE,0
"4179",10,"M",7,"Hispanic","High",2,0,NA,0,0,0,0,0,0,0,2,NA,NA,1
"4180",7,"F",4,"Hispanic","High",4,0,0,0,NA,NA,NA,NA,NA,0,4,1,NA,0
"4181",8,"F",5,"Hispanic","High",3,1,1,0,1,0,0,0,0,1,2,1,TRUE,1
"4182",8,"F",5,"Hispanic","High",4,0,0,0,0,0,0,0,0,0,4,1,FALSE,0
"4183",11,"M",7,"Black","High",4,0,0,0,0,0,0,0,0,0,4,NA,FALSE,0
"4184",9,"M",4,"Hispanic","High",4,0,0,0,0,0,0,0,0,0,4,1,FALSE,0
"4185",6,"M",4,"Hispanic","High",NA,NA,NA,NA,NA,NA,NA,NA,NA,NA,NA,NA,NA,NA
"4186",8,"M",4,"Hispanic","High",4,0,0,0,0,0,0,0,0,0,4,NA,FALSE,0
"4187",6,"M",4,"Hispanic","High",2,0,0,0,0,0,0,0,0,1,2,NA,TRUE,1
"4188",7,"F",4,"Hispanic","High",4,0,0,0,0,0,0,0,0,0,2,1,FALSE,1
"4189",6,"F",4,"Hispanic","High",4,0,0,0,0,0,0,0,0,0,4,1,FALSE,0
"4190",8,"F",4,"Hispanic","High",4,0,0,0,0,0,0,0,0,0,4,1,FALSE,0
"4191",7,"F",5,"Black","High",4,0,0,0,0,0,0,0,0,0,2,NA,FALSE,1
"4192",9,"F",6,"Hispanic","High",4,0,0,0,0,0,0,0,0,0,4,NA,FALSE,0
"4193",7,"F",4,"Black","High",4,0,0,0,0,0,0,0,0,0,4,1,FALSE,0
"4194",7,"F",4,NA,"High",4,0,0,0,0,0,0,0,0,0,4,1,FALSE,0
"4195",7,"M",4,"Black","High",4,NA,NA,NA,NA,NA,NA,NA,NA,0,NA,1,NA,NA
"4196",8,"M",4,NA,"High",3,0,NA,0,0,0,0,0,0,0,4,1,NA,0
"4197",10,"M",7,"Hispanic","High",2,0,0,0,NA,NA,NA,NA,NA,1,1,NA,TRUE,1
"4198",6,"M",4,"Hispanic","High",4,0,0,0,0,0,0,0,0,0,4,1,FALSE,0
"4199",7,"M",4,"White","High",4,0,0,0,0,0,0,0,0,0,2,NA,FALSE,1
"4200",9,"M",5,"Hispanic","High",4,0,0,0,0,0,0,0,0,0,4,1,FALSE,0
"4201",7,"M",4,"Black","High",4,0,0,0,0,0,0,0,0,1,1,1,TRUE,1
"4202",10,"M",7,"Hispanic","High",4,0,0,0,0,0,0,0,0,0,1,1,FALSE,1
"4203",8,"F",5,"Hispanic","High",3,0,0,0,0,0,0,0,0,0,4,1,FALSE,0
"4204",7,"M",4,"Hispanic","High",1,0,0,0,0,0,0,0,0,0,4,NA,FALSE,0
"4205",9,"M",6,"Hispanic","High",2,1,0,0,NA,NA,NA,NA,NA,0,2,1,TRUE,1
"4206",7,"F",5,"Hispanic","High",4,0,0,0,0,0,0,0,0,0,4,1,FALSE,0
"4207",9,"F",4,"Hispanic","High",4,NA,0,0,0,0,0,0,0,0,1,1,NA,1
"4208",9,"M",4,"Hispanic","High",4,0,0,0,0,0,0,0,0,0,4,1,FALSE,0
"4209",6,"F",4,"Hispanic","High",2,0,0,0,0,0,0,0,0,0,4,1,FALSE,0
"4210",7,"M",4,"Hispanic","High",4,0,0,0,0,0,0,0,0,0,4,1,FALSE,0
"4211",7,"F",4,"Black","High",4,0,0,0,0,0,0,0,0,0,4,NA,FALSE,0
"4212",8,"F",5,"Hispanic","High",3,0,0,0,0,0,0,0,0,0,1,1,FALSE,1
"4213",8,"M",5,"Black","High",3,0,0,0,0,0,0,0,0,0,2,NA,FALSE,1
"4214",6,"F",4,"Hispanic","High",4,0,0,0,0,0,0,0,0,0,2,1,FALSE,1
"4215",7,"F",4,NA,"High",4,0,0,0,0,0,0,0,0,0,3,1,FALSE,0
"4216",7,"M",4,"Hispanic","High",3,0,0,0,0,0,0,0,0,0,3,1,FALSE,0
"4217",8,"M",4,"White","High",4,0,0,0,0,0,0,0,0,0,4,1,FALSE,0
"4218",7,"M",4,"Hispanic","High",4,0,0,0,0,0,0,0,0,0,2,NA,FALSE,1
"4219",7,"F",5,"Hispanic","High",4,0,0,0,0,0,0,0,0,0,4,NA,FALSE,0
"4220",9,"M",6,"White","High",4,0,0,0,0,0,0,0,0,0,4,NA,FALSE,0
"4221",8,"M",4,"Black","High",4,0,0,0,0,0,0,0,0,0,4,1,FALSE,0
"4222",8,"M",1,"Hispanic","Middle",4,0,0,0,0,0,0,0,0,0,1,1,FALSE,1
"4223",6,"M",4,"Hispanic","High",4,0,0,0,0,0,0,0,0,0,4,1,FALSE,0
"4224",6,"F",4,"Hispanic","High",4,0,0,0,0,0,0,0,0,0,4,NA,FALSE,0
"4225",6,"F",4,"Hispanic","High",4,0,0,0,0,0,0,0,0,0,2,NA,FALSE,1
"4226",7,"F",4,"Hispanic","High",4,0,0,0,0,0,0,0,0,0,4,1,FALSE,0
"4227",7,"M",4,"Hispanic","High",4,0,0,0,0,0,0,0,0,0,4,1,FALSE,0
"4228",8,"F",5,"Black","High",4,0,0,0,0,0,1,0,0,0,4,NA,TRUE,0
"4229",7,"M",4,"Black","High",2,0,0,0,0,0,0,0,0,0,1,NA,FALSE,1
"4230",7,"M",4,"Black","High",4,0,0,0,0,0,0,0,0,0,4,NA,FALSE,0
"4231",8,"F",5,"Hispanic","High",4,0,0,0,0,0,0,0,0,0,2,1,FALSE,1
"4232",7,"F",5,"Black","High",4,0,0,0,0,0,0,0,0,0,2,1,FALSE,1
"4233",11,"F",7,"Black","High",4,0,0,0,0,0,0,0,0,0,4,1,FALSE,0
"4234",8,"M",4,"Black","High",4,0,0,0,0,0,0,0,0,0,4,1,FALSE,0
"4235",8,"M",4,"Hispanic","High",3,0,0,0,0,0,0,0,0,1,1,1,TRUE,1
"4236",10,"M",7,"Black","High",3,0,0,0,0,0,0,0,0,0,4,1,FALSE,0
"4237",7,"M",4,"Hispanic","High",3,0,0,0,0,0,0,0,0,0,3,NA,FALSE,0
"4238",7,"F",4,"White","High",4,0,0,0,0,0,1,0,0,0,4,NA,TRUE,0
"4239",8,"F",5,"Hispanic","High",4,0,0,0,0,0,0,0,0,0,4,NA,FALSE,0
"4240",8,"M",5,NA,"High",4,0,0,0,0,0,0,0,0,0,4,1,FALSE,0
"4241",6,"F",4,"Hispanic","High",3,0,0,0,0,0,1,0,0,1,1,NA,TRUE,1
"4242",7,"M",4,"Black","High",3,0,0,0,0,0,0,0,0,0,2,NA,FALSE,1
"4243",6,"M",4,"Hispanic","High",2,0,0,0,0,0,0,0,0,0,1,NA,FALSE,1
"4244",8,"M",4,"Hispanic","High",4,0,0,0,0,0,0,0,0,0,4,1,FALSE,0
"4245",7,"F",4,"Hispanic","High",3,0,NA,0,0,0,1,0,0,1,2,NA,TRUE,1
"4246",7,"F",5,"Hispanic","High",4,0,0,0,0,0,0,0,0,0,4,1,FALSE,0
"4247",8,"M",4,"Black","High",4,0,0,0,0,0,0,0,0,0,4,1,FALSE,0
"4248",9,"F",7,"Hispanic","High",3,0,0,0,0,0,0,0,0,0,4,1,FALSE,0
"4249",8,"F",5,"White","High",4,0,0,0,0,0,0,0,0,0,2,NA,FALSE,1
"4250",10,"F",7,"Hispanic","High",4,0,0,0,0,0,0,0,0,0,4,1,FALSE,0
"4251",10,"M",7,"Hispanic","High",3,1,0,0,0,0,0,0,0,0,2,1,TRUE,1
"4252",7,"F",4,"Hispanic","High",3,0,0,0,0,0,0,0,0,0,4,NA,FALSE,0
"4253",8,"F",5,"Black","High",4,0,0,0,0,0,0,0,0,0,4,1,FALSE,0
"4254",8,"M",5,"Hispanic","High",4,0,0,0,0,0,0,0,0,0,2,1,FALSE,1
"4255",6,"M",4,"Hispanic","High",4,0,0,0,0,0,0,0,0,0,4,1,FALSE,0
"4256",9,"M",6,"Hispanic","High",4,0,0,0,0,0,1,0,0,1,2,1,TRUE,1
"4257",7,"M",4,"Hispanic","High",4,0,0,0,0,0,0,0,0,0,4,1,FALSE,0
"4258",7,"M",4,"Hispanic","High",4,0,0,0,0,0,0,0,0,0,2,1,FALSE,1
"4259",9,"M",7,"Hispanic","High",2,0,0,0,0,0,0,0,0,0,2,1,FALSE,1
"4260",7,"M",4,"Black","High",3,0,NA,0,0,0,0,0,0,0,4,1,NA,0
"4261",10,"F",7,"Black","High",4,0,0,0,0,0,0,0,0,0,2,1,FALSE,1
"4262",8,"M",5,"Hispanic","High",2,1,1,0,0,0,0,0,0,0,3,NA,TRUE,0
"4263",9,"F",6,"Hispanic","High",4,0,0,0,0,0,0,0,0,0,3,1,FALSE,0
"4264",8,"M",6,"Hispanic","High",NA,0,NA,NA,NA,NA,NA,NA,NA,NA,NA,NA,NA,NA
"4265",7,"M",4,"Hispanic","High",3,0,0,0,0,0,0,0,0,0,3,NA,FALSE,0
"4266",8,"F",5,"Hispanic","High",3,0,0,0,0,0,0,0,0,1,1,NA,TRUE,1
"4267",10,"F",7,"Hispanic","High",4,0,0,0,0,0,0,0,0,0,2,NA,FALSE,1
"4268",8,"M",5,"Black","High",4,0,0,0,0,0,0,0,0,0,4,1,FALSE,0
"4269",7,"M",4,"Hispanic","High",4,0,0,0,0,0,0,0,0,0,4,1,FALSE,0
"4270",8,"M",5,"Hispanic","High",1,0,1,0,0,0,1,0,0,0,4,NA,TRUE,0
"4271",1,"M",1,"AI/AN","Middle",1,0,0,0,0,0,0,0,0,0,1,NA,FALSE,1
"4272",7,"M",4,"Black","High",2,0,0,0,0,0,1,0,0,1,1,1,TRUE,1
"4273",10,"F",7,"Black","High",4,0,0,0,0,0,0,0,0,0,4,1,FALSE,0
"4274",7,"M",4,NA,"High",4,0,0,0,0,0,0,0,0,0,4,1,FALSE,0
"4275",7,"M",4,"Hispanic","High",4,0,0,0,0,0,0,0,0,1,1,1,TRUE,1
"4276",7,"M",4,"Hispanic","High",2,0,0,0,NA,NA,NA,NA,NA,0,1,NA,NA,1
"4277",9,"F",6,"Hispanic","High",4,0,0,0,0,0,0,0,0,0,2,1,FALSE,1
"4278",7,"F",4,"Hispanic","High",3,0,0,0,0,0,0,0,0,0,2,1,FALSE,1
"4279",7,"F",4,"Black","High",4,0,0,0,0,0,0,0,0,0,4,NA,FALSE,0
"4280",7,"F",4,NA,"High",2,0,0,0,0,0,0,0,0,0,4,NA,FALSE,0
"4281",10,"F",7,"Black","High",4,0,0,0,0,0,0,0,0,0,4,1,FALSE,0
"4282",10,"F",7,"Black","High",3,0,0,0,0,0,0,0,0,0,3,1,FALSE,0
"4283",10,"M",6,"Hispanic","High",4,0,0,0,NA,NA,NA,NA,NA,0,4,1,NA,0
"4284",8,"M",5,"Hispanic","High",3,0,0,0,0,0,0,0,0,0,2,1,FALSE,1
"4285",10,"M",7,"Hispanic","High",3,1,0,0,0,0,0,0,0,1,1,1,TRUE,1
"4286",7,"F",5,"Hispanic","High",4,0,0,0,0,0,0,0,0,0,2,NA,FALSE,1
"4287",7,"M",4,"White","High",4,0,0,0,0,0,0,0,0,0,1,NA,FALSE,1
"4288",7,"M",4,"Hispanic","High",4,0,0,0,0,0,0,0,0,0,3,1,FALSE,0
"4289",7,"F",4,NA,"High",4,0,0,0,0,0,0,0,0,0,4,NA,FALSE,0
"4290",7,"F",4,"Hispanic","High",4,0,0,0,0,0,0,0,0,0,4,1,FALSE,0
"4291",6,"M",4,"Hispanic","High",2,0,0,0,0,0,0,0,0,0,4,1,FALSE,0
"4292",9,"F",7,"Hispanic","High",4,0,0,0,0,0,0,0,0,0,4,NA,FALSE,0
"4293",6,"M",4,"Black","High",4,0,0,0,0,0,0,0,0,0,4,1,FALSE,0
"4294",7,"F",4,"Hispanic","High",4,0,0,0,0,0,0,0,0,0,4,NA,FALSE,0
"4295",7,"M",4,"Hispanic","High",4,0,0,0,0,0,0,0,0,0,4,1,FALSE,0
"4296",10,"M",7,"Hispanic","High",4,0,0,0,0,0,0,0,0,0,4,1,FALSE,0
"4297",10,"M",6,"Hispanic","High",3,0,0,0,0,0,0,0,0,0,4,NA,FALSE,0
"4298",7,"M",4,"Hispanic","High",2,0,0,0,0,0,0,0,0,0,3,NA,FALSE,0
"4299",8,"M",4,"Hispanic","High",2,0,0,0,0,0,0,0,0,0,1,1,FALSE,1
"4300",7,"M",5,"Black","High",4,0,0,0,0,0,0,0,0,0,4,NA,FALSE,0
"4301",7,"F",4,"Hispanic","High",4,0,0,0,0,0,1,0,0,0,3,NA,TRUE,0
"4302",7,"F",4,"Hispanic","High",4,0,0,0,0,0,0,0,0,0,4,1,FALSE,0
"4303",7,"M",4,"Hispanic","High",4,0,0,0,0,0,0,0,0,0,4,NA,FALSE,0
"4304",7,"M",4,"Black","High",4,0,0,0,0,0,0,0,0,0,4,NA,FALSE,0
"4305",6,"M",4,"Hispanic","High",4,0,0,0,0,0,0,0,0,0,4,1,FALSE,0
"4306",7,"F",4,"Hispanic","High",2,0,0,0,0,0,0,0,0,1,1,1,TRUE,1
"4307",10,"M",7,"Hispanic","High",4,0,0,0,0,0,0,0,0,0,2,NA,FALSE,1
"4308",4,"M",2,"AI/AN","Middle",3,0,0,0,0,0,0,0,0,0,1,NA,FALSE,1
"4309",5,"M",2,"White","Middle",3,0,0,0,0,0,0,0,0,0,2,1,FALSE,1
"4310",4,"F",2,"Hispanic","Middle",4,0,0,0,0,0,0,0,0,0,2,NA,FALSE,1
"4311",6,"M",2,NA,"Middle",3,0,0,0,0,0,1,0,0,1,2,NA,TRUE,1
"4312",5,"F",2,"White","Middle",4,0,0,0,0,0,0,0,0,0,4,NA,FALSE,0
"4313",5,"F",2,"Hispanic","Middle",4,0,0,0,0,0,0,0,0,0,4,1,FALSE,0
"4314",5,"F",2,"Black","Middle",4,0,0,0,0,0,0,0,0,0,2,1,FALSE,1
"4315",5,"F",2,"Asian","Middle",4,0,0,0,0,0,0,0,0,0,4,NA,FALSE,0
"4316",5,"M",2,"White","Middle",1,1,1,0,1,0,1,0,0,0,1,NA,TRUE,1
"4317",5,"F",2,"White","Middle",4,0,0,0,0,0,0,0,0,0,4,1,FALSE,0
"4318",5,"F",2,"Hispanic","Middle",3,0,0,0,0,0,0,0,0,1,2,1,TRUE,1
"4319",5,"F",2,"Hispanic","Middle",4,0,0,0,0,0,0,0,0,0,4,1,FALSE,0
"4320",5,"M",2,"Asian","Middle",4,0,NA,0,0,0,0,0,0,0,4,1,NA,0
"4321",5,"F",2,"White","Middle",3,0,0,0,0,0,0,0,0,0,4,NA,FALSE,0
"4322",5,"M",2,"Hispanic","Middle",4,0,0,0,0,0,0,0,0,1,2,NA,TRUE,1
"4323",4,"M",2,"White","Middle",4,0,0,0,0,0,0,0,0,0,4,1,FALSE,0
"4324",4,"M",1,"White","Middle",4,0,0,0,0,0,0,0,0,0,4,NA,FALSE,0
"4325",4,"F",1,"White","Middle",4,0,0,0,0,0,0,0,0,0,3,1,FALSE,0
"4326",4,"M",1,"White","Middle",4,0,0,0,0,0,0,0,0,0,4,1,FALSE,0
"4327",3,"F",1,"White","Middle",4,0,0,0,0,0,0,0,0,0,4,NA,FALSE,0
"4328",4,"M",1,"Asian","Middle",4,0,0,0,0,0,0,0,0,0,4,1,FALSE,0
"4329",4,"M",1,"Hispanic","Middle",4,0,0,0,0,0,0,0,0,0,4,1,FALSE,0
"4330",3,"F",1,"White","Middle",4,0,0,0,0,0,0,0,0,0,4,1,FALSE,0
"4331",4,"M",1,"White","Middle",4,0,0,0,0,0,0,0,0,0,4,1,FALSE,0
"4332",4,"F",1,"White","Middle",4,0,0,0,0,0,0,0,0,0,4,1,FALSE,0
"4333",4,"M",1,"Hispanic","Middle",3,0,0,0,0,0,0,0,0,0,3,NA,FALSE,0
"4334",4,"M",1,"Hispanic","Middle",4,0,0,0,0,0,0,0,0,0,4,1,FALSE,0
"4335",3,"F",1,"Black","Middle",4,0,0,0,0,0,0,0,0,0,4,NA,FALSE,0
"4336",4,"F",1,"Asian","Middle",4,0,0,0,0,0,0,0,0,0,4,1,FALSE,0
"4337",4,"M",1,"White","Middle",4,0,0,0,0,0,0,0,0,0,4,1,FALSE,0
"4338",4,"F",1,"Asian","Middle",4,0,0,0,0,0,0,0,0,0,4,1,FALSE,0
"4339",4,"F",1,"White","Middle",4,0,0,0,0,0,0,0,0,0,4,1,FALSE,0
"4340",3,"M",1,"White","Middle",4,0,0,0,0,0,0,0,0,0,4,1,FALSE,0
"4341",4,"M",1,"White","Middle",4,0,0,0,0,0,0,0,0,0,4,NA,FALSE,0
"4342",NA,NA,NA,NA,NA,4,0,0,0,0,0,0,0,0,0,4,NA,FALSE,0
"4343",4,"F",1,"White","Middle",4,0,0,0,0,0,0,0,0,0,4,1,FALSE,0
"4344",4,"F",1,"White","Middle",4,0,0,0,0,0,0,0,0,0,4,1,FALSE,0
"4345",6,"F",3,"Black","Middle",4,0,0,0,0,0,0,0,0,0,1,1,FALSE,1
"4346",6,"M",3,"White","Middle",3,0,0,0,0,0,0,0,0,1,1,1,TRUE,1
"4347",5,"F",3,"White","Middle",4,0,0,NA,0,0,0,0,0,0,4,NA,NA,0
"4348",6,"M",3,"White","Middle",3,0,0,0,0,0,0,0,0,1,1,1,TRUE,1
"4349",6,"F",3,"Asian","Middle",4,0,0,0,0,0,0,0,0,0,1,1,FALSE,1
"4350",6,"F",3,"White","Middle",4,0,0,0,0,0,0,0,0,0,3,1,FALSE,0
"4351",6,"F",3,NA,"Middle",3,0,0,0,0,0,0,0,0,0,4,1,FALSE,0
"4352",6,"M",3,"Hispanic","Middle",3,0,0,0,0,0,0,0,0,0,2,NA,FALSE,1
"4353",7,"M",3,"Hispanic","Middle",2,1,0,0,0,0,0,0,0,0,1,1,TRUE,1
"4354",6,"F",3,"White","Middle",4,0,0,0,0,0,0,0,0,0,4,1,FALSE,0
"4355",6,"M",3,"White","Middle",3,0,0,0,0,0,0,0,0,0,2,1,FALSE,1
"4356",7,"F",3,"Hispanic","Middle",4,0,0,0,0,0,0,0,0,0,2,1,FALSE,1
"4357",7,"M",3,"White","Middle",4,0,0,0,0,0,0,0,0,0,3,1,FALSE,0
"4358",6,"F",3,"Black","Middle",3,0,0,0,0,0,0,0,0,0,3,1,FALSE,0
"4359",6,"M",3,"White","Middle",4,0,0,NA,0,0,0,0,0,0,4,1,NA,0
"4360",5,"F",3,"AI/AN","Middle",4,0,0,0,0,0,0,0,0,0,4,1,FALSE,0
"4361",6,"M",3,"Hispanic","Middle",3,0,0,0,0,0,0,0,0,0,3,1,FALSE,0
"4362",7,"M",3,"Hispanic","Middle",2,0,1,0,1,0,1,1,0,0,4,NA,TRUE,0
"4363",6,"F",3,"Hispanic","Middle",4,0,0,0,0,0,0,0,0,0,4,1,FALSE,0
"4364",6,"F",3,"White","Middle",4,0,0,0,0,0,0,0,0,0,4,1,FALSE,0
"4365",6,"M",3,"White","Middle",4,0,0,0,0,0,0,0,0,0,4,NA,FALSE,0
"4366",5,"M",3,"Asian","Middle",4,0,0,0,0,0,0,0,0,0,4,1,FALSE,0
"4367",6,"M",3,"Hispanic","Middle",3,0,0,0,0,0,0,0,0,0,2,1,FALSE,1
"4368",6,"M",3,"Hispanic","Middle",3,0,0,0,0,0,0,0,0,0,4,1,FALSE,0
"4369",6,"M",3,"White","Middle",4,0,0,0,0,0,0,0,0,0,4,1,FALSE,0
"4370",6,"F",3,"White","Middle",4,0,0,0,0,0,0,0,0,0,3,NA,FALSE,0
"4371",5,"M",3,"Hispanic","Middle",4,0,0,0,0,0,0,0,0,0,4,1,FALSE,0
"4372",6,"M",3,"White","Middle",2,1,0,0,0,1,0,0,0,0,1,NA,TRUE,1
"4373",6,"M",3,"White","Middle",4,0,0,0,0,0,0,0,0,0,4,1,FALSE,0
"4374",6,"F",3,"White","Middle",4,0,0,0,0,0,0,0,0,0,4,1,FALSE,0
"4375",6,"M",3,"White","Middle",4,0,0,0,0,0,0,0,0,0,4,NA,FALSE,0
"4376",6,"M",3,"Asian","Middle",4,0,0,0,0,0,0,0,0,0,4,1,FALSE,0
"4377",6,"F",3,"White","Middle",4,0,0,0,0,0,0,0,0,0,1,NA,FALSE,1
"4378",6,"M",3,"White","Middle",4,0,0,0,0,0,0,0,0,0,4,1,FALSE,0
"4379",6,"F",3,"Hispanic","Middle",3,0,0,0,0,0,0,0,0,0,2,NA,FALSE,1
"4380",5,"M",3,"White","Middle",4,0,0,0,0,0,0,0,0,0,4,1,FALSE,0
"4381",6,"F",3,"Black","Middle",4,0,0,0,0,0,0,0,0,0,4,1,FALSE,0
"4382",6,"F",3,"White","Middle",4,0,0,0,0,0,0,0,0,0,4,1,FALSE,0
"4383",6,"M",3,"Black","Middle",4,0,0,0,0,0,0,0,0,0,4,1,FALSE,0
"4384",6,"M",3,"White","Middle",4,0,0,0,0,0,0,0,0,0,4,NA,FALSE,0
"4385",6,"F",3,"White","Middle",4,0,0,0,0,0,0,0,0,0,3,1,FALSE,0
"4386",6,"M",3,"White","Middle",4,0,0,0,0,0,0,0,0,0,4,1,FALSE,0
"4387",5,"F",2,"Hispanic","Middle",4,0,0,0,0,0,0,0,0,0,4,1,FALSE,0
"4388",5,"M",2,"Hispanic","Middle",3,0,0,0,0,0,0,0,0,0,4,1,FALSE,0
"4389",5,"F",2,"White","Middle",4,0,0,0,0,0,0,0,0,0,2,1,FALSE,1
"4390",5,"F",2,"Hispanic","Middle",4,0,0,0,0,0,0,0,0,0,4,NA,FALSE,0
"4391",5,"M",2,"Hispanic","Middle",4,0,0,0,0,0,0,0,0,0,2,1,FALSE,1
"4392",6,"M",2,"White","Middle",4,0,0,0,0,0,0,0,0,0,1,NA,FALSE,1
"4393",5,"M",2,"Asian","Middle",4,0,0,0,0,0,0,0,0,0,4,1,FALSE,0
"4394",5,"M",2,"White","Middle",4,0,0,0,0,0,0,0,0,0,4,NA,FALSE,0
"4395",4,"M",2,"Hispanic","Middle",4,0,0,0,0,0,0,0,0,0,4,NA,FALSE,0
"4396",5,"M",2,"Hispanic","Middle",4,0,0,0,0,0,0,0,0,0,4,1,FALSE,0
"4397",4,"F",2,NA,"Middle",2,1,NA,0,0,0,0,1,1,1,1,1,TRUE,1
"4398",5,"M",2,"Hispanic","Middle",4,0,0,0,0,0,0,0,0,0,4,NA,FALSE,0
"4399",4,"F",2,"White","Middle",4,0,0,0,0,0,0,0,0,0,4,1,FALSE,0
"4400",4,"M",2,"White","Middle",4,0,0,0,0,0,0,0,0,0,3,1,FALSE,0
"4401",5,"M",2,"White","Middle",4,0,0,0,0,0,0,0,0,0,4,1,FALSE,0
"4402",5,"M",2,NA,"Middle",4,0,0,0,0,0,0,0,0,0,4,NA,FALSE,0
"4403",5,"M",2,"Hispanic","Middle",4,0,0,0,0,0,0,0,0,0,4,1,FALSE,0
"4404",4,"F",2,"Black","Middle",4,0,0,0,0,0,0,0,0,0,4,1,FALSE,0
"4405",5,"F",2,"White","Middle",4,0,0,0,0,0,0,0,0,0,2,NA,FALSE,1
"4406",5,"F",2,"Hispanic","Middle",4,0,0,0,0,0,0,0,0,0,4,NA,FALSE,0
"4407",5,"F",3,"Hispanic","Middle",2,0,0,0,0,0,0,0,1,1,1,NA,TRUE,1
"4408",4,"F",1,"Black","Middle",4,0,0,0,0,0,0,0,0,0,4,NA,FALSE,0
"4409",3,"M",1,"Hispanic","Middle",3,0,0,0,0,0,0,0,0,0,2,1,FALSE,1
"4410",5,"F",1,"Hispanic","Middle",4,0,0,0,NA,NA,NA,NA,NA,1,1,NA,TRUE,1
"4411",5,"M",1,NA,"Middle",4,0,0,0,0,0,0,0,0,0,4,1,FALSE,0
"4412",5,"M",1,NA,"Middle",4,0,0,0,0,0,0,0,0,0,4,NA,FALSE,0
"4413",4,"M",1,"Hispanic","Middle",4,0,NA,NA,NA,NA,NA,NA,NA,NA,4,1,NA,0
"4414",4,"M",1,"Hispanic","Middle",4,0,0,0,NA,NA,NA,NA,NA,0,4,1,NA,0
"4415",3,"F",1,"Hispanic","Middle",4,0,0,0,0,0,0,0,0,0,4,1,FALSE,0
"4416",4,"F",1,"Hispanic","Middle",4,NA,NA,NA,NA,NA,NA,NA,NA,NA,4,1,NA,0
"4417",5,"F",1,"Hispanic","Middle",1,0,0,0,0,0,0,0,0,0,1,1,FALSE,1
"4418",3,"F",1,"Hispanic","Middle",4,0,0,0,0,0,0,0,0,0,4,1,FALSE,0
"4419",4,"F",1,"Hispanic","Middle",4,NA,NA,0,0,0,0,0,0,0,4,NA,NA,0
"4420",6,"M",1,"Hispanic","Middle",4,0,0,0,NA,NA,NA,NA,NA,0,4,NA,NA,0
"4421",4,"M",1,"White","Middle",4,0,0,0,0,0,0,0,0,0,4,1,FALSE,0
"4422",3,"M",1,"Hispanic","Middle",4,0,0,0,0,0,0,0,0,0,4,1,FALSE,0
"4423",3,"F",NA,NA,NA,4,0,0,0,0,0,0,0,0,0,4,1,FALSE,0
"4424",5,"M",1,"Hispanic","Middle",4,0,0,0,0,0,0,0,0,0,4,1,FALSE,0
"4425",5,"F",1,"Hispanic","Middle",4,0,NA,0,0,0,0,0,0,0,4,NA,NA,0
"4426",4,"M",2,"Hispanic","Middle",4,0,0,0,0,0,0,0,0,0,4,1,FALSE,0
"4427",5,"M",2,"Hispanic","Middle",4,0,0,0,0,0,0,0,0,0,4,1,FALSE,0
"4428",4,"M",2,"Hispanic","Middle",4,0,0,0,0,0,0,0,0,0,4,1,FALSE,0
"4429",6,"M",2,"Black","Middle",4,0,0,0,0,0,0,0,0,0,4,NA,FALSE,0
"4430",5,"F",2,"Black","Middle",4,0,0,0,0,0,0,0,0,0,4,1,FALSE,0
"4431",5,"M",2,"Hispanic","Middle",4,0,0,0,0,0,0,0,0,0,3,NA,FALSE,0
"4432",5,"F",2,"Hispanic","Middle",4,0,0,0,0,0,0,0,0,0,4,1,FALSE,0
"4433",6,"F",2,"Hispanic","Middle",4,0,0,0,NA,NA,NA,NA,NA,0,4,1,NA,0
"4434",5,"F",2,"Hispanic","Middle",4,0,0,0,0,0,0,0,0,0,4,NA,FALSE,0
"4435",6,"M",3,"Black","Middle",1,0,1,0,0,0,0,0,0,0,1,NA,TRUE,1
"4436",6,"M",3,"Black","Middle",4,0,0,0,0,0,0,0,0,0,1,1,FALSE,1
"4437",5,"M",1,"Hispanic","Middle",4,0,0,0,0,0,0,0,0,0,4,1,FALSE,0
"4438",5,"M",1,"Black","Middle",4,0,0,0,0,0,0,0,0,0,4,1,FALSE,0
"4439",5,"F",1,NA,"Middle",3,0,0,0,0,0,0,0,0,0,4,1,FALSE,0
"4440",4,"F",1,"Hispanic","Middle",4,0,0,0,0,0,0,0,0,0,4,1,FALSE,0
"4441",5,"F",1,"Black","Middle",4,0,0,0,0,0,0,0,0,0,4,1,FALSE,0
"4442",5,"F",1,"Black","Middle",4,0,0,0,0,0,0,0,0,0,4,NA,FALSE,0
"4443",3,"M",1,"Black","Middle",4,0,0,0,0,0,0,0,0,0,4,NA,FALSE,0
"4444",5,"M",1,"Black","Middle",4,0,0,0,0,0,0,0,0,0,4,NA,FALSE,0
"4445",4,"M",1,"AI/AN","Middle",3,0,0,0,0,0,0,0,0,0,1,NA,FALSE,1
"4446",6,"M",1,"Black","Middle",4,0,0,0,0,0,0,0,0,0,4,1,FALSE,0
"4447",6,"F",3,"Hispanic","Middle",4,0,0,0,0,0,0,0,0,0,4,1,FALSE,0
"4448",6,"M",3,"Hispanic","Middle",4,0,0,0,0,0,0,0,0,0,3,1,FALSE,0
"4449",6,"F",3,"Black","Middle",4,0,0,0,0,0,0,0,0,0,4,NA,FALSE,0
"4450",6,"M",3,"White","Middle",1,1,1,1,0,0,1,1,0,1,4,1,TRUE,0
"4451",6,"M",3,"White","Middle",4,0,0,0,0,0,0,0,0,0,4,1,FALSE,0
"4452",6,"M",3,"Black","Middle",4,0,0,0,0,0,0,0,0,0,4,1,FALSE,0
"4453",6,"M",3,"White","Middle",2,0,0,0,0,0,0,0,0,1,1,NA,TRUE,1
"4454",5,"F",2,"Hispanic","Middle",3,0,0,0,0,0,0,0,0,0,2,1,FALSE,1
"4455",5,"F",2,"Hispanic","Middle",3,0,0,0,NA,NA,NA,NA,NA,0,4,NA,NA,0
"4456",5,"F",2,"Hispanic","Middle",3,NA,NA,0,NA,NA,NA,NA,NA,0,4,NA,NA,0
"4457",6,"F",2,"Hispanic","Middle",3,NA,NA,0,0,0,0,0,0,1,3,NA,TRUE,0
"4458",5,"F",2,"Hispanic","Middle",4,0,0,0,NA,NA,NA,NA,NA,0,3,NA,NA,0
"4459",6,"M",2,"Black","Middle",4,0,0,0,0,0,0,0,0,0,1,1,FALSE,1
"4460",5,"M",2,"Hispanic","Middle",4,0,0,0,0,0,0,0,0,0,4,1,FALSE,0
"4461",4,"F",2,"Hispanic","Middle",4,0,0,0,NA,NA,NA,NA,NA,0,4,NA,NA,0
"4462",5,"M",2,"Black","Middle",4,0,0,0,0,0,0,0,0,0,4,1,FALSE,0
"4463",5,"F",2,"Hispanic","Middle",4,0,0,0,0,0,0,0,0,0,2,1,FALSE,1
"4464",4,"F",2,"Hispanic","Middle",3,0,0,0,0,0,0,0,0,0,2,NA,FALSE,1
"4465",6,"M",2,"Asian","Middle",2,1,NA,0,0,0,0,0,0,1,1,NA,TRUE,1
"4466",6,"M",NA,"Hispanic",NA,4,0,0,0,0,0,0,0,0,0,1,1,FALSE,1
"4467",6,"F",2,"Hispanic","Middle",4,0,0,0,0,0,0,0,0,0,4,1,FALSE,0
"4468",5,"F",2,"White","Middle",4,0,0,0,0,0,0,0,0,0,4,NA,FALSE,0
"4469",8,"F",3,"Black","Middle",2,0,0,0,0,0,0,0,0,0,4,NA,FALSE,0
"4470",4,"M",2,"Black","Middle",4,0,0,0,0,0,0,0,0,0,4,1,FALSE,0
"4471",4,"M",2,"Hispanic","Middle",4,0,0,0,0,0,0,0,0,0,1,1,FALSE,1
"4472",5,"F",2,"Black","Middle",4,0,0,0,0,0,0,0,0,0,4,1,FALSE,0
"4473",5,"F",2,"Black","Middle",4,0,0,0,0,0,0,0,0,0,1,NA,FALSE,1
"4474",6,"M",2,"NHOPI","Middle",3,0,0,0,0,0,0,0,0,0,2,1,FALSE,1
"4475",7,"M",3,"Hispanic","Middle",4,0,0,0,0,0,0,0,0,0,4,1,FALSE,0
"4476",5,"F",3,"Hispanic","Middle",4,0,0,0,0,0,0,0,0,0,4,1,FALSE,0
"4477",6,"F",3,"Black","Middle",4,0,0,0,0,0,0,0,0,0,4,1,FALSE,0
"4478",6,"M",3,"Hispanic","Middle",NA,0,0,0,0,0,0,0,0,0,4,1,FALSE,0
"4479",5,"M",3,"Hispanic","Middle",2,0,0,0,0,0,0,0,0,0,2,NA,FALSE,1
"4480",6,"F",3,"Hispanic","Middle",4,0,0,0,0,0,0,0,0,0,3,NA,FALSE,0
"4481",7,"M",3,"NHOPI","Middle",4,0,0,0,0,0,0,0,0,1,1,NA,TRUE,1
"4482",6,"M",3,"Black","Middle",3,0,0,0,0,0,0,0,0,1,2,NA,TRUE,1
"4483",7,"M",3,"Black","Middle",4,0,0,0,0,0,0,0,0,0,4,1,FALSE,0
"4484",6,"F",3,"Hispanic","Middle",3,0,NA,0,0,0,0,0,0,0,1,NA,NA,1
"4485",6,"F",3,"Black","Middle",4,0,0,0,0,0,0,0,0,0,4,1,FALSE,0
"4486",6,"M",3,"White","Middle",4,0,0,0,0,0,0,0,0,0,4,NA,FALSE,0
"4487",7,"M",3,"Black","Middle",2,0,0,0,0,0,0,0,0,0,4,NA,FALSE,0
"4488",6,"F",3,"White","Middle",4,0,0,0,0,0,0,0,0,0,4,1,FALSE,0
"4489",5,"F",3,"NHOPI","Middle",4,0,0,0,0,0,0,0,0,0,4,NA,FALSE,0
"4490",6,"F",3,"Hispanic","Middle",3,0,0,0,0,0,0,0,0,0,3,1,FALSE,0
"4491",4,"M",1,NA,"Middle",4,0,0,0,0,0,0,0,0,0,4,NA,FALSE,0
"4492",5,"F",3,"Hispanic","Middle",3,0,0,0,0,0,0,0,0,0,2,1,FALSE,1
"4493",6,"M",3,"NHOPI","Middle",4,0,0,0,0,0,0,0,0,0,4,1,FALSE,0
"4494",6,"M",3,"Hispanic","Middle",4,0,0,0,0,0,0,0,0,0,2,NA,FALSE,1
"4495",3,"M",1,"Black","Middle",4,0,0,0,0,0,0,0,0,0,3,NA,FALSE,0
"4496",4,"M",1,"Hispanic","Middle",2,0,0,0,0,0,0,0,0,0,4,NA,FALSE,0
"4497",5,"M",1,"Hispanic","Middle",4,0,0,0,0,0,0,0,0,0,3,1,FALSE,0
"4498",4,"M",1,"Black","Middle",4,0,0,0,0,0,0,0,0,0,4,NA,FALSE,0
"4499",3,"M",1,"White","Middle",4,0,0,0,0,0,0,0,0,0,4,NA,FALSE,0
"4500",4,"F",1,"Black","Middle",4,0,0,0,0,0,0,0,0,0,4,NA,FALSE,0
"4501",4,"F",1,"Black","Middle",3,0,0,0,0,0,0,0,0,0,4,NA,FALSE,0
"4502",4,"F",1,"White","Middle",4,0,0,0,0,0,0,0,0,0,4,NA,FALSE,0
"4503",4,"F",1,"Hispanic","Middle",4,0,0,0,0,0,0,0,0,0,4,1,FALSE,0
"4504",5,"F",1,"Hispanic","Middle",4,0,0,0,0,0,0,0,0,0,4,NA,FALSE,0
"4505",3,"M",1,"White","Middle",4,0,0,0,0,0,0,0,0,0,4,NA,FALSE,0
"4506",5,"M",1,"Hispanic","Middle",3,0,0,0,0,0,0,0,0,1,2,NA,TRUE,1
"4507",4,"M",1,"White","Middle",3,0,0,0,0,0,0,0,0,0,1,1,FALSE,1
"4508",4,"M",1,"Black","Middle",4,0,0,0,0,0,0,0,0,0,1,1,FALSE,1
"4509",9,"F",7,"White","High",3,1,1,0,0,0,0,0,0,1,1,NA,TRUE,1
"4510",10,"F",7,"White","High",4,0,0,0,0,0,0,0,0,1,2,1,TRUE,1
"4511",1,"F",8,"Hispanic",NA,1,1,1,0,0,0,0,0,0,0,4,NA,TRUE,0
"4512",9,"F",7,"White","High",4,0,0,0,0,0,0,0,0,0,4,NA,FALSE,0
"4513",9,"F",6,"White","High",4,0,0,0,0,0,0,0,0,0,4,1,FALSE,0
"4514",10,"M",7,"Hispanic","High",1,1,1,0,NA,NA,NA,NA,NA,1,1,1,TRUE,1
"4515",10,"F",7,"White","High",4,0,0,0,0,0,0,0,0,0,4,1,FALSE,0
"4516",10,"F",7,"Hispanic","High",2,0,0,0,0,0,1,0,0,1,1,NA,TRUE,1
"4517",9,"M",7,"White","High",NA,0,0,0,0,0,0,0,0,0,4,NA,FALSE,0
"4518",9,"F",7,"White","High",1,1,1,0,0,1,1,0,0,1,1,NA,TRUE,1
"4519",10,"F",7,"White","High",4,0,0,0,0,0,0,0,0,0,4,1,FALSE,0
"4520",9,"F",7,"White","High",4,1,0,0,0,0,0,0,0,0,1,1,TRUE,1
"4521",11,"M",7,"White","High",4,0,0,0,0,0,0,0,0,0,4,1,FALSE,0
"4522",9,"F",7,"White","High",3,0,0,0,0,0,0,0,0,0,2,NA,FALSE,1
"4523",9,"F",7,"White","High",4,1,0,0,0,0,0,0,0,1,1,NA,TRUE,1
"4524",NA,"M",NA,"White",NA,3,0,0,0,0,0,0,0,0,0,3,1,FALSE,0
"4525",10,"M",7,"White","High",4,0,0,0,0,0,0,0,0,0,4,1,FALSE,0
"4526",10,"F",7,"White","High",4,0,0,0,0,0,0,0,0,0,1,1,FALSE,1
"4527",8,"M",6,"White","High",2,0,0,0,0,0,0,0,0,0,2,NA,FALSE,1
"4528",9,"F",7,"White","High",4,0,0,0,0,0,0,0,0,0,4,1,FALSE,0
"4529",10,"M",7,"White","High",3,1,0,0,0,0,0,0,0,1,1,NA,TRUE,1
"4530",10,"F",7,"White","High",4,0,0,0,0,0,0,0,0,0,1,NA,FALSE,1
"4531",9,"F",7,"White","High",4,0,0,0,0,0,0,0,0,1,1,NA,TRUE,1
"4532",10,"F",7,"Black","High",4,0,0,0,0,0,0,0,0,0,4,1,FALSE,0
"4533",10,"M",7,"Hispanic","High",4,0,0,0,0,0,0,0,0,0,4,1,FALSE,0
"4534",11,"M",7,"White","High",2,0,1,1,0,0,0,0,0,0,4,NA,TRUE,0
"4535",10,"M",7,"White","High",2,1,1,0,0,0,0,0,0,1,1,1,TRUE,1
"4536",10,"F",7,"Black","High",3,0,1,0,0,0,0,0,0,1,1,NA,TRUE,1
"4537",9,"F",7,"White","High",4,0,0,0,0,0,0,0,0,0,4,NA,FALSE,0
"4538",10,"M",7,"White","High",3,0,0,0,0,0,0,0,0,1,1,1,TRUE,1
"4539",1,"M",7,"White","High",1,0,NA,1,NA,NA,NA,NA,NA,1,4,NA,TRUE,0
"4540",10,"F",7,"White","High",4,0,0,0,0,0,0,0,0,0,3,NA,FALSE,0
"4541",10,"F",7,"White","High",4,0,0,0,0,0,0,0,0,0,4,1,FALSE,0
"4542",10,"F",7,"White","High",4,0,0,0,0,0,0,0,0,0,4,NA,FALSE,0
"4543",11,"M",7,"White","High",3,0,0,0,0,0,0,0,0,0,2,1,FALSE,1
"4544",10,"F",7,"White","High",4,0,0,0,0,0,0,0,0,0,4,1,FALSE,0
"4545",9,"F",7,"White","High",3,0,0,0,0,0,0,0,0,0,3,NA,FALSE,0
"4546",10,"F",7,"White","High",2,0,1,0,0,0,0,0,0,0,2,NA,TRUE,1
"4547",9,"F",7,"White","High",2,0,0,0,0,0,0,0,0,0,3,1,FALSE,0
"4548",10,"F",7,"White","High",3,0,0,0,0,0,0,0,0,0,1,NA,FALSE,1
"4549",9,"F",7,"White","High",3,0,0,0,0,0,0,0,0,1,2,NA,TRUE,1
"4550",9,"F",7,"Hispanic","High",1,1,1,0,0,0,1,0,0,0,1,1,TRUE,1
"4551",10,"F",7,"White","High",4,0,0,0,0,0,0,0,0,0,4,NA,FALSE,0
"4552",9,"M",6,"Hispanic","High",4,0,0,0,0,0,0,0,0,1,2,NA,TRUE,1
"4553",8,"F",5,"White","High",4,0,0,0,0,0,0,0,0,1,2,NA,TRUE,1
"4554",8,"M",5,"Hispanic","High",3,NA,NA,NA,0,0,0,0,0,0,3,NA,NA,0
"4555",9,"M",7,"White","High",4,0,0,0,0,0,0,0,0,0,4,1,FALSE,0
"4556",8,"F",7,"White","High",3,0,0,0,0,0,0,0,0,0,3,NA,FALSE,0
"4557",8,"F",5,"Hispanic","High",4,0,0,0,0,0,0,0,0,0,4,1,FALSE,0
"4558",8,"M",5,"White","High",4,0,0,0,0,0,0,0,0,1,1,NA,TRUE,1
"4559",7,"M",5,"White","High",4,0,0,0,NA,NA,NA,NA,NA,1,2,1,TRUE,1
"4560",8,"F",5,"White","High",4,0,0,0,0,0,0,0,0,0,4,NA,FALSE,0
"4561",8,"F",5,"White","High",3,0,0,0,0,0,0,0,0,0,2,NA,FALSE,1
"4562",7,"F",5,"Hispanic","High",4,0,0,0,0,0,0,0,0,0,4,1,FALSE,0
"4563",7,"M",5,"Hispanic","High",2,0,1,0,0,0,0,0,0,1,1,NA,TRUE,1
"4564",9,"M",5,"White","High",4,0,0,0,0,0,0,0,0,0,3,1,FALSE,0
"4565",7,"F",5,"White","High",3,0,0,0,0,0,0,0,0,1,1,NA,TRUE,1
"4566",9,"M",5,"White","High",4,0,0,0,0,0,0,0,0,0,4,1,FALSE,0
"4567",8,"F",5,"White","High",4,0,0,0,0,0,0,0,0,0,4,NA,FALSE,0
"4568",8,"M",5,"Hispanic","High",4,0,0,0,0,0,0,0,0,0,4,1,FALSE,0
"4569",8,"F",5,"White","High",4,0,0,0,0,0,0,0,0,0,3,NA,FALSE,0
"4570",8,"M",5,"White","High",4,0,0,0,0,0,0,0,0,0,3,NA,FALSE,0
"4571",8,"F",5,"White","High",4,0,0,0,0,0,0,0,0,0,3,NA,FALSE,0
"4572",8,"F",5,"White","High",3,0,0,0,0,0,0,0,0,0,1,1,FALSE,1
"4573",9,"F",5,"White","High",4,0,0,0,0,0,0,0,0,0,4,NA,FALSE,0
"4574",8,"F",5,"White","High",4,0,0,0,0,0,0,0,0,0,2,NA,FALSE,1
"4575",8,"M",5,"Hispanic","High",4,0,0,0,0,0,0,0,0,0,4,1,FALSE,0
"4576",8,"M",5,"White","High",3,0,0,1,0,0,0,0,0,0,2,1,TRUE,1
"4577",8,"M",5,"White","High",4,0,0,0,0,0,0,0,0,0,4,1,FALSE,0
"4578",8,"M",5,"Hispanic","High",3,0,0,0,0,0,0,0,0,0,3,1,FALSE,0
"4579",8,"F",5,"White","High",4,0,0,0,0,0,0,0,0,0,4,NA,FALSE,0
"4580",8,"M",5,"White","High",3,1,1,0,0,0,0,0,0,1,2,NA,TRUE,1
"4581",8,"M",5,"White","High",4,0,0,0,0,0,0,0,0,0,4,1,FALSE,0
"4582",7,"M",4,NA,"High",1,1,1,0,0,0,0,0,0,1,4,1,TRUE,0
"4583",8,"M",5,"White","High",4,0,0,0,0,0,0,0,0,0,4,NA,FALSE,0
"4584",8,"F",5,"White","High",3,0,0,0,0,0,0,0,0,0,1,NA,FALSE,1
"4585",8,"F",6,"White","High",4,0,0,0,0,0,0,0,0,0,3,1,FALSE,0
"4586",NA,"F",7,"White","High",1,0,0,0,0,0,0,0,0,1,1,NA,TRUE,1
"4587",9,"F",6,"Hispanic","High",1,0,0,0,1,0,0,0,0,1,1,NA,TRUE,1
"4588",10,"M",7,"White","High",3,0,0,0,0,0,0,0,0,0,1,1,FALSE,1
"4589",10,"M",7,"White","High",3,0,0,1,0,0,0,0,0,0,4,NA,TRUE,0
"4590",10,"F",7,"White","High",4,0,0,0,0,0,0,0,0,0,1,NA,FALSE,1
"4591",7,"F",4,"White","High",4,0,0,0,0,0,0,0,0,0,NA,NA,FALSE,NA
"4592",7,"F",4,"White","High",4,0,0,0,0,0,0,0,0,0,2,NA,FALSE,1
"4593",7,"F",4,"Hispanic","High",4,0,0,0,0,0,0,0,0,0,1,1,FALSE,1
"4594",7,"F",4,"White","High",4,0,0,0,0,0,0,0,0,0,4,NA,FALSE,0
"4595",7,"F",4,"White","High",4,0,0,0,0,0,0,0,0,0,4,1,FALSE,0
"4596",7,"M",4,"Hispanic","High",3,0,0,0,0,0,0,0,0,1,1,NA,TRUE,1
"4597",6,"M",4,"White","High",4,0,0,0,0,0,0,0,0,0,2,NA,FALSE,1
"4598",7,"M",4,"White","High",2,0,0,0,0,0,0,0,0,0,1,NA,FALSE,1
"4599",8,"M",4,"AI/AN","High",4,0,0,0,0,0,0,0,0,0,1,NA,FALSE,1
"4600",7,"F",4,"White","High",2,0,0,0,0,0,0,0,0,0,4,NA,FALSE,0
"4601",8,"M",4,"White","High",2,0,1,0,0,0,0,0,0,0,3,NA,TRUE,0
"4602",8,"F",4,"White","High",3,1,0,0,0,0,0,0,0,0,1,NA,TRUE,1
"4603",7,"F",4,"White","High",4,0,0,0,0,0,0,0,0,0,4,1,FALSE,0
"4604",6,"M",4,"White","High",3,0,0,0,0,0,0,0,0,0,1,1,FALSE,1
"4605",7,"M",4,"Hispanic","High",4,0,0,0,NA,NA,NA,NA,NA,0,4,1,NA,0
"4606",11,"M",7,"White","High",3,0,0,0,0,0,0,0,0,0,4,1,FALSE,0
"4607",9,"F",7,"White","High",3,0,0,0,0,0,0,0,0,0,2,NA,FALSE,1
"4608",10,"M",7,"White","High",4,0,0,0,0,0,0,0,0,0,4,1,FALSE,0
"4609",8,"F",6,"White","High",4,0,0,0,0,0,0,0,0,1,2,NA,TRUE,1
"4610",10,"M",7,"Hispanic","High",4,0,0,0,0,0,0,0,0,0,4,1,FALSE,0
"4611",11,"M",7,"White","High",4,0,0,0,0,0,0,0,0,0,4,1,FALSE,0
"4612",6,"M",4,"NHOPI","High",3,0,0,0,0,0,0,0,0,0,1,NA,FALSE,1
"4613",7,"F",4,"Black","High",4,0,0,0,0,0,0,0,0,0,2,1,FALSE,1
"4614",8,"F",4,"White","High",2,0,0,0,0,0,0,0,0,1,1,NA,TRUE,1
"4615",8,"M",5,"White","High",4,0,0,0,0,0,0,0,0,0,3,NA,FALSE,0
"4616",7,"M",4,"White","High",NA,NA,NA,NA,NA,NA,NA,NA,NA,NA,NA,NA,NA,NA
"4617",7,"F",4,"Hispanic","High",3,0,0,0,0,0,0,0,0,0,4,NA,FALSE,0
"4618",8,"M",4,"AI/AN","High",4,0,0,0,0,0,0,0,0,0,2,NA,FALSE,1
"4619",8,"M",4,"White","High",4,0,0,0,0,0,0,0,0,0,4,1,FALSE,0
"4620",7,"M",4,"Black","High",4,0,0,0,0,0,0,0,0,0,4,1,FALSE,0
"4621",7,"M",4,"Hispanic","High",2,0,0,0,0,0,0,0,0,0,4,1,FALSE,0
"4622",7,"M",4,"Hispanic","High",4,0,0,0,0,0,0,0,0,0,1,NA,FALSE,1
"4623",7,"F",4,"Hispanic","High",2,0,0,0,0,0,0,0,0,1,1,NA,TRUE,1
"4624",8,"F",4,"Hispanic","High",4,0,0,0,0,0,0,0,0,0,2,1,FALSE,1
"4625",8,"M",4,"White","High",4,0,0,0,0,0,0,0,0,0,4,NA,FALSE,0
"4626",7,"F",4,"White","High",4,0,0,0,0,0,0,0,0,0,4,NA,FALSE,0
"4627",7,"F",4,"White","High",4,0,0,0,0,0,0,0,0,0,4,NA,FALSE,0
"4628",7,"F",4,"White","High",4,0,0,0,0,0,0,0,0,0,4,1,FALSE,0
"4629",6,"M",4,"White","High",4,0,0,0,0,0,0,0,0,0,1,NA,FALSE,1
"4630",7,"M",4,"White","High",4,0,0,0,0,0,0,0,0,0,1,NA,FALSE,1
"4631",7,"M",3,"Hispanic","Middle",4,0,0,0,0,0,0,0,0,0,4,1,FALSE,0
"4632",7,"M",3,"Hispanic","Middle",4,0,0,0,0,0,0,0,0,NA,2,1,NA,1
"4633",6,"F",3,"Black","Middle",4,0,0,0,0,0,0,0,0,0,4,1,FALSE,0
"4634",7,"F",3,"Hispanic","Middle",4,0,0,0,0,0,0,0,0,0,4,1,FALSE,0
"4635",7,"F",3,"Black","Middle",4,0,0,0,0,0,0,0,0,0,4,NA,FALSE,0
"4636",5,"M",3,"Black","Middle",4,0,0,0,0,0,0,0,0,0,4,1,FALSE,0
"4637",7,"M",3,"Hispanic","Middle",4,0,0,0,0,0,0,0,0,0,4,1,FALSE,0
"4638",6,"M",3,"Hispanic","Middle",4,0,0,0,0,0,0,0,0,1,2,NA,TRUE,1
"4639",6,"M",3,"Hispanic","Middle",4,0,0,0,0,0,0,0,0,0,4,1,FALSE,0
"4640",6,"M",3,"Black","Middle",4,0,0,0,0,0,0,0,0,1,2,1,TRUE,1
"4641",6,"F",3,"Hispanic","Middle",4,0,0,0,0,0,0,0,0,0,2,1,FALSE,1
"4642",5,"F",3,"Hispanic","Middle",4,0,0,0,0,0,0,0,0,0,1,NA,FALSE,1
"4643",6,"F",3,"Hispanic","Middle",4,0,0,0,0,0,0,0,0,0,2,NA,FALSE,1
"4644",6,"M",3,"Black","Middle",4,0,0,0,0,0,0,0,0,0,4,1,FALSE,0
"4645",6,"M",3,"Hispanic","Middle",4,0,0,0,0,0,0,0,0,0,4,1,FALSE,0
"4646",7,"F",3,"Hispanic","Middle",4,0,0,0,0,0,0,0,0,0,3,NA,FALSE,0
"4647",5,"F",3,"Black","Middle",4,0,0,0,0,0,0,0,0,0,4,1,FALSE,0
"4648",6,"F",3,"Black","Middle",4,0,0,0,0,0,0,0,0,0,4,1,FALSE,0
"4649",6,"F",3,"Black","Middle",4,0,0,0,0,0,0,0,0,0,4,1,FALSE,0
"4650",6,"F",3,"Hispanic","Middle",4,0,0,0,0,0,0,0,0,0,4,1,FALSE,0
"4651",6,"F",3,"Hispanic","Middle",4,0,0,0,0,0,0,0,0,0,3,1,FALSE,0
"4652",6,"M",3,"Hispanic","Middle",4,0,0,0,0,0,1,0,0,0,4,1,TRUE,0
"4653",6,"M",3,"Black","Middle",4,0,0,0,0,0,0,0,0,0,4,1,FALSE,0
"4654",6,"M",3,"Black","Middle",3,0,0,0,0,0,0,0,0,0,2,1,FALSE,1
"4655",6,"M",3,"Black","Middle",4,0,0,0,0,0,0,0,0,0,4,1,FALSE,0
"4656",4,"M",1,"Black","Middle",4,0,0,0,NA,NA,NA,NA,NA,0,4,NA,NA,0
"4657",3,"F",1,"Black","Middle",4,0,0,0,0,0,0,0,0,0,4,1,FALSE,0
"4658",4,"M",1,"Black","Middle",4,0,0,0,0,0,0,0,0,0,4,1,FALSE,0
"4659",3,"M",1,"Black","Middle",4,0,0,0,0,0,0,0,0,0,4,1,FALSE,0
"4660",3,"F",1,"Black","Middle",2,0,0,0,0,0,0,0,0,1,1,1,TRUE,1
"4661",5,"F",1,"Black","Middle",4,0,0,0,0,0,0,0,0,0,4,NA,FALSE,0
"4662",3,"M",1,"Black","Middle",4,0,0,0,0,0,0,0,0,0,4,1,FALSE,0
"4663",3,"F",1,"Black","Middle",4,0,0,0,0,0,0,0,0,0,4,1,FALSE,0
"4664",4,"M",1,"Black","Middle",4,0,0,0,0,0,0,0,0,0,4,1,FALSE,0
"4665",3,"F",1,"Black","Middle",4,0,0,0,0,0,0,0,0,0,4,1,FALSE,0
"4666",5,"F",2,NA,"Middle",4,0,0,0,0,0,0,0,0,1,2,NA,TRUE,1
"4667",5,"F",2,NA,"Middle",4,0,0,0,0,0,0,0,0,0,4,1,FALSE,0
"4668",5,"M",2,NA,"Middle",4,0,0,0,0,0,0,0,0,0,2,1,FALSE,1
"4669",5,"F",2,"Black","Middle",4,0,0,0,0,0,0,0,0,0,4,1,FALSE,0
"4670",5,"F",2,NA,"Middle",4,0,0,0,0,0,0,0,0,0,2,1,FALSE,1
"4671",4,"F",1,"Black","Middle",4,0,0,0,0,0,0,0,0,0,3,1,FALSE,0
"4672",5,"F",1,"Black","Middle",4,0,0,0,0,0,0,0,0,0,3,1,FALSE,0
"4673",4,"F",1,"Black","Middle",4,0,0,0,0,0,0,0,0,0,4,1,FALSE,0
"4674",4,"F",1,"Black","Middle",4,0,0,0,0,0,0,0,0,0,4,1,FALSE,0
"4675",4,"F",1,"Hispanic","Middle",4,0,0,0,0,0,0,0,0,0,4,1,FALSE,0
"4676",4,"F",1,"Hispanic","Middle",4,0,0,0,NA,NA,NA,NA,NA,0,4,NA,NA,0
"4677",3,"M",1,"Black","Middle",4,0,0,0,0,0,0,0,0,0,4,NA,FALSE,0
"4678",5,"M",1,"Hispanic","Middle",4,0,0,0,0,0,0,0,0,0,4,1,FALSE,0
"4679",5,"M",2,"Hispanic","Middle",2,0,0,0,0,0,0,0,0,0,1,1,FALSE,1
"4680",4,"M",2,"Black","Middle",4,0,0,0,0,0,0,0,0,0,4,1,FALSE,0
"4681",5,"M",2,"Black","Middle",3,0,0,0,0,0,0,0,0,0,2,NA,FALSE,1
"4682",5,"F",2,"Hispanic","Middle",3,0,0,0,0,0,0,0,0,1,1,NA,TRUE,1
"4683",4,"F",2,NA,"Middle",4,0,0,0,0,0,0,0,0,0,2,1,FALSE,1
"4684",5,"F",2,"Black","Middle",4,0,0,0,0,0,0,0,0,0,3,NA,FALSE,0
"4685",5,"F",2,"Hispanic","Middle",4,0,0,0,0,0,0,0,0,0,4,1,FALSE,0
"4686",5,"F",2,"Black","Middle",4,0,0,0,0,0,0,0,0,0,3,1,FALSE,0
"4687",6,"F",2,"Hispanic","Middle",4,0,0,0,0,0,0,0,0,1,1,NA,TRUE,1
"4688",6,"F",2,"Black","Middle",3,0,0,0,0,0,0,0,0,0,4,NA,FALSE,0
"4689",5,"F",2,"Black","Middle",3,0,0,0,0,0,0,0,0,0,2,1,FALSE,1
"4690",6,"M",2,"Black","Middle",4,0,0,0,0,0,0,0,0,0,4,NA,FALSE,0
"4691",6,"F",2,"Black","Middle",4,0,0,0,0,0,0,0,0,0,3,1,FALSE,0
"4692",5,"M",2,"Black","Middle",4,0,0,0,0,0,0,0,0,0,1,1,FALSE,1
"4693",5,"M",2,"Black","Middle",4,0,0,0,0,0,0,0,0,0,1,NA,FALSE,1
"4694",4,"M",2,"Black","Middle",1,0,1,0,0,1,0,0,0,0,4,NA,TRUE,0
"4695",5,"F",2,"Black","Middle",3,0,0,0,0,0,0,0,0,0,2,NA,FALSE,1
"4696",5,"M",2,"Hispanic","Middle",1,0,1,0,0,0,0,0,0,1,4,NA,TRUE,0
"4697",5,"F",2,"Hispanic","Middle",4,0,0,0,0,0,0,0,0,0,4,NA,FALSE,0
"4698",5,"M",2,"Hispanic","Middle",4,0,0,0,0,0,0,0,0,0,4,1,FALSE,0
"4699",6,"M",3,"White","Middle",2,0,0,0,0,0,0,0,0,0,2,NA,FALSE,1
"4700",6,"M",3,"White","Middle",4,0,0,0,0,0,0,0,0,0,4,1,FALSE,0
"4701",6,"M",3,"White","Middle",4,0,0,0,0,0,0,0,0,0,4,1,FALSE,0
"4702",6,"F",3,"White","Middle",4,0,0,0,0,0,0,0,0,0,2,1,FALSE,1
"4703",6,"F",3,"White","Middle",4,0,0,0,0,0,0,0,0,0,4,NA,FALSE,0
"4704",6,"F",2,"White","Middle",4,0,0,0,0,0,0,0,0,0,4,NA,FALSE,0
"4705",6,"F",3,"White","Middle",4,0,0,0,0,0,0,0,0,0,4,NA,FALSE,0
"4706",6,"M",3,"Hispanic","Middle",3,0,0,0,0,0,0,0,0,0,3,1,FALSE,0
"4707",6,"M",3,"White","Middle",4,0,0,0,0,0,0,0,0,0,4,NA,FALSE,0
"4708",6,"F",3,"White","Middle",3,0,0,0,0,0,0,0,0,0,2,NA,FALSE,1
"4709",5,"M",3,"Black","Middle",3,0,0,0,0,0,0,0,0,0,2,1,FALSE,1
"4710",6,"M",3,"Asian","Middle",4,0,0,0,0,0,0,0,0,0,4,1,FALSE,0
"4711",4,"M",1,"White","Middle",4,0,0,0,0,0,0,0,0,0,4,1,FALSE,0
"4712",3,"M",1,"White","Middle",4,0,0,0,0,0,0,0,0,0,4,1,FALSE,0
"4713",5,"M",1,"White","Middle",3,0,0,NA,NA,NA,NA,NA,NA,NA,3,NA,NA,0
"4714",4,"M",1,"White","Middle",4,0,0,0,0,0,0,0,0,0,4,1,FALSE,0
"4715",3,"M",1,"White","Middle",4,0,0,0,0,0,0,0,0,0,4,NA,FALSE,0
"4716",4,"F",1,"Black","Middle",4,0,0,0,0,0,0,0,0,0,4,1,FALSE,0
"4717",4,"M",1,"Hispanic","Middle",3,0,0,0,0,0,0,0,0,0,3,1,FALSE,0
"4718",5,"M",2,"Hispanic","Middle",4,0,0,0,0,0,0,0,0,0,4,1,FALSE,0
"4719",5,"M",2,"White","Middle",4,0,0,0,0,0,0,0,0,0,4,1,FALSE,0
"4720",6,"M",3,"White","Middle",4,0,0,0,0,0,0,0,0,0,4,1,FALSE,0
"4721",6,"M",3,"Hispanic","Middle",3,0,0,0,0,0,0,0,0,0,4,1,FALSE,0
"4722",5,"F",2,"White","Middle",3,0,0,0,0,0,0,0,0,0,2,1,FALSE,1
"4723",7,"F",3,"Hispanic","Middle",4,0,0,0,0,0,0,0,0,0,4,NA,FALSE,0
"4724",5,"F",3,"Hispanic","Middle",4,0,0,0,0,0,0,0,0,0,4,1,FALSE,0
"4725",7,"M",3,NA,"Middle",2,0,0,0,0,0,0,0,0,0,1,NA,FALSE,1
"4726",5,"F",3,"Hispanic","Middle",4,0,0,0,0,0,0,0,0,0,4,NA,FALSE,0
"4727",6,"F",3,"White","Middle",3,0,0,0,0,0,0,0,0,0,2,NA,FALSE,1
"4728",5,"F",3,"Hispanic","Middle",4,0,0,0,0,0,0,0,0,0,4,1,FALSE,0
"4729",6,"F",3,"White","Middle",3,0,0,0,0,0,0,0,0,0,3,NA,FALSE,0
"4730",5,"F",3,"White","Middle",3,0,0,0,0,0,0,0,0,0,1,NA,FALSE,1
"4731",5,"F",2,"White","Middle",4,0,0,0,0,0,0,0,0,0,4,1,FALSE,0
"4732",5,"M",3,"Hispanic","Middle",4,0,0,0,0,0,0,0,0,0,3,NA,FALSE,0
"4733",6,"M",3,"White","Middle",4,0,0,0,0,0,0,0,0,0,4,1,FALSE,0
"4734",5,"M",2,"Hispanic","Middle",4,0,0,0,0,0,0,0,0,0,2,NA,FALSE,1
"4735",5,"F",2,"White","Middle",4,0,0,0,0,0,0,0,0,0,4,NA,FALSE,0
"4736",7,"M",3,"White","Middle",4,0,0,0,0,0,0,0,0,0,4,1,FALSE,0
"4737",6,"F",3,"Hispanic","Middle",3,0,0,0,0,0,0,0,0,0,1,1,FALSE,1
"4738",4,"M",1,"White","Middle",4,0,0,0,0,0,0,0,0,0,4,NA,FALSE,0
"4739",5,"F",2,"White","Middle",4,0,0,0,0,0,0,0,0,0,4,1,FALSE,0
"4740",4,"M",2,"Black","Middle",4,0,0,0,0,0,0,0,0,0,4,1,FALSE,0
"4741",5,"M",2,"White","Middle",4,0,0,0,0,0,0,0,0,0,4,1,FALSE,0
"4742",5,"M",2,"White","Middle",4,0,0,0,0,0,0,0,0,0,4,1,FALSE,0
"4743",4,"F",2,"Hispanic","Middle",4,0,0,0,0,0,0,0,0,0,3,1,FALSE,0
"4744",5,"F",2,"White","Middle",3,0,0,0,0,0,0,0,0,0,4,1,FALSE,0
"4745",5,"M",2,"White","Middle",4,0,0,0,0,0,0,0,0,0,4,1,FALSE,0
"4746",6,"M",3,"White","Middle",4,0,0,0,0,0,0,0,0,0,3,NA,FALSE,0
"4747",5,"F",2,"White","Middle",4,0,0,0,0,0,0,0,0,0,3,NA,FALSE,0
"4748",5,"F",2,"White","Middle",4,0,0,0,0,0,0,0,0,0,4,NA,FALSE,0
"4749",5,"F",2,"White","Middle",2,0,0,0,0,0,0,0,0,0,1,NA,FALSE,1
"4750",6,"F",3,"White","Middle",3,0,0,0,0,0,0,0,0,1,1,NA,TRUE,1
"4751",5,"F",3,"White","Middle",3,0,0,0,0,0,0,0,0,0,1,NA,FALSE,1
"4752",6,"F",3,"White","Middle",4,0,0,0,0,0,0,0,0,0,2,NA,FALSE,1
"4753",5,"F",2,"White","Middle",4,0,0,0,0,0,0,0,0,0,4,1,FALSE,0
"4754",5,"F",2,"White","Middle",4,0,0,0,0,0,0,0,0,0,3,NA,FALSE,0
"4755",6,"M",2,"White","Middle",3,0,0,0,0,0,0,0,0,0,3,NA,FALSE,0
"4756",5,"M",2,"Hispanic","Middle",4,0,0,0,0,0,0,0,0,0,4,1,FALSE,0
"4757",5,"M",2,"White","Middle",4,0,0,0,0,0,0,0,0,0,4,NA,FALSE,0
"4758",3,"F",1,"Asian","Middle",4,0,0,0,0,0,0,0,0,0,3,NA,FALSE,0
"4759",4,"F",1,"White","Middle",4,0,0,0,0,0,0,0,0,0,4,1,FALSE,0
"4760",4,"F",1,"White","Middle",4,0,0,0,0,0,0,0,0,0,4,1,FALSE,0
"4761",3,"M",1,"White","Middle",3,0,0,0,0,0,0,0,0,0,3,1,FALSE,0
"4762",3,"F",1,"White","Middle",4,0,0,0,0,0,0,0,0,0,4,NA,FALSE,0
"4763",4,"F",1,"Hispanic","Middle",4,0,0,0,0,0,0,0,0,0,2,NA,FALSE,1
"4764",4,"F",1,"White","Middle",3,0,0,0,0,0,0,0,0,0,2,NA,FALSE,1
"4765",5,"M",1,"Black","Middle",4,0,0,0,0,0,0,0,0,0,4,1,FALSE,0
"4766",4,"M",1,"White","Middle",4,0,0,0,0,0,0,0,0,0,4,1,FALSE,0
"4767",4,"M",1,"White","Middle",3,0,0,0,0,0,0,0,0,0,4,1,FALSE,0
"4768",4,"F",1,"Hispanic","Middle",4,0,0,0,0,0,0,0,0,0,4,1,FALSE,0
"4769",3,"F",1,"Hispanic","Middle",4,0,0,0,0,0,0,0,0,0,4,1,FALSE,0
"4770",5,"F",1,"White","Middle",4,0,0,0,0,0,0,0,0,0,4,NA,FALSE,0
"4771",4,"M",1,"Black","Middle",4,0,0,0,0,0,0,0,0,0,3,NA,FALSE,0
"4772",4,"F",1,"White","Middle",4,0,0,0,0,0,0,0,0,0,4,NA,FALSE,0
"4773",6,"F",3,"Hispanic","Middle",4,0,0,0,0,0,0,0,0,0,4,NA,FALSE,0
"4774",5,"F",2,"Hispanic","Middle",4,0,0,0,0,0,0,0,0,0,4,1,FALSE,0
"4775",5,"M",2,"White","Middle",4,0,0,0,0,0,0,0,0,0,3,NA,FALSE,0
"4776",5,"F",2,"White","Middle",4,0,0,0,0,0,0,0,0,0,4,NA,FALSE,0
"4777",5,"F",2,"White","Middle",4,0,0,0,0,0,0,0,0,0,4,1,FALSE,0
"4778",7,"M",3,"Hispanic","Middle",4,0,0,0,0,0,0,0,0,0,4,1,FALSE,0
"4779",6,"F",3,"Hispanic","Middle",2,0,0,0,0,0,0,0,0,0,1,NA,FALSE,1
"4780",5,"F",2,"Hispanic","Middle",3,0,0,0,0,0,0,0,0,0,2,1,FALSE,1
"4781",4,"F",2,"White","Middle",4,0,0,0,0,0,0,0,0,0,3,NA,FALSE,0
"4782",6,"F",3,"Asian","Middle",4,0,0,0,0,0,0,0,0,0,4,1,FALSE,0
"4783",5,"F",2,"White","Middle",4,0,0,0,0,0,0,0,0,0,4,1,FALSE,0
"4784",6,"F",3,"Hispanic","Middle",3,0,0,0,0,0,0,0,0,0,2,1,FALSE,1
"4785",5,NA,3,"White","Middle",3,0,0,0,0,0,0,0,0,0,1,1,FALSE,1
"4786",4,"M",2,"White","Middle",4,0,0,0,0,0,0,0,0,0,3,1,FALSE,0
"4787",6,"M",3,"Hispanic","Middle",4,0,0,0,0,0,0,0,0,0,4,1,FALSE,0
"4788",6,"M",3,"Hispanic","Middle",4,1,0,0,0,0,0,0,0,0,2,NA,TRUE,1
"4789",6,"M",2,"White","Middle",4,0,0,0,0,0,0,0,0,0,4,1,FALSE,0
"4790",6,"M",3,"White","Middle",4,0,0,0,0,0,0,0,0,0,4,1,FALSE,0
"4791",6,"F",3,"White","Middle",4,0,0,0,0,0,0,0,0,0,3,1,FALSE,0
"4792",6,"M",3,"White","Middle",3,0,0,0,0,0,0,0,0,0,2,NA,FALSE,1
"4793",6,"M",3,"White","Middle",3,0,0,0,0,0,0,0,0,0,4,NA,FALSE,0
"4794",6,"M",3,"White","Middle",4,0,0,0,0,0,0,0,0,0,2,NA,FALSE,1
"4795",5,"M",2,"White","Middle",4,0,0,0,0,0,0,0,0,0,3,NA,FALSE,0
"4796",5,"F",2,"White","Middle",4,0,0,0,0,0,0,0,0,0,4,1,FALSE,0
"4797",5,"F",3,"White","Middle",4,0,0,0,0,0,0,0,0,0,4,1,FALSE,0
"4798",4,"M",2,"Hispanic","Middle",4,0,0,0,0,0,0,0,0,0,4,1,FALSE,0
"4799",4,"F",1,"White","Middle",4,0,0,0,0,0,0,0,0,0,4,1,FALSE,0
"4800",4,"M",1,"Hispanic","Middle",4,0,0,0,0,0,0,0,0,0,4,1,FALSE,0
"4801",4,"F",1,"White","Middle",4,0,0,0,0,0,0,0,0,0,4,NA,FALSE,0
"4802",4,"M",1,"White","Middle",4,0,0,0,0,0,0,0,0,0,4,NA,FALSE,0
"4803",4,"M",1,"White","Middle",4,0,0,0,0,0,0,0,0,1,1,1,TRUE,1
"4804",3,"M",1,"Asian","Middle",4,0,0,0,0,0,0,0,0,0,4,1,FALSE,0
"4805",5,"M",1,"White","Middle",3,0,0,0,0,0,0,0,0,0,3,1,FALSE,0
"4806",3,"F",1,"White","Middle",4,0,0,0,0,0,0,0,0,0,4,1,FALSE,0
"4807",3,"M",1,"Hispanic","Middle",4,0,0,0,0,0,0,0,0,0,4,1,FALSE,0
"4808",4,"M",1,"Hispanic","Middle",4,0,0,0,0,0,0,0,0,0,4,1,FALSE,0
"4809",3,"M",1,"White","Middle",4,0,0,0,0,0,0,0,0,1,4,NA,TRUE,0
"4810",4,"F",1,"White","Middle",4,0,0,0,0,0,0,0,0,0,3,NA,FALSE,0
"4811",4,"F",1,"Black","Middle",4,0,0,0,0,0,0,0,0,0,2,NA,FALSE,1
"4812",3,"F",1,"White","Middle",4,0,0,0,0,0,0,0,0,0,4,1,FALSE,0
"4813",4,"F",2,"White","Middle",4,0,0,0,0,0,0,0,0,0,4,1,FALSE,0
"4814",6,"M",3,"White","Middle",4,0,0,0,0,0,0,0,0,0,4,1,FALSE,0
"4815",6,"M",3,"Hispanic","Middle",4,0,0,0,0,0,0,0,0,0,4,NA,FALSE,0
"4816",6,"M",3,"White","Middle",4,0,0,0,NA,NA,NA,NA,NA,NA,4,NA,NA,0
"4817",4,"F",1,"Hispanic","Middle",4,0,0,0,0,0,0,0,0,0,3,NA,FALSE,0
"4818",4,"F",1,"White","Middle",4,0,0,0,0,0,0,0,0,0,4,NA,FALSE,0
"4819",3,"M",1,"White","Middle",4,0,0,0,0,0,0,0,0,0,4,NA,FALSE,0
"4820",4,"M",1,"Hispanic","Middle",4,0,0,0,NA,NA,NA,NA,NA,0,3,NA,NA,0
"4821",4,"M",1,"Asian","Middle",4,0,0,0,0,0,0,0,0,0,4,NA,FALSE,0
"4822",4,"M",1,"White","Middle",4,0,0,0,NA,NA,NA,NA,NA,0,3,1,NA,0
"4823",5,"F",1,"White","Middle",4,0,0,0,0,0,0,0,0,0,2,NA,FALSE,1
"4824",4,"F",1,"Hispanic","Middle",4,0,0,0,0,0,0,0,0,0,4,1,FALSE,0
"4825",3,"F",1,"White","Middle",2,0,0,0,0,0,0,0,0,0,1,1,FALSE,1
"4826",4,"M",1,NA,"Middle",4,0,0,0,0,0,0,0,0,0,4,1,FALSE,0
"4827",4,"M",1,"White","Middle",4,0,0,0,0,0,0,0,0,0,4,1,FALSE,0
"4828",4,"M",1,"Hispanic","Middle",4,0,0,0,0,0,0,0,0,0,4,1,FALSE,0
"4829",5,"M",1,"White","Middle",4,0,0,0,0,0,0,0,0,0,4,1,FALSE,0
"4830",4,"M",1,"White","Middle",4,0,0,0,0,0,0,0,0,0,4,1,FALSE,0
"4831",4,"M",1,"White","Middle",4,0,0,0,0,0,0,0,0,0,4,1,FALSE,0
"4832",4,"M",1,"White","Middle",3,0,0,0,0,0,0,0,0,0,3,NA,FALSE,0
"4833",5,"F",2,"White","Middle",4,0,0,0,0,0,0,0,0,0,4,1,FALSE,0
"4834",4,"F",1,"White","Middle",4,0,0,0,0,0,0,0,0,0,4,NA,FALSE,0
"4835",4,"F",1,"White","Middle",4,0,0,0,0,0,0,0,0,0,2,NA,FALSE,1
"4836",4,"M",1,"Hispanic","Middle",4,0,0,0,NA,NA,NA,NA,NA,0,4,1,NA,0
"4837",5,"F",2,"White","Middle",4,0,0,0,0,0,0,0,0,0,4,NA,FALSE,0
"4838",5,"M",2,"Hispanic","Middle",4,0,0,0,0,0,0,0,0,1,1,1,TRUE,1
"4839",4,"F",2,"Hispanic","Middle",4,0,0,0,0,1,0,0,0,1,1,1,TRUE,1
"4840",6,"M",3,NA,"Middle",4,0,0,0,0,0,0,0,0,0,2,1,FALSE,1
"4841",4,"F",2,"White","Middle",4,0,0,0,0,0,0,0,0,0,4,1,FALSE,0
"4842",5,"M",2,"White","Middle",4,0,0,0,0,0,0,0,0,0,4,NA,FALSE,0
"4843",5,"F",2,"White","Middle",4,0,0,0,0,0,0,0,0,0,4,1,FALSE,0
"4844",5,"M",2,"White","Middle",4,0,0,0,0,0,0,0,0,0,4,NA,FALSE,0
"4845",5,"M",2,NA,"Middle",4,0,0,0,0,0,0,0,0,0,2,1,FALSE,1
"4846",6,"M",2,"Black","Middle",4,0,0,0,0,0,0,0,0,0,4,1,FALSE,0
"4847",5,"M",2,"Hispanic","Middle",4,0,0,0,0,0,0,0,0,0,2,1,FALSE,1
"4848",5,"M",2,"White","Middle",3,0,0,0,0,0,0,0,0,0,4,NA,FALSE,0
"4849",5,"M",2,"Hispanic","Middle",4,0,0,0,0,0,0,0,0,0,4,1,FALSE,0
"4850",5,"F",2,"White","Middle",4,0,0,0,0,0,0,0,0,0,4,1,FALSE,0
"4851",5,"F",2,"White","Middle",4,0,0,0,0,0,0,0,0,0,4,1,FALSE,0
"4852",5,"M",2,"White","Middle",4,0,0,0,0,0,0,0,0,0,4,NA,FALSE,0
"4853",5,"M",2,"Hispanic","Middle",4,0,0,0,0,0,0,0,0,0,3,NA,FALSE,0
"4854",5,"F",2,"White","Middle",4,0,0,0,0,0,0,0,0,0,4,NA,FALSE,0
"4855",5,"M",2,"White","Middle",4,0,0,0,0,0,0,0,0,0,3,1,FALSE,0
"4856",5,"F",2,"White","Middle",4,0,0,0,0,0,0,0,0,0,4,NA,FALSE,0
"4857",4,"M",2,"White","Middle",4,0,0,0,0,0,0,0,0,0,4,1,FALSE,0
"4858",4,"M",2,"Hispanic","Middle",4,0,0,0,0,0,0,0,0,0,3,1,FALSE,0
"4859",5,"M",2,"White","Middle",2,0,0,0,0,0,0,0,0,0,4,1,FALSE,0
"4860",5,"M",2,"Hispanic","Middle",2,NA,0,0,0,0,0,0,0,0,2,1,NA,1
"4861",5,"M",2,"White","Middle",3,0,0,0,0,0,0,0,0,0,2,1,FALSE,1
"4862",5,"M",2,"White","Middle",4,0,0,0,0,0,0,0,0,0,4,1,FALSE,0
"4863",6,"M",3,"Hispanic","Middle",4,0,0,0,0,0,0,0,0,0,4,1,FALSE,0
"4864",6,"M",3,"Hispanic","Middle",4,0,0,0,0,0,0,0,0,0,2,1,FALSE,1
"4865",6,"F",3,"White","Middle",4,0,0,0,0,0,0,0,0,0,4,NA,FALSE,0
"4866",6,"M",3,"Hispanic","Middle",4,0,0,0,0,0,0,0,0,0,3,NA,FALSE,0
"4867",4,"F",1,"White","Middle",4,0,0,0,0,0,0,0,0,0,3,NA,FALSE,0
"4868",4,"F",2,"White","Middle",4,0,0,0,0,0,0,0,0,0,4,1,FALSE,0
"4869",3,"F",1,"White","Middle",4,0,0,0,0,0,0,0,0,0,4,NA,FALSE,0
"4870",5,"M",1,"White","Middle",4,0,0,0,0,0,0,0,0,0,4,NA,FALSE,0
"4871",3,"F",1,"Hispanic","Middle",3,0,0,0,0,0,0,0,0,0,3,1,FALSE,0
"4872",3,"F",1,"Hispanic","Middle",4,0,0,0,0,0,0,0,0,0,4,NA,FALSE,0
"4873",4,"M",1,"White","Middle",4,0,0,0,0,0,0,0,0,0,4,1,FALSE,0
"4874",5,"F",2,"Hispanic","Middle",4,0,0,0,0,0,0,0,0,0,4,1,FALSE,0
"4875",5,"M",3,"Hispanic","Middle",4,0,0,0,NA,NA,NA,NA,NA,0,3,NA,NA,0
"4876",4,"M",1,"White","Middle",4,0,0,0,0,0,0,0,0,0,4,1,FALSE,0
"4877",4,"M",1,"White","Middle",4,0,0,0,0,0,0,0,0,0,4,1,FALSE,0
"4878",4,"F",1,"Black","Middle",3,0,0,0,NA,NA,NA,NA,NA,0,3,NA,NA,0
"4879",4,"M",1,NA,"Middle",4,0,0,0,0,0,0,0,0,0,3,1,FALSE,0
"4880",4,"M",1,"White","Middle",4,0,0,0,0,0,0,0,0,0,4,1,FALSE,0
"4881",5,"M",2,"White","Middle",4,0,0,0,0,0,0,0,0,0,4,1,FALSE,0
"4882",5,"M",1,"Black","Middle",4,0,0,0,0,0,0,0,0,0,4,1,FALSE,0
"4883",3,"F",1,"Black","Middle",4,0,0,0,0,0,0,0,0,0,4,1,FALSE,0
"4884",5,"F",2,"White","Middle",4,0,0,0,0,0,0,0,0,0,2,NA,FALSE,1
"4885",4,"F",1,"White","Middle",3,0,0,0,0,0,0,0,0,0,3,1,FALSE,0
"4886",5,"F",2,"Asian","Middle",4,0,0,0,0,0,0,0,0,0,4,1,FALSE,0
"4887",5,"M",2,"White","Middle",4,0,0,0,0,0,0,0,0,0,3,NA,FALSE,0
"4888",5,"M",2,"White","Middle",4,0,0,0,0,0,0,0,0,0,4,1,FALSE,0
"4889",5,"M",2,"Hispanic","Middle",4,0,0,0,0,0,0,0,0,0,2,1,FALSE,1
"4890",4,"M",1,"White","Middle",4,0,0,0,0,0,0,0,0,0,4,1,FALSE,0
"4891",3,"M",1,"White","Middle",4,0,0,0,0,0,0,0,0,0,4,1,FALSE,0
"4892",4,"M",1,"Asian","Middle",4,0,0,0,0,0,0,0,0,0,4,1,FALSE,0
"4893",5,"F",2,"White","Middle",4,0,0,0,0,0,0,0,0,0,4,1,FALSE,0
"4894",6,"F",3,"White","Middle",2,0,0,0,0,0,0,0,0,0,1,1,FALSE,1
"4895",6,"F",3,"White","Middle",4,0,0,0,0,0,0,0,0,0,3,NA,FALSE,0
"4896",6,"F",3,"White","Middle",4,0,0,0,0,0,0,0,0,0,4,1,FALSE,0
"4897",6,"F",3,"White","Middle",4,0,0,0,0,0,0,0,0,0,4,1,FALSE,0
"4898",5,"M",3,"White","Middle",4,0,0,0,0,0,0,0,0,0,2,1,FALSE,1
"4899",6,"M",3,"Hispanic","Middle",2,NA,0,0,0,0,0,0,0,0,4,1,NA,0
"4900",5,"M",2,"White","Middle",2,0,0,0,NA,NA,NA,NA,NA,1,2,NA,TRUE,1
"4901",5,"M",2,"White","Middle",3,0,0,0,0,0,0,0,0,0,4,1,FALSE,0
"4902",6,"M",3,"White","Middle",4,0,0,0,0,0,0,0,0,0,4,1,FALSE,0
"4903",6,"F",3,"Black","Middle",3,0,0,0,0,0,0,0,0,0,1,1,FALSE,1
"4904",6,"F",3,"White","Middle",NA,0,0,0,0,0,0,0,0,0,4,1,FALSE,0
"4905",6,"F",3,"White","Middle",4,0,0,0,0,0,0,0,0,0,2,1,FALSE,1
"4906",6,"F",3,"White","Middle",4,0,0,0,0,0,0,0,0,0,4,1,FALSE,0
"4907",6,"F",3,"White","Middle",4,0,0,0,0,0,0,0,0,0,4,NA,FALSE,0
"4908",6,"F",3,"Hispanic","Middle",4,0,0,0,0,0,0,0,0,0,4,1,FALSE,0
"4909",6,"M",3,"White","Middle",4,0,0,0,0,0,0,0,0,0,4,1,FALSE,0
"4910",6,"F",3,"White","Middle",4,0,0,0,0,0,0,0,0,0,4,1,FALSE,0
"4911",6,"M",3,"White","Middle",4,0,0,0,0,0,0,0,0,0,4,1,FALSE,0
"4912",6,"M",3,"White","Middle",3,0,0,0,0,0,0,0,0,0,1,NA,FALSE,1
"4913",6,"F",3,"Hispanic","Middle",2,NA,0,0,0,0,1,0,0,1,1,NA,TRUE,1
"4914",5,"M",3,"White","Middle",4,0,0,0,0,0,0,0,0,0,4,1,FALSE,0
"4915",5,"M",3,"White","Middle",3,0,0,0,0,0,1,0,0,1,1,NA,TRUE,1
"4916",5,"M",3,"White","Middle",4,0,0,0,0,0,0,0,0,0,4,1,FALSE,0
"4917",6,"M",3,"White","Middle",4,0,0,0,0,0,0,0,0,0,4,1,FALSE,0
"4918",6,"M",3,"Hispanic","Middle",4,0,0,0,0,0,0,0,0,0,4,1,FALSE,0
"4919",7,"M",3,"Hispanic","Middle",4,0,0,0,0,0,0,0,0,1,1,NA,TRUE,1
"4920",6,"M",3,"White","Middle",2,0,0,0,0,0,0,0,0,0,1,1,FALSE,1
"4921",6,"M",3,"White","Middle",4,0,0,0,0,0,0,0,0,0,4,NA,FALSE,0
"4922",6,"M",3,"White","Middle",3,0,0,0,0,0,0,0,0,0,1,1,FALSE,1
"4923",4,"M",1,"White","Middle",4,0,0,0,0,0,0,0,0,0,4,1,FALSE,0
"4924",4,"M",1,"Hispanic","Middle",3,0,0,0,0,0,0,0,0,0,3,1,FALSE,0
"4925",4,"F",1,"White","Middle",4,0,0,0,0,0,0,0,0,0,4,1,FALSE,0
"4926",4,"M",1,"White","Middle",4,0,0,0,0,0,0,0,0,0,4,1,FALSE,0
"4927",6,"M",2,"AI/AN","Middle",4,0,0,0,0,0,0,0,0,0,4,1,FALSE,0
"4928",5,"M",2,"White","Middle",4,0,0,0,0,0,0,0,0,0,4,NA,FALSE,0
"4929",5,"M",2,"White","Middle",4,0,0,0,0,0,0,0,0,0,3,NA,FALSE,0
"4930",5,"M",2,"Hispanic","Middle",4,0,0,0,0,0,0,0,0,0,4,NA,FALSE,0
"4931",5,"F",2,"White","Middle",4,0,0,0,0,0,0,0,0,0,4,NA,FALSE,0
"4932",4,"F",1,"White","Middle",4,0,0,0,0,0,0,0,0,0,4,NA,FALSE,0
"4933",4,"F",1,"White","Middle",3,0,0,0,0,0,0,0,0,0,4,1,FALSE,0
"4934",5,"F",2,"White","Middle",4,0,0,NA,0,0,0,0,0,0,1,1,NA,1
"4935",5,"F",2,"White","Middle",2,0,0,0,0,0,0,0,0,0,1,NA,FALSE,1
"4936",4,"F",1,"White","Middle",2,1,0,0,0,0,0,0,0,0,2,NA,TRUE,1
"4937",5,"F",2,"Hispanic","Middle",4,0,0,0,0,0,0,0,0,0,4,1,FALSE,0
"4938",6,"F",2,"White","Middle",4,0,0,0,0,0,0,0,0,0,4,1,FALSE,0
"4939",4,"F",2,"AI/AN","Middle",4,0,0,0,0,0,0,0,0,0,4,1,FALSE,0
"4940",4,"F",1,"White","Middle",4,0,0,0,0,0,0,0,0,0,4,NA,FALSE,0
"4941",5,"F",2,"Hispanic","Middle",4,0,0,0,0,0,0,0,0,0,4,NA,FALSE,0
"4942",5,"M",2,"White","Middle",4,0,0,0,0,0,0,0,0,0,4,1,FALSE,0
"4943",5,"M",2,"White","Middle",4,0,0,0,0,0,0,0,0,0,3,NA,FALSE,0
"4944",5,"F",2,"Black","Middle",4,0,0,0,0,0,0,0,0,0,4,1,FALSE,0
"4945",3,"M",1,"White","Middle",4,0,0,0,0,0,0,0,0,0,4,1,FALSE,0
"4946",5,"M",2,"Hispanic","Middle",4,0,0,0,0,0,0,0,0,0,4,1,FALSE,0
"4947",5,"F",2,"Black","Middle",4,0,0,0,0,0,0,0,0,0,4,1,FALSE,0
"4948",3,"M",1,"White","Middle",4,0,0,0,0,0,0,0,0,0,4,1,FALSE,0
"4949",4,"M",1,"White","Middle",4,0,0,0,0,0,0,0,0,0,3,1,FALSE,0
"4950",5,"F",2,"White","Middle",4,0,0,0,0,0,0,0,0,0,2,NA,FALSE,1
"4951",7,"M",3,"Black","Middle",4,0,0,0,0,0,0,0,0,0,3,NA,FALSE,0
"4952",6,"M",3,"AI/AN","Middle",4,0,0,0,0,0,0,0,0,0,4,1,FALSE,0
"4953",6,"M",3,"Hispanic","Middle",3,0,0,0,0,0,0,0,0,0,3,NA,FALSE,0
"4954",6,"M",3,"Black","Middle",3,0,0,0,0,0,0,0,0,0,3,1,FALSE,0
"4955",5,"F",2,"White","Middle",4,0,0,0,0,0,0,0,0,0,4,1,FALSE,0
"4956",6,"F",3,"Black","Middle",3,0,0,0,0,0,0,0,0,0,3,NA,FALSE,0
"4957",5,"F",2,"White","Middle",4,0,0,0,0,0,0,0,0,0,2,NA,FALSE,1
"4958",6,"F",3,"Hispanic","Middle",3,0,1,1,0,0,0,0,0,1,2,NA,TRUE,1
"4959",5,"F",2,"White","Middle",4,0,0,0,0,0,0,0,0,0,3,NA,FALSE,0
"4960",5,"F",2,"Black","Middle",2,0,0,0,0,0,0,0,0,0,4,NA,FALSE,0
"4961",6,"F",3,"Black","Middle",4,0,0,0,0,0,0,0,0,0,2,1,FALSE,1
"4962",6,"F",3,"Black","Middle",4,0,0,0,0,0,0,0,0,0,4,1,FALSE,0
"4963",7,"F",3,"White","Middle",4,0,0,0,0,0,0,0,0,0,4,1,FALSE,0
"4964",6,"F",3,"White","Middle",4,0,0,0,0,0,0,0,0,0,2,1,FALSE,1
"4965",5,"M",2,"White","Middle",4,0,0,0,0,0,0,0,0,0,4,1,FALSE,0
"4966",6,"M",3,"Black","Middle",4,0,0,0,0,0,0,0,0,0,2,1,FALSE,1
"4967",5,"M",3,"White","Middle",2,0,0,0,0,0,0,0,0,0,1,NA,FALSE,1
"4968",4,"M",2,"White","Middle",3,0,0,0,0,0,0,0,0,0,1,1,FALSE,1
"4969",6,"M",3,"Hispanic","Middle",4,0,0,0,0,0,0,0,0,0,4,NA,FALSE,0
"4970",6,"M",3,"Black","Middle",4,0,0,0,0,0,0,0,0,0,4,NA,FALSE,0
"4971",5,"M",2,"White","Middle",1,1,1,1,1,1,1,1,1,0,1,NA,TRUE,1
"4972",6,"M",3,"White","Middle",2,NA,0,0,0,0,1,0,0,1,1,NA,TRUE,1
"4973",6,"M",3,"Asian","Middle",3,0,0,0,0,0,0,0,0,0,4,1,FALSE,0
"4974",6,"M",3,"White","Middle",4,0,0,0,0,0,0,0,0,0,4,1,FALSE,0
"4975",6,"M",3,"Hispanic","Middle",4,0,0,0,0,0,0,0,0,0,4,NA,FALSE,0
"4976",6,"M",3,"White","Middle",4,0,0,0,0,0,0,0,0,0,4,1,FALSE,0
"4977",6,"M",3,"White","Middle",4,0,0,0,0,0,0,0,0,0,4,NA,FALSE,0
"4978",6,"F",3,"Hispanic","Middle",4,0,0,0,0,0,0,0,0,0,4,1,FALSE,0
"4979",6,"M",3,"White","Middle",4,0,0,0,0,0,0,0,0,0,3,NA,FALSE,0
"4980",6,"F",3,"Hispanic","Middle",4,0,0,0,0,0,0,0,0,0,4,1,FALSE,0
"4981",6,"M",3,"White","Middle",3,0,0,0,0,0,0,0,0,0,1,NA,FALSE,1
"4982",7,"F",4,"Asian","High",4,0,0,0,0,0,0,0,0,0,4,NA,FALSE,0
"4983",6,"F",4,"NHOPI","High",3,NA,0,NA,0,0,0,0,0,0,4,1,NA,0
"4984",8,"M",4,NA,"High",3,1,NA,1,NA,NA,NA,NA,NA,1,3,NA,TRUE,0
"4985",7,"F",4,"NHOPI","High",3,0,0,0,0,0,0,0,0,0,2,NA,FALSE,1
"4986",8,"M",5,"NHOPI","High",3,0,1,1,0,0,0,0,0,1,1,1,TRUE,1
"4987",7,"F",4,"White","High",4,0,0,0,0,0,0,0,0,0,1,NA,FALSE,1
"4988",7,"F",4,"White","High",4,0,0,0,0,0,0,0,0,0,1,NA,FALSE,1
"4989",7,"F",4,"NHOPI","High",4,NA,0,0,0,0,0,0,0,1,1,NA,TRUE,1
"4990",7,"M",4,NA,"High",3,NA,0,0,0,0,0,0,0,0,4,NA,NA,0
"4991",7,"M",4,"NHOPI","High",4,0,0,0,0,0,0,0,0,1,4,1,TRUE,0
"4992",7,"F",4,"NHOPI","High",4,0,0,0,0,0,0,0,0,0,3,1,FALSE,0
"4993",6,"F",4,"Asian","High",4,0,0,0,0,0,0,0,0,0,4,NA,FALSE,0
"4994",6,"M",4,"NHOPI","High",3,0,0,0,0,0,0,0,0,1,1,NA,TRUE,1
"4995",8,"M",5,"Hispanic","High",4,0,0,0,0,0,0,0,0,1,1,1,TRUE,1
"4996",6,"M",4,"Asian","High",4,NA,0,0,0,0,0,0,0,0,4,1,NA,0
"4997",6,"M",4,"Asian","High",4,0,0,0,NA,NA,NA,NA,NA,1,2,NA,TRUE,1
"4998",8,"M",6,"Asian","High",4,0,0,0,0,0,0,0,0,0,1,NA,FALSE,1
"4999",9,"F",6,"NHOPI","High",4,1,0,0,0,0,0,0,0,0,1,NA,TRUE,1
"5000",8,"F",6,"NHOPI","High",4,0,0,0,0,0,0,0,0,0,1,NA,FALSE,1
"5001",10,"F",6,"NHOPI","High",4,0,0,0,0,0,0,0,0,0,1,NA,FALSE,1
"5002",9,"M",7,"White","High",2,0,0,0,0,0,0,0,0,1,1,1,TRUE,1
"5003",9,"M",6,"NHOPI","High",4,0,0,0,NA,NA,NA,NA,NA,0,2,NA,NA,1
"5004",8,"M",6,"Asian","High",4,0,0,0,0,0,0,0,0,0,2,NA,FALSE,1
"5005",8,"M",6,"NHOPI","High",4,0,0,0,0,0,0,0,0,1,2,NA,TRUE,1
"5006",9,"M",6,"White","High",4,0,0,0,0,0,0,0,0,0,4,NA,FALSE,0
"5007",9,"M",6,NA,"High",4,1,0,0,0,0,0,0,0,1,1,NA,TRUE,1
"5008",9,"M",6,"NHOPI","High",2,1,1,0,0,0,1,0,0,1,1,NA,TRUE,1
"5009",9,"F",6,"White","High",3,1,0,0,1,0,1,0,0,1,1,NA,TRUE,1
"5010",9,"F",7,"White","High",3,0,0,0,0,0,0,0,0,0,1,NA,FALSE,1
"5011",9,"M",7,"Asian","High",4,0,0,0,0,0,0,0,0,1,4,1,TRUE,0
"5012",9,"F",7,"Asian","High",4,0,0,0,0,0,0,0,0,1,2,1,TRUE,1
"5013",9,"M",7,"Hispanic","High",4,0,0,0,0,0,0,0,0,0,2,1,FALSE,1
"5014",9,"F",6,"NHOPI","High",4,0,0,0,0,0,0,0,0,0,NA,NA,FALSE,NA
"5015",10,"F",7,"NHOPI","High",4,0,0,0,0,0,0,0,0,0,4,1,FALSE,0
"5016",9,"F",7,"NHOPI","High",4,0,0,0,0,0,0,0,0,0,4,1,FALSE,0
"5017",7,"M",5,"Asian","High",4,0,0,0,0,0,0,0,0,0,4,NA,FALSE,0
"5018",6,"F",4,"White","High",4,0,0,0,0,0,0,0,0,0,1,1,FALSE,1
"5019",8,"F",5,"Asian","High",4,0,0,0,0,0,0,0,0,0,3,NA,FALSE,0
"5020",7,"F",4,"Asian","High",4,0,0,0,0,0,0,0,0,0,3,1,FALSE,0
"5021",7,"M",5,"White","High",4,0,0,0,0,0,0,0,0,0,4,1,FALSE,0
"5022",7,"F",4,"White","High",3,1,0,0,0,0,0,0,0,1,1,NA,TRUE,1
"5023",6,"M",4,"Hispanic","High",4,0,0,0,0,0,0,0,0,0,1,1,FALSE,1
"5024",6,"F",4,"Asian","High",1,1,1,0,1,0,1,0,0,1,1,NA,TRUE,1
"5025",6,"F",4,"Asian","High",3,0,0,0,0,0,0,0,0,0,3,NA,FALSE,0
"5026",6,"M",4,"Hispanic","High",3,0,0,0,0,0,0,0,0,1,2,1,TRUE,1
"5027",8,"M",5,"NHOPI","High",4,0,0,0,0,0,0,0,0,1,1,1,TRUE,1
"5028",7,"F",4,"Asian","High",4,0,0,0,0,0,0,0,0,0,2,1,FALSE,1
"5029",8,"M",5,"Asian","High",4,0,0,0,0,0,0,0,0,0,4,NA,FALSE,0
"5030",7,"M",4,"White","High",4,0,0,0,0,0,0,0,0,0,4,NA,FALSE,0
"5031",7,"F",5,"White","High",2,0,0,0,0,0,0,0,0,0,1,1,FALSE,1
"5032",7,"F",5,"NHOPI","High",4,0,0,0,0,0,0,0,0,1,1,1,TRUE,1
"5033",7,"F",5,"NHOPI","High",4,0,0,0,0,0,0,0,0,0,2,NA,FALSE,1
"5034",7,"F",5,"Asian","High",4,0,0,0,0,0,0,0,0,1,1,NA,TRUE,1
"5035",8,"F",5,"Hispanic","High",4,0,0,0,0,0,0,0,0,0,4,1,FALSE,0
"5036",8,"F",5,"Hispanic","High",4,0,0,0,0,0,0,0,0,0,4,1,FALSE,0
"5037",8,"M",5,"Asian","High",4,0,0,0,0,0,0,0,0,1,1,NA,TRUE,1
"5038",7,"M",5,"Hispanic","High",1,1,1,0,0,0,0,0,0,1,1,NA,TRUE,1
"5039",7,"F",5,"White","High",4,0,0,0,0,0,0,0,0,1,2,NA,TRUE,1
"5040",7,"F",5,"White","High",4,0,0,0,0,0,0,0,0,0,3,NA,FALSE,0
"5041",9,"F",7,"NHOPI","High",4,0,0,0,0,0,0,0,0,1,2,NA,TRUE,1
"5042",10,"M",7,"Asian","High",4,0,0,0,0,0,0,0,0,0,4,1,FALSE,0
"5043",10,"M",7,"Asian","High",4,0,0,0,0,0,0,0,0,0,2,NA,FALSE,1
"5044",9,"F",7,"NHOPI","High",3,0,0,0,0,0,0,0,0,0,1,NA,FALSE,1
"5045",9,"F",7,"Asian","High",4,0,0,0,0,0,0,0,0,0,1,NA,FALSE,1
"5046",9,"M",7,"White","High",4,0,0,0,0,0,0,0,0,1,2,NA,TRUE,1
"5047",9,"F",7,"White","High",2,0,0,0,0,0,0,0,0,0,1,NA,FALSE,1
"5048",9,"F",7,"NHOPI","High",4,0,0,0,0,0,0,0,0,0,4,NA,FALSE,0
"5049",9,"M",7,"Asian","High",4,0,0,0,0,0,0,0,0,1,2,1,TRUE,1
"5050",11,"F",7,"Asian","High",4,0,0,0,0,0,0,0,0,0,4,1,FALSE,0
"5051",10,"F",7,"Asian","High",4,0,0,0,0,0,0,0,0,0,2,1,FALSE,1
"5052",9,"F",7,"Asian","High",4,0,0,0,0,0,0,0,0,0,4,1,FALSE,0
"5053",9,"M",7,"Asian","High",2,NA,0,0,0,0,0,0,0,1,1,NA,TRUE,1
"5054",10,"M",6,"Asian","High",4,0,0,0,0,0,0,0,0,1,1,NA,TRUE,1
"5055",9,"M",7,"NHOPI","High",1,1,1,0,0,0,1,0,0,1,1,NA,TRUE,1
"5056",9,"M",7,"AI/AN","High",4,0,0,0,NA,NA,NA,NA,NA,0,4,1,NA,0
"5057",9,"M",7,"NHOPI","High",4,1,NA,NA,0,0,1,0,0,1,4,NA,TRUE,0
"5058",9,"M",7,"NHOPI","High",4,0,0,0,0,0,0,0,0,1,4,1,TRUE,0
"5059",4,"F",2,"Asian","Middle",4,0,0,0,0,0,0,0,0,0,4,1,FALSE,0
"5060",4,"F",2,"Asian","Middle",4,0,0,0,0,0,0,0,0,0,4,1,FALSE,0
"5061",4,"M",2,"Asian","Middle",4,0,0,0,0,0,0,0,0,0,3,1,FALSE,0
"5062",4,"M",2,"Hispanic","Middle",3,0,NA,NA,0,0,0,0,0,0,2,1,NA,1
"5063",5,"M",2,"NHOPI","Middle",4,0,0,0,0,0,0,0,0,0,4,1,FALSE,0
"5064",4,"M",2,"Black","Middle",4,0,0,0,0,0,0,0,0,0,3,NA,FALSE,0
"5065",5,"M",2,"Asian","Middle",4,0,0,0,0,0,0,0,0,0,4,1,FALSE,0
"5066",5,"M",2,"NHOPI","Middle",4,0,0,0,0,0,0,0,0,0,3,1,FALSE,0
"5067",5,"M",2,NA,"Middle",4,0,0,0,0,0,0,0,0,0,4,1,FALSE,0
"5068",5,"M",2,"White","Middle",4,0,0,0,0,0,0,0,0,0,2,1,FALSE,1
"5069",4,"F",2,"White","Middle",4,0,0,0,0,0,0,0,0,0,4,NA,FALSE,0
"5070",4,"F",2,"Asian","Middle",4,0,0,0,0,0,0,0,0,0,4,NA,FALSE,0
"5071",5,"F",2,"NHOPI","Middle",4,0,0,0,0,0,0,0,0,0,4,NA,FALSE,0
"5072",5,"M",2,"Asian","Middle",4,0,0,0,0,0,0,0,0,0,4,NA,FALSE,0
"5073",4,"F",2,"NHOPI","Middle",4,0,0,0,0,0,0,0,0,0,4,1,FALSE,0
"5074",4,"M",2,"Hispanic","Middle",4,0,0,0,0,0,0,0,0,0,3,1,FALSE,0
"5075",4,"M",2,"White","Middle",4,0,0,0,0,0,0,0,0,0,4,NA,FALSE,0
"5076",5,"M",2,"NHOPI","Middle",4,0,0,0,0,0,0,0,0,0,4,1,FALSE,0
"5077",4,"M",2,"Hispanic","Middle",4,0,0,0,0,0,0,0,0,0,4,1,FALSE,0
"5078",4,"F",2,"White","Middle",3,0,0,0,0,0,0,0,0,0,2,1,FALSE,1
"5079",4,"M",2,"White","Middle",4,0,0,0,0,0,0,0,0,0,4,1,FALSE,0
"5080",4,"F",2,"Hispanic","Middle",4,0,0,0,0,0,0,0,0,0,4,1,FALSE,0
"5081",4,"M",1,"White","Middle",4,0,0,0,0,0,0,0,0,0,4,1,FALSE,0
"5082",4,"M",1,"White","Middle",4,0,0,0,0,0,0,0,0,1,2,1,TRUE,1
"5083",4,"F",1,"Hispanic","Middle",3,0,0,0,NA,NA,NA,NA,NA,0,4,NA,NA,0
"5084",3,"F",1,"Hispanic","Middle",4,0,0,0,0,0,0,0,0,0,4,1,FALSE,0
"5085",4,"F",1,"White","Middle",4,0,0,0,0,0,0,0,0,0,4,1,FALSE,0
"5086",4,"F",1,"White","Middle",4,0,NA,NA,NA,NA,NA,NA,NA,NA,NA,NA,NA,NA
"5087",4,"M",1,"Hispanic","Middle",4,0,0,0,0,0,0,0,0,0,4,NA,FALSE,0
"5088",4,"M",1,"White","Middle",4,0,0,0,0,0,0,0,0,0,4,1,FALSE,0
"5089",3,"F",1,"NHOPI","Middle",1,1,NA,0,0,0,1,0,0,1,1,NA,TRUE,1
"5090",3,"F",1,"Asian","Middle",4,0,0,0,0,0,0,0,0,0,4,1,FALSE,0
"5091",4,"F",1,"Hispanic","Middle",4,0,0,0,0,0,0,0,0,0,3,1,FALSE,0
"5092",3,"F",1,NA,"Middle",4,0,0,0,0,0,0,0,0,0,4,1,FALSE,0
"5093",4,"F",1,"White","Middle",4,0,0,0,0,0,0,0,0,0,4,1,FALSE,0
"5094",3,"F",1,"Hispanic","Middle",4,0,0,0,0,0,0,0,0,0,4,1,FALSE,0
"5095",11,"F",7,NA,"High",3,1,NA,1,1,0,1,0,1,0,2,NA,TRUE,1
"5096",4,"M",1,"Asian","Middle",4,0,0,0,0,0,0,0,0,0,3,NA,FALSE,0
"5097",4,"M",1,"Hispanic","Middle",4,0,0,0,NA,NA,NA,NA,NA,1,NA,NA,TRUE,NA
"5098",3,"F",1,"Asian","Middle",4,0,0,0,0,0,0,0,0,0,4,NA,FALSE,0
"5099",4,"F",1,"Asian","Middle",3,0,0,0,0,0,0,0,0,0,1,1,FALSE,1
"5100",5,"M",1,"NHOPI","Middle",2,NA,NA,1,1,0,0,0,0,1,1,NA,TRUE,1
"5101",3,"M",1,"NHOPI","Middle",4,0,0,0,0,0,0,0,0,0,4,1,FALSE,0
"5102",7,"F",4,"Black","High",2,0,1,1,0,1,0,0,0,1,4,NA,TRUE,0
"5103",6,"M",3,"Hispanic","Middle",4,0,0,0,0,0,0,0,0,0,4,NA,FALSE,0
"5104",6,"F",3,"NHOPI","Middle",3,0,0,0,0,0,0,0,0,0,2,NA,FALSE,1
"5105",6,"F",3,NA,"Middle",2,0,0,0,0,0,0,0,0,0,2,1,FALSE,1
"5106",5,"F",3,"Hispanic","Middle",3,0,0,0,0,0,0,0,0,0,1,NA,FALSE,1
"5107",6,"F",3,"White","Middle",4,0,0,0,0,0,0,0,0,0,4,1,FALSE,0
"5108",5,"F",3,"White","Middle",4,0,0,0,0,0,0,0,0,0,4,1,FALSE,0
"5109",5,"F",3,"Asian","Middle",4,0,0,0,0,0,0,0,0,0,2,NA,FALSE,1
"5110",6,"M",3,"Asian","Middle",4,0,0,0,0,0,0,0,0,0,4,NA,FALSE,0
"5111",6,"F",3,"White","Middle",4,0,0,0,0,0,0,0,0,0,4,1,FALSE,0
"5112",6,"F",3,"White","Middle",4,0,0,0,0,0,0,0,0,0,4,1,FALSE,0
"5113",6,"M",3,"NHOPI","Middle",4,0,0,0,0,0,0,0,0,0,4,1,FALSE,0
"5114",5,"M",3,"Black","Middle",4,0,0,0,0,0,0,0,0,0,4,1,FALSE,0
"5115",6,"M",3,"Hispanic","Middle",4,0,0,0,0,0,0,0,0,0,4,1,FALSE,0
"5116",6,"M",3,"White","Middle",4,0,0,0,0,0,0,0,0,0,4,NA,FALSE,0
"5117",5,"M",3,"NHOPI","Middle",4,0,0,0,0,0,0,0,0,0,3,NA,FALSE,0
"5118",5,"F",3,"NHOPI","Middle",4,0,0,0,0,0,0,0,0,0,4,1,FALSE,0
"5119",6,"F",3,"NHOPI","Middle",3,0,0,0,0,0,0,0,0,0,3,NA,FALSE,0
"5120",6,"F",3,"Hispanic","Middle",4,0,0,0,0,0,0,0,0,0,4,1,FALSE,0
"5121",5,"F",3,"NHOPI","Middle",4,0,0,0,0,0,0,0,0,0,4,NA,FALSE,0
"5122",6,"M",3,"NHOPI","Middle",4,0,0,0,0,0,0,0,0,0,4,1,FALSE,0
"5123",6,"F",3,"NHOPI","Middle",4,0,0,0,0,0,1,0,0,1,1,NA,TRUE,1
"5124",5,"M",3,"White","Middle",3,0,0,0,0,0,0,0,0,1,1,NA,TRUE,1
"5125",7,"F",3,"Hispanic","Middle",3,0,0,0,0,0,1,0,0,1,2,NA,TRUE,1
"5126",6,"F",3,NA,"Middle",4,0,0,0,0,0,0,0,0,0,3,NA,FALSE,0
"5127",5,"F",3,"Hispanic","Middle",3,NA,NA,NA,0,0,0,0,0,NA,2,1,NA,1
"5128",5,"F",3,"Hispanic","Middle",2,0,0,0,0,0,0,0,0,0,1,1,FALSE,1
"5129",5,"F",3,"Hispanic","Middle",2,0,0,0,0,0,0,0,0,0,2,1,FALSE,1
"5130",6,"F",3,"Hispanic","Middle",4,0,0,0,0,0,0,0,0,0,4,NA,FALSE,0
"5131",5,"M",2,"Hispanic","Middle",4,0,0,0,0,0,0,0,0,0,4,1,FALSE,0
"5132",5,"M",2,"Black","Middle",4,0,0,0,0,0,0,0,0,0,4,NA,FALSE,0
"5133",4,"M",2,"Hispanic","Middle",3,0,0,0,0,0,0,0,0,0,3,1,FALSE,0
"5134",4,"M",2,"Hispanic","Middle",4,0,0,0,0,0,0,0,0,0,4,1,FALSE,0
"5135",5,"M",2,"Hispanic","Middle",2,0,0,0,NA,NA,NA,NA,NA,0,1,NA,NA,1
"5136",3,"F",2,"Hispanic","Middle",4,0,0,0,0,0,0,0,0,0,3,1,FALSE,0
"5137",4,"M",2,"Hispanic","Middle",4,0,0,0,0,0,0,0,0,0,4,1,FALSE,0
"5138",4,"M",2,"Black","Middle",4,0,0,0,0,0,0,0,0,0,4,NA,FALSE,0
"5139",5,"F",2,"Hispanic","Middle",4,0,0,0,0,0,0,0,0,0,1,1,FALSE,1
"5140",6,"F",3,"Hispanic","Middle",4,0,0,0,0,0,0,0,0,0,2,1,FALSE,1
"5141",5,"M",3,"Hispanic","Middle",4,0,0,0,0,0,0,0,0,0,4,1,FALSE,0
"5142",6,"M",3,"Black","Middle",4,0,0,0,0,0,0,0,0,0,4,1,FALSE,0
"5143",6,"M",3,"Hispanic","Middle",4,0,0,0,0,0,0,0,0,0,4,1,FALSE,0
"5144",5,"M",3,"Black","Middle",4,0,0,0,0,0,0,0,0,0,4,1,FALSE,0
"5145",6,"M",3,"Hispanic","Middle",4,0,0,0,0,0,0,0,0,0,4,1,FALSE,0
"5146",6,"M",3,"Hispanic","Middle",4,0,0,0,0,0,0,0,0,0,4,1,FALSE,0
"5147",5,"F",2,"Black","Middle",4,0,0,0,0,0,0,0,0,0,4,NA,FALSE,0
"5148",6,"M",3,"Hispanic","Middle",4,0,0,0,0,0,0,0,0,0,2,1,FALSE,1
"5149",6,"M",3,"Hispanic","Middle",4,0,0,0,0,0,0,0,0,0,4,1,FALSE,0
"5150",6,"M",3,"Hispanic","Middle",4,0,0,0,NA,NA,NA,NA,NA,0,4,NA,NA,0
"5151",6,"M",3,"Black","Middle",4,0,0,0,0,0,0,0,0,0,4,1,FALSE,0
"5152",5,"M",3,"Hispanic","Middle",4,0,0,0,0,0,0,0,0,0,4,1,FALSE,0
"5153",5,"F",3,"Hispanic","Middle",4,0,0,0,0,0,0,0,0,0,3,1,FALSE,0
"5154",6,"M",3,"White","Middle",3,0,1,0,0,0,0,0,0,0,4,NA,TRUE,0
"5155",6,"M",3,NA,"Middle",4,0,0,0,0,0,0,0,0,0,4,NA,FALSE,0
"5156",5,"F",2,NA,"Middle",4,0,0,0,0,0,0,0,0,1,2,NA,TRUE,1
"5157",4,"M",2,"White","Middle",4,0,0,0,0,0,0,0,0,0,4,1,FALSE,0
"5158",4,"M",2,"Hispanic","Middle",3,0,0,0,0,0,0,0,0,0,4,NA,FALSE,0
"5159",5,"M",2,"Hispanic","Middle",4,0,0,0,0,0,0,0,0,0,4,NA,FALSE,0
"5160",4,"M",2,"Hispanic","Middle",4,0,0,0,0,0,0,0,0,0,4,1,FALSE,0
"5161",5,"M",2,"Hispanic","Middle",4,0,0,0,0,0,0,0,0,0,3,1,FALSE,0
"5162",5,"F",2,"White","Middle",4,0,0,0,0,0,0,0,0,0,4,NA,FALSE,0
"5163",4,"F",2,"Black","Middle",4,0,0,0,0,0,0,0,0,0,4,NA,FALSE,0
"5164",5,"F",2,"Hispanic","Middle",3,0,0,0,0,0,0,0,0,0,2,NA,FALSE,1
"5165",5,"F",2,"Black","Middle",2,0,0,0,0,0,0,0,0,0,2,1,FALSE,1
"5166",5,"M",2,"Hispanic","Middle",4,0,0,0,0,0,0,0,0,0,3,1,FALSE,0
"5167",5,"F",3,"Black","Middle",4,0,0,0,0,0,0,0,0,0,4,1,FALSE,0
"5168",7,"F",3,"White","Middle",3,0,0,0,0,0,0,0,0,0,2,NA,FALSE,1
"5169",5,"M",3,"Hispanic","Middle",2,0,0,0,0,0,0,0,0,0,1,NA,FALSE,1
"5170",8,"M",6,"Asian","High",NA,0,NA,NA,0,0,0,0,0,NA,NA,1,NA,NA
"5171",9,"M",6,"White","High",4,1,0,0,0,0,0,0,0,1,1,NA,TRUE,1
"5172",10,"M",7,"Asian","High",4,0,0,0,0,0,0,0,0,0,4,1,FALSE,0
"5173",9,"M",6,"Asian","High",4,0,0,0,0,0,0,0,0,0,1,1,FALSE,1
"5174",8,"F",6,"Asian","High",4,0,0,0,0,0,0,0,0,0,4,1,FALSE,0
"5175",10,"M",7,"Asian","High",4,0,0,0,0,0,0,0,0,0,3,1,FALSE,0
"5176",10,"M",7,"Asian","High",4,0,0,0,0,0,0,0,0,0,4,1,FALSE,0
"5177",10,"F",7,"Hispanic","High",4,1,0,0,0,0,1,0,0,1,1,NA,TRUE,1
"5178",10,"F",7,"Asian","High",4,0,0,0,0,0,0,0,0,0,4,1,FALSE,0
"5179",11,"M",6,"White","High",3,0,0,0,0,0,0,0,0,0,4,NA,FALSE,0
"5180",8,"M",6,"Hispanic","High",4,0,0,0,0,0,0,0,0,0,2,1,FALSE,1
"5181",9,"M",7,"White","High",3,0,0,0,0,0,1,0,0,1,2,1,TRUE,1
"5182",9,"M",6,"White","High",4,0,0,0,0,0,0,0,0,0,2,1,FALSE,1
"5183",8,"F",5,"White","High",4,0,0,0,0,0,0,0,0,0,2,NA,FALSE,1
"5184",8,"F",5,"White","High",4,0,0,0,0,0,0,0,0,1,1,1,TRUE,1
"5185",7,"F",5,"White","High",3,0,0,0,0,0,0,0,0,0,3,NA,FALSE,0
"5186",7,"F",5,"Black","High",3,0,0,0,0,0,0,0,0,0,1,NA,FALSE,1
"5187",8,"F",5,"White","High",3,0,0,0,0,0,0,0,0,1,2,1,TRUE,1
"5188",7,"F",5,"White","High",3,0,0,0,0,0,0,0,0,1,1,NA,TRUE,1
"5189",8,"F",5,"White","High",3,0,0,0,0,0,0,0,0,0,2,NA,FALSE,1
"5190",7,"F",5,"Asian","High",4,0,0,0,0,0,0,0,0,0,4,1,FALSE,0
"5191",8,"F",5,"White","High",4,0,0,0,0,0,0,0,0,0,4,1,FALSE,0
"5192",8,"F",5,"White","High",4,0,0,0,0,0,0,0,0,0,4,1,FALSE,0
"5193",8,"F",5,"White","High",4,0,0,0,0,0,0,0,0,0,3,1,FALSE,0
"5194",8,"F",5,"White","High",4,0,0,0,0,0,0,0,0,0,4,NA,FALSE,0
"5195",8,"F",5,"White","High",3,0,0,0,0,0,0,0,0,1,1,1,TRUE,1
"5196",7,"F",5,"White","High",4,0,0,0,0,0,0,0,0,0,4,1,FALSE,0
"5197",8,"F",5,"White","High",1,0,1,0,1,0,1,0,0,1,NA,NA,TRUE,NA
"5198",7,"M",5,"White","High",4,0,0,0,0,0,0,0,0,0,4,1,FALSE,0
"5199",7,"M",5,"White","High",4,0,0,0,0,0,0,0,0,0,2,1,FALSE,1
"5200",8,"M",5,"White","High",2,0,1,1,NA,NA,NA,NA,NA,1,1,NA,TRUE,1
"5201",9,"F",6,"White","High",4,0,0,0,0,0,0,0,0,1,1,1,TRUE,1
"5202",8,"M",6,"White","High",3,0,0,0,0,0,0,0,0,0,1,NA,FALSE,1
"5203",8,"F",6,"White","High",4,0,0,0,0,0,0,0,0,0,2,1,FALSE,1
"5204",9,"M",7,"White","High",2,0,1,1,0,0,0,1,0,1,2,NA,TRUE,1
"5205",11,"M",6,"Hispanic","High",2,1,0,0,0,1,0,0,0,1,1,NA,TRUE,1
"5206",8,"M",6,"Hispanic","High",4,0,0,0,0,0,0,0,0,0,4,1,FALSE,0
"5207",10,"F",7,"Asian","High",4,0,0,0,0,0,0,0,0,0,2,1,FALSE,1
"5208",11,"M",NA,"Hispanic",NA,3,NA,1,1,0,0,0,0,0,1,3,NA,TRUE,0
"5209",8,"M",6,"Hispanic","High",4,0,0,0,0,0,0,0,0,0,2,1,FALSE,1
"5210",10,"M",7,"White","High",1,1,1,0,0,0,0,0,0,1,1,NA,TRUE,1
"5211",10,"M",7,"White","High",3,0,0,0,0,0,0,0,0,0,3,1,FALSE,0
"5212",9,"M",6,"White","High",2,1,0,0,0,0,0,0,0,1,1,NA,TRUE,1
"5213",8,"M",6,"White","High",1,1,1,0,0,0,1,0,0,1,1,NA,TRUE,1
"5214",9,"M",6,"White","High",2,0,0,0,0,0,0,0,0,1,2,NA,TRUE,1
"5215",9,"M",6,"White","High",4,0,0,0,0,0,0,0,0,0,4,1,FALSE,0
"5216",10,"F",7,"Hispanic","High",4,0,0,0,0,0,0,0,0,0,3,1,FALSE,0
"5217",10,"F",7,"Asian","High",4,0,0,0,0,0,0,0,0,0,4,NA,FALSE,0
"5218",9,"F",6,"Hispanic","High",3,1,0,0,0,0,1,0,0,0,1,NA,TRUE,1
"5219",9,"F",7,"White","High",3,0,0,0,0,0,0,0,0,0,3,NA,FALSE,0
"5220",7,"F",4,"Asian","High",4,0,0,0,0,0,0,0,0,0,4,1,FALSE,0
"5221",7,"F",4,"White","High",4,0,0,0,0,0,0,0,0,0,4,1,FALSE,0
"5222",7,"F",4,"White","High",4,0,0,0,0,0,0,0,0,1,1,1,TRUE,1
"5223",9,"M",7,"Asian","High",4,0,0,0,0,0,0,0,0,0,4,1,FALSE,0
"5224",7,"F",4,"White","High",4,0,0,0,0,0,0,0,0,0,4,1,FALSE,0
"5225",7,"F",4,"White","High",4,0,0,0,0,0,0,0,0,0,4,1,FALSE,0
"5226",10,"M",7,"White","High",4,0,0,0,0,0,0,0,0,0,4,1,FALSE,0
"5227",7,"F",4,"Black","High",4,0,0,0,0,0,0,0,0,0,2,1,FALSE,1
"5228",6,"F",4,"White","High",4,0,0,0,0,0,0,0,0,0,4,1,FALSE,0
"5229",7,"F",4,"White","High",4,0,0,0,0,0,0,0,0,0,4,1,FALSE,0
"5230",7,"F",4,"White","High",4,0,0,0,0,0,0,0,0,0,4,1,FALSE,0
"5231",7,"F",4,"White","High",4,0,0,0,0,0,0,0,0,0,4,1,FALSE,0
"5232",7,"F",4,"White","High",4,0,0,0,0,0,0,0,0,0,4,1,FALSE,0
"5233",7,"F",4,"White","High",4,0,0,0,0,0,0,0,0,0,4,1,FALSE,0
"5234",7,"F",4,"White","High",4,0,0,0,0,0,0,0,0,0,4,1,FALSE,0
"5235",7,"F",4,"Black","High",4,0,0,0,0,0,0,0,0,0,1,NA,FALSE,1
"5236",7,"F",4,"White","High",3,1,0,0,0,0,1,0,0,1,1,NA,TRUE,1
"5237",7,"F",4,"White","High",4,0,0,0,0,0,0,0,0,1,1,1,TRUE,1
"5238",6,"F",4,"White","High",4,0,0,0,0,0,0,0,0,0,4,1,FALSE,0
"5239",6,"F",4,"White","High",4,0,0,0,0,0,0,0,0,0,2,NA,FALSE,1
"5240",7,"F",4,"White","High",4,0,0,0,0,0,0,0,0,0,2,NA,FALSE,1
"5241",9,"M",6,NA,"High",2,0,0,0,0,0,0,0,0,1,1,1,TRUE,1
"5242",10,"F",7,"Asian","High",4,0,0,0,0,0,0,0,0,1,1,1,TRUE,1
"5243",9,"M",4,"Hispanic","High",4,0,0,0,0,0,0,0,0,0,4,1,FALSE,0
"5244",9,"M",7,"White","High",3,0,0,0,0,0,0,0,0,1,1,1,TRUE,1
"5245",10,"M",6,"White","High",2,0,0,0,0,0,0,0,0,1,1,1,TRUE,1
"5246",10,"M",7,"White","High",3,0,0,0,0,0,0,0,0,1,4,1,TRUE,0
"5247",9,"M",6,"Asian","High",4,0,0,0,0,0,0,0,0,0,4,NA,FALSE,0
"5248",8,"M",6,"White","High",3,0,0,0,0,0,0,0,0,1,2,1,TRUE,1
"5249",9,"F",6,NA,"High",3,0,0,0,NA,NA,NA,NA,NA,0,3,NA,NA,0
"5250",8,"M",5,"White","High",1,1,1,1,0,1,0,0,0,1,1,1,TRUE,1
"5251",8,"M",5,"White","High",4,0,0,0,0,0,0,0,0,0,4,1,FALSE,0
"5252",8,"M",5,"White","High",4,0,0,0,0,0,0,0,0,0,4,NA,FALSE,0
"5253",8,"M",5,"AI/AN","High",4,0,0,0,0,0,0,0,0,1,1,1,TRUE,1
"5254",7,"M",5,"White","High",4,0,0,0,0,0,0,0,0,0,4,1,FALSE,0
"5255",8,"M",5,"White","High",4,0,0,0,0,0,0,0,0,0,4,1,FALSE,0
"5256",9,"M",6,"Black","High",4,0,0,0,NA,NA,NA,NA,NA,1,1,1,TRUE,1
"5257",9,"M",7,"White","High",3,0,0,0,0,0,0,0,0,0,2,1,FALSE,1
"5258",9,"M",6,"White","High",3,0,0,0,0,0,0,0,0,0,3,NA,FALSE,0
"5259",9,"M",6,"White","High",4,0,0,0,0,0,0,0,0,0,3,1,FALSE,0
"5260",9,"M",6,"White","High",4,0,0,0,0,0,0,0,0,0,4,1,FALSE,0
"5261",10,"M",7,"White","High",4,0,0,0,0,0,0,0,0,0,4,1,FALSE,0
"5262",6,"F",4,"White","High",4,0,0,0,0,0,0,0,0,0,4,1,FALSE,0
"5263",7,"F",4,"Asian","High",4,0,0,0,0,0,0,0,0,0,4,NA,FALSE,0
"5264",6,"F",4,"White","High",4,0,0,0,0,0,0,0,0,0,4,NA,FALSE,0
"5265",7,"F",4,"White","High",4,0,0,0,0,0,0,0,0,0,4,1,FALSE,0
"5266",6,"F",4,"White","High",3,0,0,0,0,0,0,0,0,0,2,1,FALSE,1
"5267",7,"F",4,"Asian","High",3,0,0,0,NA,NA,NA,NA,NA,1,2,1,TRUE,1
"5268",7,"F",4,"White","High",4,0,0,0,0,0,0,0,0,0,4,1,FALSE,0
"5269",7,"F",4,"Asian","High",4,0,0,0,0,0,0,0,0,0,4,1,FALSE,0
"5270",4,"F",1,"White","Middle",3,0,0,0,0,0,0,0,0,0,4,NA,FALSE,0
"5271",3,"M",1,"Hispanic","Middle",3,1,NA,0,0,0,0,0,0,1,1,NA,TRUE,1
"5272",4,"F",1,"White","Middle",4,0,0,0,0,0,0,0,0,0,3,NA,FALSE,0
"5273",5,"F",1,NA,"Middle",4,0,0,0,0,0,0,0,0,0,4,1,FALSE,0
"5274",4,"M",1,"White","Middle",3,0,0,0,0,0,0,0,0,1,2,1,TRUE,1
"5275",4,"M",1,"White","Middle",3,0,0,0,0,0,0,0,0,0,1,NA,FALSE,1
"5276",3,"F",1,"White","Middle",4,0,0,0,0,0,0,0,0,0,4,NA,FALSE,0
"5277",4,"M",1,"White","Middle",4,0,0,0,0,0,0,0,0,0,4,NA,FALSE,0
"5278",4,"F",1,"White","Middle",4,0,0,0,0,0,0,0,0,0,3,NA,FALSE,0
"5279",4,"M",1,"Asian","Middle",4,0,0,0,0,0,0,0,0,0,4,1,FALSE,0
"5280",4,"F",1,"Hispanic","Middle",3,NA,NA,0,0,0,0,0,0,0,2,NA,NA,1
"5281",4,"F",1,"Hispanic","Middle",4,0,0,0,0,0,0,0,0,0,4,1,FALSE,0
"5282",4,"F",1,"White","Middle",3,0,0,0,0,0,0,0,0,0,2,NA,FALSE,1
"5283",3,NA,NA,"Hispanic",NA,3,0,0,0,0,0,0,0,0,0,1,NA,FALSE,1
"5284",4,"F",1,"Hispanic","Middle",4,0,0,0,0,0,0,0,0,0,2,1,FALSE,1
"5285",4,"F",1,"Hispanic","Middle",4,0,0,0,0,0,0,0,0,0,4,1,FALSE,0
"5286",4,"F",1,"Hispanic","Middle",4,0,0,0,0,0,0,0,0,0,4,1,FALSE,0
"5287",4,"F",1,"White","Middle",4,0,0,0,0,0,0,0,0,0,4,NA,FALSE,0
"5288",4,"M",1,"White","Middle",4,0,0,0,0,0,0,0,0,0,4,1,FALSE,0
"5289",4,"M",1,"White","Middle",4,NA,0,0,0,0,0,0,0,0,4,NA,NA,0
"5290",3,"F",1,"Hispanic","Middle",3,0,0,0,0,0,0,0,0,0,3,1,FALSE,0
"5291",4,"M",1,"Black","Middle",4,0,0,0,0,0,0,0,0,0,1,NA,FALSE,1
"5292",4,"M",1,"Hispanic","Middle",3,0,0,0,0,0,0,0,0,0,2,NA,FALSE,1
"5293",5,"F",1,"Hispanic","Middle",4,0,0,0,0,0,0,0,0,0,4,NA,FALSE,0
"5294",4,"M",1,NA,"Middle",4,0,0,0,0,0,0,0,0,0,2,NA,FALSE,1
"5295",4,"F",1,"Hispanic","Middle",4,0,0,0,0,0,0,0,0,0,4,1,FALSE,0
"5296",3,"M",1,"White","Middle",4,0,0,0,0,0,0,0,0,0,4,NA,FALSE,0
"5297",4,"M",1,"Hispanic","Middle",3,0,0,0,0,0,0,0,0,0,3,1,FALSE,0
"5298",4,"M",1,"Hispanic","Middle",4,0,0,0,0,0,0,0,0,0,3,1,FALSE,0
"5299",4,"M",1,"White","Middle",4,0,0,0,0,0,0,0,0,0,4,1,FALSE,0
"5300",3,"M",1,"White","Middle",4,0,0,0,NA,NA,NA,NA,NA,0,3,NA,NA,0
"5301",4,"F",1,"Hispanic","Middle",4,0,0,0,0,0,0,0,0,0,4,1,FALSE,0
"5302",NA,NA,NA,NA,NA,4,NA,0,0,0,0,0,0,0,0,4,1,NA,0
"5303",3,"F",1,"White","Middle",4,0,0,0,0,0,0,0,0,0,4,1,FALSE,0
"5304",4,"F",1,"White","Middle",4,0,0,0,0,0,0,0,0,0,4,1,FALSE,0
"5305",3,"M",1,"Hispanic","Middle",4,0,0,0,0,0,0,0,0,0,4,NA,FALSE,0
"5306",6,"M",3,"Hispanic","Middle",4,0,0,0,0,0,0,0,0,0,4,NA,FALSE,0
"5307",6,"M",3,"White","Middle",4,0,0,0,0,0,0,0,0,0,4,1,FALSE,0
"5308",6,"M",3,"Hispanic","Middle",3,0,0,0,0,0,0,0,0,0,2,1,FALSE,1
"5309",6,"M",3,"White","Middle",3,0,0,0,0,0,0,0,0,0,2,1,FALSE,1
"5310",6,"M",3,"Hispanic","Middle",1,1,NA,1,0,0,0,0,0,0,1,1,TRUE,1
"5311",6,"M",3,"Hispanic","Middle",4,0,0,0,0,0,0,0,0,0,3,1,FALSE,0
"5312",3,"F",1,"White","Middle",4,0,0,0,0,0,0,0,0,0,4,1,FALSE,0
"5313",4,"F",1,"White","Middle",4,0,0,0,0,0,0,0,0,0,4,NA,FALSE,0
"5314",4,"M",1,"White","Middle",4,0,0,0,0,0,0,0,0,0,3,1,FALSE,0
"5315",4,"F",1,"Hispanic","Middle",4,0,0,0,0,0,0,0,0,0,4,1,FALSE,0
"5316",4,"F",1,"White","Middle",4,0,0,0,0,0,0,0,0,0,4,1,FALSE,0
"5317",4,"F",1,"White","Middle",4,0,0,0,0,0,0,0,0,0,4,1,FALSE,0
"5318",4,"M",1,"White","Middle",4,0,0,0,0,0,0,0,0,0,4,1,FALSE,0
"5319",3,"M",1,"White","Middle",4,0,0,0,0,0,0,0,0,0,4,1,FALSE,0
"5320",4,"M",1,"White","Middle",3,0,0,0,0,0,0,0,0,0,2,1,FALSE,1
"5321",4,"F",1,"Hispanic","Middle",4,0,0,0,0,0,0,0,0,0,4,1,FALSE,0
"5322",4,"M",1,"White","Middle",4,0,0,0,0,0,0,0,0,0,4,NA,FALSE,0
"5323",4,"M",1,"Asian","Middle",4,0,0,0,0,0,0,0,0,0,4,1,FALSE,0
"5324",4,"F",1,"White","Middle",3,0,0,0,0,0,0,0,0,0,4,1,FALSE,0
"5325",3,"F",1,"White","Middle",4,0,0,0,0,0,0,0,0,0,4,1,FALSE,0
"5326",4,"F",1,"White","Middle",4,0,0,0,0,0,0,0,0,0,3,1,FALSE,0
"5327",4,"F",1,NA,"Middle",4,0,0,0,0,0,0,0,0,0,4,1,FALSE,0
"5328",4,"M",1,"White","Middle",4,0,0,0,0,0,0,0,0,0,4,1,FALSE,0
"5329",3,"M",1,"White","Middle",4,0,0,0,0,0,0,0,0,0,4,1,FALSE,0
"5330",3,"M",1,"White","Middle",4,0,0,NA,0,0,0,0,0,0,4,1,NA,0
"5331",5,"M",3,"White","Middle",3,0,0,0,0,0,0,0,0,0,2,1,FALSE,1
"5332",3,"M",1,"White","Middle",4,0,0,0,0,0,0,0,0,0,2,1,FALSE,1
"5333",4,"M",1,"White","Middle",4,0,0,0,0,0,0,0,0,0,4,NA,FALSE,0
"5334",5,"F",2,"White","Middle",4,0,0,0,0,0,0,0,0,0,4,1,FALSE,0
"5335",4,"M",2,"White","Middle",4,0,0,0,0,0,0,0,0,0,3,1,FALSE,0
"5336",5,"F",2,"White","Middle",4,1,0,0,0,0,0,0,0,0,1,NA,TRUE,1
"5337",4,"M",2,"White","Middle",4,0,0,0,0,0,0,0,0,0,4,1,FALSE,0
"5338",5,"F",2,"White","Middle",4,0,0,0,0,0,0,0,0,0,4,1,FALSE,0
"5339",4,"M",2,NA,"Middle",4,0,0,0,0,0,0,0,0,0,3,1,FALSE,0
"5340",4,"F",2,"Hispanic","Middle",4,0,0,0,0,0,0,0,0,0,4,1,FALSE,0
"5341",5,"F",2,"Hispanic","Middle",4,0,0,0,0,0,0,0,0,0,1,NA,FALSE,1
"5342",5,"M",2,"Hispanic","Middle",4,0,0,0,0,0,0,0,0,0,4,1,FALSE,0
"5343",5,"M",2,"White","Middle",4,0,0,0,0,0,0,0,0,0,4,1,FALSE,0
"5344",5,"F",2,"White","Middle",4,0,0,0,0,0,0,0,0,0,4,NA,FALSE,0
"5345",5,"F",2,"White","Middle",3,0,0,0,0,0,0,0,0,0,3,NA,FALSE,0
"5346",5,"F",2,"White","Middle",4,0,0,0,0,0,0,0,0,0,2,1,FALSE,1
"5347",5,"F",3,"White","Middle",4,0,0,0,0,0,0,0,0,0,4,1,FALSE,0
"5348",6,"F",3,"White","Middle",4,0,0,0,0,0,0,0,0,0,4,1,FALSE,0
"5349",5,"F",3,"White","Middle",4,0,0,0,0,0,0,0,0,0,3,1,FALSE,0
"5350",6,"F",3,"Hispanic","Middle",4,0,0,0,0,0,0,0,0,0,4,1,FALSE,0
"5351",5,"F",3,"White","Middle",4,0,0,0,0,0,0,0,0,0,2,1,FALSE,1
"5352",5,"M",3,"White","Middle",4,0,0,0,0,0,0,0,0,0,2,1,FALSE,1
"5353",5,"M",2,"White","Middle",4,0,0,0,0,0,0,0,0,0,4,1,FALSE,0
"5354",5,"F",2,"White","Middle",4,0,0,0,0,0,0,0,0,0,4,NA,FALSE,0
"5355",4,"F",2,"White","Middle",4,0,0,0,0,0,0,0,0,0,4,1,FALSE,0
"5356",4,"M",2,"White","Middle",4,0,0,NA,0,0,0,0,0,0,3,1,NA,0
"5357",5,"F",2,"White","Middle",4,0,0,0,0,0,0,0,0,0,4,1,FALSE,0
"5358",4,"F",2,"Black","Middle",4,0,0,0,0,0,0,0,0,0,4,1,FALSE,0
"5359",5,"F",2,"White","Middle",4,0,0,0,0,0,0,0,0,0,4,1,FALSE,0
"5360",4,"M",2,"White","Middle",4,0,0,0,0,0,0,0,0,0,4,1,FALSE,0
"5361",5,"M",2,"White","Middle",4,0,0,0,0,0,0,0,0,0,2,NA,FALSE,1
"5362",5,"M",3,"White","Middle",4,0,0,0,0,0,0,0,0,0,1,1,FALSE,1
"5363",6,"M",3,"Hispanic","Middle",4,0,0,0,0,0,0,0,0,0,2,NA,FALSE,1
"5364",5,"M",3,"White","Middle",4,0,0,0,0,0,0,0,0,0,2,1,FALSE,1
"5365",6,"M",3,"White","Middle",3,0,0,0,0,0,0,0,0,1,1,1,TRUE,1
"5366",6,"M",3,"Hispanic","Middle",4,0,0,0,0,0,0,0,0,0,1,1,FALSE,1
"5367",6,"M",3,"White","Middle",3,0,0,0,0,0,0,0,0,1,2,1,TRUE,1
"5368",6,"F",3,"Hispanic","Middle",4,0,0,0,0,0,0,0,0,0,3,NA,FALSE,0
"5369",6,"F",3,"White","Middle",4,0,0,0,0,0,0,0,0,0,2,NA,FALSE,1
"5370",6,"F",3,"White","Middle",4,0,0,0,NA,NA,NA,NA,NA,1,4,NA,TRUE,0
"5371",5,"F",3,"White","Middle",4,0,0,0,0,0,0,0,0,0,3,1,FALSE,0
"5372",6,"F",3,"White","Middle",4,0,0,0,NA,NA,NA,NA,NA,1,1,1,TRUE,1
"5373",6,"F",3,"Hispanic","Middle",4,0,0,0,0,0,0,0,0,0,2,1,FALSE,1
"5374",5,"F",3,"White","Middle",3,0,0,0,0,0,0,0,0,0,3,NA,FALSE,0
"5375",5,"F",3,"White","Middle",3,0,0,0,0,0,0,0,0,0,1,1,FALSE,1
"5376",6,"F",3,"White","Middle",4,0,0,0,0,0,0,0,0,0,4,NA,FALSE,0
"5377",6,"M",3,"Hispanic","Middle",4,0,0,0,0,0,0,0,0,0,4,1,FALSE,0
"5378",6,"M",3,NA,"Middle",4,0,0,0,0,0,0,0,0,0,4,1,FALSE,0
"5379",6,"M",3,"White","Middle",3,0,0,0,0,0,0,0,0,0,2,1,FALSE,1
"5380",6,"M",3,"White","Middle",4,0,0,0,0,0,0,0,0,0,4,NA,FALSE,0
"5381",6,"M",3,"Hispanic","Middle",2,0,1,0,0,0,1,0,0,1,1,NA,TRUE,1
"5382",6,"F",3,"White","Middle",4,0,0,0,0,0,0,0,0,0,3,NA,FALSE,0
"5383",6,"F",3,"White","Middle",4,0,0,0,0,0,0,0,0,0,4,1,FALSE,0
"5384",6,"M",3,"White","Middle",1,1,1,0,0,0,0,0,0,1,1,NA,TRUE,1
"5385",6,"F",3,"White","Middle",4,0,0,0,0,0,0,0,0,0,4,NA,FALSE,0
"5386",6,"M",3,"Black","Middle",4,0,0,0,0,0,0,0,0,0,4,1,FALSE,0
"5387",5,"F",3,"Hispanic","Middle",4,0,0,0,0,0,0,0,0,0,4,NA,FALSE,0
"5388",6,"F",3,"White","Middle",3,0,0,0,0,0,0,0,0,0,1,1,FALSE,1
"5389",6,"M",3,"White","Middle",4,0,0,0,0,0,0,0,0,0,4,1,FALSE,0
"5390",6,"M",3,"White","Middle",4,0,0,0,0,0,0,0,0,0,4,1,FALSE,0
"5391",6,"F",3,"White","Middle",4,0,0,0,0,0,0,0,0,0,4,1,FALSE,0
"5392",6,"F",3,"Hispanic","Middle",4,0,0,0,0,0,0,0,0,0,4,1,FALSE,0
"5393",7,"F",3,"White","Middle",4,0,0,0,0,0,0,0,0,0,4,NA,FALSE,0
"5394",5,"F",2,"Black","Middle",4,0,0,0,0,0,0,0,0,1,2,NA,TRUE,1
"5395",5,"M",2,"White","Middle",3,0,0,0,0,0,0,0,0,0,3,1,FALSE,0
"5396",5,"M",2,"White","Middle",4,0,0,0,0,0,0,0,0,0,1,NA,FALSE,1
"5397",5,"M",2,"Hispanic","Middle",4,0,0,0,0,0,0,0,0,1,1,1,TRUE,1
"5398",5,"M",2,"Hispanic","Middle",2,0,0,0,0,0,0,0,0,0,1,NA,FALSE,1
"5399",11,"F",2,NA,"Middle",2,0,0,0,0,0,1,0,0,0,1,1,TRUE,1
"5400",4,"F",2,"White","Middle",4,0,0,0,0,0,0,0,0,0,4,1,FALSE,0
"5401",5,"F",2,"White","Middle",4,0,0,0,0,0,0,0,0,0,4,NA,FALSE,0
"5402",5,"F",2,"White","Middle",4,0,0,0,0,0,0,0,0,0,2,NA,FALSE,1
"5403",5,"F",2,"White","Middle",4,0,0,0,0,0,0,0,0,0,3,NA,FALSE,0
"5404",5,"M",2,"Hispanic","Middle",3,0,0,0,0,0,0,0,0,0,3,1,FALSE,0
"5405",5,"F",2,"White","Middle",4,0,0,0,0,0,0,0,0,0,4,1,FALSE,0
"5406",5,"M",2,"White","Middle",4,0,0,0,0,0,0,0,0,0,4,NA,FALSE,0
"5407",5,"F",2,"Hispanic","Middle",4,0,0,0,0,0,0,0,0,0,2,NA,FALSE,1
"5408",4,"F",2,"Black","Middle",4,0,0,0,0,0,0,0,0,0,4,1,FALSE,0
"5409",5,"M",2,"White","Middle",4,0,0,0,0,0,0,0,0,0,4,NA,FALSE,0
"5410",5,"M",2,"White","Middle",4,0,0,0,0,0,0,0,0,0,4,1,FALSE,0
"5411",6,"M",3,"White","Middle",3,1,0,0,0,0,0,0,0,0,2,NA,TRUE,1
"5412",6,"M",3,"White","Middle",4,0,0,0,0,0,0,0,0,0,4,1,FALSE,0
"5413",6,"F",3,NA,"Middle",4,0,0,0,0,0,0,0,0,0,3,NA,FALSE,0
"5414",6,"M",3,"White","Middle",4,0,0,0,0,0,0,0,0,0,4,NA,FALSE,0
"5415",6,"M",3,"Hispanic","Middle",3,0,0,0,0,0,0,0,0,0,1,1,FALSE,1
"5416",5,"F",3,"White","Middle",2,0,0,0,0,0,0,0,0,0,4,NA,FALSE,0
"5417",6,"F",3,"Black","Middle",2,0,0,0,0,0,0,0,0,0,2,NA,FALSE,1
"5418",6,"M",3,"White","Middle",3,0,0,0,0,0,0,0,0,0,2,NA,FALSE,1
"5419",5,"F",3,"White","Middle",3,0,0,0,0,0,0,0,0,0,1,NA,FALSE,1
"5420",5,"M",3,"White","Middle",4,0,0,0,0,0,0,0,0,0,4,NA,FALSE,0
"5421",5,"F",3,"Hispanic","Middle",4,0,0,0,0,0,0,0,0,0,4,1,FALSE,0
"5422",6,"M",3,NA,"Middle",4,0,0,0,0,0,0,0,0,0,4,1,FALSE,0
"5423",6,"F",3,"White","Middle",3,0,0,0,0,0,1,0,0,1,1,NA,TRUE,1
"5424",6,"F",3,"White","Middle",4,0,0,0,0,0,0,0,0,0,4,1,FALSE,0
"5425",5,"M",2,"White","Middle",4,0,0,0,0,0,0,0,0,0,4,1,FALSE,0
"5426",5,"M",3,"Black","Middle",4,0,0,0,0,0,0,0,0,0,1,1,FALSE,1
"5427",6,"F",3,"White","Middle",3,0,0,0,0,0,0,0,0,0,1,1,FALSE,1
"5428",6,"F",3,"White","Middle",4,0,0,NA,0,0,0,0,0,0,3,1,NA,0
"5429",5,"F",3,"White","Middle",3,0,0,0,0,0,0,0,0,0,3,NA,FALSE,0
"5430",6,"F",3,"White","Middle",3,0,0,0,0,0,0,0,0,0,2,NA,FALSE,1
"5431",5,"M",2,"White","Middle",4,0,0,0,0,0,0,0,0,0,4,1,FALSE,0
"5432",5,"F",2,"White","Middle",4,0,0,0,0,0,0,0,0,0,4,1,FALSE,0
"5433",5,"F",2,"White","Middle",3,0,0,0,0,0,0,0,0,0,3,NA,FALSE,0
"5434",5,"F",2,"White","Middle",4,0,0,0,0,0,0,0,0,0,4,NA,FALSE,0
"5435",4,"F",2,"White","Middle",4,0,0,0,0,0,0,0,0,0,4,1,FALSE,0
"5436",5,"F",2,"White","Middle",4,0,0,0,0,0,0,0,0,0,4,1,FALSE,0
"5437",4,"F",2,"White","Middle",4,0,0,0,0,0,0,0,0,0,4,1,FALSE,0
"5438",5,"M",2,"White","Middle",4,0,0,0,0,0,0,0,0,0,4,NA,FALSE,0
"5439",6,"M",2,"Black","Middle",4,0,0,0,0,0,0,0,0,0,4,1,FALSE,0
"5440",5,"M",2,"White","Middle",4,0,0,0,0,0,0,0,0,0,4,NA,FALSE,0
"5441",5,"M",2,"AI/AN","Middle",4,0,0,0,0,0,1,0,0,NA,2,NA,TRUE,1
"5442",4,"F",2,"White","Middle",2,0,0,0,0,0,0,0,0,1,1,NA,TRUE,1
"5443",5,"F",2,"White","Middle",NA,0,0,0,0,0,0,0,0,0,4,NA,FALSE,0
"5444",4,"M",2,"White","Middle",4,0,0,1,0,0,0,0,0,1,1,1,TRUE,1
"5445",5,"F",2,"White","Middle",4,0,0,0,0,0,0,0,0,0,1,NA,FALSE,1
"5446",5,"F",2,"White","Middle",4,0,0,0,0,0,0,0,0,1,1,NA,TRUE,1
"5447",4,"F",2,"White","Middle",4,0,0,0,0,0,0,0,0,0,4,1,FALSE,0
"5448",5,"F",2,"Hispanic","Middle",4,0,0,0,0,0,0,0,0,0,4,NA,FALSE,0
"5449",5,"F",2,"White","Middle",4,0,0,0,0,0,0,0,0,0,4,1,FALSE,0
"5450",4,"F",2,"White","Middle",3,1,0,0,0,0,0,0,0,0,1,NA,TRUE,1
"5451",5,"M",2,"White","Middle",4,0,0,0,0,0,0,0,0,0,3,NA,FALSE,0
"5452",5,"F",2,"Hispanic","Middle",4,0,0,0,0,0,0,0,0,0,1,NA,FALSE,1
"5453",6,"F",2,"Hispanic","Middle",4,0,0,0,0,0,0,0,0,0,4,NA,FALSE,0
"5454",5,"F",2,NA,"Middle",4,0,0,0,0,0,0,0,0,1,1,1,TRUE,1
"5455",4,"F",2,"White","Middle",4,0,0,0,0,0,0,0,0,0,2,NA,FALSE,1
"5456",5,"F",2,"Black","Middle",4,0,0,0,0,0,0,0,0,0,4,1,FALSE,0
"5457",5,"F",3,"White","Middle",3,0,0,0,0,0,0,0,0,0,1,NA,FALSE,1
"5458",4,"F",2,NA,"Middle",4,0,0,0,0,0,0,0,0,0,2,NA,FALSE,1
"5459",5,"F",2,"Hispanic","Middle",4,0,0,0,0,0,0,0,0,0,4,1,FALSE,0
"5460",6,"M",2,"Hispanic","Middle",4,0,0,0,0,0,0,0,0,0,4,1,FALSE,0
"5461",5,"F",2,"White","Middle",4,0,0,0,0,0,0,0,0,0,4,NA,FALSE,0
"5462",5,"M",2,"White","Middle",4,0,0,0,0,0,0,0,0,0,4,1,FALSE,0
"5463",4,"M",2,"White","Middle",4,0,0,0,0,0,0,0,0,0,4,NA,FALSE,0
"5464",5,"M",2,"White","Middle",4,0,0,0,0,0,0,0,0,0,4,NA,FALSE,0
"5465",5,"M",2,"AI/AN","Middle",4,0,0,0,0,0,0,0,0,0,4,1,FALSE,0
"5466",5,"M",2,"White","Middle",4,0,0,0,0,0,0,0,0,0,4,1,FALSE,0
"5467",5,"M",2,"White","Middle",3,0,0,0,0,0,0,0,0,0,2,NA,FALSE,1
"5468",5,"M",2,"White","Middle",3,0,0,0,0,0,0,0,0,0,4,1,FALSE,0
"5469",5,"F",2,"White","Middle",4,0,0,0,0,0,0,0,0,0,4,1,FALSE,0
"5470",5,"M",2,NA,"Middle",4,0,0,0,0,0,0,0,0,0,4,1,FALSE,0
"5471",4,"F",2,"White","Middle",4,0,0,0,0,0,0,0,0,0,4,1,FALSE,0
"5472",5,"F",3,"White","Middle",4,0,0,0,0,0,0,0,0,0,4,NA,FALSE,0
"5473",6,"F",3,"White","Middle",4,0,0,0,0,0,0,0,0,0,1,NA,FALSE,1
"5474",5,"F",3,"White","Middle",4,0,0,0,0,0,0,0,0,0,4,1,FALSE,0
"5475",6,"M",3,"White","Middle",4,0,0,0,0,0,0,0,0,0,3,1,FALSE,0
"5476",6,"F",3,"White","Middle",4,0,0,0,0,0,0,0,0,0,4,1,FALSE,0
"5477",6,"M",3,"White","Middle",4,0,0,0,0,0,0,0,0,0,4,1,FALSE,0
"5478",6,"F",3,"Hispanic","Middle",4,0,0,0,0,0,0,0,0,0,4,1,FALSE,0
"5479",6,"M",3,"White","Middle",4,0,0,0,0,0,0,0,0,0,2,1,FALSE,1
"5480",6,"M",3,"White","Middle",2,0,0,0,0,0,0,0,0,0,2,NA,FALSE,1
"5481",5,"F",3,"White","Middle",4,0,0,0,0,0,0,0,0,0,2,1,FALSE,1
"5482",6,"F",3,"Hispanic","Middle",3,0,0,0,0,0,0,0,0,0,2,1,FALSE,1
"5483",6,"M",3,"White","Middle",4,0,0,0,0,0,0,0,0,0,4,1,FALSE,0
"5484",6,"F",3,"White","Middle",4,0,0,0,0,0,0,0,0,0,3,1,FALSE,0
"5485",6,"F",3,"Black","Middle",3,1,0,0,0,0,0,0,0,0,1,1,TRUE,1
"5486",6,"M",3,"White","Middle",4,0,0,0,0,0,0,0,0,0,NA,1,FALSE,NA
"5487",6,"F",3,"White","Middle",4,0,0,0,0,0,0,0,0,0,2,NA,FALSE,1
"5488",5,"F",3,"Black","Middle",4,0,0,0,0,0,0,0,0,0,4,1,FALSE,0
"5489",6,"F",3,"White","Middle",4,0,0,0,0,0,0,0,0,0,2,NA,FALSE,1
"5490",4,"M",1,"Black","Middle",4,0,0,0,0,0,0,0,0,0,4,NA,FALSE,0
"5491",4,"F",1,"Hispanic","Middle",4,0,0,0,0,0,0,0,0,0,4,NA,FALSE,0
"5492",4,"F",1,"Black","Middle",4,0,0,0,0,0,0,0,0,0,4,1,FALSE,0
"5493",3,"F",1,"White","Middle",4,NA,0,0,0,0,0,0,0,0,4,1,NA,0
"5494",4,"M",1,"Black","Middle",4,0,0,0,0,0,0,0,0,0,4,NA,FALSE,0
"5495",4,"F",1,"Hispanic","Middle",4,0,0,0,0,0,0,0,0,0,3,NA,FALSE,0
"5496",4,"M",1,"Hispanic","Middle",4,0,0,0,0,0,0,0,0,0,4,NA,FALSE,0
"5497",5,"F",1,"Black","Middle",4,0,NA,NA,0,0,0,0,0,0,4,NA,NA,0
"5498",4,"M",1,"Black","Middle",4,0,0,0,0,0,0,0,0,0,4,NA,FALSE,0
"5499",3,"F",1,"Hispanic","Middle",4,0,0,0,0,0,0,0,0,0,4,NA,FALSE,0
"5500",3,"M",1,"Hispanic","Middle",4,0,0,0,0,0,0,0,0,0,4,1,FALSE,0
"5501",4,"F",1,"Hispanic","Middle",4,0,0,0,0,0,0,0,0,0,4,NA,FALSE,0
"5502",4,"M",1,"Hispanic","Middle",3,0,0,0,NA,NA,NA,NA,NA,0,4,1,NA,0
"5503",4,"M",1,"Black","Middle",2,0,0,0,0,0,0,0,0,0,2,NA,FALSE,1
"5504",5,"F",1,"Black","Middle",1,0,1,0,0,0,0,0,0,0,4,1,TRUE,0
"5505",3,"F",1,NA,"Middle",4,0,0,0,0,0,0,0,0,0,4,NA,FALSE,0
"5506",4,"F",1,"Hispanic","Middle",4,0,0,0,0,0,0,0,0,0,4,1,FALSE,0
"5507",3,"M",1,"Hispanic","Middle",4,0,0,0,0,0,0,0,0,0,4,NA,FALSE,0
"5508",3,"M",1,"Hispanic","Middle",3,0,0,0,NA,NA,NA,NA,NA,0,4,NA,NA,0
"5509",5,"F",1,"White","Middle",4,0,0,0,0,0,0,0,0,0,4,NA,FALSE,0
"5510",3,"M",1,NA,"Middle",3,0,0,0,0,0,0,0,0,0,4,1,FALSE,0
"5511",3,"F",1,"Black","Middle",3,0,0,0,0,0,0,0,0,0,2,NA,FALSE,1
"5512",4,"F",1,"Hispanic","Middle",3,0,0,0,0,0,0,0,0,0,3,NA,FALSE,0
"5513",5,"M",1,"Black","Middle",4,0,0,0,0,0,0,0,0,0,4,NA,FALSE,0
"5514",4,"F",1,"Black","Middle",4,0,0,0,0,0,0,0,0,0,4,NA,FALSE,0
"5515",4,"M",1,"Black","Middle",4,0,0,0,0,0,0,0,0,0,4,1,FALSE,0
"5516",3,"M",1,"Black","Middle",4,0,0,0,0,0,0,0,0,0,4,1,FALSE,0
"5517",4,"F",1,"Black","Middle",4,0,0,0,NA,NA,NA,NA,NA,0,4,1,NA,0
"5518",4,"F",1,"AI/AN","Middle",4,0,0,0,0,0,0,0,0,0,4,1,FALSE,0
"5519",4,"F",1,NA,"Middle",4,0,0,0,0,0,0,0,0,0,4,NA,FALSE,0
"5520",3,"F",1,"Hispanic","Middle",4,0,0,0,0,0,0,0,0,0,4,1,FALSE,0
"5521",4,"F",1,"Hispanic","Middle",4,0,0,0,0,0,0,0,0,0,4,1,FALSE,0
"5522",3,"M",1,"Black","Middle",4,0,0,0,0,0,0,0,0,0,4,1,FALSE,0
"5523",3,"M",1,"Black","Middle",4,0,0,0,0,0,0,0,0,0,4,1,FALSE,0
"5524",3,"F",1,NA,"Middle",4,0,0,0,0,0,0,0,0,0,4,1,FALSE,0
"5525",4,"F",1,"Black","Middle",4,0,0,0,0,0,0,0,0,0,4,NA,FALSE,0
"5526",3,"F",1,"Black","Middle",3,0,0,0,0,0,0,0,0,0,2,NA,FALSE,1
"5527",4,"M",1,"Hispanic","Middle",2,0,0,0,NA,NA,NA,NA,NA,0,1,NA,NA,1
"5528",4,"M",1,"Hispanic","Middle",4,0,0,0,NA,NA,NA,NA,NA,NA,NA,NA,NA,NA
"5529",4,"M",1,"Hispanic","Middle",4,0,0,0,0,0,0,0,0,0,4,1,FALSE,0
"5530",4,"F",1,"White","Middle",4,0,0,0,0,0,0,0,0,0,4,1,FALSE,0
"5531",3,"M",1,"Hispanic","Middle",4,0,0,0,0,0,0,0,0,0,4,1,FALSE,0
"5532",4,"M",1,"Hispanic","Middle",4,0,0,0,0,0,0,0,0,0,2,1,FALSE,1
"5533",4,"F",1,NA,"Middle",3,0,NA,0,0,0,0,0,0,0,1,NA,NA,1
"5534",3,"M",1,"White","Middle",3,0,0,0,0,0,0,0,0,1,1,NA,TRUE,1
"5535",9,"F",6,"Black","High",3,0,0,0,0,0,0,0,0,0,3,NA,FALSE,0
"5536",9,"M",6,"White","High",2,1,1,1,NA,NA,NA,NA,NA,1,2,NA,TRUE,1
"5537",9,"F",6,"White","High",2,1,1,1,0,0,1,0,0,1,1,NA,TRUE,1
"5538",9,"M",6,"Hispanic","High",3,0,0,0,0,0,1,0,0,1,1,1,TRUE,1
"5539",9,"M",6,"Hispanic","High",4,0,0,0,0,0,0,0,0,0,2,1,FALSE,1
"5540",8,"M",6,"Hispanic","High",4,0,0,0,0,0,0,0,0,0,4,1,FALSE,0
"5541",9,"F",6,"Black","High",4,0,0,0,0,0,0,0,0,0,3,NA,FALSE,0
"5542",9,NA,6,"Black","High",3,0,0,0,0,0,0,0,0,0,4,NA,FALSE,0
"5543",10,"F",6,"Hispanic","High",4,0,0,0,0,0,0,0,0,0,2,1,FALSE,1
"5544",9,"F",6,"Hispanic","High",4,0,0,0,0,0,0,0,0,0,4,NA,FALSE,0
"5545",9,"F",6,"White","High",1,0,1,0,0,0,0,0,0,0,4,1,TRUE,0
"5546",8,"M",6,"Black","High",4,0,0,0,0,0,0,0,0,0,4,NA,FALSE,0
"5547",1,"M",1,"Hispanic","Middle",1,NA,1,1,1,0,0,0,0,0,3,NA,TRUE,0
"5548",9,"F",6,"Black","High",4,0,0,0,0,0,0,0,0,0,4,NA,FALSE,0
"5549",9,"F",6,"Black","High",2,1,1,0,0,0,0,0,0,0,4,NA,TRUE,0
"5550",8,"M",6,NA,"High",3,0,0,0,0,0,0,0,0,0,3,NA,FALSE,0
"5551",7,"F",4,"Black","High",3,0,0,0,0,0,0,0,0,0,2,NA,FALSE,1
"5552",7,"M",4,"Black","High",3,0,0,0,0,0,0,0,0,0,4,NA,FALSE,0
"5553",6,"F",4,"White","High",4,0,0,0,0,0,1,0,0,0,4,NA,TRUE,0
"5554",6,"F",4,"White","High",1,0,1,0,0,0,1,0,0,0,4,1,TRUE,0
"5555",10,"M",7,"Black","High",1,0,1,0,0,0,0,0,0,0,4,NA,TRUE,0
"5556",9,"M",7,"Black","High",2,0,0,0,0,0,0,0,0,0,1,NA,FALSE,1
"5557",10,"F",7,"Black","High",3,0,0,0,0,0,0,0,0,0,4,1,FALSE,0
"5558",10,"F",7,"Black","High",4,0,0,0,0,0,0,0,0,0,4,1,FALSE,0
"5559",10,"M",7,"Black","High",4,0,0,0,0,0,0,0,0,0,4,NA,FALSE,0
"5560",9,"F",7,"Black","High",4,0,0,0,0,0,0,0,0,0,4,NA,FALSE,0
"5561",9,"F",7,"Black","High",3,0,0,0,0,0,0,0,0,0,2,1,FALSE,1
"5562",9,"F",7,"Hispanic","High",4,0,0,0,0,0,0,0,0,0,4,1,FALSE,0
"5563",9,"F",7,"Black","High",3,0,0,0,0,0,0,0,0,0,1,NA,FALSE,1
"5564",10,"M",7,"Hispanic","High",4,0,0,0,0,0,0,0,0,1,2,NA,TRUE,1
"5565",9,"M",7,"Hispanic","High",3,0,0,0,0,0,0,0,0,0,3,1,FALSE,0
"5566",10,"F",7,"Hispanic","High",3,0,0,0,0,0,0,0,0,0,2,1,FALSE,1
"5567",8,"M",5,"Black","High",NA,0,NA,NA,0,0,0,0,0,0,4,NA,NA,0
"5568",10,"M",7,"Hispanic","High",2,0,1,0,0,0,0,0,0,0,2,NA,TRUE,1
"5569",8,"F",5,"Black","High",3,0,0,0,0,1,1,0,0,0,1,1,TRUE,1
"5570",8,"M",5,"Black","High",4,0,0,0,0,0,0,0,0,0,4,1,FALSE,0
"5571",7,"M",5,"Black","High",3,0,0,0,0,0,0,0,0,0,3,1,FALSE,0
"5572",8,"M",5,"Black","High",4,0,0,0,0,0,0,0,0,0,2,1,FALSE,1
"5573",8,"M",5,"Black","High",3,0,0,0,0,0,0,0,0,0,2,1,FALSE,1
"5574",8,"M",5,"Hispanic","High",3,0,NA,0,0,0,0,0,0,0,2,NA,NA,1
"5575",8,"F",5,"White","High",4,0,0,0,0,0,0,0,0,0,3,1,FALSE,0
"5576",8,"M",5,"Black","High",4,0,0,0,0,0,0,0,0,0,4,1,FALSE,0
"5577",8,"F",5,"Black","High",2,0,0,0,0,0,0,0,0,0,2,NA,FALSE,1
"5578",8,"M",5,"Black","High",4,0,0,0,0,0,0,0,0,0,4,1,FALSE,0
"5579",8,"M",5,"Hispanic","High",4,0,0,0,0,0,0,0,0,0,4,1,FALSE,0
"5580",10,"M",6,"Black","High",4,0,0,0,0,0,0,0,0,0,4,NA,FALSE,0
"5581",8,"F",5,"Hispanic","High",3,0,0,0,0,0,0,0,0,0,2,NA,FALSE,1
"5582",8,"M",5,"Black","High",4,0,0,0,0,0,0,0,0,0,2,NA,FALSE,1
"5583",7,"M",5,"Hispanic","High",4,0,0,0,0,0,0,0,0,0,4,NA,FALSE,0
"5584",8,"M",5,"White","High",4,0,0,0,0,0,0,0,0,1,2,1,TRUE,1
"5585",8,"M",5,"Black","High",3,0,0,0,0,0,0,0,0,0,3,1,FALSE,0
"5586",8,"M",5,"White","High",3,0,0,0,0,0,0,0,0,0,4,NA,FALSE,0
"5587",8,"M",5,"White","High",4,0,0,0,0,0,0,0,0,0,4,NA,FALSE,0
"5588",7,"F",4,"Hispanic","High",2,0,0,0,0,0,0,0,0,0,4,NA,FALSE,0
"5589",7,"M",4,"Black","High",4,0,0,0,0,0,0,0,0,0,4,NA,FALSE,0
"5590",6,"F",4,"Hispanic","High",3,0,0,0,0,0,0,0,0,0,3,NA,FALSE,0
"5591",7,"F",4,"Black","High",3,0,0,0,0,0,0,0,0,1,2,NA,TRUE,1
"5592",6,"F",4,"Hispanic","High",3,0,0,0,0,0,0,0,0,0,3,NA,FALSE,0
"5593",6,"M",4,"Hispanic","High",3,0,0,0,0,0,0,0,0,0,3,NA,FALSE,0
"5594",10,"M",6,"Black","High",4,0,0,0,0,0,0,0,0,0,4,1,FALSE,0
"5595",7,"M",4,"White","High",2,NA,1,0,0,0,1,0,0,1,1,NA,TRUE,1
"5596",7,"M",4,"Black","High",NA,NA,NA,NA,NA,NA,NA,NA,NA,NA,NA,NA,NA,NA
"5597",7,"M",4,NA,"High",4,0,0,0,NA,NA,NA,NA,NA,0,4,NA,NA,0
"5598",7,"M",4,"White","High",3,0,0,0,0,0,0,0,0,0,3,NA,FALSE,0
"5599",7,"M",4,"Black","High",4,0,0,0,0,0,0,0,0,0,3,1,FALSE,0
"5600",8,"M",4,"Black","High",4,0,0,0,0,0,0,0,0,0,4,1,FALSE,0
"5601",7,"F",4,"White","High",4,0,0,0,0,0,0,0,0,0,4,1,FALSE,0
"5602",7,"F",4,"Hispanic","High",4,0,0,0,0,0,0,0,0,0,4,1,FALSE,0
"5603",7,"F",4,"Black","High",4,0,0,0,0,0,0,0,0,0,4,1,FALSE,0
"5604",7,"F",4,"Black","High",2,0,1,0,0,0,0,0,0,0,1,NA,TRUE,1
"5605",7,"M",4,"Black","High",3,0,1,1,NA,NA,NA,NA,NA,1,1,NA,TRUE,1
"5606",9,"F",6,"Hispanic","High",1,1,1,1,0,0,1,0,0,1,1,NA,TRUE,1
"5607",7,"M",4,"AI/AN","High",4,0,0,0,NA,NA,NA,NA,NA,0,4,1,NA,0
"5608",6,"F",4,"Hispanic","High",4,0,0,0,0,1,1,0,0,0,4,NA,TRUE,0
"5609",9,"M",6,"White","High",4,0,0,0,0,0,0,0,0,1,1,NA,TRUE,1
"5610",9,"F",6,"Black","High",3,0,1,0,0,0,0,0,0,0,2,NA,TRUE,1
"5611",9,"F",6,"Hispanic","High",4,0,0,0,0,0,0,0,0,0,1,1,FALSE,1
"5612",10,"M",7,"Black","High",4,0,0,0,0,0,0,0,0,0,4,NA,FALSE,0
"5613",8,"F",6,"Hispanic","High",3,0,0,0,0,0,0,0,0,1,2,NA,TRUE,1
"5614",8,"F",6,"White","High",4,0,0,0,0,0,0,0,0,0,2,NA,FALSE,1
"5615",9,"F",6,"Black","High",4,0,0,0,0,0,0,0,0,0,4,1,FALSE,0
"5616",9,"F",6,"Black","High",4,0,0,0,0,0,0,0,0,0,4,1,FALSE,0
"5617",8,"M",6,"Black","High",4,0,0,0,0,0,0,0,0,0,4,1,FALSE,0
"5618",9,"M",6,"Black","High",4,0,0,0,0,0,0,0,0,0,4,1,FALSE,0
"5619",8,"F",6,"White","High",2,1,1,0,0,0,0,0,0,1,1,NA,TRUE,1
"5620",9,"M",6,"Hispanic","High",4,0,0,0,0,0,0,0,0,0,4,1,FALSE,0
"5621",10,"M",6,"White","High",2,1,0,1,0,0,0,0,0,0,1,1,TRUE,1
"5622",10,"F",6,"Hispanic","High",3,0,0,0,0,0,0,0,0,0,3,NA,FALSE,0
"5623",9,"M",6,"Black","High",1,1,1,0,0,0,0,0,0,1,1,NA,TRUE,1
"5624",8,"F",6,"Black","High",4,0,0,0,0,0,0,0,0,0,4,NA,FALSE,0
"5625",8,"M",6,"Hispanic","High",2,0,0,0,0,0,0,0,0,1,2,1,TRUE,1
"5626",8,"F",5,"Black","High",3,0,0,0,0,0,0,0,0,0,2,NA,FALSE,1
"5627",8,"M",5,"Black","High",3,0,0,0,0,0,0,0,0,0,3,1,FALSE,0
"5628",NA,"M",NA,"Hispanic",NA,1,NA,0,0,NA,NA,NA,NA,NA,0,1,NA,NA,1
"5629",8,"F",5,"Black","High",2,0,0,0,0,0,0,0,0,0,4,NA,FALSE,0
"5630",8,"F",5,"White","High",4,0,0,0,0,0,0,0,0,0,3,NA,FALSE,0
"5631",8,"M",5,"Black","High",4,0,0,0,0,0,0,0,0,0,4,1,FALSE,0
"5632",9,"F",6,"Hispanic","High",4,NA,0,0,0,0,0,0,0,0,4,1,NA,0
"5633",8,"M",5,"Hispanic","High",4,0,0,0,0,0,0,0,0,0,1,1,FALSE,1
"5634",8,"M",5,"White","High",1,1,1,1,0,0,0,0,0,1,2,1,TRUE,1
"5635",8,"F",5,"White","High",4,0,0,0,0,0,0,0,0,0,4,NA,FALSE,0
"5636",8,"M",5,"Black","High",3,0,0,0,0,0,0,0,0,0,2,1,FALSE,1
"5637",8,"F",5,"Black","High",2,0,0,0,0,0,0,0,0,0,1,NA,FALSE,1
"5638",8,"F",5,"Black","High",3,0,1,0,0,0,0,0,0,0,4,1,TRUE,0
"5639",8,"F",5,"Black","High",4,0,0,0,0,0,0,0,0,0,4,1,FALSE,0
"5640",8,"F",5,"Black","High",2,0,0,0,0,0,0,0,0,0,4,1,FALSE,0
"5641",9,"F",7,"White","High",2,0,0,0,0,0,0,0,0,0,1,1,FALSE,1
"5642",10,"M",7,"White","High",3,0,0,0,0,0,0,0,0,0,1,1,FALSE,1
"5643",9,"M",7,"White","High",3,0,0,0,0,0,0,0,0,0,1,1,FALSE,1
"5644",10,"F",7,"Hispanic","High",4,0,0,0,0,0,0,0,0,0,1,1,FALSE,1
"5645",11,"F",7,"Black","High",2,0,0,0,0,0,0,0,0,0,4,NA,FALSE,0
"5646",10,"M",7,"Hispanic","High",4,NA,NA,NA,NA,NA,NA,NA,NA,NA,4,NA,NA,0
"5647",10,"M",7,"Hispanic","High",4,0,0,0,0,0,0,0,0,0,4,1,FALSE,0
"5648",9,"F",7,"Hispanic","High",3,0,0,0,0,0,0,0,0,0,1,1,FALSE,1
"5649",10,"M",7,"Black","High",4,0,0,0,0,0,0,0,0,0,4,1,FALSE,0
"5650",10,"M",7,"Hispanic","High",2,0,0,0,0,0,0,0,0,0,2,1,FALSE,1
"5651",9,"F",7,"Black","High",4,0,0,0,0,0,0,0,0,1,1,1,TRUE,1
"5652",10,"F",7,NA,"High",4,0,0,NA,0,0,0,0,0,0,4,1,NA,0
"5653",10,"F",7,"Hispanic","High",4,0,0,0,0,0,0,0,0,0,3,1,FALSE,0
"5654",9,"M",7,"Black","High",3,0,0,0,0,0,0,0,0,0,1,NA,FALSE,1
"5655",9,"M",7,"Black","High",2,0,0,0,0,0,0,0,0,0,2,NA,FALSE,1
"5656",10,"F",7,"Hispanic","High",4,0,0,0,0,0,0,0,0,0,2,1,FALSE,1
"5657",10,"M",7,"Hispanic","High",3,0,0,0,0,0,0,0,0,0,1,NA,FALSE,1
"5658",9,"M",7,"Hispanic","High",4,0,0,0,0,0,0,0,0,0,4,1,FALSE,0
"5659",9,"M",7,"Hispanic","High",2,0,0,0,0,0,1,0,0,1,1,NA,TRUE,1
"5660",9,"M",7,"Hispanic","High",4,0,0,0,0,0,0,0,0,1,1,1,TRUE,1
"5661",10,"M",7,"Black","High",2,0,1,0,0,0,0,0,0,0,4,1,TRUE,0
"5662",10,"M",7,NA,"High",1,1,1,NA,0,0,0,0,0,NA,3,NA,TRUE,0
"5663",9,"M",7,"White","High",4,0,0,0,0,0,0,0,0,0,4,NA,FALSE,0
"5664",7,"F",4,"Black","High",4,0,0,0,0,0,0,0,0,0,4,NA,FALSE,0
"5665",8,"F",4,"Black","High",4,0,0,0,0,0,0,0,0,0,4,1,FALSE,0
"5666",6,"F",4,"Black","High",2,0,0,0,0,0,0,0,0,1,1,NA,TRUE,1
"5667",6,"M",4,"Black","High",4,0,0,0,0,0,0,0,0,0,3,1,FALSE,0
"5668",6,"M",4,"Black","High",4,0,0,0,0,0,0,0,0,0,4,1,FALSE,0
"5669",7,"M",4,"White","High",4,0,0,0,0,0,0,0,0,0,2,NA,FALSE,1
"5670",6,"F",4,NA,"High",4,0,NA,0,0,0,0,0,0,0,4,NA,NA,0
"5671",7,"M",4,"Hispanic","High",3,0,0,0,0,0,0,0,0,1,1,NA,TRUE,1
"5672",7,"M",4,"Hispanic","High",3,0,0,0,0,0,0,0,0,1,2,NA,TRUE,1
"5673",6,"F",4,"White","High",4,0,0,0,0,0,0,0,0,0,4,NA,FALSE,0
"5674",7,"F",4,"White","High",4,0,0,0,0,0,0,0,0,0,4,NA,FALSE,0
"5675",6,"F",4,"Black","High",4,0,0,0,0,0,0,0,0,0,4,NA,FALSE,0
"5676",7,"F",3,"White","Middle",4,0,0,0,0,0,0,0,0,0,4,1,FALSE,0
"5677",5,"F",3,"White","Middle",4,0,0,0,0,0,0,0,0,0,4,NA,FALSE,0
"5678",7,"F",3,"White","Middle",4,0,0,0,0,0,0,0,0,0,2,NA,FALSE,1
"5679",6,"F",3,"White","Middle",4,0,0,0,0,0,0,0,0,0,4,1,FALSE,0
"5680",6,"M",3,"White","Middle",4,0,0,0,0,0,0,0,0,0,2,1,FALSE,1
"5681",6,"M",3,"White","Middle",4,0,0,0,0,0,0,0,0,0,4,NA,FALSE,0
"5682",5,"F",3,"White","Middle",4,0,0,0,0,0,0,0,0,0,4,1,FALSE,0
"5683",6,"M",3,"White","Middle",4,0,0,0,0,0,0,0,0,0,4,1,FALSE,0
"5684",6,"F",3,"White","Middle",4,0,0,0,0,0,0,0,0,0,4,1,FALSE,0
"5685",6,"M",3,"White","Middle",3,0,0,0,0,0,0,0,0,0,2,1,FALSE,1
"5686",5,"F",3,"White","Middle",4,0,0,0,0,0,0,0,0,0,4,1,FALSE,0
"5687",6,"M",3,NA,"Middle",3,NA,0,0,NA,NA,NA,NA,NA,0,1,1,NA,1
"5688",5,"M",3,"White","Middle",4,0,0,0,0,0,0,0,0,0,4,1,FALSE,0
"5689",6,"M",3,"Black","Middle",4,0,0,0,0,0,0,0,0,0,4,1,FALSE,0
"5690",6,"F",3,"White","Middle",4,0,0,0,0,0,0,0,0,0,4,1,FALSE,0
"5691",6,"M",2,"AI/AN","Middle",3,0,0,0,0,0,0,0,0,0,1,1,FALSE,1
"5692",4,"F",2,"AI/AN","Middle",3,0,0,0,0,0,0,0,0,0,2,NA,FALSE,1
"5693",5,"F",2,"Black","Middle",4,0,0,0,0,0,0,0,0,0,4,NA,FALSE,0
"5694",5,"F",2,NA,"Middle",4,0,0,0,0,0,0,0,0,0,2,1,FALSE,1
"5695",4,"M",2,"White","Middle",4,0,0,0,0,0,0,0,0,0,4,1,FALSE,0
"5696",6,"M",2,"Asian","Middle",3,0,0,0,0,0,0,0,0,0,3,1,FALSE,0
"5697",5,"F",2,"White","Middle",4,0,0,0,0,0,0,0,0,0,4,1,FALSE,0
"5698",5,"M",2,"Hispanic","Middle",4,0,0,0,0,0,0,0,0,0,4,1,FALSE,0
"5699",5,"M",2,"White","Middle",4,0,0,0,0,0,0,0,0,0,4,1,FALSE,0
"5700",5,"F",2,"White","Middle",4,0,0,0,0,0,0,0,0,0,4,1,FALSE,0
"5701",4,"F",2,"White","Middle",4,0,0,0,0,0,0,0,0,0,3,NA,FALSE,0
"5702",4,"F",2,"White","Middle",4,0,0,0,0,0,0,0,0,0,4,1,FALSE,0
"5703",6,"M",2,"White","Middle",4,0,0,0,0,0,0,0,0,0,2,NA,FALSE,1
"5704",5,"F",2,"Black","Middle",4,0,0,0,0,0,0,0,0,0,2,NA,FALSE,1
"5705",5,"F",2,"Asian","Middle",4,0,0,0,0,0,0,0,0,0,4,1,FALSE,0
"5706",4,"M",2,"AI/AN","Middle",3,0,0,0,0,0,0,0,0,0,3,NA,FALSE,0
"5707",5,"F",2,"AI/AN","Middle",3,0,0,0,0,0,0,0,0,0,3,NA,FALSE,0
"5708",5,"M",2,"White","Middle",4,0,0,0,0,0,0,0,0,0,4,1,FALSE,0
"5709",4,"M",1,NA,"Middle",4,0,0,0,0,0,0,0,0,0,4,1,FALSE,0
"5710",3,"F",1,"White","Middle",4,0,0,0,0,0,0,0,0,0,1,1,FALSE,1
"5711",4,"M",1,"Hispanic","Middle",4,0,0,0,0,0,0,0,0,0,3,1,FALSE,0
"5712",4,"M",1,"White","Middle",4,0,0,0,0,0,0,0,0,0,4,1,FALSE,0
"5713",4,"M",1,"White","Middle",4,0,0,0,0,0,0,0,0,0,4,1,FALSE,0
"5714",4,"F",1,"White","Middle",4,0,0,0,0,0,0,0,0,0,4,1,FALSE,0
"5715",4,"M",1,"White","Middle",4,0,0,0,0,0,0,0,0,0,4,1,FALSE,0
"5716",4,"M",1,"Black","Middle",4,0,0,0,0,0,0,0,0,0,4,1,FALSE,0
"5717",4,"M",1,"White","Middle",4,0,0,0,0,0,0,0,0,0,4,1,FALSE,0
"5718",4,"F",1,"White","Middle",4,0,0,0,0,0,0,0,0,0,4,1,FALSE,0
"5719",3,"M",1,NA,"Middle",4,0,0,0,0,0,0,0,0,0,4,1,FALSE,0
"5720",3,"M",1,"White","Middle",4,0,0,0,0,0,0,0,0,0,4,1,FALSE,0
"5721",4,"M",1,NA,"Middle",3,0,0,0,0,0,0,0,0,0,3,1,FALSE,0
"5722",4,"F",1,"White","Middle",3,0,NA,0,0,0,0,0,0,0,4,NA,NA,0
"5723",8,"M",5,"Hispanic","High",1,0,1,0,NA,NA,NA,NA,NA,1,1,NA,TRUE,1
"5724",8,"M",5,"White","High",2,0,1,0,NA,NA,NA,NA,NA,1,4,NA,TRUE,0
"5725",7,"F",5,"Asian","High",4,0,0,0,0,0,0,0,0,1,1,NA,TRUE,1
"5726",7,"F",5,"White","High",4,0,0,0,0,0,0,0,0,0,4,1,FALSE,0
"5727",8,"F",5,"White","High",4,1,0,0,0,0,0,0,0,1,2,NA,TRUE,1
"5728",8,"F",5,"Hispanic","High",4,0,0,0,0,0,0,0,0,0,3,NA,FALSE,0
"5729",7,"F",5,"White","High",4,1,0,0,0,0,0,0,0,1,1,NA,TRUE,1
"5730",7,"F",5,"White","High",4,0,0,0,0,0,0,0,0,0,4,1,FALSE,0
"5731",8,"F",5,"Hispanic","High",4,1,0,0,0,0,0,0,0,0,2,NA,TRUE,1
"5732",8,"F",6,"Hispanic","High",3,1,0,0,0,0,0,1,0,0,2,1,TRUE,1
"5733",9,"F",7,"White","High",1,0,NA,0,0,0,0,0,0,0,4,1,NA,0
"5734",10,"F",7,"White","High",4,0,0,0,0,0,0,0,0,0,4,1,FALSE,0
"5735",9,"F",6,"White","High",3,0,0,0,0,0,0,0,0,0,2,NA,FALSE,1
"5736",10,"M",7,"Hispanic","High",1,1,NA,0,NA,NA,NA,NA,NA,1,1,NA,TRUE,1
"5737",9,"F",7,"White","High",3,1,0,0,0,0,0,0,0,1,1,NA,TRUE,1
"5738",8,"M",6,"Hispanic","High",3,0,0,0,0,0,0,0,0,0,4,1,FALSE,0
"5739",8,"M",6,"White","High",2,0,0,0,0,0,0,0,0,1,1,1,TRUE,1
"5740",9,"M",6,"White","High",3,0,0,0,NA,NA,NA,NA,NA,1,2,1,TRUE,1
"5741",9,"M",6,"White","High",1,0,0,1,0,0,0,0,0,1,1,1,TRUE,1
"5742",10,"M",7,"Hispanic","High",2,0,0,0,NA,NA,NA,NA,NA,0,1,1,NA,1
"5743",8,"M",6,"White","High",4,0,0,0,0,0,0,0,0,0,4,1,FALSE,0
"5744",9,"F",6,"White","High",4,0,0,0,0,0,0,0,0,0,4,1,FALSE,0
"5745",8,"M",6,"Black","High",4,0,0,0,0,0,0,0,0,0,4,NA,FALSE,0
"5746",9,"M",6,"White","High",4,0,0,0,0,0,0,0,0,1,3,1,TRUE,0
"5747",9,"M",6,"White","High",4,0,0,0,0,0,0,0,0,0,2,1,FALSE,1
"5748",8,"M",5,"White","High",4,0,0,0,0,0,0,0,0,0,4,NA,FALSE,0
"5749",8,"M",5,"White","High",4,0,0,0,0,0,0,0,0,0,4,NA,FALSE,0
"5750",8,"M",5,"White","High",4,0,0,0,0,0,0,0,0,0,4,NA,FALSE,0
"5751",7,"M",5,"White","High",4,0,0,0,0,0,0,0,0,0,1,NA,FALSE,1
"5752",8,"M",5,NA,"High",2,0,1,0,0,0,1,0,0,NA,1,NA,TRUE,1
"5753",9,"M",6,"White","High",4,0,0,0,0,0,0,0,0,0,4,NA,FALSE,0
"5754",7,"M",5,"White","High",4,0,0,0,0,0,0,0,0,0,2,1,FALSE,1
"5755",9,"M",6,"White","High",4,0,0,0,0,0,0,0,0,0,3,NA,FALSE,0
"5756",8,"M",6,"White","High",2,0,0,0,NA,NA,NA,NA,NA,1,1,NA,TRUE,1
"5757",9,"M",6,"White","High",4,0,0,0,0,0,0,0,0,0,4,1,FALSE,0
"5758",9,"M",6,"White","High",4,0,0,0,0,0,0,0,0,0,4,NA,FALSE,0
"5759",9,"M",6,"Hispanic","High",4,0,0,0,0,0,0,0,0,0,4,1,FALSE,0
"5760",10,"M",7,"White","High",1,1,1,1,NA,NA,NA,NA,NA,1,1,NA,TRUE,1
"5761",10,"M",7,"White","High",1,NA,1,1,0,0,0,0,0,1,1,NA,TRUE,1
"5762",8,"M",6,"White","High",1,0,0,0,0,0,0,0,0,0,1,NA,FALSE,1
"5763",9,"M",6,"White","High",2,0,1,0,0,0,0,0,0,1,1,1,TRUE,1
"5764",9,"M",7,"Black","High",4,0,0,0,0,0,0,0,0,0,4,1,FALSE,0
"5765",9,"M",6,"White","High",3,0,0,0,0,0,0,0,0,0,2,NA,FALSE,1
"5766",8,"F",6,"White","High",1,0,1,0,0,0,1,0,0,1,1,NA,TRUE,1
"5767",10,"M",7,"Hispanic","High",2,1,1,0,0,0,1,0,0,1,1,NA,TRUE,1
"5768",10,"M",7,"White","High",4,0,0,0,0,0,0,0,0,0,4,1,FALSE,0
"5769",9,"M",7,"White","High",4,0,0,0,0,0,0,0,0,0,4,1,FALSE,0
"5770",8,"M",6,"White","High",3,0,0,0,0,0,1,0,0,1,1,NA,TRUE,1
"5771",8,"F",5,"White","High",4,0,0,0,0,0,0,0,0,0,4,1,FALSE,0
"5772",8,"M",5,"Hispanic","High",1,0,1,0,0,0,0,0,0,0,1,1,TRUE,1
"5773",10,"M",7,"White","High",1,1,NA,0,0,0,1,0,0,1,1,NA,TRUE,1
"5774",10,"M",7,"White","High",1,0,1,0,0,0,0,0,0,1,1,NA,TRUE,1
"5775",9,"M",7,"White","High",1,0,1,0,0,0,1,0,0,1,1,NA,TRUE,1
"5776",9,"F",6,"White","High",3,0,1,0,0,0,0,0,0,1,2,1,TRUE,1
"5777",8,"F",6,"White","High",4,0,0,0,0,0,0,0,0,0,4,1,FALSE,0
"5778",10,"F",6,"White","High",3,0,0,0,0,0,0,0,0,0,3,1,FALSE,0
"5779",9,"F",7,"Hispanic","High",1,0,1,0,0,0,0,0,0,0,2,NA,TRUE,1
"5780",10,"F",7,"White","High",3,0,0,0,0,0,0,0,0,1,2,NA,TRUE,1
"5781",10,"M",7,"Black","High",4,0,0,0,0,0,0,0,0,0,4,NA,FALSE,0
"5782",9,"M",7,"White","High",4,0,0,0,0,0,0,0,0,1,2,1,TRUE,1
"5783",9,"M",6,"White","High",1,1,1,0,1,0,1,0,0,1,1,NA,TRUE,1
"5784",9,"M",7,"White","High",2,0,1,0,0,0,0,0,0,0,2,NA,TRUE,1
"5785",9,"M",6,"Hispanic","High",3,1,0,0,0,0,0,0,0,1,1,NA,TRUE,1
"5786",9,"M",6,"Black","High",3,0,0,0,0,0,0,0,0,0,3,NA,FALSE,0
"5787",9,"F",6,"Hispanic","High",4,0,0,0,0,0,0,0,0,0,4,1,FALSE,0
"5788",8,"F",6,"White","High",3,1,0,0,0,0,0,0,0,0,4,NA,TRUE,0
"5789",9,"M",7,"White","High",2,0,1,0,0,0,0,0,0,0,2,1,TRUE,1
"5790",10,"M",7,"White","High",3,0,0,0,0,0,0,0,0,0,3,NA,FALSE,0
"5791",9,"F",6,"Hispanic","High",3,0,0,0,0,0,0,0,0,0,1,1,FALSE,1
"5792",9,"F",6,"White","High",3,0,0,0,0,0,0,0,0,0,4,NA,FALSE,0
"5793",10,"F",7,"Black","High",4,0,0,0,0,0,0,0,0,0,1,1,FALSE,1
"5794",9,"F",6,"White","High",4,0,0,0,0,0,0,0,0,0,2,NA,FALSE,1
"5795",8,"M",6,"White","High",3,1,0,0,1,0,1,0,0,0,3,1,TRUE,0
"5796",8,"M",6,"White","High",4,0,0,0,0,0,0,0,0,0,4,1,FALSE,0
"5797",7,"M",4,"White","High",3,1,0,0,0,0,0,0,0,0,1,NA,TRUE,1
"5798",6,"M",4,"White","High",2,0,0,0,0,0,0,0,0,0,1,NA,FALSE,1
"5799",6,"F",4,"White","High",4,0,0,0,0,0,0,0,0,0,4,1,FALSE,0
"5800",7,"F",4,"Hispanic","High",4,0,0,0,0,0,0,0,0,0,4,1,FALSE,0
"5801",6,"F",4,NA,"High",1,0,0,0,0,0,0,0,0,0,2,NA,FALSE,1
"5802",7,"F",4,"White","High",2,1,1,1,0,0,0,0,0,1,2,NA,TRUE,1
"5803",7,"F",4,"Hispanic","High",3,0,0,0,0,0,0,0,0,1,1,NA,TRUE,1
"5804",7,"F",4,NA,"High",4,0,0,0,0,0,0,0,0,0,4,NA,FALSE,0
"5805",6,"M",4,"White","High",3,0,0,0,0,0,0,0,0,0,3,1,FALSE,0
"5806",6,"M",4,"White","High",4,0,0,0,0,0,0,0,0,0,3,1,FALSE,0
"5807",7,"F",4,"White","High",4,0,0,0,0,0,0,0,0,0,3,NA,FALSE,0
"5808",7,"M",4,"White","High",4,0,0,0,0,0,0,0,0,0,4,NA,FALSE,0
"5809",6,"M",4,"White","High",3,1,NA,0,NA,NA,NA,NA,NA,1,1,NA,TRUE,1
"5810",6,"F",4,"White","High",4,0,0,0,0,0,0,0,0,0,3,NA,FALSE,0
"5811",8,"M",4,"White","High",1,1,NA,1,0,0,1,0,0,1,1,1,TRUE,1
"5812",7,"F",4,"White","High",4,0,0,0,0,0,0,0,0,0,2,NA,FALSE,1
"5813",9,"F",6,"White","High",3,0,0,0,0,0,1,0,0,1,1,NA,TRUE,1
"5814",8,"F",6,"White","High",3,0,0,0,0,0,0,0,0,0,1,1,FALSE,1
"5815",10,"M",7,"White","High",1,1,1,1,NA,NA,NA,NA,NA,1,1,NA,TRUE,1
"5816",8,"M",6,"Hispanic","High",4,1,0,0,0,0,1,0,0,1,3,1,TRUE,0
"5817",10,"M",7,"White","High",2,NA,1,NA,0,0,0,0,0,1,2,1,TRUE,1
"5818",10,"M",7,"White","High",4,0,0,0,0,0,0,0,0,0,4,1,FALSE,0
"5819",9,"F",7,"White","High",4,1,0,0,0,0,0,0,0,0,1,1,TRUE,1
"5820",6,"F",4,"Hispanic","High",4,0,0,0,0,0,0,0,0,0,4,1,FALSE,0
"5821",6,"F",4,"Hispanic","High",3,0,0,0,NA,NA,NA,NA,NA,0,1,NA,NA,1
"5822",7,"M",4,"White","High",4,0,0,0,0,0,0,0,0,0,4,1,FALSE,0
"5823",7,"M",4,"White","High",2,0,1,0,NA,NA,NA,NA,NA,1,1,NA,TRUE,1
"5824",7,"M",4,"White","High",4,0,0,0,0,0,0,0,0,0,4,1,FALSE,0
"5825",7,"M",4,"White","High",3,0,0,0,0,0,0,0,0,0,2,1,FALSE,1
"5826",6,"F",4,"White","High",4,0,0,0,0,0,0,0,0,0,4,1,FALSE,0
"5827",7,"F",5,"White","High",4,0,0,0,0,0,0,0,0,0,1,1,FALSE,1
"5828",7,"F",4,"White","High",4,0,0,0,0,0,0,0,0,0,4,1,FALSE,0
"5829",6,"M",4,NA,"High",3,0,0,0,0,0,0,0,0,1,1,1,TRUE,1
"5830",6,"M",4,"Hispanic","High",3,0,0,0,0,0,0,0,0,0,3,1,FALSE,0
"5831",6,"M",4,"Hispanic","High",4,0,0,0,0,0,0,0,0,0,4,NA,FALSE,0
"5832",7,"M",4,"White","High",4,0,0,0,0,0,0,0,0,0,3,1,FALSE,0
"5833",7,"F",4,"White","High",4,0,1,0,0,0,0,0,0,1,1,NA,TRUE,1
"5834",9,"M",7,"White","High",2,0,0,0,0,0,0,0,0,1,1,NA,TRUE,1
"5835",10,"M",7,"Hispanic","High",2,1,1,0,0,1,1,0,0,1,2,1,TRUE,1
"5836",9,"M",7,"White","High",4,0,0,0,0,0,0,0,0,0,4,NA,FALSE,0
"5837",11,"M",7,"White","High",3,0,0,0,0,0,0,0,0,0,3,NA,FALSE,0
"5838",10,"F",7,"Hispanic","High",4,1,1,0,0,0,0,0,0,0,2,1,TRUE,1
"5839",9,"M",6,"White","High",4,0,0,1,0,0,0,0,0,0,2,NA,TRUE,1
"5840",10,"M",7,"White","High",1,0,1,0,0,0,0,0,0,0,3,NA,TRUE,0
"5841",10,"M",7,"White","High",4,0,0,0,0,0,0,0,0,0,4,1,FALSE,0
"5842",9,"M",7,"White","High",1,0,NA,0,0,0,0,0,0,1,1,NA,TRUE,1
"5843",9,"M",6,"White","High",4,0,0,0,0,0,0,0,0,0,4,NA,FALSE,0
"5844",10,"M",6,"Hispanic","High",3,0,0,1,NA,NA,NA,NA,NA,0,2,1,TRUE,1
"5845",9,"M",6,"White","High",4,0,0,0,0,0,0,0,0,0,4,NA,FALSE,0
"5846",9,"M",6,"White","High",3,0,NA,0,0,0,1,0,0,1,1,NA,TRUE,1
"5847",8,"F",6,"White","High",1,0,0,0,0,0,0,0,0,0,1,1,FALSE,1
"5848",10,"M",6,"White","High",2,0,1,0,0,0,0,0,0,0,1,NA,TRUE,1
"5849",9,"M",7,"Hispanic","High",3,0,0,0,0,0,0,0,0,0,2,1,FALSE,1
"5850",9,"M",6,"Hispanic","High",4,1,0,0,0,0,1,0,0,1,1,NA,TRUE,1
"5851",10,"M",7,"White","High",2,0,1,0,NA,NA,NA,NA,NA,1,2,NA,TRUE,1
"5852",10,"M",7,"White","High",1,0,1,0,1,0,0,0,0,1,1,NA,TRUE,1
"5853",7,"M",5,"White","High",4,0,0,0,0,0,0,0,0,0,2,1,FALSE,1
"5854",7,"M",5,"Asian","High",4,0,0,0,0,0,0,0,0,0,4,1,FALSE,0
"5855",7,"M",5,"White","High",2,0,1,0,NA,NA,NA,NA,NA,1,1,1,TRUE,1
"5856",8,"M",5,"White","High",3,0,0,0,0,0,0,0,0,0,1,1,FALSE,1
"5857",8,"M",5,"White","High",1,0,0,0,NA,NA,NA,NA,NA,0,2,NA,NA,1
"5858",7,"M",5,"White","High",2,0,0,0,0,0,0,0,0,0,2,NA,FALSE,1
"5859",8,"M",5,"White","High",4,0,0,0,0,0,0,0,0,0,1,1,FALSE,1
"5860",9,"M",5,"AI/AN","High",4,0,0,0,0,0,0,0,0,1,2,NA,TRUE,1
"5861",8,"M",6,"Hispanic","High",4,0,0,0,0,0,0,0,0,0,4,1,FALSE,0
"5862",8,"M",5,"Asian","High",3,0,0,0,0,0,0,0,0,0,1,1,FALSE,1
"5863",8,"M",5,"White","High",1,0,0,0,0,0,0,0,0,1,1,1,TRUE,1
"5864",7,"M",5,"White","High",4,0,0,0,0,0,0,0,0,0,4,1,FALSE,0
"5865",8,"F",5,"White","High",4,1,0,0,0,0,0,0,0,0,2,NA,TRUE,1
"5866",8,"M",5,"Hispanic","High",4,0,0,0,0,0,0,0,0,0,3,NA,FALSE,0
"5867",7,"F",5,"White","High",4,0,0,0,0,0,0,0,0,0,4,NA,FALSE,0
"5868",7,"M",5,"White","High",4,0,0,0,0,0,0,0,0,0,2,1,FALSE,1
"5869",8,"M",5,"Hispanic","High",4,0,0,0,NA,NA,NA,NA,NA,1,1,NA,TRUE,1
"5870",8,"F",5,"White","High",4,1,0,0,0,0,0,0,0,1,1,NA,TRUE,1
"5871",8,"F",5,"Hispanic","High",4,0,0,1,0,0,0,0,0,1,1,1,TRUE,1
"5872",7,"F",5,"Hispanic","High",3,0,0,0,0,0,0,0,0,0,1,NA,FALSE,1
"5873",7,"F",5,"White","High",2,0,0,0,0,0,1,0,0,1,1,NA,TRUE,1
"5874",8,"M",5,"White","High",3,0,0,0,0,0,0,0,0,1,1,NA,TRUE,1
"5875",8,"M",5,"White","High",3,0,0,0,0,0,0,0,0,0,3,1,FALSE,0
"5876",4,"M",2,"Black","Middle",3,0,0,0,0,0,0,0,0,0,1,1,FALSE,1
"5877",5,"M",2,"Hispanic","Middle",4,0,0,0,0,0,0,0,0,0,4,1,FALSE,0
"5878",4,"M",2,"Black","Middle",4,0,0,0,0,0,0,0,0,0,4,1,FALSE,0
"5879",5,"M",2,"Black","Middle",2,0,NA,0,0,0,1,0,0,0,2,NA,TRUE,1
"5880",5,"F",2,"Black","Middle",4,0,0,0,0,0,0,0,0,0,2,1,FALSE,1
"5881",5,"F",2,"Hispanic","Middle",4,0,0,0,0,0,0,0,0,0,4,1,FALSE,0
"5882",4,"M",2,"Black","Middle",3,0,0,0,NA,NA,NA,NA,NA,0,3,NA,NA,0
"5883",5,"F",2,"White","Middle",3,0,0,0,0,0,0,0,0,0,4,NA,FALSE,0
"5884",5,"F",2,"Hispanic","Middle",4,0,0,0,0,0,0,0,0,0,4,1,FALSE,0
"5885",5,"F",2,"Hispanic","Middle",3,0,0,0,0,0,0,0,0,0,3,1,FALSE,0
"5886",5,"M",2,"White","Middle",4,0,0,0,0,0,0,0,0,0,4,1,FALSE,0
"5887",4,"F",2,"Black","Middle",4,0,0,0,0,0,0,0,0,0,4,1,FALSE,0
"5888",5,"F",2,"Hispanic","Middle",4,0,0,0,0,0,0,0,0,0,4,NA,FALSE,0
"5889",4,"F",2,"Asian","Middle",3,0,0,0,0,0,0,0,0,0,4,1,FALSE,0
"5890",4,"F",2,"Hispanic","Middle",4,0,0,0,0,0,0,0,0,0,2,1,FALSE,1
"5891",4,"F",2,"Hispanic","Middle",4,0,0,0,0,0,0,0,0,0,4,1,FALSE,0
"5892",5,"F",2,NA,"Middle",4,0,0,0,0,0,0,0,0,0,4,NA,FALSE,0
"5893",5,"M",2,"White","Middle",4,1,0,0,0,0,0,0,0,0,2,NA,TRUE,1
"5894",4,"F",2,"Hispanic","Middle",4,0,0,0,0,0,0,0,0,0,3,1,FALSE,0
"5895",4,"F",2,"Hispanic","Middle",4,0,0,0,0,0,0,0,0,0,4,NA,FALSE,0
"5896",4,"M",1,NA,"Middle",4,0,0,0,0,0,0,0,0,0,4,1,FALSE,0
"5897",3,"M",1,"Hispanic","Middle",4,0,0,0,0,0,0,0,0,0,4,1,FALSE,0
"5898",4,"F",1,"Hispanic","Middle",4,0,0,0,0,0,1,0,0,1,1,NA,TRUE,1
"5899",3,"F",1,"White","Middle",4,0,0,0,0,0,0,0,0,0,4,NA,FALSE,0
"5900",4,"F",1,"Hispanic","Middle",4,0,0,0,0,0,0,0,0,0,4,NA,FALSE,0
"5901",4,"F",1,"White","Middle",4,0,0,0,0,0,0,0,0,0,3,1,FALSE,0
"5902",3,"F",1,"Hispanic","Middle",NA,0,NA,NA,0,0,0,0,0,NA,NA,1,NA,NA
"5903",3,"M",1,"Hispanic","Middle",3,0,0,0,0,0,0,0,0,0,2,1,FALSE,1
"5904",4,"F",1,"Hispanic","Middle",4,0,0,0,0,0,0,0,0,0,4,NA,FALSE,0
"5905",4,"M",1,"Hispanic","Middle",3,0,0,0,0,0,1,0,0,1,1,NA,TRUE,1
"5906",4,"F",1,"Hispanic","Middle",4,0,0,0,0,0,0,0,0,0,4,1,FALSE,0
"5907",4,"M",1,"Hispanic","Middle",4,0,0,0,0,0,0,0,0,0,4,1,FALSE,0
"5908",4,"M",2,"Hispanic","Middle",4,0,0,0,0,0,0,0,0,0,4,1,FALSE,0
"5909",5,"M",2,"White","Middle",4,0,0,0,0,0,0,0,0,0,4,NA,FALSE,0
"5910",5,"M",2,"Hispanic","Middle",4,0,0,0,0,0,0,0,0,0,4,1,FALSE,0
"5911",5,"M",2,"Hispanic","Middle",4,0,0,0,0,0,0,0,0,0,1,NA,FALSE,1
"5912",4,"M",2,"Black","Middle",4,0,0,0,0,0,0,0,0,0,4,1,FALSE,0
"5913",5,"M",2,"Hispanic","Middle",4,0,0,0,0,0,0,0,0,0,3,1,FALSE,0
"5914",5,"M",2,"White","Middle",4,0,0,0,0,0,0,0,0,0,2,NA,FALSE,1
"5915",5,"M",2,"Hispanic","Middle",4,0,0,0,0,0,0,0,0,0,4,1,FALSE,0
"5916",4,"M",2,"Hispanic","Middle",3,0,0,0,0,0,0,0,0,0,1,1,FALSE,1
"5917",4,"M",2,"White","Middle",4,0,0,0,0,0,0,0,0,0,4,1,FALSE,0
"5918",4,"F",2,"Black","Middle",4,0,0,0,0,0,0,0,0,0,4,NA,FALSE,0
"5919",4,"F",2,"Hispanic","Middle",3,0,0,0,0,0,0,0,0,0,3,1,FALSE,0
"5920",5,"F",2,"Black","Middle",3,0,0,0,0,0,0,0,0,0,4,NA,FALSE,0
"5921",5,"M",2,"Hispanic","Middle",4,0,0,0,0,0,0,0,0,0,4,NA,FALSE,0
"5922",5,"M",2,"Black","Middle",4,0,0,0,0,0,0,0,0,0,3,1,FALSE,0
"5923",5,"F",2,"Hispanic","Middle",4,0,0,0,0,0,0,0,0,0,3,NA,FALSE,0
"5924",5,"M",2,"Hispanic","Middle",4,0,0,0,0,0,0,0,0,0,2,1,FALSE,1
"5925",5,"M",2,"Hispanic","Middle",NA,0,NA,NA,0,0,0,0,0,NA,NA,1,NA,NA
"5926",4,"F",2,"Black","Middle",4,0,0,0,0,0,0,0,0,0,4,1,FALSE,0
"5927",5,"F",2,"Hispanic","Middle",4,0,0,0,0,0,0,0,0,0,2,1,FALSE,1
"5928",6,"M",2,"White","Middle",4,0,0,0,0,0,0,0,0,0,2,NA,FALSE,1
"5929",3,"F",1,"White","Middle",4,0,0,0,0,0,0,0,0,0,4,NA,FALSE,0
"5930",3,"F",1,"Black","Middle",3,0,0,0,0,0,0,0,0,0,3,NA,FALSE,0
"5931",3,"M",1,"White","Middle",3,0,0,0,0,0,0,0,0,0,3,NA,FALSE,0
"5932",4,"M",1,NA,"Middle",4,0,0,0,0,0,0,0,0,0,4,NA,FALSE,0
"5933",4,"F",1,"Hispanic","Middle",4,0,0,0,0,0,0,0,0,0,4,NA,FALSE,0
"5934",3,"M",1,"White","Middle",4,0,0,0,0,0,0,0,0,0,4,1,FALSE,0
"5935",4,"M",1,"Hispanic","Middle",4,0,0,NA,0,0,0,0,0,1,4,NA,TRUE,0
"5936",4,"M",1,"White","Middle",4,0,0,0,0,0,0,0,0,0,4,1,FALSE,0
"5937",4,"F",1,NA,"Middle",4,0,0,0,0,0,0,0,0,0,4,NA,FALSE,0
"5938",4,"F",1,"White","Middle",4,0,0,0,0,0,0,0,0,0,4,1,FALSE,0
"5939",4,"F",1,"Hispanic","Middle",4,0,0,0,0,0,0,0,0,0,4,NA,FALSE,0
"5940",3,"M",1,"Black","Middle",2,NA,0,0,0,0,0,1,0,1,1,NA,TRUE,1
"5941",4,"F",1,"Black","Middle",4,0,0,0,0,0,0,0,0,0,3,NA,FALSE,0
"5942",4,"M",1,"Hispanic","Middle",4,0,0,0,0,0,0,0,0,0,2,1,FALSE,1
"5943",3,"F",1,NA,"Middle",1,0,0,1,0,0,0,0,0,1,1,NA,TRUE,1
"5944",4,"M",1,"White","Middle",4,0,0,0,0,0,0,0,0,0,4,NA,FALSE,0
"5945",4,"M",1,"Hispanic","Middle",4,0,0,0,0,0,0,0,0,0,2,NA,FALSE,1
"5946",4,"M",1,"Hispanic","Middle",4,0,0,0,0,0,0,0,0,0,4,NA,FALSE,0
"5947",3,"M",1,"Hispanic","Middle",3,0,0,0,0,0,0,0,0,0,4,1,FALSE,0
"5948",4,"M",1,"Hispanic","Middle",3,0,0,0,NA,NA,NA,NA,NA,1,2,NA,TRUE,1
"5949",4,"M",1,"Hispanic","Middle",4,0,0,NA,NA,NA,NA,NA,NA,0,3,1,NA,0
"5950",3,"M",1,"White","Middle",4,0,0,0,0,0,0,0,0,0,4,NA,FALSE,0
"5951",4,"M",1,"Hispanic","Middle",4,0,0,0,0,0,0,0,0,0,4,1,FALSE,0
"5952",3,"F",1,"Hispanic","Middle",4,0,0,0,0,0,0,0,0,0,4,NA,FALSE,0
"5953",4,"F",1,"Hispanic","Middle",4,0,0,0,0,0,0,0,0,0,4,1,FALSE,0
"5954",4,"M",1,"Hispanic","Middle",3,0,0,0,0,0,0,0,0,0,2,NA,FALSE,1
"5955",3,"M",1,"White","Middle",4,0,0,0,0,0,0,0,0,0,4,NA,FALSE,0
"5956",4,"F",1,"Black","Middle",4,NA,NA,0,0,0,0,0,0,0,4,NA,NA,0
"5957",4,"F",1,"Hispanic","Middle",4,1,0,0,0,0,0,0,0,1,2,NA,TRUE,1
"5958",4,"M",1,"White","Middle",4,0,0,0,0,0,0,0,0,0,4,1,FALSE,0
"5959",6,"F",3,NA,"Middle",4,1,0,0,0,0,1,1,0,1,2,NA,TRUE,1
"5960",5,NA,3,"Hispanic","Middle",3,0,0,0,0,0,0,0,0,0,2,1,FALSE,1
"5961",6,"F",3,"White","Middle",3,NA,0,0,0,0,1,0,0,1,1,NA,TRUE,1
"5962",5,"F",3,"Hispanic","Middle",3,0,0,0,0,0,0,0,0,0,1,NA,FALSE,1
"5963",6,"F",3,"White","Middle",3,0,0,0,0,0,1,0,0,1,1,NA,TRUE,1
"5964",6,"F",3,"Hispanic","Middle",4,0,0,0,0,0,0,0,0,0,2,NA,FALSE,1
"5965",6,"F",3,"Asian","Middle",4,0,0,0,0,0,0,0,0,0,3,1,FALSE,0
"5966",6,"M",3,"Hispanic","Middle",4,0,0,0,0,0,0,0,0,0,2,NA,FALSE,1
"5967",6,"M",3,"White","Middle",4,0,0,0,0,0,0,0,0,0,2,NA,FALSE,1
"5968",6,"F",3,"White","Middle",4,0,0,0,0,0,0,0,0,0,2,NA,FALSE,1
"5969",6,"M",3,"White","Middle",4,0,0,1,0,0,0,0,0,0,1,NA,TRUE,1
"5970",6,"F",3,"White","Middle",4,0,0,0,0,0,0,0,0,0,2,1,FALSE,1
"5971",5,"M",3,"White","Middle",3,0,0,0,0,0,0,0,0,0,2,1,FALSE,1
"5972",6,"F",3,"White","Middle",4,0,0,0,0,0,0,0,0,0,1,NA,FALSE,1
"5973",5,"F",3,"Black","Middle",4,0,0,0,0,0,0,0,0,0,2,NA,FALSE,1
"5974",5,"F",3,"Black","Middle",4,0,0,0,0,0,0,0,0,0,2,1,FALSE,1
"5975",6,"F",3,"White","Middle",4,0,0,0,0,0,0,0,0,0,4,1,FALSE,0
"5976",5,"F",3,"Black","Middle",4,0,0,0,0,0,0,0,0,0,4,1,FALSE,0
"5977",6,"F",3,"White","Middle",4,0,0,0,0,0,0,0,0,0,4,1,FALSE,0
"5978",6,"F",3,"Hispanic","Middle",1,1,NA,0,0,0,1,0,0,0,4,NA,TRUE,0
"5979",5,"M",3,"Black","Middle",4,0,0,0,NA,NA,NA,NA,NA,0,2,1,NA,1
"5980",6,"M",3,"Black","Middle",4,0,0,0,0,0,0,0,0,0,4,1,FALSE,0
"5981",6,"F",3,"Hispanic","Middle",4,0,0,0,0,0,0,0,0,0,4,1,FALSE,0
"5982",6,"F",3,"Black","Middle",4,0,0,0,0,0,0,0,0,0,2,1,FALSE,1
"5983",6,"M",3,"NHOPI","Middle",4,0,0,0,0,0,0,0,0,0,1,1,FALSE,1
"5984",6,"F",3,"Hispanic","Middle",4,1,0,0,0,0,0,0,0,1,1,1,TRUE,1
"5985",5,"F",3,"Hispanic","Middle",4,0,0,0,0,0,0,0,0,0,4,1,FALSE,0
"5986",6,"F",3,"Black","Middle",4,0,0,0,0,0,0,0,0,0,4,1,FALSE,0
"5987",6,"M",3,"Hispanic","Middle",3,0,0,0,0,0,0,0,0,0,2,1,FALSE,1
"5988",6,"F",3,NA,"Middle",2,0,0,0,0,0,0,0,0,0,1,NA,FALSE,1
"5989",6,"F",3,"Hispanic","Middle",4,0,0,0,0,0,0,0,0,0,4,NA,FALSE,0
"5990",5,"F",3,"White","Middle",3,0,0,0,0,0,0,0,0,0,4,NA,FALSE,0
"5991",6,"F",3,"White","Middle",3,0,0,0,0,0,0,0,0,0,2,NA,FALSE,1
"5992",6,"F",3,"Hispanic","Middle",4,0,0,0,0,0,0,0,0,0,2,1,FALSE,1
"5993",5,"F",3,"Black","Middle",4,0,0,0,0,0,0,0,0,0,1,NA,FALSE,1
"5994",6,"F",3,"White","Middle",4,0,0,0,0,0,0,0,0,0,2,NA,FALSE,1
"5995",6,"F",3,"White","Middle",4,0,0,0,0,0,0,0,0,0,4,1,FALSE,0
"5996",6,"M",3,"Hispanic","Middle",3,0,0,0,0,0,0,0,0,0,2,1,FALSE,1
"5997",5,"F",3,"Hispanic","Middle",4,0,0,0,0,0,0,0,0,0,4,1,FALSE,0
"5998",6,"F",3,"Hispanic","Middle",4,0,0,0,0,0,0,0,0,0,2,1,FALSE,1
"5999",6,"M",3,"Hispanic","Middle",4,NA,NA,NA,NA,NA,NA,NA,NA,NA,4,NA,NA,0
"6000",6,"M",3,"Hispanic","Middle",2,0,0,0,0,0,0,0,0,0,4,1,FALSE,0
"6001",7,"M",4,NA,"High",4,0,0,0,0,0,0,0,0,0,4,1,FALSE,0
"6002",7,"F",4,"White","High",4,0,0,0,NA,NA,NA,NA,NA,0,4,NA,NA,0
"6003",7,"F",4,"White","High",4,0,0,0,0,0,0,0,0,0,4,1,FALSE,0
"6004",8,"F",5,"White","High",4,0,0,0,0,0,0,0,0,0,2,1,FALSE,1
"6005",8,"F",5,"Hispanic","High",4,0,0,0,0,0,0,0,0,0,4,1,FALSE,0
"6006",7,"M",4,"Hispanic","High",4,0,0,0,0,0,0,0,0,0,4,1,FALSE,0
"6007",7,"M",4,"White","High",4,0,0,0,0,0,0,0,0,0,4,1,FALSE,0
"6008",8,"M",4,"Hispanic","High",4,0,0,0,0,0,0,0,0,0,4,1,FALSE,0
"6009",9,"F",6,"Black","High",4,0,0,0,0,0,0,0,0,0,4,1,FALSE,0
"6010",8,"M",6,"Hispanic","High",2,0,0,0,0,0,0,0,0,0,1,NA,FALSE,1
"6011",8,"M",6,NA,"High",4,0,0,0,0,0,0,0,0,0,4,1,FALSE,0
"6012",8,"M",6,"White","High",4,0,0,0,0,0,0,0,0,0,4,NA,FALSE,0
"6013",7,"F",5,"White","High",4,0,0,0,0,0,0,0,0,0,4,1,FALSE,0
"6014",8,"M",5,"Black","High",4,0,0,0,0,0,0,0,0,0,4,1,FALSE,0
"6015",8,"M",5,"Hispanic","High",3,0,0,0,0,0,0,0,0,0,4,1,FALSE,0
"6016",9,"F",5,"Black","High",4,0,0,0,0,0,0,0,0,0,4,1,FALSE,0
"6017",9,"M",6,"Black","High",4,0,0,0,0,0,0,0,0,0,4,1,FALSE,0
"6018",9,"M",5,"Hispanic","High",NA,NA,1,0,0,1,0,0,0,1,3,NA,TRUE,0
"6019",3,"F",3,"Hispanic","Middle",2,1,1,1,0,0,0,0,0,1,4,NA,TRUE,0
"6020",9,"M",5,"Black","High",3,0,NA,NA,0,0,0,0,0,0,3,NA,NA,0
"6021",7,"F",4,"White","High",4,0,0,0,0,0,0,0,0,0,4,NA,FALSE,0
"6022",7,"F",4,NA,"High",2,1,1,0,NA,NA,NA,NA,NA,0,3,NA,TRUE,0
"6023",7,"F",4,"White","High",4,0,0,0,0,0,0,0,0,0,4,1,FALSE,0
"6024",9,"F",6,"White","High",4,0,0,0,0,0,0,0,0,0,4,1,FALSE,0
"6025",8,"M",5,"Hispanic","High",4,0,0,0,0,0,0,0,0,0,4,1,FALSE,0
"6026",7,"M",4,NA,"High",4,0,0,0,0,0,0,0,0,0,4,1,FALSE,0
"6027",8,"M",4,"White","High",4,0,0,0,0,0,0,0,0,0,4,1,FALSE,0
"6028",8,"M",4,"White","High",4,0,0,0,0,0,0,0,0,0,4,1,FALSE,0
"6029",6,"F",4,"White","High",4,0,0,0,0,0,0,0,0,0,2,1,FALSE,1
"6030",9,"M",6,"White","High",3,0,0,0,0,0,0,0,0,0,3,NA,FALSE,0
"6031",8,"M",5,"White","High",4,0,0,0,0,0,0,0,0,0,4,1,FALSE,0
"6032",7,"M",4,"White","High",3,0,0,0,0,0,0,0,0,0,2,NA,FALSE,1
"6033",7,"M",4,"White","High",4,0,0,0,0,0,0,0,0,0,3,NA,FALSE,0
"6034",7,"M",4,"White","High",4,0,0,0,0,0,0,0,0,0,4,NA,FALSE,0
"6035",8,"M",6,"Black","High",4,0,0,0,0,0,0,0,0,0,4,1,FALSE,0
"6036",7,"M",5,"Black","High",4,0,0,0,NA,NA,NA,NA,NA,0,2,NA,NA,1
"6037",5,"F",3,"White","Middle",4,0,0,0,0,0,0,0,0,0,3,NA,FALSE,0
"6038",6,"F",3,"White","Middle",4,1,0,0,0,0,0,0,0,1,1,NA,TRUE,1
"6039",5,"F",3,"White","Middle",3,1,0,1,0,1,0,1,0,1,1,NA,TRUE,1
"6040",6,"F",3,"Hispanic","Middle",3,0,0,0,0,0,0,0,0,0,2,NA,FALSE,1
"6041",5,"F",3,"Hispanic","Middle",3,0,0,0,0,0,0,0,0,0,1,NA,FALSE,1
"6042",6,"F",3,"White","Middle",3,0,0,0,0,0,0,0,0,0,2,1,FALSE,1
"6043",6,"F",3,"White","Middle",4,0,0,0,0,0,0,0,0,0,4,NA,FALSE,0
"6044",5,"F",3,"White","Middle",4,0,0,0,0,0,0,0,0,0,4,1,FALSE,0
"6045",6,"F",3,"White","Middle",4,0,0,0,0,0,0,0,0,0,3,1,FALSE,0
"6046",6,"F",3,"Hispanic","Middle",4,0,0,0,0,0,0,0,0,0,4,NA,FALSE,0
"6047",6,"F",3,"White","Middle",3,0,0,0,0,0,0,0,0,0,4,NA,FALSE,0
"6048",6,"F",3,"White","Middle",4,0,0,NA,0,0,0,0,0,0,4,NA,NA,0
"6049",5,"F",3,"White","Middle",4,0,0,0,0,0,0,0,0,0,3,1,FALSE,0
"6050",6,"F",3,"White","Middle",4,0,0,0,0,0,0,0,0,0,2,1,FALSE,1
"6051",6,"F",3,"AI/AN","Middle",4,0,0,0,0,0,0,0,0,0,4,NA,FALSE,0
"6052",6,NA,3,"White","Middle",4,0,0,0,0,0,0,0,0,0,4,1,FALSE,0
"6053",6,"F",3,"Asian","Middle",4,0,0,0,0,0,0,0,0,0,3,1,FALSE,0
"6054",6,"F",3,"White","Middle",4,0,0,0,0,0,0,0,0,0,3,1,FALSE,0
"6055",6,"F",3,"White","Middle",4,0,0,0,0,0,0,0,0,0,3,NA,FALSE,0
"6056",6,"F",3,"White","Middle",4,0,0,0,0,0,1,0,0,0,3,NA,TRUE,0
"6057",6,"F",3,"Hispanic","Middle",3,0,0,0,0,0,0,0,0,0,1,1,FALSE,1
"6058",7,"F",3,"White","Middle",4,0,0,0,0,0,0,0,0,0,2,NA,FALSE,1
"6059",6,"F",3,"Hispanic","Middle",2,0,0,0,0,0,0,0,0,0,4,NA,FALSE,0
"6060",6,"F",3,"White","Middle",4,0,0,0,0,0,1,0,0,1,1,NA,TRUE,1
"6061",6,"F",3,"White","Middle",4,1,0,0,0,0,0,0,0,0,2,NA,TRUE,1
"6062",6,"M",3,"AI/AN","Middle",3,0,0,0,NA,NA,NA,NA,NA,NA,3,NA,NA,0
"6063",5,"M",3,"White","Middle",4,0,0,0,0,0,0,0,0,0,4,NA,FALSE,0
"6064",7,"M",3,"Hispanic","Middle",4,0,0,0,0,0,0,0,0,0,2,NA,FALSE,1
"6065",6,"M",3,"White","Middle",3,0,0,0,0,0,0,0,0,0,2,NA,FALSE,1
"6066",6,"M",3,"Black","Middle",3,NA,NA,0,0,0,0,0,0,1,4,NA,TRUE,0
"6067",6,"M",3,"Hispanic","Middle",4,0,0,0,0,0,0,0,0,0,4,NA,FALSE,0
"6068",6,"M",3,"White","Middle",4,0,0,0,0,0,0,0,0,0,4,1,FALSE,0
"6069",6,"M",3,"White","Middle",4,0,0,0,0,0,0,0,0,0,4,1,FALSE,0
"6070",6,"M",3,"White","Middle",4,0,0,0,0,0,0,0,0,0,4,NA,FALSE,0
"6071",5,"M",3,"Hispanic","Middle",4,0,0,0,0,0,0,0,0,0,3,NA,FALSE,0
"6072",7,"M",3,"White","Middle",4,0,0,0,0,0,0,0,0,0,4,NA,FALSE,0
"6073",6,"M",3,"Hispanic","Middle",4,0,0,0,0,0,0,0,0,0,2,NA,FALSE,1
"6074",7,"M",3,"White","Middle",4,0,0,0,0,0,0,0,0,0,4,1,FALSE,0
"6075",6,"M",3,"Hispanic","Middle",4,0,0,0,0,0,0,0,0,0,4,1,FALSE,0
"6076",6,"M",3,"White","Middle",4,NA,NA,NA,0,0,0,0,0,NA,4,NA,NA,0
"6077",6,"M",3,"White","Middle",2,0,0,0,0,0,0,0,0,0,1,1,FALSE,1
"6078",6,"M",3,"White","Middle",4,0,0,0,0,0,0,0,0,0,4,NA,FALSE,0
"6079",6,"M",3,"White","Middle",1,1,0,0,0,0,0,0,0,0,3,NA,TRUE,0
"6080",5,"F",2,"Hispanic","Middle",4,0,0,0,0,0,0,0,0,0,4,1,FALSE,0
"6081",5,"F",3,"White","Middle",4,0,0,0,0,0,0,0,0,0,4,1,FALSE,0
"6082",6,"F",3,"White","Middle",4,0,0,0,NA,NA,NA,NA,NA,0,2,1,NA,1
"6083",5,"F",3,"White","Middle",3,0,0,0,0,0,0,0,0,0,3,1,FALSE,0
"6084",5,"F",3,"White","Middle",4,0,0,0,0,0,0,0,0,0,4,1,FALSE,0
"6085",6,"F",3,"White","Middle",4,0,0,0,0,0,0,0,0,0,4,1,FALSE,0
"6086",5,"F",3,"White","Middle",4,0,0,0,0,0,0,0,0,0,4,1,FALSE,0
"6087",5,"M",2,"White","Middle",2,0,0,0,0,0,0,0,0,1,4,NA,TRUE,0
"6088",5,"M",2,"White","Middle",4,0,0,0,0,0,0,0,0,0,4,NA,FALSE,0
"6089",5,"M",2,"Hispanic","Middle",4,0,0,0,0,0,0,0,0,0,4,1,FALSE,0
"6090",6,"M",2,"White","Middle",2,0,NA,0,0,0,0,0,0,0,4,1,NA,0
"6091",5,"M",2,"AI/AN","Middle",2,0,0,0,NA,NA,NA,NA,NA,1,1,NA,TRUE,1
"6092",5,"M",2,"White","Middle",3,0,0,0,0,0,0,0,0,0,2,1,FALSE,1
"6093",5,"F",2,"White","Middle",4,0,0,0,0,0,0,0,0,0,4,NA,FALSE,0
"6094",5,"F",2,"Black","Middle",4,0,0,0,0,0,0,0,0,0,4,1,FALSE,0
"6095",4,"F",2,"White","Middle",4,0,0,0,0,0,0,0,0,0,4,1,FALSE,0
"6096",5,"F",2,"White","Middle",4,0,0,0,0,0,0,0,0,0,4,1,FALSE,0
"6097",5,"M",2,NA,"Middle",4,0,0,0,0,0,0,0,0,0,4,NA,FALSE,0
"6098",5,"M",2,"White","Middle",4,0,0,0,0,0,0,0,0,0,4,1,FALSE,0
"6099",5,"M",2,"White","Middle",3,0,0,0,0,0,0,0,0,0,2,1,FALSE,1
"6100",5,"M",2,"White","Middle",4,0,0,0,0,0,0,0,0,0,4,NA,FALSE,0
"6101",5,"M",2,"White","Middle",4,0,0,0,0,0,0,0,0,0,4,1,FALSE,0
"6102",5,"M",2,"White","Middle",4,0,0,0,0,0,0,0,0,0,4,1,FALSE,0
"6103",4,"M",2,"White","Middle",4,0,0,0,0,0,0,0,0,0,4,1,FALSE,0
"6104",4,"M",2,"White","Middle",4,0,0,0,0,0,0,0,0,0,4,1,FALSE,0
"6105",6,"M",2,"White","Middle",3,0,0,0,0,0,0,0,0,0,4,NA,FALSE,0
"6106",5,"F",2,"White","Middle",4,0,0,0,0,0,0,0,0,0,4,NA,FALSE,0
"6107",5,"F",2,"White","Middle",4,0,0,0,0,0,0,0,0,1,2,1,TRUE,1
"6108",4,"F",2,"White","Middle",4,0,0,0,0,0,0,0,0,0,4,NA,FALSE,0
"6109",4,"F",2,NA,"Middle",4,0,0,0,0,0,0,0,0,0,2,NA,FALSE,1
"6110",4,"F",2,"White","Middle",4,0,0,0,0,0,0,0,0,0,4,NA,FALSE,0
"6111",4,"F",2,"White","Middle",4,0,0,0,0,0,1,0,0,1,1,NA,TRUE,1
"6112",5,"F",2,"White","Middle",4,0,0,0,0,0,0,0,0,0,2,1,FALSE,1
"6113",5,"F",2,"White","Middle",3,1,1,0,0,0,1,0,0,1,2,NA,TRUE,1
"6114",5,"F",2,"White","Middle",4,0,0,0,0,0,0,0,0,0,2,NA,FALSE,1
"6115",5,"F",2,"White","Middle",3,0,0,0,0,0,0,0,0,0,1,1,FALSE,1
"6116",5,"F",2,"White","Middle",4,0,0,0,0,0,0,0,0,0,4,1,FALSE,0
"6117",5,"F",2,"White","Middle",1,0,0,1,0,0,1,0,0,0,1,NA,TRUE,1
"6118",5,"F",2,"White","Middle",4,0,0,0,0,0,0,0,0,0,3,1,FALSE,0
"6119",5,"F",2,"White","Middle",4,0,0,0,0,0,0,0,0,0,4,1,FALSE,0
"6120",4,"F",2,"White","Middle",4,0,0,0,0,0,0,0,0,0,4,1,FALSE,0
"6121",4,"F",2,"White","Middle",4,0,0,0,0,0,0,0,0,0,4,1,FALSE,0
"6122",4,"F",2,"Hispanic","Middle",4,0,0,0,0,0,0,0,0,0,4,1,FALSE,0
"6123",6,"F",3,"White","Middle",4,0,0,0,0,0,0,0,0,0,4,NA,FALSE,0
"6124",6,"F",3,"White","Middle",4,0,0,0,0,0,0,0,0,0,4,NA,FALSE,0
"6125",5,"F",3,"Hispanic","Middle",4,0,0,0,0,0,0,0,0,0,4,NA,FALSE,0
"6126",6,"F",3,"White","Middle",4,0,0,0,0,0,0,0,0,0,2,NA,FALSE,1
"6127",5,"F",2,"Hispanic","Middle",3,0,0,0,0,0,0,0,0,0,2,1,FALSE,1
"6128",5,"F",2,"AI/AN","Middle",4,0,0,0,0,0,0,0,0,0,4,NA,FALSE,0
"6129",4,"F",2,"White","Middle",4,0,0,0,0,0,0,0,0,0,4,1,FALSE,0
"6130",5,"F",2,"Asian","Middle",4,NA,0,0,0,0,0,0,0,0,4,1,NA,0
"6131",4,"F",2,"White","Middle",3,0,0,0,0,0,0,0,0,0,2,1,FALSE,1
"6132",5,"F",2,"Hispanic","Middle",4,0,0,0,0,0,0,0,0,0,4,NA,FALSE,0
"6133",6,"M",2,"White","Middle",4,0,0,0,0,0,0,0,0,0,4,NA,FALSE,0
"6134",5,"M",2,"Hispanic","Middle",4,0,0,0,0,0,0,0,0,0,3,1,FALSE,0
"6135",4,"M",2,"White","Middle",4,0,0,0,0,0,0,0,0,0,4,NA,FALSE,0
"6136",4,"M",2,"White","Middle",4,0,0,0,0,0,0,0,0,0,4,NA,FALSE,0
"6137",5,"M",2,"White","Middle",4,0,0,0,0,0,0,0,0,0,4,NA,FALSE,0
"6138",4,"M",2,"Black","Middle",2,0,0,0,0,0,0,0,0,0,4,1,FALSE,0
"6139",5,"M",2,"White","Middle",4,0,0,0,0,0,0,0,0,0,4,1,FALSE,0
"6140",4,"M",2,"White","Middle",4,0,0,0,0,0,0,0,0,0,4,NA,FALSE,0
"6141",4,"M",2,"White","Middle",2,0,0,0,0,0,0,0,0,0,4,NA,FALSE,0
"6142",4,"M",2,"White","Middle",4,0,0,0,0,0,0,0,0,0,3,1,FALSE,0
"6143",5,"M",2,"White","Middle",3,0,0,0,0,0,0,0,0,0,3,NA,FALSE,0
"6144",5,"M",2,"White","Middle",4,0,0,0,0,0,0,0,0,0,4,NA,FALSE,0
"6145",6,"M",2,"Black","Middle",4,0,0,0,0,0,0,0,0,0,4,NA,FALSE,0
"6146",5,"F",2,"Black","Middle",4,0,0,0,0,0,0,0,0,0,4,NA,FALSE,0
"6147",8,"M",5,"Black","High",4,0,0,0,0,0,0,0,0,0,4,1,FALSE,0
"6148",9,"M",5,"Black","High",4,1,1,0,0,0,0,0,0,1,1,NA,TRUE,1
"6149",8,"M",5,NA,"High",4,1,1,0,0,0,0,0,0,0,1,NA,TRUE,1
"6150",8,"M",5,"Black","High",3,NA,1,0,0,0,0,0,0,0,3,NA,TRUE,0
"6151",9,"M",6,"Black","High",4,0,0,0,0,0,0,0,0,0,4,NA,FALSE,0
"6152",9,"M",7,"Black","High",1,NA,1,0,NA,NA,NA,NA,NA,0,4,1,TRUE,0
"6153",9,"M",6,"Black","High",4,0,0,NA,0,0,0,0,0,0,4,NA,NA,0
"6154",10,"M",7,"AI/AN","High",NA,NA,NA,NA,NA,NA,NA,NA,NA,NA,NA,NA,NA,NA
"6155",8,"M",6,"Hispanic","High",3,0,0,0,0,0,0,0,0,0,2,NA,FALSE,1
"6156",9,"M",6,"Black","High",2,0,1,0,0,0,0,0,0,0,4,NA,TRUE,0
"6157",NA,NA,NA,NA,NA,4,NA,NA,0,0,0,0,0,0,0,3,1,NA,0
"6158",8,"F",4,"Black","High",4,NA,0,0,0,0,0,0,0,0,4,1,NA,0
"6159",7,"M",4,"Black","High",2,1,1,0,0,0,0,0,0,0,2,NA,TRUE,1
"6160",NA,"M",4,NA,"High",2,1,NA,0,NA,NA,NA,NA,NA,1,4,1,TRUE,0
"6161",8,"M",4,"Black","High",4,0,0,0,0,0,0,0,0,0,4,1,FALSE,0
"6162",6,"M",4,"Black","High",3,0,0,0,0,0,0,0,0,0,1,NA,FALSE,1
"6163",7,"M",4,"Hispanic","High",2,NA,NA,1,0,0,1,0,0,NA,3,NA,TRUE,0
"6164",6,"M",4,"Hispanic","High",3,NA,NA,0,0,0,0,1,0,0,NA,NA,TRUE,NA
"6165",9,"F",7,"Black","High",4,0,0,0,0,0,0,0,0,0,2,NA,FALSE,1
"6166",11,"F",7,NA,"High",4,NA,NA,0,0,0,0,0,0,0,2,NA,NA,1
"6167",10,"F",7,"White","High",3,1,NA,0,NA,NA,NA,NA,NA,0,2,1,TRUE,1
"6168",9,"F",7,"Black","High",1,NA,1,0,NA,NA,NA,NA,NA,0,4,NA,TRUE,0
"6169",9,"F",7,"Black","High",4,0,0,0,0,0,0,0,0,0,1,1,FALSE,1
"6170",10,"F",7,"Black","High",4,0,0,0,0,0,0,0,0,0,2,NA,FALSE,1
"6171",8,"M",5,"Black","High",4,0,0,0,NA,NA,NA,NA,NA,0,4,NA,NA,0
"6172",7,"F",4,"Black","High",3,0,0,0,0,0,0,0,0,0,2,1,FALSE,1
"6173",8,"M",5,"NHOPI","High",1,0,NA,0,0,0,0,0,0,0,4,1,NA,0
"6174",8,"M",5,"White","High",4,0,0,0,0,0,0,0,0,0,4,NA,FALSE,0
"6175",NA,NA,NA,"Black",NA,3,1,NA,0,0,0,0,0,0,0,4,1,TRUE,0
"6176",8,"M",5,"Black","High",4,0,0,0,0,0,0,0,0,0,4,NA,FALSE,0
"6177",8,"M",5,"Hispanic","High",1,0,1,1,0,0,1,0,0,NA,1,NA,TRUE,1
"6178",9,"M",5,NA,"High",2,1,NA,0,0,1,0,0,0,NA,1,NA,TRUE,1
"6179",8,"M",5,"Black","High",4,0,0,0,0,0,0,0,0,0,2,1,FALSE,1
"6180",8,"F",4,"Black","High",3,0,1,0,0,0,0,0,0,0,4,NA,TRUE,0
"6181",8,"F",4,"Black","High",3,0,0,0,0,0,0,0,0,0,2,1,FALSE,1
"6182",6,"F",4,"Black","High",4,0,0,0,0,0,0,0,0,0,4,1,FALSE,0
"6183",6,"F",4,"Black","High",3,0,0,0,0,0,0,0,0,0,4,1,FALSE,0
"6184",7,"F",4,"Black","High",1,0,1,0,0,0,0,0,0,0,4,NA,TRUE,0
"6185",8,"F",4,"Black","High",NA,1,NA,NA,NA,NA,NA,NA,NA,NA,NA,NA,TRUE,NA
"6186",7,"F",4,"Black","High",1,NA,1,NA,0,0,0,0,0,1,2,NA,TRUE,1
"6187",7,"F",4,NA,"High",4,NA,NA,0,0,0,0,0,0,0,1,NA,NA,1
"6188",8,"F",4,"Black","High",4,0,0,0,0,0,0,0,0,0,4,1,FALSE,0
"6189",7,"F",4,"White","High",4,0,0,0,0,0,0,0,0,0,4,NA,FALSE,0
"6190",7,"F",4,"White","High",4,0,0,0,0,0,0,0,0,0,1,NA,FALSE,1
"6191",8,"F",4,"Hispanic","High",4,0,0,0,0,0,0,0,0,0,4,1,FALSE,0
"6192",8,"F",4,"Hispanic","High",4,0,0,0,0,0,0,0,0,0,4,1,FALSE,0
"6193",8,"F",4,"Black","High",4,0,0,0,0,0,0,0,0,0,4,1,FALSE,0
"6194",10,"F",6,"Black","High",3,0,0,0,NA,NA,NA,NA,NA,0,4,NA,NA,0
"6195",8,"F",6,"Black","High",4,0,0,0,0,0,0,0,0,0,4,1,FALSE,0
"6196",9,"F",6,"Black","High",4,1,0,0,0,0,0,0,0,0,1,NA,TRUE,1
"6197",10,"F",6,"Black","High",4,0,0,0,0,0,0,0,0,0,4,NA,FALSE,0
"6198",7,"F",4,"White","High",4,0,0,0,0,0,1,0,0,1,1,NA,TRUE,1
"6199",7,"F",4,"White","High",4,0,0,0,0,0,0,0,0,0,4,NA,FALSE,0
"6200",5,"F",1,"Asian","Middle",3,0,0,0,0,0,0,0,0,0,4,1,FALSE,0
"6201",4,"M",1,"Black","Middle",4,0,0,0,0,0,0,0,0,0,4,1,FALSE,0
"6202",3,"M",1,"Asian","Middle",3,0,0,0,0,0,0,0,0,NA,4,NA,NA,0
"6203",4,"M",1,"Hispanic","Middle",4,0,0,0,0,0,0,0,0,0,4,1,FALSE,0
"6204",4,"M",1,"Asian","Middle",4,0,0,0,0,0,0,0,0,0,4,1,FALSE,0
"6205",4,"F",1,"Asian","Middle",3,0,0,0,0,0,0,0,0,0,3,NA,FALSE,0
"6206",4,"F",1,"Hispanic","Middle",4,0,0,0,0,0,0,0,0,0,4,1,FALSE,0
"6207",4,"M",1,"Hispanic","Middle",4,0,0,0,0,0,0,0,0,0,4,1,FALSE,0
"6208",4,"F",1,"Hispanic","Middle",4,0,0,0,0,0,0,0,0,0,4,NA,FALSE,0
"6209",5,"F",1,"Hispanic","Middle",4,NA,NA,0,0,0,0,0,0,0,3,1,NA,0
"6210",4,"F",1,"Hispanic","Middle",4,0,0,0,0,0,0,0,0,0,4,1,FALSE,0
"6211",5,"M",1,"Black","Middle",4,0,0,0,0,0,0,0,0,0,4,1,FALSE,0
"6212",5,NA,1,"Hispanic","Middle",2,NA,1,1,0,1,0,0,0,NA,2,NA,TRUE,1
"6213",5,"M",1,"Asian","Middle",2,0,0,0,0,0,0,0,0,0,3,NA,FALSE,0
"6214",4,"F",1,"AI/AN","Middle",3,NA,NA,1,0,0,0,0,0,NA,2,NA,TRUE,1
"6215",5,"M",1,"Black","Middle",4,0,0,0,0,0,0,0,0,0,4,NA,FALSE,0
"6216",4,"F",1,"Hispanic","Middle",4,0,0,0,0,0,0,0,0,0,4,1,FALSE,0
"6217",4,"F",1,"White","Middle",4,0,0,0,0,0,0,0,0,0,4,1,FALSE,0
"6218",6,"M",1,"White","Middle",4,0,0,0,0,0,0,0,0,0,3,NA,FALSE,0
"6219",4,"M",1,"Black","Middle",4,0,0,0,0,0,0,0,0,0,4,1,FALSE,0
"6220",4,"F",1,"Hispanic","Middle",4,0,0,0,0,0,0,0,0,0,4,1,FALSE,0
"6221",4,"F",1,"Hispanic","Middle",4,0,0,0,0,0,0,0,0,0,4,1,FALSE,0
"6222",4,"F",1,"Hispanic","Middle",3,0,0,0,0,0,0,0,0,0,2,1,FALSE,1
"6223",4,"M",1,"Hispanic","Middle",3,NA,0,0,0,0,0,0,0,0,2,1,NA,1
"6224",4,"F",1,"Hispanic","Middle",4,0,0,0,0,0,0,0,0,0,4,1,FALSE,0
"6225",4,"F",1,"Hispanic","Middle",4,0,0,0,0,0,0,0,0,0,4,1,FALSE,0
"6226",4,"F",1,"Black","Middle",4,0,0,0,0,0,0,0,0,0,4,1,FALSE,0
"6227",5,"M",1,"Hispanic","Middle",4,0,0,0,0,0,0,0,0,0,4,1,FALSE,0
"6228",4,"M",1,"Hispanic","Middle",3,0,0,0,0,0,0,0,0,0,4,1,FALSE,0
"6229",4,"M",1,"Hispanic","Middle",4,0,0,0,0,0,0,0,0,0,4,1,FALSE,0
"6230",4,"M",1,"Black","Middle",4,0,0,0,0,0,0,0,0,0,4,1,FALSE,0
"6231",4,"F",1,"Hispanic","Middle",4,0,0,0,0,0,0,0,0,0,4,1,FALSE,0
"6232",5,"M",1,"Hispanic","Middle",3,0,0,0,0,0,0,0,0,0,3,1,FALSE,0
"6233",3,"M",1,"Hispanic","Middle",4,0,0,0,0,0,0,0,0,0,4,1,FALSE,0
"6234",3,"F",1,"Black","Middle",4,0,0,0,0,0,0,0,0,0,3,1,FALSE,0
"6235",5,"M",1,"Black","Middle",4,0,0,0,0,0,0,0,0,0,1,NA,FALSE,1
"6236",4,"F",1,"Black","Middle",4,0,0,0,0,0,0,0,0,0,4,1,FALSE,0
"6237",4,"F",1,"Hispanic","Middle",4,0,0,0,0,0,0,0,0,0,4,1,FALSE,0
"6238",4,"M",1,"Hispanic","Middle",4,0,0,0,0,0,0,0,0,0,4,1,FALSE,0
"6239",5,"M",1,"Black","Middle",4,0,0,0,0,0,0,0,0,0,4,1,FALSE,0
"6240",4,"F",1,"Black","Middle",3,0,NA,0,0,0,0,0,0,0,3,1,NA,0
"6241",5,"M",1,"Hispanic","Middle",4,0,0,0,0,0,0,0,0,0,4,1,FALSE,0
"6242",5,"M",1,"Hispanic","Middle",4,0,0,0,0,0,0,0,0,0,1,1,FALSE,1
"6243",7,"M",3,"Black","Middle",4,0,0,0,0,0,0,0,0,0,4,1,FALSE,0
"6244",5,"M",2,"Black","Middle",4,0,0,0,0,0,0,0,0,0,3,1,FALSE,0
"6245",5,"F",3,"Black","Middle",4,0,0,0,0,0,0,0,0,0,4,1,FALSE,0
"6246",6,"M",3,"Black","Middle",4,0,0,0,0,0,0,0,0,0,4,1,FALSE,0
"6247",6,"M",3,"White","Middle",4,0,0,0,0,0,0,0,0,0,3,1,FALSE,0
"6248",5,"M",3,"Hispanic","Middle",4,0,0,0,0,0,0,0,0,0,4,1,FALSE,0
"6249",6,"M",3,"Black","Middle",4,0,0,0,0,0,0,0,0,0,2,NA,FALSE,1
"6250",5,"M",3,"White","Middle",2,0,0,NA,0,0,0,0,0,0,1,NA,NA,1
"6251",6,"M",3,"Black","Middle",4,0,0,0,0,0,0,0,0,0,4,NA,FALSE,0
"6252",7,"M",3,"Black","Middle",3,0,1,0,0,0,0,0,0,0,1,NA,TRUE,1
"6253",7,"F",3,"Black","Middle",4,0,0,0,NA,NA,NA,NA,NA,0,4,1,NA,0
"6254",5,"F",2,"White","Middle",4,0,0,0,0,0,0,0,0,0,4,NA,FALSE,0
"6255",5,"M",2,"White","Middle",4,0,0,0,0,0,0,0,0,0,4,1,FALSE,0
"6256",5,"M",2,"Black","Middle",4,0,0,0,0,0,0,0,0,0,4,1,FALSE,0
"6257",5,"M",2,"White","Middle",4,0,0,0,0,0,0,0,0,0,4,1,FALSE,0
"6258",4,"F",2,"White","Middle",4,0,0,0,0,0,0,0,0,0,2,1,FALSE,1
"6259",5,"M",2,"White","Middle",4,0,0,0,0,0,0,0,0,0,4,NA,FALSE,0
"6260",5,"M",2,"Hispanic","Middle",4,0,0,0,0,0,0,0,0,0,4,1,FALSE,0
"6261",5,"M",2,"White","Middle",4,0,0,0,0,0,0,0,0,0,4,1,FALSE,0
"6262",4,"M",2,"White","Middle",3,0,0,0,0,0,0,0,0,0,3,NA,FALSE,0
"6263",4,"F",2,"Black","Middle",4,0,0,0,0,0,0,0,0,0,4,1,FALSE,0
"6264",5,"M",2,"Asian","Middle",4,0,0,0,0,0,0,0,0,0,4,NA,FALSE,0
"6265",4,"M",2,"Hispanic","Middle",4,0,0,0,0,0,0,0,0,0,4,1,FALSE,0
"6266",5,"M",2,"Black","Middle",4,0,0,0,0,0,0,0,0,0,4,1,FALSE,0
"6267",5,"M",2,"White","Middle",4,0,0,0,0,0,0,0,0,0,2,1,FALSE,1
"6268",5,"F",2,"Hispanic","Middle",4,0,0,0,0,0,0,0,0,0,4,NA,FALSE,0
"6269",5,"F",2,"Black","Middle",3,0,0,0,0,0,0,0,0,0,3,1,FALSE,0
"6270",4,"F",2,"Black","Middle",3,0,0,0,0,0,0,0,0,0,1,NA,FALSE,1
"6271",5,"M",2,"White","Middle",4,0,0,0,0,0,0,0,0,0,4,1,FALSE,0
"6272",5,"M",2,"White","Middle",4,0,0,0,0,0,0,0,0,0,4,1,FALSE,0
"6273",5,"M",2,"White","Middle",1,0,0,0,NA,NA,NA,NA,NA,0,1,NA,NA,1
"6274",5,"F",2,"White","Middle",4,0,0,0,0,0,0,0,0,0,4,NA,FALSE,0
"6275",5,"F",2,"Black","Middle",4,0,0,0,0,0,0,0,0,0,4,1,FALSE,0
"6276",5,"M",2,"White","Middle",1,1,0,0,0,0,0,0,0,0,1,NA,TRUE,1
"6277",4,"F",2,"Black","Middle",4,0,0,0,0,0,0,0,0,0,4,1,FALSE,0
"6278",5,"M",2,"Black","Middle",4,0,0,0,0,0,0,0,0,0,4,1,FALSE,0
"6279",5,"M",2,"Black","Middle",4,0,0,0,0,0,0,0,0,0,4,1,FALSE,0
"6280",6,"M",3,"White","Middle",4,0,0,0,0,0,0,0,0,0,4,NA,FALSE,0
"6281",6,"M",3,"White","Middle",3,0,0,0,0,0,0,0,0,0,4,1,FALSE,0
"6282",5,"F",3,NA,"Middle",4,0,0,0,0,0,0,0,0,0,4,NA,FALSE,0
"6283",6,"M",3,"Black","Middle",1,0,1,0,0,0,0,0,0,0,4,NA,TRUE,0
"6284",6,"M",3,"White","Middle",4,0,0,0,0,0,0,0,0,0,4,NA,FALSE,0
"6285",6,"M",3,"White","Middle",4,0,0,0,0,0,0,0,0,0,4,NA,FALSE,0
"6286",7,"M",4,NA,"High",4,0,0,0,0,0,0,0,0,NA,4,1,NA,0
"6287",5,"M",2,"Black","Middle",3,1,0,0,0,0,0,0,0,0,2,NA,TRUE,1
"6288",4,"F",2,"Black","Middle",2,1,1,0,0,0,1,0,0,1,1,1,TRUE,1
"6289",5,"M",2,"Black","Middle",4,0,0,0,0,0,0,0,0,0,4,1,FALSE,0
"6290",5,"F",2,"Black","Middle",4,0,0,0,0,0,0,0,0,0,1,1,FALSE,1
"6291",5,"M",2,"Black","Middle",4,0,0,0,0,0,0,0,0,0,4,NA,FALSE,0
"6292",5,"F",2,"Black","Middle",2,0,0,0,NA,NA,NA,NA,NA,0,4,NA,NA,0
"6293",5,"M",2,"White","Middle",4,1,0,0,0,0,0,0,0,0,4,NA,TRUE,0
"6294",5,"M",2,"White","Middle",4,0,0,0,0,0,0,0,0,0,3,1,FALSE,0
"6295",5,"M",2,"Black","Middle",4,0,0,0,0,0,0,0,0,0,4,1,FALSE,0
"6296",5,"F",2,"Black","Middle",4,0,0,0,0,0,0,0,0,0,4,1,FALSE,0
"6297",4,"M",2,"Black","Middle",4,0,0,0,0,0,0,0,0,0,1,NA,FALSE,1
"6298",4,"M",2,"White","Middle",4,0,0,0,0,0,0,0,0,0,1,NA,FALSE,1
"6299",5,"F",2,"White","Middle",3,1,0,0,0,0,1,0,0,1,1,NA,TRUE,1
"6300",4,"F",2,"White","Middle",3,0,0,0,0,0,0,0,0,0,1,1,FALSE,1
"6301",6,"M",2,"Black","Middle",3,0,0,0,0,0,0,0,0,0,4,NA,FALSE,0
"6302",4,"M",2,"Black","Middle",3,0,0,0,0,0,0,0,0,0,2,1,FALSE,1
"6303",5,"M",2,"Black","Middle",4,0,0,0,0,0,0,0,0,0,4,1,FALSE,0
"6304",4,"M",2,NA,"Middle",4,0,0,0,0,0,0,0,0,0,4,1,FALSE,0
"6305",6,"M",2,"Black","Middle",4,0,0,0,0,0,0,0,0,0,4,1,FALSE,0
"6306",6,"M",2,"White","Middle",4,0,0,0,0,0,0,0,0,0,3,NA,FALSE,0
"6307",4,"F",2,"White","Middle",4,0,0,0,0,0,0,0,0,0,4,1,FALSE,0
"6308",6,"F",3,"White","Middle",3,0,0,0,0,0,0,0,0,0,3,1,FALSE,0
"6309",5,"M",2,"Black","Middle",4,0,0,0,0,0,0,0,0,1,1,NA,TRUE,1
"6310",5,"M",2,"Black","Middle",4,0,0,0,0,0,0,0,0,0,4,1,FALSE,0
"6311",5,"M",2,"Hispanic","Middle",4,0,0,0,0,0,0,0,0,0,4,1,FALSE,0
"6312",5,"F",2,"Black","Middle",3,0,0,0,0,0,0,0,0,0,4,NA,FALSE,0
"6313",5,"M",2,"White","Middle",4,0,0,0,0,0,0,0,0,0,4,NA,FALSE,0
"6314",5,"M",2,NA,"Middle",4,0,0,0,0,0,0,0,0,0,4,1,FALSE,0
"6315",5,"F",2,"Black","Middle",4,0,0,0,0,0,0,0,0,0,4,NA,FALSE,0
"6316",5,"F",2,NA,"Middle",3,0,0,0,0,0,0,0,0,0,4,1,FALSE,0
"6317",5,"M",2,"Black","Middle",4,0,0,0,0,0,0,0,0,0,4,1,FALSE,0
"6318",5,"M",3,"Black","Middle",2,0,0,0,0,0,0,0,0,0,1,NA,FALSE,1
"6319",5,"M",3,"White","Middle",4,0,0,0,0,0,0,0,0,0,4,NA,FALSE,0
"6320",6,"M",3,"Hispanic","Middle",4,0,0,0,0,0,0,0,0,0,4,1,FALSE,0
"6321",5,"M",4,"AI/AN","High",4,1,0,0,0,0,0,0,0,0,4,1,TRUE,0
"6322",NA,NA,NA,"Hispanic",NA,4,NA,NA,1,0,0,0,0,0,0,4,1,TRUE,0
"6323",5,"M",3,"Hispanic","Middle",3,0,0,0,0,0,1,0,0,1,1,1,TRUE,1
"6324",8,"M",3,"Black","Middle",4,0,0,0,0,0,0,0,0,0,4,1,FALSE,0
"6325",6,"M",3,"Black","Middle",4,0,0,0,0,0,0,0,0,0,1,1,FALSE,1
"6326",6,"M",3,"Black","Middle",4,0,0,0,0,0,0,0,0,0,2,NA,FALSE,1
"6327",7,"M",3,"Black","Middle",4,0,0,0,0,0,0,0,0,0,4,NA,FALSE,0
"6328",6,"M",3,"Black","Middle",4,0,0,0,0,0,0,0,0,0,4,1,FALSE,0
"6329",6,"M",3,"White","Middle",2,0,0,0,NA,NA,NA,NA,NA,1,1,NA,TRUE,1
"6330",5,"F",3,"Black","Middle",3,0,0,0,0,0,0,0,0,0,4,1,FALSE,0
"6331",6,"M",3,"Hispanic","Middle",4,0,0,0,0,0,0,0,0,0,4,1,FALSE,0
"6332",5,"F",3,"Hispanic","Middle",4,0,0,0,0,0,0,0,0,0,4,NA,FALSE,0
"6333",5,"M",3,"Black","Middle",3,0,NA,0,0,0,0,0,0,0,3,1,NA,0
"6334",6,"M",3,"White","Middle",4,0,0,0,0,0,0,0,0,0,4,1,FALSE,0
"6335",6,"M",3,"NHOPI","Middle",2,0,1,0,0,0,1,0,0,1,1,NA,TRUE,1
"6336",5,"M",3,"White","Middle",4,0,0,0,NA,NA,NA,NA,NA,0,4,1,NA,0
"6337",NA,"F",3,"Black","Middle",4,0,0,0,0,0,0,0,0,1,2,NA,TRUE,1
"6338",6,"M",3,"Black","Middle",4,0,0,0,0,0,0,0,0,0,4,1,FALSE,0
"6339",5,"M",3,"White","Middle",4,0,0,0,0,0,0,0,0,0,3,NA,FALSE,0
"6340",6,"F",3,"Black","Middle",4,0,0,0,0,0,0,0,0,0,4,1,FALSE,0
"6341",6,"M",3,"Hispanic","Middle",3,0,0,0,0,0,1,0,0,1,1,1,TRUE,1
"6342",5,"M",3,"Black","Middle",4,0,0,0,0,0,0,0,0,0,4,1,FALSE,0
"6343",5,"F",3,"Hispanic","Middle",3,0,0,0,0,0,0,0,0,0,3,1,FALSE,0
"6344",5,"M",3,"Hispanic","Middle",4,0,0,0,0,0,0,0,0,0,2,1,FALSE,1
"6345",6,"M",3,"Black","Middle",4,0,0,NA,0,0,0,0,0,0,4,1,NA,0
"6346",6,"F",3,NA,"Middle",4,0,0,0,0,0,0,0,0,0,4,NA,FALSE,0
"6347",6,"M",3,"Black","Middle",4,0,0,0,0,0,0,0,0,0,4,1,FALSE,0
"6348",5,"M",3,"AI/AN","Middle",3,1,1,0,0,0,0,0,0,0,1,NA,TRUE,1
"6349",5,"F",3,"White","Middle",3,0,0,0,0,0,0,0,0,0,2,NA,FALSE,1
"6350",6,"M",3,"Black","Middle",3,0,1,0,0,0,0,0,0,0,2,NA,TRUE,1
"6351",6,"F",3,"Black","Middle",3,0,0,0,0,0,0,0,0,0,3,NA,FALSE,0
"6352",6,"F",3,"Black","Middle",4,0,0,0,0,0,0,0,0,0,4,NA,FALSE,0
"6353",6,"M",3,"Black","Middle",4,0,0,0,0,0,0,0,0,0,4,1,FALSE,0
"6354",10,"M",1,"White","Middle",1,1,1,1,NA,NA,NA,NA,NA,1,1,NA,TRUE,1
"6355",6,"M",3,"Black","Middle",4,0,0,0,0,0,0,0,0,0,4,1,FALSE,0
"6356",6,"M",3,"Hispanic","Middle",4,0,0,0,0,0,0,0,0,1,3,1,TRUE,0
"6357",5,"M",3,"Hispanic","Middle",4,0,0,0,0,0,0,0,0,0,4,1,FALSE,0
"6358",7,"F",4,"White","High",3,0,0,0,0,0,0,0,0,0,3,NA,FALSE,0
"6359",7,"M",4,"White","High",4,0,0,0,0,0,0,0,0,0,4,1,FALSE,0
"6360",7,"F",4,"White","High",4,0,0,0,0,0,0,0,0,0,4,1,FALSE,0
"6361",7,"M",4,"White","High",4,0,0,0,0,0,0,0,0,0,4,1,FALSE,0
"6362",7,"F",4,"White","High",4,0,0,0,0,0,0,0,0,0,3,1,FALSE,0
"6363",6,"F",4,"White","High",4,0,0,0,0,0,0,0,0,0,4,NA,FALSE,0
"6364",6,"F",4,"White","High",3,0,1,0,0,0,0,0,0,0,2,NA,TRUE,1
"6365",7,"F",4,"White","High",3,0,0,0,0,0,0,0,0,0,1,1,FALSE,1
"6366",7,"F",4,"White","High",4,0,0,0,0,0,0,0,0,0,4,1,FALSE,0
"6367",7,"F",4,"White","High",4,0,0,0,0,0,0,0,0,0,4,1,FALSE,0
"6368",7,"M",4,"White","High",4,0,0,0,0,0,0,0,0,0,3,1,FALSE,0
"6369",6,"M",4,"White","High",4,0,0,0,0,0,0,0,0,0,4,NA,FALSE,0
"6370",6,"M",4,"White","High",4,0,0,0,0,0,0,0,0,0,3,1,FALSE,0
"6371",7,"F",4,"White","High",4,0,0,0,0,0,0,0,0,0,4,1,FALSE,0
"6372",7,"F",4,"White","High",4,0,0,0,0,0,0,0,0,0,4,1,FALSE,0
"6373",6,"F",4,"White","High",4,0,0,0,0,0,0,0,0,0,3,NA,FALSE,0
"6374",7,"F",4,"White","High",4,0,0,0,0,0,0,0,0,0,4,1,FALSE,0
"6375",6,"F",4,"White","High",3,1,NA,0,0,0,0,0,0,1,2,NA,TRUE,1
"6376",7,"M",4,"White","High",4,0,0,0,0,0,0,0,0,0,4,NA,FALSE,0
"6377",7,"M",4,"White","High",4,0,0,0,0,0,0,0,0,0,3,1,FALSE,0
"6378",7,"M",4,"White","High",4,0,0,0,0,0,0,0,0,0,4,1,FALSE,0
"6379",7,"M",4,"Hispanic","High",4,0,0,0,0,0,0,0,0,0,4,NA,FALSE,0
"6380",6,"M",4,"White","High",3,0,0,0,0,0,0,0,0,0,4,1,FALSE,0
"6381",7,"M",4,"White","High",4,0,0,0,0,0,0,0,0,0,4,1,FALSE,0
"6382",8,NA,6,NA,"High",NA,NA,NA,NA,NA,NA,NA,NA,NA,NA,NA,NA,NA,NA
"6383",8,"M",6,"White","High",2,1,0,1,NA,NA,NA,NA,NA,1,1,1,TRUE,1
"6384",8,"M",6,"White","High",3,0,0,0,0,0,1,0,0,1,2,NA,TRUE,1
"6385",8,"M",6,"White","High",3,0,0,0,0,0,0,0,0,0,3,NA,FALSE,0
"6386",9,"M",6,"White","High",3,0,0,0,NA,NA,NA,NA,NA,0,2,1,NA,1
"6387",9,"F",6,"White","High",4,0,0,0,0,0,0,0,0,0,4,NA,FALSE,0
"6388",9,"F",6,"White","High",3,0,0,0,0,0,0,0,0,0,4,NA,FALSE,0
"6389",8,"F",6,"White","High",2,1,0,0,NA,NA,NA,NA,NA,1,2,1,TRUE,1
"6390",8,"M",5,"White","High",4,0,0,0,0,0,0,0,0,0,4,1,FALSE,0
"6391",8,"M",6,"White","High",2,0,1,1,0,0,0,0,0,0,4,1,TRUE,0
"6392",9,"M",6,"White","High",4,0,0,0,0,0,0,0,0,0,4,NA,FALSE,0
"6393",9,"M",6,"White","High",4,0,0,0,0,0,0,0,0,0,4,1,FALSE,0
"6394",8,"F",5,"White","High",4,0,0,0,0,0,0,0,0,0,4,1,FALSE,0
"6395",9,"F",6,"White","High",4,NA,0,0,0,0,0,0,0,0,4,NA,NA,0
"6396",8,"M",5,"White","High",4,0,0,0,0,0,0,0,0,0,4,1,FALSE,0
"6397",8,"M",5,"White","High",4,0,0,0,0,0,0,0,0,0,4,1,FALSE,0
"6398",8,"F",5,"White","High",4,0,0,0,0,0,0,0,0,0,4,NA,FALSE,0
"6399",7,"F",5,"White","High",4,0,0,0,0,0,0,0,0,0,4,NA,FALSE,0
"6400",8,"F",5,"White","High",4,0,0,0,0,0,0,0,0,0,4,1,FALSE,0
"6401",8,"F",5,"White","High",4,0,0,0,0,0,0,0,0,0,4,1,FALSE,0
"6402",8,"M",5,"White","High",3,0,0,0,0,0,0,0,0,0,4,1,FALSE,0
"6403",8,"M",5,"Hispanic","High",4,0,0,0,0,0,0,0,0,0,4,1,FALSE,0
"6404",8,"M",6,"White","High",4,0,0,0,0,0,0,0,0,0,4,1,FALSE,0
"6405",7,"M",5,"White","High",4,0,0,0,0,0,0,0,0,0,4,1,FALSE,0
"6406",8,"M",5,"White","High",4,0,0,0,0,0,0,0,0,0,2,1,FALSE,1
"6407",8,"M",5,"White","High",4,0,0,0,0,0,0,0,0,0,4,1,FALSE,0
"6408",8,"M",5,"White","High",4,0,0,0,0,0,0,0,0,0,4,1,FALSE,0
"6409",8,"M",5,"White","High",4,0,0,0,0,0,0,0,0,0,1,NA,FALSE,1
"6410",7,"M",5,"White","High",3,0,0,0,0,0,0,0,0,0,4,1,FALSE,0
"6411",8,"F",5,"White","High",4,0,0,0,0,0,0,0,0,0,4,NA,FALSE,0
"6412",8,"F",5,"White","High",4,0,0,0,0,0,0,0,0,1,1,NA,TRUE,1
"6413",10,"F",7,"Hispanic","High",4,0,0,0,0,0,0,0,0,0,3,1,FALSE,0
"6414",7,"F",5,"White","High",4,0,0,0,0,0,0,0,0,0,3,1,FALSE,0
"6415",8,"F",5,"White","High",3,0,0,0,0,0,0,0,0,0,3,1,FALSE,0
"6416",8,"F",5,"White","High",4,0,0,0,0,0,0,0,0,0,2,1,FALSE,1
"6417",8,"F",5,"White","High",4,0,0,0,0,0,0,0,0,0,2,1,FALSE,1
"6418",8,"F",5,"White","High",4,0,0,0,0,0,0,0,0,0,1,1,FALSE,1
"6419",7,"F",5,"White","High",4,0,0,0,0,0,0,0,0,0,1,1,FALSE,1
"6420",9,"M",7,"White","High",2,0,0,0,0,0,0,0,0,0,2,1,FALSE,1
"6421",10,"F",7,"White","High",3,1,0,0,0,0,0,0,0,0,1,NA,TRUE,1
"6422",8,"M",5,"White","High",4,0,0,0,0,0,0,0,0,0,4,NA,FALSE,0
"6423",10,"F",7,"White","High",4,0,0,0,0,0,0,0,0,0,4,1,FALSE,0
"6424",9,"M",7,"White","High",1,1,1,1,0,0,0,0,0,0,1,NA,TRUE,1
"6425",9,"M",7,"White","High",4,0,0,0,0,0,0,0,0,0,4,1,FALSE,0
"6426",10,"F",7,"White","High",2,1,0,0,0,0,0,0,0,0,2,NA,TRUE,1
"6427",9,"F",7,"White","High",4,0,0,0,0,0,0,0,0,0,4,NA,FALSE,0
"6428",9,"M",7,"White","High",3,0,0,0,0,0,0,0,0,0,1,NA,FALSE,1
"6429",10,"M",7,"White","High",4,0,0,0,0,0,0,0,0,0,4,1,FALSE,0
"6430",9,"F",6,"White","High",4,0,0,0,0,0,0,0,0,0,4,1,FALSE,0
"6431",10,"F",7,"Hispanic","High",1,1,1,0,0,0,0,0,0,1,1,NA,TRUE,1
"6432",9,"F",7,"White","High",3,0,0,0,0,0,0,0,0,0,2,NA,FALSE,1
"6433",9,"M",7,"White","High",4,0,0,0,0,0,0,0,0,0,3,1,FALSE,0
"6434",8,"M",5,"White","High",4,0,0,0,0,0,0,0,0,0,1,1,FALSE,1
"6435",9,"F",6,"White","High",4,1,0,0,0,0,0,0,0,0,2,NA,TRUE,1
"6436",10,"F",7,"White","High",4,0,0,0,0,0,0,0,0,0,1,NA,FALSE,1
"6437",10,"M",7,"AI/AN","High",NA,1,0,0,0,0,0,0,0,1,1,1,TRUE,1
"6438",8,"F",5,"White","High",3,NA,0,0,NA,NA,NA,NA,NA,0,2,NA,NA,1
"6439",10,"F",7,"White","High",2,0,1,0,0,0,0,0,0,1,2,1,TRUE,1
"6440",9,"F",7,"White","High",3,0,1,0,0,0,0,0,0,1,1,1,TRUE,1
"6441",10,"F",7,NA,"High",4,0,0,0,0,0,0,0,0,0,4,NA,FALSE,0
"6442",10,"M",7,"White","High",1,1,1,1,0,0,0,1,0,0,3,NA,TRUE,0
"6443",9,"F",7,"White","High",4,0,0,0,0,0,0,0,0,0,4,NA,FALSE,0
"6444",10,"M",7,"White","High",2,0,1,0,NA,NA,NA,NA,NA,0,2,NA,TRUE,1
"6445",7,"M",4,"White","High",4,0,0,0,0,0,0,0,0,0,4,1,FALSE,0
"6446",7,"F",4,"White","High",4,0,0,0,0,0,0,0,0,0,4,1,FALSE,0
"6447",6,"F",4,"White","High",4,0,0,0,0,0,0,0,0,0,4,1,FALSE,0
"6448",6,"M",4,"White","High",4,0,0,0,0,0,0,0,0,0,2,1,FALSE,1
"6449",8,"M",5,"White","High",4,0,0,0,0,0,0,0,0,0,4,1,FALSE,0
"6450",10,"F",7,"White","High",2,0,1,0,0,0,0,0,0,1,2,1,TRUE,1
"6451",9,"F",7,"White","High",4,0,0,0,0,0,0,0,0,0,4,NA,FALSE,0
"6452",8,"F",5,"White","High",4,0,0,0,0,0,0,0,0,0,3,1,FALSE,0
"6453",9,"M",7,"White","High",4,0,0,0,0,0,0,0,0,0,4,1,FALSE,0
"6454",7,"F",4,"White","High",4,0,0,0,0,0,0,0,0,0,3,1,FALSE,0
"6455",10,"F",7,"White","High",4,0,0,0,0,0,0,0,0,0,1,NA,FALSE,1
"6456",8,"M",5,"White","High",4,0,0,0,0,0,0,0,0,0,4,1,FALSE,0
"6457",8,"F",5,"White","High",3,NA,0,0,NA,NA,NA,NA,NA,0,2,NA,NA,1
"6458",8,"M",5,"Black","High",2,0,0,0,0,0,0,0,0,1,1,NA,TRUE,1
"6459",9,"F",6,"White","High",4,1,0,0,0,0,0,0,0,0,2,NA,TRUE,1
"6460",9,"F",6,"White","High",2,1,1,0,NA,NA,NA,NA,NA,0,1,NA,TRUE,1
"6461",9,"F",6,"White","High",4,1,0,0,0,0,0,0,0,0,1,NA,TRUE,1
"6462",7,"M",5,"White","High",3,0,0,0,0,0,0,0,0,0,2,NA,FALSE,1
"6463",9,"M",6,"White","High",2,0,1,1,NA,NA,NA,NA,NA,0,2,NA,TRUE,1
"6464",8,"F",5,"White","High",4,0,0,0,0,0,0,0,0,0,4,1,FALSE,0
"6465",10,"F",7,"White","High",4,0,0,0,0,0,0,0,0,0,4,1,FALSE,0
"6466",9,"M",6,"White","High",2,0,1,0,0,0,0,0,0,0,1,1,TRUE,1
"6467",9,"M",7,"White","High",3,0,0,0,NA,NA,NA,NA,NA,1,1,NA,TRUE,1
"6468",9,"F",6,"White","High",4,0,0,0,0,0,0,0,0,0,4,NA,FALSE,0
"6469",9,"M",6,"White","High",1,1,NA,0,0,0,0,0,0,0,1,NA,TRUE,1
"6470",9,"M",6,"White","High",3,0,1,0,NA,NA,NA,NA,NA,0,2,NA,TRUE,1
"6471",9,"M",6,"White","High",3,0,1,0,0,0,0,0,0,0,1,NA,TRUE,1
"6472",9,"F",6,"White","High",4,0,0,0,0,0,0,0,0,0,4,1,FALSE,0
"6473",9,"M",6,"White","High",2,0,0,0,0,0,0,0,0,0,1,1,FALSE,1
"6474",9,"F",6,"White","High",4,0,0,0,0,0,0,0,0,0,4,NA,FALSE,0
"6475",8,"F",6,"White","High",4,0,NA,0,0,0,0,0,0,0,4,1,NA,0
"6476",9,"M",6,"White","High",1,0,1,1,0,0,0,0,0,0,2,1,TRUE,1
"6477",8,"F",6,"White","High",4,0,0,0,0,0,1,0,0,1,1,NA,TRUE,1
"6478",7,"M",5,"Black","High",4,0,0,0,0,0,0,0,0,0,4,1,FALSE,0
"6479",9,"M",6,"White","High",1,1,1,0,1,0,0,0,0,0,1,NA,TRUE,1
"6480",8,"M",6,"White","High",1,1,1,0,0,0,0,0,0,1,1,NA,TRUE,1
"6481",8,"M",6,"Hispanic","High",4,0,0,0,0,0,0,0,0,0,4,NA,FALSE,0
"6482",9,"M",6,NA,"High",1,1,1,0,0,0,0,1,0,0,2,NA,TRUE,1
"6483",9,"M",7,NA,"High",1,1,1,0,0,0,0,0,0,1,NA,NA,TRUE,NA
"6484",9,"M",6,"White","High",2,0,0,0,NA,NA,NA,NA,NA,0,4,NA,NA,0
"6485",10,"M",6,"White","High",1,1,1,1,NA,NA,NA,NA,NA,0,4,NA,TRUE,0
"6486",8,"M",6,"White","High",4,0,0,0,0,0,0,0,0,0,4,1,FALSE,0
"6487",9,"F",6,"White","High",4,0,0,0,0,0,1,0,0,1,1,NA,TRUE,1
"6488",9,"M",6,"White","High",1,1,1,1,1,0,0,0,0,0,1,1,TRUE,1
"6489",6,"F",4,"White","High",4,0,0,0,0,0,0,0,0,0,4,1,FALSE,0
"6490",7,"F",4,"Hispanic","High",3,0,0,0,0,0,0,0,0,0,2,1,FALSE,1
"6491",6,"F",4,"White","High",4,0,0,0,0,0,0,0,0,0,3,1,FALSE,0
"6492",6,"F",4,"White","High",3,0,0,0,0,0,1,0,0,0,1,NA,TRUE,1
"6493",6,"M",4,"White","High",4,0,0,0,0,0,0,0,0,0,4,1,FALSE,0
"6494",7,"F",4,"White","High",4,0,0,0,0,0,0,0,0,0,4,1,FALSE,0
"6495",7,"F",4,NA,"High",3,1,0,0,NA,NA,NA,NA,NA,1,1,NA,TRUE,1
"6496",7,"M",4,"Asian","High",4,0,0,0,0,0,0,0,0,0,4,1,FALSE,0
"6497",6,"F",4,"White","High",4,0,0,0,0,0,0,0,0,0,4,1,FALSE,0
"6498",6,"F",4,"White","High",3,0,0,0,0,0,0,0,0,0,1,1,FALSE,1
"6499",7,"M",4,"White","High",4,0,0,0,0,0,0,0,0,0,4,NA,FALSE,0
"6500",7,"F",4,"White","High",4,0,0,0,0,0,0,0,0,0,4,1,FALSE,0
"6501",7,"F",4,"White","High",4,0,0,0,0,0,0,0,0,0,4,1,FALSE,0
"6502",7,"M",4,"White","High",4,0,0,0,0,0,0,0,0,0,4,1,FALSE,0
"6503",6,"F",4,"Asian","High",4,0,0,0,0,0,0,0,0,0,4,1,FALSE,0
"6504",6,"F",4,"AI/AN","High",4,0,0,0,0,0,0,0,0,0,4,NA,FALSE,0
"6505",8,"M",4,"White","High",4,0,0,0,0,0,0,0,0,0,4,NA,FALSE,0
"6506",6,"F",4,"White","High",4,0,0,0,0,0,0,0,0,0,4,1,FALSE,0
"6507",6,"F",4,"White","High",4,0,0,0,0,0,0,0,0,0,4,1,FALSE,0
"6508",6,"F",4,"Hispanic","High",4,0,0,0,0,0,0,0,0,0,4,1,FALSE,0
"6509",6,"F",4,"White","High",4,0,0,0,0,0,0,0,0,0,2,NA,FALSE,1
"6510",7,"M",4,"White","High",4,0,0,0,0,0,0,0,0,0,4,1,FALSE,0
"6511",6,"M",4,"White","High",4,0,0,0,0,0,0,0,0,0,2,NA,FALSE,1
"6512",9,"M",6,"White","High",1,NA,1,0,1,0,0,0,0,0,1,NA,TRUE,1
"6513",6,"M",4,"AI/AN","High",4,1,0,0,0,0,1,0,0,0,1,NA,TRUE,1
"6514",7,"F",4,"White","High",4,0,0,0,0,0,0,0,0,0,4,NA,FALSE,0
"6515",7,"M",4,"White","High",1,1,1,0,0,0,1,0,0,1,1,NA,TRUE,1
"6516",6,"F",4,"White","High",4,0,0,0,0,0,0,0,0,0,2,1,FALSE,1
"6517",7,"M",4,"White","High",4,0,0,0,0,0,0,0,0,0,4,1,FALSE,0
"6518",7,"M",4,"Hispanic","High",4,0,0,0,0,0,0,0,0,0,4,NA,FALSE,0
"6519",6,"M",4,"White","High",4,0,0,0,0,0,0,0,0,0,4,NA,FALSE,0
"6520",7,"F",4,"White","High",4,0,0,0,0,0,0,0,0,0,4,1,FALSE,0
"6521",10,"F",7,"White","High",2,0,1,0,0,0,0,0,0,0,1,1,TRUE,1
"6522",7,"F",4,"Hispanic","High",4,0,0,0,0,0,0,0,0,0,4,NA,FALSE,0
"6523",7,"M",4,"AI/AN","High",3,0,0,0,0,0,0,0,0,0,2,NA,FALSE,1
"6524",7,"F",4,"Hispanic","High",4,0,0,0,0,0,0,0,0,0,2,NA,FALSE,1
"6525",7,"M",4,"Hispanic","High",4,0,0,0,0,0,0,0,0,0,4,1,FALSE,0
"6526",7,"M",4,"White","High",4,0,0,0,0,0,0,0,0,0,3,NA,FALSE,0
"6527",8,"F",4,"Hispanic","High",3,1,0,0,0,0,0,0,0,0,1,1,TRUE,1
"6528",7,"M",4,"White","High",4,0,0,0,0,0,0,0,0,0,4,NA,FALSE,0
"6529",7,"M",4,"White","High",4,0,0,0,0,0,0,0,0,0,3,NA,FALSE,0
"6530",7,"M",4,"White","High",3,0,0,0,0,0,0,0,0,0,2,NA,FALSE,1
"6531",7,"F",4,"White","High",4,0,0,0,0,0,0,0,0,0,4,1,FALSE,0
"6532",6,"F",4,"White","High",4,0,0,0,0,0,0,0,0,0,4,NA,FALSE,0
"6533",6,"F",4,"Hispanic","High",4,0,0,0,0,0,0,0,0,0,4,1,FALSE,0
"6534",7,"M",4,"White","High",4,0,0,0,0,0,0,0,0,0,4,NA,FALSE,0
"6535",7,"F",4,"White","High",4,0,0,0,0,0,0,0,0,0,4,NA,FALSE,0
"6536",7,"F",4,"White","High",4,0,0,0,0,0,0,0,0,0,4,NA,FALSE,0
"6537",7,"F",4,"White","High",4,0,0,0,0,0,0,0,0,0,4,NA,FALSE,0
"6538",6,"M",4,"White","High",1,0,0,0,0,0,0,0,0,0,2,NA,FALSE,1
"6539",9,"F",6,"White","High",4,0,0,0,0,0,0,0,0,0,4,NA,FALSE,0
"6540",8,"F",6,"White","High",4,0,0,0,0,0,0,0,0,0,3,NA,FALSE,0
"6541",7,"F",5,"White","High",4,0,0,0,0,0,0,0,0,0,4,NA,FALSE,0
"6542",8,"F",4,"White","High",4,0,0,0,0,0,0,0,0,0,2,NA,FALSE,1
"6543",7,"F",5,"White","High",3,0,0,0,0,0,0,0,0,0,2,1,FALSE,1
"6544",8,"M",5,"White","High",3,0,0,0,0,0,0,0,0,0,3,1,FALSE,0
"6545",9,"M",5,"White","High",1,1,1,1,1,0,1,1,0,1,1,NA,TRUE,1
"6546",7,"F",5,NA,"High",4,0,0,0,0,0,0,0,0,1,3,NA,TRUE,0
"6547",9,"M",6,"White","High",4,0,0,0,0,0,0,0,0,0,4,NA,FALSE,0
"6548",7,"M",5,"White","High",4,0,0,0,0,0,0,0,0,0,4,NA,FALSE,0
"6549",8,"F",5,"White","High",4,0,0,0,0,0,0,0,0,0,4,NA,FALSE,0
"6550",8,"M",5,"White","High",4,0,0,0,0,0,0,0,0,0,2,1,FALSE,1
"6551",8,"F",5,"Hispanic","High",4,0,0,0,0,0,0,0,0,0,4,NA,FALSE,0
"6552",8,"M",5,NA,"High",3,0,0,0,0,0,0,0,0,0,4,1,FALSE,0
"6553",8,"M",5,"White","High",4,0,0,0,0,0,0,0,0,0,4,1,FALSE,0
"6554",8,"M",5,"White","High",3,0,1,0,0,0,0,0,0,0,2,NA,TRUE,1
"6555",7,"M",5,"White","High",4,0,0,0,0,0,0,0,0,0,4,NA,FALSE,0
"6556",8,"M",5,"White","High",4,0,0,0,0,0,0,0,0,0,4,1,FALSE,0
"6557",8,"M",5,"White","High",4,0,0,0,0,0,0,0,0,0,3,1,FALSE,0
"6558",8,"M",5,"Asian","High",4,0,0,0,0,0,0,0,0,0,4,1,FALSE,0
"6559",8,"M",5,"White","High",4,0,0,0,0,0,0,0,0,0,4,NA,FALSE,0
"6560",9,"F",6,"White","High",4,0,0,0,0,0,0,0,0,0,1,1,FALSE,1
"6561",8,"M",5,"Black","High",1,0,0,0,0,0,0,0,0,1,1,NA,TRUE,1
"6562",8,"M",5,"White","High",4,0,0,0,0,0,0,0,0,0,4,NA,FALSE,0
"6563",8,"F",5,"White","High",4,0,0,0,0,0,0,0,0,0,2,NA,FALSE,1
"6564",10,"F",7,"White","High",4,0,0,0,0,0,0,0,0,0,4,1,FALSE,0
"6565",10,"F",7,NA,"High",4,0,0,0,0,0,0,0,0,0,4,1,FALSE,0
"6566",9,"F",7,"White","High",2,0,0,0,0,0,0,0,0,1,2,NA,TRUE,1
"6567",10,"M",7,NA,"High",4,0,0,0,0,0,0,0,0,0,4,NA,FALSE,0
"6568",10,"M",7,"White","High",3,0,0,0,0,0,0,0,0,0,3,1,FALSE,0
"6569",9,"M",6,"White","High",3,0,0,0,0,0,0,0,0,1,NA,NA,TRUE,NA
"6570",10,"M",7,"White","High",3,0,0,0,0,0,0,0,0,0,2,NA,FALSE,1
"6571",10,"M",7,"White","High",4,0,0,0,0,0,0,0,0,0,4,1,FALSE,0
"6572",10,"M",7,"White","High",4,0,0,0,0,0,0,0,0,0,2,1,FALSE,1
"6573",9,"F",7,"White","High",4,0,0,0,0,0,0,0,0,0,4,NA,FALSE,0
"6574",9,"M",7,"White","High",4,0,0,0,0,0,0,0,0,0,4,1,FALSE,0
"6575",10,"F",7,"White","High",2,0,0,0,0,0,1,0,0,0,2,1,TRUE,1
"6576",8,"M",5,"White","High",4,0,0,0,0,0,0,0,0,0,4,1,FALSE,0
"6577",8,"M",5,"White","High",4,0,0,0,0,0,0,0,0,0,4,1,FALSE,0
"6578",8,"M",5,"White","High",2,0,0,0,0,0,1,0,0,1,1,NA,TRUE,1
"6579",7,"F",5,"NHOPI","High",3,0,0,0,0,0,0,0,0,0,3,1,FALSE,0
"6580",8,"M",5,"White","High",4,0,0,0,0,0,0,0,0,0,4,NA,FALSE,0
"6581",7,"F",5,"White","High",3,0,0,0,0,0,0,0,0,0,4,1,FALSE,0
"6582",7,"F",5,"White","High",4,0,0,0,0,0,0,0,0,0,4,NA,FALSE,0
"6583",8,"F",5,"White","High",4,0,0,0,0,0,0,0,0,0,4,NA,FALSE,0
"6584",7,"F",5,"White","High",4,0,0,0,0,0,0,0,0,0,4,1,FALSE,0
"6585",9,"M",7,NA,"High",2,0,0,0,0,0,0,0,0,0,4,NA,FALSE,0
"6586",10,"M",7,"White","High",2,0,0,0,0,0,0,0,0,0,1,1,FALSE,1
"6587",9,"M",5,"White","High",4,0,0,0,0,0,0,0,0,0,4,1,FALSE,0
"6588",8,"M",5,"White","High",4,0,0,0,0,0,0,0,0,0,1,NA,FALSE,1
"6589",10,"M",6,"White","High",4,0,0,0,0,0,0,0,0,0,4,1,FALSE,0
"6590",9,"M",6,"Hispanic","High",2,0,1,0,0,0,0,0,0,1,2,NA,TRUE,1
"6591",9,"F",6,"White","High",4,0,0,0,0,0,0,0,0,0,4,1,FALSE,0
"6592",8,"F",6,"White","High",4,0,0,0,0,0,0,0,0,0,4,1,FALSE,0
"6593",10,"F",7,"White","High",4,0,0,0,0,0,0,0,0,0,4,1,FALSE,0
"6594",8,"F",5,"White","High",1,1,0,0,0,0,1,0,0,1,1,NA,TRUE,1
"6595",9,"M",6,"White","High",1,1,1,0,0,0,0,0,0,0,2,1,TRUE,1
"6596",8,"F",6,"White","High",3,0,0,0,0,0,0,0,0,1,1,NA,TRUE,1
"6597",8,"M",6,"White","High",3,0,0,0,0,0,0,0,0,0,4,NA,FALSE,0
"6598",9,"F",6,"White","High",4,0,0,0,0,0,0,0,0,0,2,1,FALSE,1
"6599",9,"M",6,"White","High",2,0,1,0,0,0,0,0,0,0,2,1,TRUE,1
"6600",9,"F",6,"White","High",4,0,0,0,0,0,0,0,0,0,4,1,FALSE,0
"6601",9,"F",7,"White","High",3,0,0,0,0,0,0,0,0,0,4,1,FALSE,0
"6602",9,"F",6,"White","High",4,1,0,0,1,0,1,0,0,0,2,NA,TRUE,1
"6603",9,"M",6,"Hispanic","High",4,0,0,0,0,0,0,0,0,0,4,1,FALSE,0
"6604",9,"M",6,"White","High",4,0,0,0,0,0,0,0,0,0,2,1,FALSE,1
"6605",9,"M",6,"White","High",4,0,0,0,0,0,0,0,0,0,4,NA,FALSE,0
"6606",9,"F",6,"White","High",4,0,0,0,0,0,0,0,0,0,4,1,FALSE,0
"6607",9,"F",6,"Hispanic","High",4,0,0,0,0,0,0,0,0,0,4,1,FALSE,0
"6608",8,"M",5,"White","High",4,0,0,0,0,0,0,0,0,0,3,1,FALSE,0
"6609",9,"M",6,"White","High",4,0,0,0,0,0,0,0,0,0,1,NA,FALSE,1
"6610",9,"M",6,"White","High",4,0,0,0,0,0,0,0,0,0,3,1,FALSE,0
"6611",8,"F",5,"White","High",2,1,0,0,0,0,0,0,0,1,2,NA,TRUE,1
"6612",10,"M",7,"White","High",4,0,0,0,0,0,0,0,0,0,4,1,FALSE,0
"6613",9,"M",7,"White","High",2,0,0,0,0,0,0,0,0,0,4,1,FALSE,0
"6614",8,"M",5,"White","High",4,0,0,0,0,0,0,0,0,0,4,1,FALSE,0
"6615",8,"M",6,"White","High",4,0,0,0,0,0,0,0,0,0,4,NA,FALSE,0
"6616",9,"M",5,"Hispanic","High",3,0,0,0,0,0,0,0,0,0,2,1,FALSE,1
"6617",10,"M",7,"White","High",4,0,0,0,0,0,0,0,0,0,4,1,FALSE,0
"6618",10,"M",7,"White","High",3,1,0,0,0,0,0,0,0,1,1,1,TRUE,1
"6619",10,"M",8,"White",NA,2,0,1,1,0,0,0,0,0,0,2,NA,TRUE,1
"6620",10,"M",7,"Hispanic","High",1,0,1,0,NA,NA,NA,NA,NA,0,4,NA,TRUE,0
"6621",10,"M",7,"White","High",4,0,0,0,0,0,0,0,0,0,1,NA,FALSE,1
"6622",9,"M",7,"White","High",4,0,0,0,0,0,0,0,0,0,2,1,FALSE,1
"6623",10,"M",7,"White","High",4,0,0,0,0,0,0,0,0,0,4,1,FALSE,0
"6624",10,"M",7,"White","High",2,0,0,0,0,0,0,0,0,0,1,NA,FALSE,1
"6625",9,"M",7,"White","High",1,0,0,1,0,0,1,0,0,1,1,NA,TRUE,1
"6626",10,"M",7,"Black","High",3,0,1,0,0,0,0,0,0,0,4,1,TRUE,0
"6627",9,"M",7,"White","High",1,1,1,1,1,0,0,1,0,0,3,NA,TRUE,0
"6628",9,"M",7,"White","High",4,0,0,0,0,0,0,0,0,0,4,1,FALSE,0
"6629",9,"M",6,"AI/AN","High",1,0,0,0,0,0,0,0,0,0,1,1,FALSE,1
"6630",10,"M",7,"White","High",1,1,1,0,0,0,0,0,0,0,1,1,TRUE,1
"6631",9,"M",6,"White","High",2,0,NA,0,0,0,0,0,0,0,3,1,NA,0
"6632",9,"M",6,"White","High",1,1,1,0,0,0,1,0,0,1,1,NA,TRUE,1
"6633",9,"M",6,"White","High",3,0,0,0,0,0,0,0,0,0,2,NA,FALSE,1
"6634",9,"M",6,"White","High",4,0,0,0,0,0,0,0,0,0,4,1,FALSE,0
"6635",9,"M",6,"White","High",3,0,0,0,0,0,0,0,0,0,2,1,FALSE,1
"6636",8,"M",5,"White","High",1,0,0,1,0,0,0,0,0,1,1,1,TRUE,1
"6637",8,"M",5,"Black","High",4,0,0,0,0,0,0,0,0,0,4,1,FALSE,0
"6638",8,"M",5,"White","High",3,0,0,0,0,0,0,0,0,0,3,1,FALSE,0
"6639",7,"M",5,"White","High",3,0,0,0,0,0,0,0,0,0,3,NA,FALSE,0
"6640",7,"M",5,"White","High",4,0,0,0,0,0,0,0,0,0,4,1,FALSE,0
"6641",8,"M",5,"White","High",4,0,0,0,0,0,0,0,0,0,4,1,FALSE,0
"6642",8,"M",5,"White","High",2,0,1,1,NA,NA,NA,NA,NA,0,1,1,TRUE,1
"6643",8,"M",5,"White","High",3,0,0,0,0,0,0,0,0,1,3,NA,TRUE,0
"6644",8,"M",5,"White","High",3,NA,NA,0,NA,NA,NA,NA,NA,1,2,NA,TRUE,1
"6645",8,"M",5,"White","High",4,0,0,0,0,0,0,0,0,0,3,1,FALSE,0
"6646",8,"M",5,"White","High",1,1,0,0,0,0,0,0,0,1,1,1,TRUE,1
"6647",7,"M",5,"White","High",2,1,NA,1,0,0,0,0,0,1,2,1,TRUE,1
"6648",8,"M",5,"White","High",3,0,0,0,0,0,0,0,0,0,1,1,FALSE,1
"6649",7,"M",5,"White","High",4,0,0,0,0,0,0,0,0,0,3,NA,FALSE,0
"6650",8,"M",5,"White","High",3,0,0,0,0,0,0,0,0,0,4,1,FALSE,0
"6651",8,"M",5,"White","High",2,0,1,0,0,0,0,0,0,0,1,NA,TRUE,1
"6652",8,"M",5,"White","High",3,1,0,1,0,0,1,0,0,1,1,1,TRUE,1
"6653",8,"M",5,"White","High",4,0,0,0,0,0,0,0,0,0,2,NA,FALSE,1
"6654",9,"M",7,"White","High",2,0,0,0,0,0,0,0,0,0,4,1,FALSE,0
"6655",8,"M",6,"White","High",2,1,1,0,0,0,0,0,0,0,1,1,TRUE,1
"6656",9,"M",7,"White","High",3,0,0,0,0,0,0,0,0,0,3,1,FALSE,0
"6657",8,"M",6,"White","High",1,0,0,1,0,0,1,0,0,0,2,NA,TRUE,1
"6658",10,"M",7,"White","High",4,0,0,0,0,0,0,0,0,0,4,1,FALSE,0
"6659",8,"M",6,"White","High",2,0,0,0,0,0,0,0,0,0,1,1,FALSE,1
"6660",10,"M",7,"White","High",4,0,0,0,0,0,0,0,0,0,4,1,FALSE,0
"6661",9,"M",7,"White","High",2,0,0,0,0,0,0,0,0,0,4,1,FALSE,0
"6662",9,"M",7,"White","High",2,1,1,1,0,0,1,0,0,1,1,NA,TRUE,1
"6663",10,"M",7,"White","High",4,0,0,0,0,0,0,0,0,0,2,NA,FALSE,1
"6664",10,"M",7,"White","High",4,1,0,0,0,0,1,0,0,1,1,1,TRUE,1
"6665",10,"M",7,NA,"High",1,1,1,0,0,0,1,0,0,1,1,1,TRUE,1
"6666",9,"M",7,"White","High",3,0,0,0,0,0,0,0,0,0,3,NA,FALSE,0
"6667",9,"M",6,"White","High",2,0,NA,0,0,0,0,0,0,0,2,NA,NA,1
"6668",9,"M",7,"White","High",1,0,0,1,0,0,0,0,0,0,2,1,TRUE,1
"6669",10,"M",7,"White","High",1,1,1,0,0,0,0,0,0,1,1,NA,TRUE,1
"6670",10,"M",7,"White","High",1,0,0,1,0,0,0,0,0,0,3,NA,TRUE,0
"6671",10,"M",7,"White","High",2,0,1,0,0,0,0,0,0,1,1,NA,TRUE,1
"6672",9,"M",7,"Asian","High",2,0,0,0,0,0,0,0,0,0,3,1,FALSE,0
"6673",9,"M",6,"White","High",3,1,0,1,0,0,0,0,0,0,2,NA,TRUE,1
"6674",9,"M",6,"Hispanic","High",1,1,1,0,NA,NA,NA,NA,NA,1,1,NA,TRUE,1
"6675",9,"M",6,"White","High",3,0,0,0,0,0,0,0,0,0,2,1,FALSE,1
"6676",9,"M",6,"White","High",4,1,0,0,0,0,0,0,0,1,1,NA,TRUE,1
"6677",9,"M",7,NA,"High",1,1,1,1,0,1,0,0,0,1,1,NA,TRUE,1
"6678",8,"M",6,"White","High",3,0,0,0,0,0,0,0,0,1,1,1,TRUE,1
"6679",10,"M",6,"White","High",4,0,0,0,0,0,0,0,0,0,3,NA,FALSE,0
"6680",10,"M",6,"White","High",2,0,0,0,0,0,0,0,0,0,2,NA,FALSE,1
"6681",9,"M",6,"White","High",1,1,NA,1,0,0,0,0,0,0,4,NA,TRUE,0
"6682",9,"M",6,"White","High",3,1,0,1,0,0,1,0,0,0,2,NA,TRUE,1
"6683",10,"M",6,"White","High",1,0,0,0,NA,NA,NA,NA,NA,1,1,1,TRUE,1
"6684",9,"M",6,"White","High",1,0,1,0,0,0,0,0,0,0,2,1,TRUE,1
"6685",9,"M",6,"White","High",4,0,0,0,0,0,0,0,0,1,1,NA,TRUE,1
"6686",9,"M",6,"Black","High",4,0,0,0,0,0,0,0,0,0,4,1,FALSE,0
"6687",9,"M",6,"White","High",4,0,0,0,0,0,0,0,0,0,4,NA,FALSE,0
"6688",7,"M",4,"Black","High",4,0,0,0,0,0,0,0,0,0,2,1,FALSE,1
"6689",7,"M",4,"Black","High",4,0,0,0,0,0,0,0,0,0,2,NA,FALSE,1
"6690",7,"M",4,NA,"High",4,0,0,0,0,0,0,0,0,0,4,1,FALSE,0
"6691",8,"M",5,"White","High",2,0,0,0,0,0,0,0,0,0,1,NA,FALSE,1
"6692",10,"M",7,"White","High",4,0,0,0,0,0,0,0,0,0,4,1,FALSE,0
"6693",9,"M",7,"White","High",4,0,0,0,0,0,0,0,0,0,4,1,FALSE,0
"6694",10,"M",7,"White","High",3,0,0,1,0,0,0,0,0,0,3,1,TRUE,0
"6695",6,"M",4,NA,"High",3,0,0,0,0,0,0,0,0,0,3,1,FALSE,0
"6696",7,"M",4,"Hispanic","High",4,0,0,0,0,0,0,0,0,0,3,1,FALSE,0
"6697",8,"M",4,"White","High",4,0,0,0,0,0,0,0,0,0,4,1,FALSE,0
"6698",7,"M",4,"White","High",4,0,0,0,0,0,0,0,0,0,4,1,FALSE,0
"6699",7,"M",4,"White","High",4,0,0,0,0,0,0,0,0,0,3,NA,FALSE,0
"6700",7,"M",4,"White","High",4,0,0,0,0,0,0,0,0,0,4,1,FALSE,0
"6701",6,"M",4,"White","High",3,0,0,0,0,0,0,0,0,1,1,NA,TRUE,1
"6702",6,"M",4,"White","High",4,0,0,0,0,0,0,0,0,0,4,1,FALSE,0
"6703",7,"M",4,"White","High",4,0,0,0,0,0,0,0,0,0,2,1,FALSE,1
"6704",6,"M",4,"Asian","High",3,0,0,0,0,0,0,0,0,0,1,1,FALSE,1
"6705",7,"M",4,"White","High",4,0,0,NA,0,0,0,0,0,0,2,1,NA,1
"6706",7,"M",4,NA,"High",4,0,0,0,0,0,0,0,0,0,4,NA,FALSE,0
"6707",7,"M",4,"White","High",4,0,0,0,0,0,0,0,0,0,4,1,FALSE,0
"6708",7,"M",4,"White","High",3,0,0,0,1,0,0,0,0,0,2,NA,TRUE,1
"6709",7,"M",4,"White","High",4,0,0,0,0,0,0,0,0,0,4,1,FALSE,0
"6710",6,"M",4,"Black","High",4,0,0,0,0,0,0,0,0,0,3,1,FALSE,0
"6711",7,"M",4,"White","High",3,0,0,1,0,0,0,0,0,0,4,1,TRUE,0
"6712",6,"M",4,"White","High",4,0,0,0,0,0,0,0,0,0,4,NA,FALSE,0
"6713",7,"M",4,"White","High",4,0,0,0,0,0,0,0,0,0,4,1,FALSE,0
"6714",7,"M",4,"White","High",3,0,0,0,0,0,0,0,0,0,1,NA,FALSE,1
"6715",6,"M",4,NA,"High",4,0,0,0,0,0,0,0,0,0,4,1,FALSE,0
"6716",7,"M",4,"Black","High",4,0,0,0,0,0,0,0,0,0,4,1,FALSE,0
"6717",7,"M",4,"White","High",4,0,0,0,0,0,0,0,0,0,4,1,FALSE,0
"6718",7,"M",4,"White","High",2,0,0,0,0,0,0,0,0,0,1,NA,FALSE,1
"6719",7,"M",4,"White","High",3,0,0,0,0,0,0,0,0,0,4,1,FALSE,0
"6720",6,"M",4,"White","High",3,0,0,0,0,0,0,0,0,0,3,NA,FALSE,0
"6721",9,"M",6,"White","High",4,0,0,0,0,0,0,0,0,0,2,1,FALSE,1
"6722",9,"M",6,"White","High",3,0,0,0,0,0,0,0,0,0,3,1,FALSE,0
"6723",8,"M",6,"Black","High",4,0,0,0,0,0,0,0,0,0,4,1,FALSE,0
"6724",8,"M",6,"White","High",3,0,0,0,0,0,0,0,0,0,2,1,FALSE,1
"6725",9,"M",6,"White","High",3,0,0,0,0,0,0,0,0,0,2,NA,FALSE,1
"6726",8,"M",6,"White","High",1,0,1,1,0,0,1,0,0,0,2,1,TRUE,1
"6727",8,"M",6,"White","High",1,1,1,1,NA,NA,NA,NA,NA,1,1,NA,TRUE,1
"6728",1,"F",7,"Hispanic","High",1,1,1,1,NA,NA,NA,NA,NA,1,1,1,TRUE,1
"6729",8,"M",5,"White","High",3,0,0,0,0,0,0,0,0,0,4,1,FALSE,0
"6730",7,"M",5,"White","High",4,0,0,0,0,0,0,0,0,0,4,NA,FALSE,0
"6731",8,"M",5,"White","High",3,0,0,0,0,0,0,0,0,0,2,1,FALSE,1
"6732",8,"M",5,"White","High",4,0,0,0,NA,NA,NA,NA,NA,0,4,1,NA,0
"6733",8,"M",5,NA,"High",1,0,0,0,0,0,0,0,0,0,1,NA,FALSE,1
"6734",9,"M",5,"White","High",4,0,0,0,0,0,0,0,0,0,4,1,FALSE,0
"6735",8,"M",5,"Hispanic","High",2,0,0,0,0,0,0,0,0,0,3,NA,FALSE,0
"6736",8,"M",5,"White","High",4,0,0,0,0,0,0,0,0,0,4,1,FALSE,0
"6737",8,"M",5,"Black","High",4,0,0,0,0,0,0,0,0,0,1,NA,FALSE,1
"6738",8,"M",5,"White","High",4,0,NA,0,NA,NA,NA,NA,NA,NA,4,NA,NA,0
"6739",8,"M",5,"White","High",1,0,1,1,0,0,0,0,0,0,1,NA,TRUE,1
"6740",8,"M",5,"White","High",4,0,0,0,0,0,0,0,0,0,4,1,FALSE,0
"6741",8,"M",5,"Asian","High",3,0,0,0,0,0,0,0,0,0,1,NA,FALSE,1
"6742",8,"M",5,"White","High",3,0,0,0,0,0,0,0,0,0,1,1,FALSE,1
"6743",8,"M",5,"Black","High",4,0,0,0,0,0,0,0,0,0,1,NA,FALSE,1
"6744",9,"M",5,"White","High",4,0,0,0,0,0,0,0,0,0,4,NA,FALSE,0
"6745",8,"M",5,"White","High",4,0,0,0,0,0,0,0,0,0,2,1,FALSE,1
"6746",8,"M",5,"White","High",4,0,0,0,0,0,0,0,0,0,4,1,FALSE,0
"6747",8,"M",5,"White","High",2,0,0,0,0,0,0,0,0,0,1,NA,FALSE,1
"6748",8,"M",5,"White","High",3,0,0,0,0,0,0,0,0,0,4,NA,FALSE,0
"6749",8,"M",5,"White","High",1,0,0,1,0,0,0,0,0,0,1,1,TRUE,1
"6750",7,"M",5,"White","High",1,0,1,1,0,0,0,0,0,1,1,1,TRUE,1
"6751",7,"M",5,"White","High",4,0,0,0,0,0,0,0,0,0,2,1,FALSE,1
"6752",7,"M",5,"White","High",3,0,0,0,0,0,0,0,0,0,3,1,FALSE,0
"6753",8,"M",5,"Hispanic","High",4,0,0,0,0,0,0,0,0,1,1,1,TRUE,1
"6754",8,"M",5,"White","High",3,0,0,1,0,0,0,0,0,1,3,1,TRUE,0
"6755",8,"M",5,"White","High",4,0,0,0,0,0,0,0,0,0,4,1,FALSE,0
"6756",10,"M",7,"White","High",1,0,1,1,0,0,1,0,0,1,1,1,TRUE,1
"6757",10,"M",7,"Black","High",4,0,0,0,0,0,0,0,0,0,4,NA,FALSE,0
"6758",9,"M",7,"White","High",3,0,0,0,0,0,0,0,0,1,2,1,TRUE,1
"6759",10,"M",7,"White","High",4,0,0,0,0,0,0,0,0,0,4,1,FALSE,0
"6760",10,"M",7,"White","High",1,0,0,0,0,0,0,0,0,1,1,1,TRUE,1
"6761",8,"M",6,"White","High",3,0,0,0,0,0,0,0,0,0,4,1,FALSE,0
"6762",10,"M",7,"White","High",1,1,0,1,0,0,0,1,0,1,1,NA,TRUE,1
"6763",10,"M",7,NA,"High",4,0,NA,NA,0,0,0,0,0,NA,4,1,NA,0
"6764",9,"M",7,"White","High",1,1,1,1,1,0,1,0,0,1,1,NA,TRUE,1
"6765",9,"M",7,"White","High",3,0,0,0,0,0,0,0,0,0,3,NA,FALSE,0
"6766",10,"M",7,"White","High",1,0,1,0,0,0,0,0,0,0,3,1,TRUE,0
"6767",11,"M",7,"White","High",3,1,1,1,0,0,0,0,0,0,4,1,TRUE,0
"6768",9,"M",7,"White","High",1,1,0,0,0,0,1,0,0,0,2,NA,TRUE,1
"6769",9,"M",6,"White","High",3,0,0,0,0,0,0,0,0,0,2,1,FALSE,1
"6770",9,"M",6,"White","High",3,1,1,0,0,0,0,0,0,1,1,NA,TRUE,1
"6771",9,"M",6,"Black","High",4,0,0,0,0,0,0,0,0,0,1,1,FALSE,1
"6772",8,"M",6,"White","High",4,0,0,1,0,0,0,0,0,0,2,NA,TRUE,1
"6773",8,"M",6,"White","High",4,0,0,1,0,0,0,0,0,1,1,NA,TRUE,1
"6774",9,"M",6,"White","High",2,0,0,0,0,0,0,0,0,0,4,1,FALSE,0
"6775",8,"M",6,"White","High",4,0,0,0,0,0,0,0,0,0,4,1,FALSE,0
"6776",9,"M",6,"White","High",2,0,1,1,0,0,0,0,0,0,1,NA,TRUE,1
"6777",9,"M",6,"White","High",2,0,0,0,0,0,0,0,0,1,1,NA,TRUE,1
"6778",9,"M",6,NA,"High",3,1,1,0,0,0,1,0,0,1,3,NA,TRUE,0
"6779",9,"M",6,"White","High",1,1,1,0,0,0,1,0,0,1,2,NA,TRUE,1
"6780",7,"F",5,NA,"High",3,NA,0,0,0,0,0,0,0,0,2,1,NA,1
"6781",8,"M",5,"White","High",3,0,0,0,0,0,0,0,0,0,2,1,FALSE,1
"6782",7,"M",4,"White","High",4,0,0,0,0,0,0,0,0,0,4,NA,FALSE,0
"6783",8,"M",5,"White","High",4,0,0,0,0,0,0,0,0,0,4,NA,FALSE,0
"6784",7,"F",5,"White","High",4,0,0,0,0,0,0,0,0,0,2,1,FALSE,1
"6785",8,"M",6,"White","High",4,0,0,0,0,0,0,0,0,0,2,1,FALSE,1
"6786",9,"F",7,"White","High",4,0,0,0,0,0,0,0,0,0,2,1,FALSE,1
"6787",9,"F",6,"White","High",3,0,0,0,0,0,0,0,0,0,2,NA,FALSE,1
"6788",8,"M",5,"White","High",4,0,0,0,0,0,0,0,0,0,4,1,FALSE,0
"6789",8,"M",6,"White","High",2,0,0,0,0,0,0,0,0,0,1,1,FALSE,1
"6790",8,"F",6,"White","High",4,0,0,0,0,0,0,0,0,0,4,1,FALSE,0
"6791",7,"M",5,"White","High",2,1,0,0,0,0,0,0,0,0,1,NA,TRUE,1
"6792",7,"F",4,"White","High",3,0,0,0,0,0,0,0,0,0,3,1,FALSE,0
"6793",7,"M",4,"White","High",4,0,0,0,0,0,0,0,0,0,2,NA,FALSE,1
"6794",8,"F",5,"White","High",4,0,0,0,0,0,0,0,0,0,3,1,FALSE,0
"6795",7,"M",4,"White","High",4,0,0,0,0,0,0,0,0,0,3,1,FALSE,0
"6796",8,"F",6,"White","High",4,0,0,0,0,0,0,0,0,0,4,1,FALSE,0
"6797",10,"F",7,"White","High",4,0,0,0,0,0,0,0,0,0,4,1,FALSE,0
"6798",9,"M",7,"White","High",4,0,0,0,0,0,0,0,0,0,3,1,FALSE,0
"6799",9,"M",6,"White","High",2,0,1,1,0,0,1,0,0,0,3,NA,TRUE,0
"6800",7,"M",5,"White","High",2,0,0,0,0,0,0,0,0,0,2,NA,FALSE,1
"6801",7,"M",4,"White","High",3,0,0,0,0,0,0,0,0,0,4,NA,FALSE,0
"6802",7,"M",4,"Hispanic","High",4,0,0,0,0,0,0,0,0,0,4,1,FALSE,0
"6803",6,"M",4,"Black","High",4,0,0,0,0,0,0,0,0,0,2,1,FALSE,1
"6804",9,"F",6,"White","High",2,0,0,0,0,0,0,0,0,0,1,NA,FALSE,1
"6805",10,"F",7,"White","High",2,0,0,0,0,0,0,0,0,0,2,1,FALSE,1
"6806",7,"M",4,"White","High",2,0,0,0,0,0,0,0,0,0,NA,NA,FALSE,NA
"6807",8,"M",6,"White","High",4,0,0,0,0,0,0,0,0,0,4,1,FALSE,0
"6808",6,"F",4,"White","High",4,0,0,0,0,0,0,0,0,0,4,1,FALSE,0
"6809",7,"M",5,"White","High",1,0,1,0,0,0,1,0,0,1,1,NA,TRUE,1
"6810",8,"M",6,"White","High",4,0,0,0,0,0,0,0,0,0,4,NA,FALSE,0
"6811",8,"M",6,"Asian","High",3,0,0,0,0,0,0,0,0,0,4,1,FALSE,0
"6812",9,"M",7,"White","High",3,0,0,0,0,0,0,0,0,0,2,1,FALSE,1
"6813",8,"M",5,"White","High",4,0,0,0,0,0,0,0,0,0,1,1,FALSE,1
"6814",8,"F",5,"White","High",4,0,0,0,0,0,0,0,0,0,3,1,FALSE,0
"6815",6,"M",4,"White","High",1,1,0,0,NA,NA,NA,NA,NA,0,1,NA,TRUE,1
"6816",7,"F",4,"White","High",4,0,0,0,0,0,0,0,0,0,4,1,FALSE,0
"6817",8,"M",6,"White","High",3,0,0,1,0,0,0,0,0,0,2,NA,TRUE,1
"6818",9,"M",7,"White","High",2,0,0,0,0,0,0,0,0,0,2,NA,FALSE,1
"6819",6,"M",4,"White","High",4,0,0,0,0,0,0,0,0,0,3,NA,FALSE,0
"6820",8,"F",5,"White","High",4,0,0,0,0,0,0,0,0,0,2,1,FALSE,1
"6821",7,"M",4,"White","High",4,0,0,0,0,0,0,0,0,0,2,1,FALSE,1
"6822",10,"F",7,"White","High",2,0,0,1,0,0,1,0,0,1,1,NA,TRUE,1
"6823",10,"M",7,"White","High",3,1,1,0,0,0,0,0,0,1,1,1,TRUE,1
"6824",9,"M",7,"White","High",3,0,0,0,0,0,0,0,0,0,2,NA,FALSE,1
"6825",8,"M",6,"White","High",4,0,0,0,0,0,0,0,0,0,4,1,FALSE,0
"6826",8,"M",6,"Hispanic","High",4,0,0,0,0,0,0,0,0,0,4,1,FALSE,0
"6827",8,"F",5,"White","High",4,0,0,0,0,0,0,0,0,0,4,1,FALSE,0
"6828",6,"M",4,"White","High",4,0,0,0,0,0,0,0,0,0,4,NA,FALSE,0
"6829",8,"M",5,"White","High",3,0,0,0,0,0,0,0,0,0,1,1,FALSE,1
"6830",8,"M",5,"White","High",4,0,0,0,0,0,0,0,0,0,4,1,FALSE,0
"6831",9,"F",5,"White","High",4,0,0,0,0,0,0,0,0,0,1,NA,FALSE,1
"6832",7,"M",5,"White","High",3,0,0,0,0,0,0,0,0,1,2,NA,TRUE,1
"6833",9,"M",6,"White","High",4,0,0,0,0,0,0,0,0,0,4,NA,FALSE,0
"6834",9,"M",7,"Black","High",4,1,1,0,0,0,1,0,0,0,2,1,TRUE,1
"6835",4,"F",1,NA,"Middle",4,0,0,0,NA,NA,NA,NA,NA,0,4,NA,NA,0
"6836",3,"F",1,NA,"Middle",4,0,0,0,NA,NA,NA,NA,NA,0,4,NA,NA,0
"6837",3,"F",1,NA,"Middle",4,0,0,0,0,0,0,0,0,0,4,NA,FALSE,0
"6838",4,"F",1,"Black","Middle",4,0,0,0,NA,NA,NA,NA,NA,0,4,NA,NA,0
"6839",4,"F",1,"Black","Middle",4,0,0,0,NA,NA,NA,NA,NA,0,4,1,NA,0
"6840",4,"F",1,"Black","Middle",4,0,NA,0,0,0,0,0,0,0,4,NA,NA,0
"6841",5,"F",1,NA,"Middle",4,0,0,NA,0,0,0,0,0,0,4,NA,NA,0
"6842",3,"F",1,"Black","Middle",4,0,0,0,NA,NA,NA,NA,NA,0,2,NA,NA,1
"6843",3,"F",1,"Black","Middle",4,0,0,0,0,0,0,0,0,0,4,NA,FALSE,0
"6844",4,"F",1,"Black","Middle",4,0,0,0,0,0,0,0,0,0,4,1,FALSE,0
"6845",4,"F",1,"Black","Middle",4,0,0,0,0,0,0,0,0,0,4,NA,FALSE,0
"6846",3,"F",1,"Black","Middle",4,0,0,0,0,0,0,0,0,0,4,NA,FALSE,0
"6847",3,"F",1,"Black","Middle",4,0,0,0,0,0,0,0,0,0,4,1,FALSE,0
"6848",3,"M",1,NA,"Middle",4,1,1,1,0,0,0,0,1,1,1,NA,TRUE,1
"6849",5,"M",1,"Hispanic","Middle",4,NA,NA,NA,NA,NA,NA,NA,NA,NA,NA,NA,NA,NA
"6850",5,"M",1,"Black","Middle",4,0,0,0,0,0,0,0,0,0,4,1,FALSE,0
"6851",4,"M",1,"Hispanic","Middle",4,0,0,0,0,0,0,0,0,0,4,1,FALSE,0
"6852",3,"M",1,"Black","Middle",4,0,0,0,0,0,0,0,0,0,4,1,FALSE,0
"6853",4,"M",1,"Hispanic","Middle",4,0,0,0,0,0,0,0,0,0,4,1,FALSE,0
"6854",4,"M",1,"Black","Middle",4,0,0,0,0,0,0,0,0,0,4,1,FALSE,0
"6855",4,"M",1,"Black","Middle",4,0,0,0,0,0,0,0,0,0,4,1,FALSE,0
"6856",3,"M",1,"Black","Middle",3,0,0,0,0,0,0,0,0,0,2,1,FALSE,1
"6857",3,"F",1,"Black","Middle",4,0,0,0,0,0,0,0,0,0,4,NA,FALSE,0
"6858",4,"M",1,NA,"Middle",4,NA,NA,NA,NA,NA,NA,NA,NA,NA,4,1,NA,0
"6859",4,"M",1,"Black","Middle",4,0,0,0,0,0,0,0,0,0,4,NA,FALSE,0
"6860",4,"F",1,"Black","Middle",4,0,0,0,0,0,0,0,0,0,4,1,FALSE,0
"6861",4,"F",1,"Hispanic","Middle",4,0,0,0,0,0,0,0,0,0,4,1,FALSE,0
"6862",3,"F",1,"Black","Middle",4,0,0,0,0,0,0,0,0,0,4,NA,FALSE,0
"6863",3,"M",1,"Black","Middle",4,0,0,0,0,0,0,0,0,0,4,NA,FALSE,0
"6864",4,"F",1,"Black","Middle",4,0,0,0,0,0,0,0,0,0,2,NA,FALSE,1
"6865",4,"M",1,"Black","Middle",4,0,0,0,0,0,0,0,0,0,4,NA,FALSE,0
"6866",4,"F",1,"Black","Middle",3,0,0,0,0,0,0,0,0,0,4,1,FALSE,0
"6867",3,"M",1,"Black","Middle",4,0,0,0,0,0,0,0,0,0,4,1,FALSE,0
"6868",3,"F",1,"Black","Middle",4,0,0,0,0,0,0,0,0,0,4,NA,FALSE,0
"6869",3,"F",1,"Black","Middle",4,0,0,0,0,0,0,0,0,0,4,NA,FALSE,0
"6870",3,"F",1,"Black","Middle",4,NA,NA,0,0,0,0,0,0,0,4,1,NA,0
"6871",3,"F",1,"Black","Middle",4,0,0,0,0,0,0,0,0,0,4,1,FALSE,0
"6872",4,"F",1,"Hispanic","Middle",4,0,0,0,0,0,0,0,0,0,4,1,FALSE,0
"6873",5,"F",1,"Black","Middle",4,0,0,0,0,0,0,0,0,0,4,1,FALSE,0
"6874",4,"M",1,NA,"Middle",4,0,0,0,0,0,0,0,0,0,4,1,FALSE,0
"6875",3,"M",1,"Black","Middle",4,0,0,0,0,0,0,0,0,0,4,1,FALSE,0
"6876",5,"M",1,NA,"Middle",4,0,0,0,0,0,0,0,0,0,4,1,FALSE,0
"6877",5,"F",3,"Black","Middle",4,0,0,0,0,0,0,0,0,0,4,1,FALSE,0
"6878",5,"F",3,"Black","Middle",4,0,0,0,0,0,0,0,0,0,2,1,FALSE,1
"6879",7,"M",3,"Black","Middle",4,0,0,NA,0,0,0,0,0,0,4,1,NA,0
"6880",6,"F",3,"Black","Middle",4,0,0,0,0,0,0,0,0,0,4,NA,FALSE,0
"6881",7,"F",3,NA,"Middle",3,0,0,0,0,0,0,0,0,0,4,1,FALSE,0
"6882",7,"F",3,"Black","Middle",4,0,0,0,0,0,0,0,0,0,4,NA,FALSE,0
"6883",5,"M",3,"Black","Middle",4,0,0,0,0,0,0,0,0,0,4,1,FALSE,0
"6884",6,"F",3,"Black","Middle",4,0,0,0,0,0,0,0,0,0,2,NA,FALSE,1
"6885",7,"M",3,"Black","Middle",4,0,0,0,0,0,0,0,0,0,4,1,FALSE,0
"6886",5,"F",3,"Black","Middle",2,0,0,0,0,0,0,0,0,0,1,NA,FALSE,1
"6887",5,"F",3,"Black","Middle",4,0,0,0,0,0,0,0,0,0,4,1,FALSE,0
"6888",5,"F",3,"Black","Middle",4,0,0,0,0,0,0,0,0,0,4,NA,FALSE,0
"6889",6,"M",3,"Black","Middle",4,0,0,0,0,0,0,0,0,0,2,NA,FALSE,1
"6890",6,"F",3,NA,"Middle",4,0,0,0,NA,NA,NA,NA,NA,0,4,1,NA,0
"6891",6,"F",3,"Black","Middle",4,0,0,0,0,0,0,0,0,0,4,1,FALSE,0
"6892",5,"M",3,"Black","Middle",4,0,0,0,0,0,0,0,0,0,4,1,FALSE,0
"6893",5,"M",3,"Black","Middle",4,0,0,0,0,0,0,0,0,0,4,1,FALSE,0
"6894",6,"F",3,"Black","Middle",4,0,0,0,0,0,0,0,0,0,4,NA,FALSE,0
"6895",6,"F",3,"Black","Middle",4,0,0,0,0,0,0,0,0,0,4,NA,FALSE,0
"6896",3,"F",1,NA,"Middle",4,0,0,0,0,0,0,0,0,0,4,NA,FALSE,0
"6897",3,"M",1,"Black","Middle",4,0,0,0,0,0,0,0,0,0,4,1,FALSE,0
"6898",4,"M",1,"Black","Middle",4,0,0,0,0,0,0,0,0,0,4,1,FALSE,0
"6899",4,"F",1,"Black","Middle",4,0,0,0,0,0,0,0,0,0,4,1,FALSE,0
"6900",4,"M",1,"Black","Middle",4,0,0,0,0,0,0,0,0,0,4,NA,FALSE,0
"6901",3,"F",1,"Black","Middle",4,0,0,0,0,0,0,0,0,0,4,1,FALSE,0
"6902",4,"F",1,"Black","Middle",3,0,0,0,0,0,0,0,0,NA,3,NA,NA,0
"6903",4,"F",1,"Black","Middle",4,0,0,0,0,0,0,0,0,0,4,NA,FALSE,0
"6904",4,"F",2,"Black","Middle",4,0,NA,0,0,0,0,0,0,0,2,NA,NA,1
"6905",4,"M",2,"Black","Middle",4,0,0,NA,0,0,0,0,0,0,4,NA,NA,0
"6906",4,"F",2,"AI/AN","Middle",4,NA,0,0,0,0,0,0,0,0,2,NA,NA,1
"6907",5,"M",2,"Black","Middle",4,0,0,0,0,0,0,0,0,0,2,NA,FALSE,1
"6908",5,"F",2,"Black","Middle",4,0,0,0,0,0,0,0,0,0,1,NA,FALSE,1
"6909",4,"F",2,"Black","Middle",4,0,0,0,0,0,0,0,0,0,4,1,FALSE,0
"6910",5,"F",2,"Black","Middle",3,0,0,0,NA,NA,NA,NA,NA,0,3,NA,NA,0
"6911",5,"M",2,"Black","Middle",4,0,0,0,0,0,0,0,0,0,4,1,FALSE,0
"6912",5,"M",2,"Black","Middle",4,0,0,0,0,0,0,0,0,0,4,NA,FALSE,0
"6913",4,"F",2,"Black","Middle",4,0,0,0,0,0,0,0,0,0,4,NA,FALSE,0
"6914",5,"M",2,NA,"Middle",4,0,0,NA,0,0,0,0,0,0,4,1,NA,0
"6915",4,"F",2,"Black","Middle",4,0,0,0,0,0,0,0,0,0,4,NA,FALSE,0
"6916",5,"F",2,"Black","Middle",4,0,0,0,NA,NA,NA,NA,NA,0,1,NA,NA,1
"6917",4,"F",2,"Black","Middle",4,0,0,0,NA,NA,NA,NA,NA,0,2,NA,NA,1
"6918",5,"F",2,"Black","Middle",3,0,0,0,0,0,0,0,0,0,4,NA,FALSE,0
"6919",6,"F",3,NA,"Middle",4,0,0,0,0,0,0,0,0,0,4,1,FALSE,0
"6920",6,"F",3,"White","Middle",4,0,0,0,0,0,0,0,0,0,4,NA,FALSE,0
"6921",6,"F",3,"AI/AN","Middle",1,1,1,0,0,0,0,0,0,0,2,NA,TRUE,1
"6922",NA,"F",3,"Black","Middle",4,0,0,0,0,0,0,0,0,0,4,1,FALSE,0
"6923",7,"M",3,"Black","Middle",4,0,0,0,0,0,0,0,0,0,1,NA,FALSE,1
"6924",7,"M",3,"Hispanic","Middle",4,0,0,0,0,0,0,0,0,0,3,1,FALSE,0
"6925",6,"F",3,"Black","Middle",4,0,0,0,0,0,0,0,0,0,4,1,FALSE,0
"6926",5,"M",3,"Black","Middle",2,1,0,0,0,0,0,0,0,0,1,NA,TRUE,1
"6927",6,"F",3,"Black","Middle",4,0,0,0,0,0,0,0,0,0,4,NA,FALSE,0
"6928",6,"F",3,"Black","Middle",1,0,0,0,0,0,0,0,0,0,4,1,FALSE,0
"6929",6,"M",3,"Black","Middle",4,0,0,0,0,0,0,0,0,0,4,NA,FALSE,0
"6930",4,"F",2,"White","Middle",4,0,0,0,0,0,0,0,0,0,4,NA,FALSE,0
"6931",5,"F",2,"Black","Middle",4,0,0,0,0,0,0,0,0,0,4,1,FALSE,0
"6932",5,"M",2,"Black","Middle",4,0,0,0,0,0,0,0,0,0,4,NA,FALSE,0
"6933",4,"M",1,"Black","Middle",4,0,0,0,0,0,0,0,0,0,4,1,FALSE,0
"6934",4,"M",2,NA,"Middle",4,0,0,0,0,0,0,0,0,0,4,1,FALSE,0
"6935",5,"M",2,NA,"Middle",4,0,0,0,0,0,0,0,0,0,4,NA,FALSE,0
"6936",4,"M",2,"Black","Middle",4,0,0,0,0,0,0,0,0,0,4,NA,FALSE,0
"6937",5,"M",2,"Black","Middle",4,0,0,0,0,0,0,0,0,0,2,NA,FALSE,1
"6938",5,"M",2,"Black","Middle",3,0,0,0,0,0,0,0,0,0,3,NA,FALSE,0
"6939",5,"F",2,"Black","Middle",4,0,0,0,0,0,0,0,0,0,4,1,FALSE,0
"6940",5,"M",2,"Black","Middle",4,0,0,0,0,0,0,0,0,0,4,1,FALSE,0
"6941",5,"M",2,"Black","Middle",4,0,0,0,0,0,0,0,0,0,4,1,FALSE,0
"6942",5,"M",2,"Black","Middle",4,0,0,0,0,0,0,0,0,0,4,NA,FALSE,0
"6943",5,"F",2,"Black","Middle",4,0,0,0,0,0,0,0,0,0,4,NA,FALSE,0
"6944",5,"F",2,"Black","Middle",3,0,0,0,0,0,0,0,0,0,2,1,FALSE,1
"6945",5,"F",2,"Black","Middle",3,0,0,0,0,0,0,0,0,0,4,NA,FALSE,0
"6946",4,"F",2,"Black","Middle",4,1,0,0,0,0,0,0,0,0,4,NA,TRUE,0
"6947",5,"F",2,"Black","Middle",3,0,0,0,0,0,0,0,0,0,2,1,FALSE,1
"6948",5,"F",2,"Black","Middle",4,0,0,0,0,0,0,0,0,0,NA,1,FALSE,NA
"6949",4,"F",2,"Black","Middle",4,0,0,0,0,0,0,0,0,0,4,1,FALSE,0
"6950",5,"F",2,"Black","Middle",4,0,0,0,0,0,0,0,0,0,2,NA,FALSE,1
"6951",6,"F",3,"White","Middle",4,0,0,0,0,0,0,0,0,0,4,NA,FALSE,0
"6952",6,"F",3,"White","Middle",4,0,0,0,0,0,0,0,0,0,4,1,FALSE,0
"6953",5,"F",3,"Black","Middle",2,1,1,0,1,0,1,0,0,1,1,NA,TRUE,1
"6954",6,"F",3,"Black","Middle",3,0,0,0,0,0,0,0,0,0,2,NA,FALSE,1
"6955",5,"M",3,"AI/AN","Middle",4,0,0,0,0,0,0,0,0,0,4,NA,FALSE,0
"6956",6,"F",3,"Hispanic","Middle",4,0,0,0,0,0,0,0,0,0,4,NA,FALSE,0
"6957",6,"F",3,"White","Middle",3,0,0,0,0,0,0,0,0,0,2,NA,FALSE,1
"6958",6,"M",3,"Black","Middle",4,0,0,0,0,0,0,0,0,0,4,1,FALSE,0
"6959",6,"F",3,"White","Middle",3,0,0,0,0,0,0,0,0,0,2,NA,FALSE,1
"6960",5,"F",3,"Hispanic","Middle",4,0,0,0,0,0,0,0,0,0,4,1,FALSE,0
"6961",6,"F",3,"White","Middle",4,0,0,0,0,0,0,0,0,0,2,1,FALSE,1
"6962",6,"M",3,"Hispanic","Middle",4,0,0,0,0,0,0,0,0,0,4,NA,FALSE,0
"6963",5,"M",3,"Hispanic","Middle",4,0,0,0,0,0,0,0,0,0,2,NA,FALSE,1
"6964",6,"F",3,"White","Middle",2,0,0,0,NA,NA,NA,NA,NA,0,2,NA,NA,1
"6965",6,"F",3,"White","Middle",4,0,0,0,0,0,0,0,0,0,3,NA,FALSE,0
"6966",6,NA,3,"Black","Middle",4,0,0,0,0,0,0,0,0,0,4,NA,FALSE,0
"6967",6,"F",3,"Hispanic","Middle",2,0,NA,0,0,0,1,0,0,0,1,NA,TRUE,1
"6968",5,"M",3,"Hispanic","Middle",3,0,0,0,0,0,0,0,0,0,2,1,FALSE,1
"6969",6,"M",3,"White","Middle",4,0,0,0,0,0,0,0,0,0,4,NA,FALSE,0
"6970",6,"F",3,"Black","Middle",4,0,0,0,0,0,0,0,0,0,1,1,FALSE,1
"6971",6,"F",3,"Black","Middle",3,0,0,0,NA,NA,NA,NA,NA,0,4,1,NA,0
"6972",5,"M",3,"White","Middle",3,0,0,0,0,0,0,0,0,1,3,NA,TRUE,0
"6973",6,"M",3,"White","Middle",3,1,0,0,0,0,0,0,0,1,1,NA,TRUE,1
"6974",4,"F",1,"White","Middle",3,0,0,0,0,0,0,0,0,0,4,NA,FALSE,0
"6975",4,"F",1,"Black","Middle",4,0,0,0,0,0,0,0,0,0,4,1,FALSE,0
"6976",4,"F",1,NA,"Middle",4,0,0,0,0,0,0,0,0,0,4,1,FALSE,0
"6977",4,"F",1,"White","Middle",4,0,0,0,0,0,0,0,0,0,4,1,FALSE,0
"6978",4,"M",1,"Black","Middle",4,0,0,0,0,0,0,0,0,0,2,NA,FALSE,1
"6979",4,"M",1,"White","Middle",4,0,0,0,0,0,0,0,0,0,4,NA,FALSE,0
"6980",4,"M",1,"White","Middle",4,0,0,0,0,0,0,0,0,0,3,1,FALSE,0
"6981",4,"F",1,"White","Middle",4,0,0,0,0,0,0,0,0,0,4,NA,FALSE,0
"6982",4,"M",1,"Black","Middle",4,0,NA,0,0,0,0,0,0,0,4,1,NA,0
"6983",4,"M",1,"Black","Middle",4,0,0,0,0,0,0,0,0,0,4,1,FALSE,0
"6984",5,"M",1,"White","Middle",4,0,0,0,0,0,0,0,0,0,4,NA,FALSE,0
"6985",6,"F",3,"White","Middle",4,0,0,0,0,0,0,0,0,0,4,1,FALSE,0
"6986",5,"M",3,"Black","Middle",4,0,0,0,0,0,0,0,0,0,4,1,FALSE,0
"6987",6,"M",3,"Black","Middle",4,0,0,NA,NA,NA,NA,NA,NA,NA,NA,NA,NA,NA
"6988",6,"M",3,"White","Middle",4,0,0,0,NA,NA,NA,NA,NA,0,4,NA,NA,0
"6989",6,"F",3,NA,"Middle",4,0,0,0,0,0,0,0,0,0,4,NA,FALSE,0
"6990",6,"F",3,"Black","Middle",3,0,0,0,0,0,0,0,0,0,3,1,FALSE,0
"6991",5,"M",3,"Black","Middle",4,0,0,0,0,0,0,0,0,0,4,1,FALSE,0
"6992",6,"F",3,"White","Middle",3,0,0,0,0,0,0,0,0,0,2,NA,FALSE,1
"6993",5,"F",3,"White","Middle",4,0,0,0,0,0,0,0,0,0,2,NA,FALSE,1
"6994",7,"M",3,"White","Middle",3,0,0,0,0,0,0,0,0,1,1,NA,TRUE,1
"6995",4,"F",1,"Hispanic","Middle",4,0,0,0,NA,NA,NA,NA,NA,0,4,1,NA,0
"6996",4,"F",1,"Asian","Middle",4,0,0,0,0,0,0,0,0,0,4,NA,FALSE,0
"6997",4,"F",1,"White","Middle",4,0,0,0,0,0,0,0,0,0,3,1,FALSE,0
"6998",3,"M",1,"White","Middle",4,0,0,0,0,0,0,0,0,0,1,NA,FALSE,1
"6999",3,"M",1,"White","Middle",4,0,0,0,0,0,0,0,0,0,2,1,FALSE,1
"7000",3,"M",1,"White","Middle",4,0,0,0,0,0,0,0,0,0,4,1,FALSE,0
"7001",4,"M",1,"White","Middle",4,0,0,0,0,0,0,0,0,0,4,1,FALSE,0
"7002",3,"M",1,"White","Middle",4,0,0,0,0,0,0,0,0,0,4,NA,FALSE,0
"7003",3,"M",1,"White","Middle",4,0,0,0,0,0,0,0,0,0,4,1,FALSE,0
"7004",4,"M",1,"Hispanic","Middle",4,0,0,0,0,0,0,0,0,0,4,1,FALSE,0
"7005",4,"M",1,"Asian","Middle",4,0,0,0,0,0,0,0,0,0,4,1,FALSE,0
"7006",4,"M",1,"Black","Middle",4,0,0,0,0,0,0,0,0,0,4,1,FALSE,0
"7007",4,"F",1,"White","Middle",4,0,0,NA,0,0,0,0,0,0,2,NA,NA,1
"7008",4,"M",1,"White","Middle",3,NA,0,0,0,0,0,0,0,1,2,1,TRUE,1
"7009",3,"M",1,NA,"Middle",4,0,0,0,NA,NA,NA,NA,NA,1,1,1,TRUE,1
"7010",4,"F",1,"White","Middle",4,0,0,0,0,0,0,0,0,0,2,NA,FALSE,1
"7011",3,"F",1,"White","Middle",4,0,0,0,0,0,0,0,0,0,4,NA,FALSE,0
"7012",4,"F",NA,"White",NA,4,0,0,0,0,0,0,0,0,0,1,NA,FALSE,1
"7013",4,"M",1,"White","Middle",4,0,0,NA,0,0,0,0,0,0,4,NA,NA,0
"7014",5,"F",1,"White","Middle",4,0,0,0,0,0,0,0,0,0,4,1,FALSE,0
"7015",4,"F",1,"Black","Middle",3,0,0,0,0,0,0,0,0,0,4,NA,FALSE,0
"7016",4,"F",1,"Hispanic","Middle",4,0,0,0,0,0,0,0,0,0,2,1,FALSE,1
"7017",4,"F",1,"Hispanic","Middle",4,0,0,0,0,0,0,0,0,0,4,1,FALSE,0
"7018",6,"M",3,"White","Middle",4,0,0,0,0,0,0,0,0,0,4,1,FALSE,0
"7019",6,"M",3,"White","Middle",3,0,0,0,0,0,0,0,0,0,3,1,FALSE,0
"7020",5,"M",3,"White","Middle",4,0,0,0,0,0,0,0,0,0,4,1,FALSE,0
"7021",6,"M",3,"White","Middle",3,0,0,0,0,0,0,0,0,1,2,NA,TRUE,1
"7022",7,"F",3,"Hispanic","Middle",4,0,0,0,0,0,0,0,0,0,4,1,FALSE,0
"7023",5,"M",3,"White","Middle",4,0,0,0,0,0,0,0,0,0,2,NA,FALSE,1
"7024",5,"M",3,"Black","Middle",4,0,0,0,0,0,0,0,0,0,4,NA,FALSE,0
"7025",6,"M",3,"White","Middle",3,0,0,0,0,0,0,0,0,1,2,1,TRUE,1
"7026",5,"M",3,"Hispanic","Middle",4,0,0,0,0,0,0,0,0,0,4,1,FALSE,0
"7027",6,"M",3,"Black","Middle",4,0,0,0,0,0,0,0,0,0,4,1,FALSE,0
"7028",5,"M",3,"White","Middle",3,0,0,0,0,0,0,0,0,0,3,NA,FALSE,0
"7029",6,"M",3,"White","Middle",4,0,0,0,0,0,0,0,0,0,4,NA,FALSE,0
"7030",6,"F",3,"Black","Middle",4,0,0,0,0,0,0,0,0,0,3,1,FALSE,0
"7031",6,"M",3,"Black","Middle",4,0,0,0,0,0,0,0,0,0,4,1,FALSE,0
"7032",4,"M",1,"Black","Middle",4,0,0,NA,0,0,0,0,0,0,4,1,NA,0
"7033",4,"M",1,"White","Middle",4,0,0,0,0,0,0,0,0,0,4,1,FALSE,0
"7034",3,"M",1,"White","Middle",4,0,0,0,0,0,0,0,0,0,4,1,FALSE,0
"7035",4,"M",1,"White","Middle",4,0,0,0,0,0,0,0,0,0,4,1,FALSE,0
"7036",4,"M",1,"Black","Middle",NA,0,0,NA,0,0,0,0,0,0,NA,1,NA,NA
"7037",4,"M",1,"Hispanic","Middle",4,0,0,0,0,0,0,0,0,1,2,1,TRUE,1
"7038",3,"M",1,"Black","Middle",4,0,0,0,0,0,0,0,0,0,4,1,FALSE,0
"7039",4,"M",1,"White","Middle",3,0,0,0,0,0,0,0,0,0,3,NA,FALSE,0
"7040",4,"M",1,"White","Middle",4,0,0,0,0,0,0,0,0,0,4,1,FALSE,0
"7041",6,"F",4,"White","High",4,0,0,0,0,0,0,0,0,0,2,NA,FALSE,1
"7042",8,"F",5,"Hispanic","High",3,1,0,0,0,0,1,0,0,0,2,NA,TRUE,1
"7043",9,"M",6,"White","High",1,0,1,0,0,0,1,0,0,1,1,NA,TRUE,1
"7044",7,"M",4,"Hispanic","High",4,0,0,0,0,0,0,0,0,0,4,1,FALSE,0
"7045",8,"M",6,"White","High",4,0,0,0,0,0,0,0,0,0,1,NA,FALSE,1
"7046",7,"F",5,"White","High",2,0,0,0,0,0,0,0,0,0,1,1,FALSE,1
"7047",8,"F",5,"White","High",4,0,0,0,0,0,0,0,0,0,2,NA,FALSE,1
"7048",8,"F",5,"White","High",4,0,0,0,0,0,0,0,0,0,4,1,FALSE,0
"7049",8,"F",5,"White","High",4,0,0,0,0,0,0,0,0,0,4,NA,FALSE,0
"7050",7,"F",5,"White","High",4,0,0,0,0,0,0,0,0,0,2,NA,FALSE,1
"7051",7,"F",4,"White","High",4,0,0,0,0,0,0,0,0,0,4,NA,FALSE,0
"7052",7,"M",5,"Black","High",4,0,0,0,0,0,0,0,0,0,2,NA,FALSE,1
"7053",7,"M",5,"White","High",3,0,0,0,0,0,0,0,0,0,1,NA,FALSE,1
"7054",6,"M",4,"Asian","High",4,0,0,0,0,0,0,0,0,0,1,NA,FALSE,1
"7055",6,"M",4,"White","High",3,0,0,0,0,0,0,0,0,0,3,1,FALSE,0
"7056",7,"M",4,"White","High",3,0,0,0,0,0,0,0,0,0,4,NA,FALSE,0
"7057",7,"F",4,"White","High",2,0,1,0,0,0,0,0,0,0,2,1,TRUE,1
"7058",6,"M",4,"White","High",4,0,0,0,0,0,0,0,0,0,4,1,FALSE,0
"7059",6,"M",4,"White","High",3,0,0,0,0,0,0,0,0,0,3,1,FALSE,0
"7060",9,"M",7,"White","High",3,1,0,0,0,0,0,0,0,1,1,NA,TRUE,1
"7061",8,"F",6,"White","High",4,0,0,0,0,0,0,0,0,0,2,1,FALSE,1
"7062",9,"F",7,"White","High",4,0,0,0,0,0,0,0,0,0,1,1,FALSE,1
"7063",8,"F",6,"White","High",4,0,0,0,0,0,0,0,0,1,1,1,TRUE,1
"7064",10,"M",7,"White","High",4,0,0,0,0,0,0,0,0,0,4,NA,FALSE,0
"7065",10,"M",7,"White","High",3,0,0,1,0,0,0,0,0,1,2,1,TRUE,1
"7066",9,"M",7,"White","High",3,1,1,1,0,0,0,0,0,0,2,1,TRUE,1
"7067",9,"M",7,"White","High",1,1,1,1,0,1,0,1,0,1,1,NA,TRUE,1
"7068",10,"M",7,"White","High",4,0,0,0,0,0,0,0,0,0,4,1,FALSE,0
"7069",10,"F",7,"White","High",3,0,0,0,0,0,0,0,0,0,4,NA,FALSE,0
"7070",11,"M",7,"White","High",1,0,0,1,0,0,0,0,0,0,4,NA,TRUE,0
"7071",10,"F",7,"White","High",4,0,0,0,0,0,0,0,0,0,4,NA,FALSE,0
"7072",10,"M",7,"White","High",3,0,0,0,NA,NA,NA,NA,NA,0,4,NA,NA,0
"7073",10,"M",7,NA,"High",3,1,0,0,NA,NA,NA,NA,NA,0,2,NA,TRUE,1
"7074",10,"M",7,"White","High",3,1,0,0,0,0,0,0,0,0,1,NA,TRUE,1
"7075",10,"M",7,"Hispanic","High",2,0,0,0,0,0,0,0,0,1,1,NA,TRUE,1
"7076",9,"F",7,"White","High",4,0,0,0,0,0,0,0,0,0,4,1,FALSE,0
"7077",9,"F",7,"White","High",4,0,0,0,0,0,0,0,0,0,4,1,FALSE,0
"7078",9,"M",7,"White","High",1,1,1,1,0,0,1,0,0,1,3,1,TRUE,0
"7079",9,"F",7,"White","High",4,0,0,0,0,0,0,0,0,0,2,NA,FALSE,1
"7080",10,"F",7,"White","High",4,0,0,0,0,0,0,0,0,0,4,1,FALSE,0
"7081",9,"M",7,"Hispanic","High",3,0,0,0,0,0,0,0,0,0,2,1,FALSE,1
"7082",10,"F",7,"White","High",4,0,0,0,0,0,0,0,0,0,3,1,FALSE,0
"7083",9,"F",7,"White","High",4,0,0,0,0,0,0,0,0,0,2,NA,FALSE,1
"7084",6,"M",4,"Asian","High",4,0,0,0,0,0,0,0,0,0,4,1,FALSE,0
"7085",8,"F",5,"White","High",2,NA,NA,0,0,0,0,0,0,NA,3,1,NA,0
"7086",9,"M",7,"White","High",2,0,1,1,0,0,1,0,0,0,4,NA,TRUE,0
"7087",10,"M",7,"White","High",4,0,0,0,0,0,0,0,0,0,4,NA,FALSE,0
"7088",10,"M",7,"Hispanic","High",4,0,0,0,0,0,0,0,0,0,4,NA,FALSE,0
"7089",10,"M",7,"White","High",4,0,1,0,0,0,0,0,0,0,4,NA,TRUE,0
"7090",9,"M",7,"Hispanic","High",3,0,0,0,0,0,0,0,0,0,2,1,FALSE,1
"7091",9,NA,7,"White","High",3,1,0,0,0,0,0,0,0,0,3,1,TRUE,0
"7092",7,"F",4,"White","High",4,0,0,0,0,0,0,0,0,0,4,1,FALSE,0
"7093",7,"M",4,"White","High",3,0,0,0,0,0,0,0,0,0,2,NA,FALSE,1
"7094",8,"M",5,"White","High",4,0,0,0,0,0,0,0,0,0,4,1,FALSE,0
"7095",7,"F",5,"White","High",4,0,0,0,0,0,0,0,0,0,1,1,FALSE,1
"7096",6,"M",4,"White","High",3,0,0,0,0,0,0,0,0,0,3,NA,FALSE,0
"7097",7,"M",4,"Hispanic","High",4,0,0,0,0,0,0,0,0,0,4,1,FALSE,0
"7098",1,"F",8,"Hispanic",NA,1,1,1,1,1,1,1,1,0,1,1,NA,TRUE,1
"7099",8,"M",4,"Black","High",4,0,0,0,0,0,0,0,0,0,4,1,FALSE,0
"7100",6,"M",4,"Black","High",3,0,0,0,0,0,0,0,0,0,2,1,FALSE,1
"7101",7,"M",4,"White","High",1,1,1,1,1,0,1,0,0,1,1,NA,TRUE,1
"7102",6,"F",4,"White","High",4,0,0,0,0,0,0,0,0,0,4,1,FALSE,0
"7103",8,"M",5,"White","High",4,0,0,0,0,0,0,0,0,0,4,NA,FALSE,0
"7104",7,"M",5,"White","High",4,0,0,0,0,0,0,0,0,0,3,1,FALSE,0
"7105",7,"M",4,"White","High",4,0,0,0,0,0,0,0,0,1,1,NA,TRUE,1
"7106",7,"M",4,"White","High",3,0,0,0,0,0,0,0,0,0,3,1,FALSE,0
"7107",7,"M",4,"White","High",3,1,0,0,0,0,0,0,0,1,1,NA,TRUE,1
"7108",8,"M",5,NA,"High",2,1,NA,0,0,1,1,0,1,1,2,NA,TRUE,1
"7109",7,NA,5,NA,"High",4,0,0,0,0,0,0,0,0,0,4,1,FALSE,0
"7110",8,"M",6,"White","High",3,0,0,0,0,0,0,0,0,0,2,1,FALSE,1
"7111",6,"F",4,"White","High",4,0,0,0,0,0,0,0,0,0,4,1,FALSE,0
"7112",8,"M",5,"NHOPI","High",4,0,0,0,0,0,0,0,0,0,4,1,FALSE,0
"7113",7,"F",4,"White","High",4,0,0,0,0,0,0,0,0,0,4,1,FALSE,0
"7114",6,"F",4,"White","High",4,0,0,0,0,0,0,0,0,0,4,1,FALSE,0
"7115",6,"M",4,"Asian","High",3,0,0,0,0,0,1,0,0,0,4,NA,TRUE,0
"7116",6,"F",4,"White","High",4,0,0,0,0,0,0,0,0,0,2,1,FALSE,1
"7117",6,"M",4,"White","High",4,0,0,0,0,0,0,0,0,0,4,NA,FALSE,0
"7118",9,"F",6,"White","High",4,0,0,0,0,0,0,0,0,0,4,1,FALSE,0
"7119",9,"M",7,"White","High",1,1,1,1,0,0,0,0,0,1,1,NA,TRUE,1
"7120",9,"F",6,"White","High",3,0,0,0,0,0,0,0,0,0,1,1,FALSE,1
"7121",8,"M",6,"White","High",4,0,0,0,0,0,0,0,0,0,2,NA,FALSE,1
"7122",8,"M",6,"Hispanic","High",3,0,0,0,0,0,0,0,0,0,3,1,FALSE,0
"7123",8,"F",6,"White","High",2,0,NA,0,0,0,0,0,0,0,2,1,NA,1
"7124",9,"M",6,"White","High",1,1,1,1,0,0,0,0,1,1,1,NA,TRUE,1
"7125",8,"F",6,"White","High",3,0,0,0,0,0,0,0,0,1,2,NA,TRUE,1
"7126",8,"F",6,"White","High",3,1,1,1,0,0,0,0,0,1,1,NA,TRUE,1
"7127",9,"M",6,"White","High",4,0,0,0,0,0,0,0,0,0,4,1,FALSE,0
"7128",9,"F",6,"White","High",4,0,0,0,0,0,0,0,0,0,4,NA,FALSE,0
"7129",8,"M",6,"White","High",3,0,0,0,0,0,0,0,0,0,4,NA,FALSE,0
"7130",8,"F",6,"White","High",4,0,0,0,0,0,0,0,0,0,4,1,FALSE,0
"7131",9,"M",6,"White","High",2,0,0,0,0,0,1,0,0,1,1,NA,TRUE,1
"7132",8,"M",6,"White","High",4,0,0,0,0,0,0,0,0,1,2,NA,TRUE,1
"7133",8,"F",6,"Black","High",1,0,1,0,0,0,0,0,0,0,4,NA,TRUE,0
"7134",8,"F",6,"White","High",2,0,0,0,0,0,0,0,0,0,2,1,FALSE,1
"7135",9,"F",6,"Black","High",1,1,1,0,0,0,1,0,0,0,1,NA,TRUE,1
"7136",9,"M",6,"White","High",1,1,1,1,0,1,0,1,0,1,1,NA,TRUE,1
"7137",8,"M",6,"Black","High",4,0,0,0,0,0,0,0,0,0,4,1,FALSE,0
"7138",10,"M",6,"White","High",4,0,NA,0,0,0,0,0,0,0,3,1,NA,0
"7139",9,"M",6,"White","High",4,0,0,0,0,0,0,0,0,0,4,1,FALSE,0
"7140",8,"M",6,"Hispanic","High",4,0,0,0,0,0,0,0,0,0,4,NA,FALSE,0
"7141",8,"F",6,"White","High",4,0,0,0,0,0,0,0,0,0,1,1,FALSE,1
"7142",8,"F",6,"White","High",3,0,0,0,0,0,0,0,0,0,2,NA,FALSE,1
"7143",9,"F",6,"White","High",3,1,0,0,0,0,0,0,0,0,1,NA,TRUE,1
"7144",8,"F",6,"White","High",3,0,0,0,0,0,0,0,0,0,2,NA,FALSE,1
"7145",9,"M",6,"White","High",3,0,0,0,0,0,0,0,0,0,2,NA,FALSE,1
"7146",7,"M",6,"White","High",4,0,0,0,0,0,0,0,0,0,2,1,FALSE,1
"7147",9,"M",6,"White","High",3,0,0,0,0,0,0,0,0,0,2,1,FALSE,1
"7148",9,"F",6,"White","High",3,0,0,0,0,0,0,0,0,0,3,1,FALSE,0
"7149",8,"F",5,"White","High",3,0,0,0,0,0,0,0,0,0,2,1,FALSE,1
"7150",9,"F",6,"Hispanic","High",3,1,0,0,0,0,0,0,0,0,1,1,TRUE,1
"7151",9,"M",6,"White","High",3,0,0,0,0,0,0,0,0,0,3,1,FALSE,0
"7152",9,"M",6,"White","High",1,1,NA,0,0,0,0,0,0,1,1,1,TRUE,1
"7153",8,"M",6,NA,"High",NA,NA,NA,NA,NA,NA,NA,NA,NA,NA,NA,NA,NA,NA
"7154",8,"M",5,"Black","High",4,0,0,0,0,0,0,0,0,0,1,1,FALSE,1
"7155",7,"F",5,"AI/AN","High",4,0,0,0,0,0,0,0,0,0,3,NA,FALSE,0
"7156",7,"M",5,"White","High",2,1,1,NA,NA,NA,NA,NA,NA,NA,NA,NA,TRUE,NA
"7157",7,"F",5,"White","High",4,0,0,0,0,0,0,0,0,0,4,NA,FALSE,0
"7158",7,"F",5,"White","High",4,0,0,0,0,0,0,0,0,0,4,1,FALSE,0
"7159",1,"F",NA,NA,NA,NA,NA,NA,NA,NA,NA,NA,NA,NA,NA,NA,NA,NA,NA
"7160",9,"M",6,"Hispanic","High",4,0,0,0,0,0,0,0,0,0,4,1,FALSE,0
"7161",NA,NA,NA,NA,NA,NA,NA,NA,NA,NA,NA,NA,NA,NA,NA,NA,NA,NA,NA
"7162",10,"M",7,"Black","High",1,1,1,0,0,0,0,0,0,0,3,1,TRUE,0
"7163",8,"F",6,"White","High",1,1,1,1,0,1,1,0,0,1,1,NA,TRUE,1
"7164",7,"M",4,"White","High",4,0,0,0,0,0,0,0,0,0,4,NA,FALSE,0
"7165",6,"F",4,"White","High",4,0,0,0,0,0,0,0,0,0,4,NA,FALSE,0
"7166",9,"F",7,"White","High",1,1,0,0,0,0,0,0,0,1,2,NA,TRUE,1
"7167",8,"F",5,"White","High",3,0,0,0,0,0,0,0,0,0,4,NA,FALSE,0
"7168",8,"M",5,"White","High",4,0,0,0,0,0,0,0,0,0,4,1,FALSE,0
"7169",8,"M",5,"White","High",2,0,1,0,0,0,0,0,0,0,1,1,TRUE,1
"7170",7,"F",5,"White","High",1,1,1,0,0,0,0,0,0,0,1,1,TRUE,1
"7171",8,"M",5,"White","High",3,0,0,0,0,0,0,0,0,0,4,1,FALSE,0
"7172",7,"M",5,"White","High",4,0,0,0,0,0,0,0,0,0,4,1,FALSE,0
"7173",7,"M",5,"White","High",4,0,0,0,0,0,0,0,0,0,4,1,FALSE,0
"7174",10,"M",8,NA,NA,NA,NA,NA,NA,NA,NA,NA,NA,NA,NA,NA,NA,NA,NA
"7175",7,"M",5,"White","High",4,0,0,0,0,0,0,0,0,0,4,1,FALSE,0
"7176",9,"F",6,"Hispanic","High",4,0,0,0,0,0,0,0,0,0,1,1,FALSE,1
"7177",7,"M",5,"White","High",NA,0,NA,NA,NA,NA,NA,NA,NA,NA,NA,NA,NA,NA
"7178",7,"M",5,"NHOPI","High",1,0,NA,0,0,0,0,0,0,1,2,NA,TRUE,1
"7179",6,"M",4,"White","High",4,0,0,0,0,0,0,0,0,0,4,1,FALSE,0
"7180",8,"M",6,"Black","High",4,0,0,0,0,0,0,0,0,1,4,NA,TRUE,0
"7181",8,"M",5,"Hispanic","High",3,0,0,0,0,0,0,0,0,0,4,1,FALSE,0
"7182",8,"F",5,"White","High",3,0,0,0,0,0,1,0,0,0,2,NA,TRUE,1
"7183",8,"F",5,"White","High",4,0,0,0,0,0,0,0,0,0,1,1,FALSE,1
"7184",8,"F",5,"White","High",4,0,0,0,0,0,0,0,0,0,2,NA,FALSE,1
"7185",8,"F",5,"White","High",4,0,0,0,0,0,0,0,0,0,3,1,FALSE,0
"7186",8,"F",5,"White","High",4,0,0,0,0,0,0,0,0,0,4,1,FALSE,0
"7187",7,"F",5,"Black","High",4,0,0,0,0,0,0,0,0,0,4,1,FALSE,0
"7188",8,"F",5,"White","High",4,0,0,0,0,0,0,0,0,0,4,NA,FALSE,0
"7189",8,"F",5,"White","High",4,0,0,0,0,0,0,0,0,0,3,1,FALSE,0
"7190",7,"F",5,"White","High",4,0,0,0,0,0,0,0,0,0,4,1,FALSE,0
"7191",8,"F",5,"White","High",4,0,0,0,0,0,0,0,0,0,4,NA,FALSE,0
"7192",7,"F",5,"Asian","High",4,0,0,0,0,0,0,0,0,0,4,NA,FALSE,0
"7193",8,"F",5,"White","High",4,0,0,0,0,0,0,0,0,0,3,1,FALSE,0
"7194",8,"F",5,"White","High",4,0,0,0,0,0,0,0,0,0,4,1,FALSE,0
"7195",8,"F",5,"White","High",4,0,0,0,0,0,0,0,0,0,4,1,FALSE,0
"7196",7,"F",5,"White","High",4,0,0,0,0,0,0,0,0,0,3,1,FALSE,0
"7197",7,"F",5,"White","High",4,0,0,0,0,0,0,0,0,0,4,1,FALSE,0
"7198",8,"F",5,"White","High",4,0,0,0,0,0,0,0,0,0,2,1,FALSE,1
"7199",7,"F",5,"White","High",4,0,0,0,0,0,0,0,0,0,4,1,FALSE,0
"7200",7,"M",5,NA,"High",4,0,0,0,0,0,0,0,0,0,4,1,FALSE,0
"7201",7,"F",5,"White","High",4,0,0,0,0,0,0,0,0,0,3,1,FALSE,0
"7202",8,"F",5,"White","High",3,0,0,0,0,0,0,0,0,0,2,NA,FALSE,1
"7203",8,"M",5,"White","High",4,0,0,0,0,0,0,0,0,0,4,1,FALSE,0
"7204",8,"M",5,"White","High",4,0,0,0,0,0,0,0,0,0,4,1,FALSE,0
"7205",10,"M",7,"White","High",3,0,0,0,0,0,0,0,0,0,3,NA,FALSE,0
"7206",7,"M",5,"White","High",1,1,NA,0,0,0,0,0,0,1,1,1,TRUE,1
"7207",7,"F",4,"White","High",3,0,0,0,0,0,0,0,0,0,3,1,FALSE,0
"7208",6,"F",4,"White","High",4,0,0,0,0,0,0,0,0,0,4,NA,FALSE,0
"7209",7,"F",4,"White","High",3,0,0,0,0,0,0,0,0,0,2,NA,FALSE,1
"7210",7,"F",4,"White","High",3,0,0,0,0,0,0,0,0,0,4,1,FALSE,0
"7211",6,"F",4,"Asian","High",4,0,0,0,0,0,0,0,0,0,4,NA,FALSE,0
"7212",8,"M",4,"White","High",1,1,1,1,1,1,1,0,1,1,1,NA,TRUE,1
"7213",7,"M",4,"White","High",4,0,0,0,0,0,0,0,0,0,3,NA,FALSE,0
"7214",7,"M",4,NA,"High",2,0,1,1,0,0,0,0,0,0,4,NA,TRUE,0
"7215",6,"M",4,"White","High",4,0,0,0,0,0,0,0,0,1,1,1,TRUE,1
"7216",7,"M",4,"Hispanic","High",3,1,0,0,0,0,0,0,0,0,4,NA,TRUE,0
"7217",6,"M",4,"Black","High",4,0,0,0,0,0,0,0,0,0,4,1,FALSE,0
"7218",7,"F",4,"White","High",3,1,0,0,0,0,0,0,0,0,3,NA,TRUE,0
"7219",6,"F",4,"White","High",2,1,1,0,1,0,1,0,0,1,1,NA,TRUE,1
"7220",7,"F",4,"White","High",4,0,0,0,0,0,0,0,0,0,4,1,FALSE,0
"7221",7,"F",4,"White","High",4,0,0,0,0,0,0,0,0,0,2,NA,FALSE,1
"7222",7,"F",4,"Hispanic","High",4,0,0,0,0,0,0,0,0,0,4,1,FALSE,0
"7223",6,"F",4,"Hispanic","High",4,0,0,0,0,0,0,0,0,0,2,1,FALSE,1
"7224",7,"M",4,"White","High",4,0,0,0,0,0,0,0,0,1,2,1,TRUE,1
"7225",7,"M",4,"White","High",2,0,0,0,0,0,0,0,0,0,2,1,FALSE,1
"7226",6,"M",4,"Hispanic","High",4,0,0,0,0,0,0,0,0,0,4,NA,FALSE,0
"7227",7,"M",4,"White","High",4,0,0,0,0,0,0,0,0,0,2,NA,FALSE,1
"7228",7,"M",4,"White","High",3,0,0,0,0,0,0,0,0,0,3,1,FALSE,0
"7229",8,"M",4,"White","High",4,0,0,0,0,0,0,0,0,0,4,1,FALSE,0
"7230",7,"M",4,"White","High",3,0,0,0,0,0,0,0,0,0,3,NA,FALSE,0
"7231",7,"M",4,"Black","High",3,0,0,0,0,0,0,0,0,0,2,1,FALSE,1
"7232",6,"M",4,"White","High",4,0,0,0,0,0,0,0,0,0,2,1,FALSE,1
"7233",6,"M",4,"White","High",4,0,0,0,0,0,0,0,0,0,4,1,FALSE,0
"7234",6,"F",4,"White","High",4,0,0,0,0,0,0,0,0,0,4,1,FALSE,0
"7235",7,"M",4,"White","High",1,NA,NA,0,NA,NA,NA,NA,NA,0,4,NA,NA,0
"7236",6,"F",4,"White","High",4,0,0,0,0,0,0,0,0,0,4,1,FALSE,0
"7237",7,"M",4,"White","High",4,0,0,0,0,0,0,0,0,0,4,1,FALSE,0
"7238",7,"F",4,"White","High",4,0,0,0,0,0,0,0,0,0,2,1,FALSE,1
"7239",6,"F",4,"White","High",4,0,0,0,0,0,0,0,0,0,3,1,FALSE,0
"7240",6,"F",4,"White","High",4,0,0,0,0,0,0,0,0,0,4,1,FALSE,0
"7241",7,"F",4,"White","High",4,0,0,0,0,0,0,0,0,0,4,1,FALSE,0
"7242",6,"F",4,"White","High",4,0,0,0,0,0,0,0,0,0,2,1,FALSE,1
"7243",6,"M",4,"Hispanic","High",3,NA,NA,NA,0,1,0,0,0,NA,2,NA,TRUE,1
"7244",6,"M",4,"White","High",4,0,0,0,0,0,0,0,0,0,4,1,FALSE,0
"7245",7,"F",4,"AI/AN","High",4,0,0,1,0,0,0,0,0,1,2,1,TRUE,1
"7246",7,"F",4,"Hispanic","High",4,0,0,0,0,0,0,0,0,0,4,1,FALSE,0
"7247",6,"M",4,"White","High",4,0,0,0,0,0,0,0,0,0,3,NA,FALSE,0
"7248",7,"F",4,"White","High",4,0,0,0,0,0,0,0,0,0,4,1,FALSE,0
"7249",6,"F",4,"White","High",4,0,0,0,0,0,0,0,0,0,4,1,FALSE,0
"7250",6,"F",4,"Hispanic","High",4,0,0,0,0,0,0,0,0,0,4,1,FALSE,0
"7251",6,"F",4,"White","High",4,0,0,0,0,0,0,0,0,0,3,1,FALSE,0
"7252",6,"M",4,"Hispanic","High",4,0,0,0,0,0,0,0,0,0,2,1,FALSE,1
"7253",7,"M",4,"White","High",2,0,0,0,0,0,0,0,0,0,2,NA,FALSE,1
"7254",6,"F",4,"White","High",4,0,0,0,0,0,0,0,0,0,4,1,FALSE,0
"7255",6,"M",4,"White","High",4,0,0,0,0,0,0,0,0,0,4,1,FALSE,0
"7256",7,"F",4,"White","High",4,0,0,0,0,0,0,0,0,0,2,1,FALSE,1
"7257",6,"M",4,"White","High",3,0,0,0,0,0,0,0,0,0,3,1,FALSE,0
"7258",9,"M",6,"White","High",4,0,0,0,0,0,0,0,0,1,1,NA,TRUE,1
"7259",5,"M",2,"Black","Middle",3,0,0,0,NA,NA,NA,NA,NA,0,1,NA,NA,1
"7260",4,"F",2,"Black","Middle",3,0,0,0,0,0,0,0,0,0,4,1,FALSE,0
"7261",5,"M",2,"White","Middle",4,0,0,0,0,0,0,0,0,0,3,1,FALSE,0
"7262",5,"F",2,"White","Middle",4,0,0,0,0,0,0,0,0,0,4,1,FALSE,0
"7263",5,"F",2,"White","Middle",4,0,0,0,0,0,0,0,0,0,4,1,FALSE,0
"7264",5,"M",2,"White","Middle",4,0,0,0,0,0,0,0,0,0,4,1,FALSE,0
"7265",4,"F",2,"Black","Middle",4,0,0,0,0,0,0,0,0,0,2,NA,FALSE,1
"7266",5,"F",2,"White","Middle",4,0,0,0,0,0,0,0,0,0,4,1,FALSE,0
"7267",5,"F",2,"Black","Middle",4,0,0,0,0,0,0,0,0,0,4,1,FALSE,0
"7268",5,"M",2,"Black","Middle",4,0,0,0,0,0,0,0,0,0,4,1,FALSE,0
"7269",4,"M",2,"White","Middle",4,0,0,0,0,0,0,0,0,0,3,1,FALSE,0
"7270",5,"M",2,"White","Middle",4,0,0,0,0,0,0,0,0,0,4,1,FALSE,0
"7271",5,"F",2,"NHOPI","Middle",4,0,0,0,0,0,0,0,0,0,4,NA,FALSE,0
"7272",5,"M",2,"Black","Middle",4,0,0,0,0,0,0,0,0,0,4,1,FALSE,0
"7273",5,"F",2,"Hispanic","Middle",4,0,0,0,0,0,0,0,0,0,4,1,FALSE,0
"7274",4,"M",2,"NHOPI","Middle",4,0,0,0,0,0,0,0,0,0,4,1,FALSE,0
"7275",4,"M",2,"Black","Middle",4,0,NA,0,0,0,0,0,0,0,4,1,NA,0
"7276",5,"M",2,"White","Middle",4,0,0,0,0,0,0,0,0,0,4,NA,FALSE,0
"7277",4,"M",2,"Hispanic","Middle",4,0,0,0,0,0,0,0,0,0,4,1,FALSE,0
"7278",6,"M",2,"AI/AN","Middle",4,0,0,0,0,0,0,0,0,0,4,NA,FALSE,0
"7279",5,"F",2,NA,"Middle",4,0,0,0,0,0,0,0,0,0,4,NA,FALSE,0
"7280",5,"F",2,"Black","Middle",4,0,0,NA,0,0,0,0,0,0,4,NA,NA,0
"7281",5,"M",2,"Black","Middle",4,0,0,0,0,0,0,0,0,0,3,1,FALSE,0
"7282",4,"M",2,"White","Middle",3,0,0,0,0,0,0,0,0,0,3,1,FALSE,0
"7283",5,"F",2,"Black","Middle",4,0,0,0,0,0,0,0,0,0,1,NA,FALSE,1
"7284",5,"M",2,"White","Middle",3,0,0,0,0,0,0,0,0,0,2,1,FALSE,1
"7285",5,"M",2,"White","Middle",4,0,0,0,0,0,0,0,0,0,4,NA,FALSE,0
"7286",4,"F",2,"White","Middle",3,0,0,0,0,0,0,0,0,0,4,NA,FALSE,0
"7287",4,"M",2,"White","Middle",4,0,0,0,0,0,0,0,0,0,4,NA,FALSE,0
"7288",4,"M",2,NA,"Middle",4,0,0,0,0,0,0,0,0,0,4,NA,FALSE,0
"7289",4,"M",2,"Black","Middle",2,0,0,0,0,0,0,0,0,0,1,1,FALSE,1
"7290",5,"M",2,"White","Middle",4,0,0,0,0,0,0,0,0,0,4,1,FALSE,0
"7291",4,"M",2,"White","Middle",4,0,0,0,0,0,0,0,0,0,4,NA,FALSE,0
"7292",4,"F",2,"White","Middle",4,0,0,0,0,0,0,0,0,0,4,NA,FALSE,0
"7293",4,"M",2,"White","Middle",4,0,0,0,0,0,0,0,0,0,4,NA,FALSE,0
"7294",4,"M",2,"White","Middle",4,0,0,0,0,0,0,0,0,0,4,1,FALSE,0
"7295",4,"F",2,"White","Middle",4,0,0,0,0,0,0,0,0,0,4,1,FALSE,0
"7296",4,"M",2,"Black","Middle",4,0,0,0,0,0,0,0,0,0,4,1,FALSE,0
"7297",5,"M",2,"Black","Middle",3,0,0,0,NA,NA,NA,NA,NA,0,3,1,NA,0
"7298",6,"M",2,"White","Middle",4,0,0,0,0,0,0,0,0,1,1,NA,TRUE,1
"7299",4,"F",1,"White","Middle",4,0,0,0,0,0,0,0,0,0,4,1,FALSE,0
"7300",4,"F",1,"White","Middle",4,0,0,0,0,0,0,0,0,0,4,NA,FALSE,0
"7301",4,"F",1,"Hispanic","Middle",4,0,0,0,0,0,0,0,0,0,4,NA,FALSE,0
"7302",4,"M",1,"Black","Middle",4,0,0,0,0,0,0,0,0,0,4,NA,FALSE,0
"7303",4,"M",1,"White","Middle",3,0,0,0,0,0,0,0,0,0,4,1,FALSE,0
"7304",4,"M",1,"White","Middle",3,0,0,0,0,0,0,0,0,0,2,1,FALSE,1
"7305",3,"M",1,"Hispanic","Middle",4,0,0,0,0,0,0,0,0,0,4,NA,FALSE,0
"7306",3,"M",1,"White","Middle",4,0,0,0,0,0,0,0,0,0,4,1,FALSE,0
"7307",4,"M",1,"White","Middle",4,0,0,NA,0,0,0,0,0,0,2,1,NA,1
"7308",4,"M",1,NA,"Middle",4,0,0,0,0,0,0,0,0,0,4,1,FALSE,0
"7309",4,"M",1,"Black","Middle",4,0,0,0,0,0,0,0,0,0,4,1,FALSE,0
"7310",3,"M",1,"White","Middle",3,0,0,0,0,0,0,0,0,0,4,1,FALSE,0
"7311",4,"M",1,"Asian","Middle",4,0,0,0,0,0,0,0,0,0,4,NA,FALSE,0
"7312",4,"M",1,"Asian","Middle",4,0,0,0,0,0,0,0,0,0,4,1,FALSE,0
"7313",3,"M",1,"Black","Middle",4,0,0,0,0,0,0,0,0,0,4,1,FALSE,0
"7314",4,"M",1,"White","Middle",4,0,0,0,0,0,0,0,0,0,4,NA,FALSE,0
"7315",4,"M",1,"Asian","Middle",4,0,0,0,0,0,0,0,0,0,4,1,FALSE,0
"7316",4,"M",1,"White","Middle",4,0,0,0,0,0,0,0,0,0,4,1,FALSE,0
"7317",4,"M",1,"Asian","Middle",4,0,0,0,0,0,0,0,0,0,3,NA,FALSE,0
"7318",4,"M",1,"White","Middle",4,0,0,0,0,0,0,0,0,0,4,NA,FALSE,0
"7319",4,"M",1,"Black","Middle",4,0,0,0,NA,NA,NA,NA,NA,0,3,1,NA,0
"7320",4,"M",1,"White","Middle",3,0,0,0,0,0,0,0,0,0,2,NA,FALSE,1
"7321",5,"F",3,"White","Middle",4,0,0,0,0,0,0,0,0,0,4,NA,FALSE,0
"7322",5,"M",2,"Hispanic","Middle",4,0,0,0,0,0,0,0,0,0,4,NA,FALSE,0
"7323",4,"M",2,"White","Middle",4,0,0,0,0,0,0,0,0,0,4,1,FALSE,0
"7324",NA,NA,NA,NA,NA,NA,NA,NA,NA,NA,NA,NA,NA,NA,NA,NA,NA,NA,NA
"7325",5,"M",2,"White","Middle",4,0,0,0,0,0,0,0,0,0,4,1,FALSE,0
"7326",5,"F",2,"Black","Middle",4,0,0,0,0,0,0,0,0,0,2,1,FALSE,1
"7327",4,"F",2,"Black","Middle",4,0,0,0,0,0,0,0,0,0,4,1,FALSE,0
"7328",3,"M",1,"White","Middle",4,0,0,0,0,0,0,0,0,0,4,1,FALSE,0
"7329",4,"F",1,"AI/AN","Middle",4,0,0,0,0,0,0,0,0,0,4,1,FALSE,0
"7330",4,"M",1,"White","Middle",4,0,0,0,0,0,0,0,0,0,4,1,FALSE,0
"7331",4,"F",1,"AI/AN","Middle",4,0,0,0,0,0,0,0,0,0,2,NA,FALSE,1
"7332",4,"F",1,"White","Middle",4,0,0,0,0,0,0,0,0,0,4,1,FALSE,0
"7333",4,"M",1,"White","Middle",4,0,0,0,0,0,0,0,0,0,4,1,FALSE,0
"7334",5,"M",1,NA,"Middle",3,0,0,0,0,0,0,0,0,0,3,1,FALSE,0
"7335",4,"M",1,"White","Middle",4,0,0,0,0,0,0,0,0,0,4,1,FALSE,0
"7336",4,"F",1,"Black","Middle",4,0,0,0,0,0,0,0,0,0,4,1,FALSE,0
"7337",4,"F",1,"Asian","Middle",4,0,0,0,0,0,0,0,0,0,4,NA,FALSE,0
"7338",3,"F",1,"Black","Middle",4,0,0,0,0,0,0,0,0,0,4,1,FALSE,0
"7339",4,"F",1,NA,"Middle",4,0,0,0,0,0,0,0,0,0,4,1,FALSE,0
"7340",4,"M",1,"White","Middle",4,0,0,0,0,0,0,0,0,0,4,1,FALSE,0
"7341",3,"M",1,"White","Middle",4,0,0,0,NA,NA,NA,NA,NA,0,4,NA,NA,0
"7342",3,"M",1,NA,"Middle",4,0,0,0,0,0,0,0,0,0,4,1,FALSE,0
"7343",3,"F",1,"White","Middle",4,0,0,0,0,0,0,0,0,0,3,NA,FALSE,0
"7344",4,"F",1,"Asian","Middle",4,0,0,0,0,0,0,0,0,0,1,1,FALSE,1
"7345",4,"F",1,"Hispanic","Middle",4,0,0,0,0,0,0,0,0,0,4,1,FALSE,0
"7346",4,"F",1,"Asian","Middle",4,0,0,0,0,0,0,0,0,0,4,1,FALSE,0
"7347",4,"F",1,"Asian","Middle",4,0,0,0,0,0,0,0,0,0,3,1,FALSE,0
"7348",3,"F",1,"Black","Middle",4,0,0,0,0,0,0,0,0,0,4,NA,FALSE,0
"7349",3,"F",1,"Black","Middle",4,0,0,0,0,0,0,0,0,0,4,1,FALSE,0
"7350",4,"F",1,"White","Middle",4,0,0,0,0,0,0,0,0,0,4,NA,FALSE,0
"7351",7,"M",3,"Black","Middle",4,0,0,0,0,0,0,0,0,0,4,1,FALSE,0
"7352",6,"M",3,"Black","Middle",4,0,0,0,0,0,0,0,0,0,4,1,FALSE,0
"7353",6,"F",3,"White","Middle",4,0,0,0,0,0,0,0,0,0,4,1,FALSE,0
"7354",5,"F",3,"Black","Middle",4,0,0,0,0,0,0,0,0,0,4,1,FALSE,0
"7355",6,"F",3,"Black","Middle",4,0,0,0,0,0,0,0,0,0,3,1,FALSE,0
"7356",5,"F",3,"White","Middle",4,0,0,0,0,0,0,0,0,0,4,NA,FALSE,0
"7357",5,"M",3,"White","Middle",4,0,0,0,0,0,0,0,0,0,4,1,FALSE,0
"7358",5,"M",3,"White","Middle",4,0,0,0,0,0,0,0,0,0,4,NA,FALSE,0
"7359",7,"M",3,"White","Middle",4,0,0,0,0,0,0,0,0,0,4,1,FALSE,0
"7360",6,"F",3,"White","Middle",4,0,0,0,0,0,0,0,0,0,3,1,FALSE,0
"7361",6,"M",3,"Black","Middle",4,0,0,0,0,0,0,0,0,0,4,1,FALSE,0
"7362",6,"M",3,"Hispanic","Middle",4,0,0,0,0,0,0,0,0,0,3,1,FALSE,0
"7363",6,"F",3,"White","Middle",4,0,0,0,0,0,0,0,0,0,3,1,FALSE,0
"7364",6,"M",3,"Asian","Middle",4,0,0,0,0,0,0,0,0,0,1,1,FALSE,1
"7365",6,"M",3,"White","Middle",3,0,0,0,0,0,0,0,0,0,3,NA,FALSE,0
"7366",6,"M",3,"White","Middle",4,0,0,0,0,0,0,0,0,0,4,NA,FALSE,0
"7367",6,"M",3,"Black","Middle",4,0,0,0,0,0,0,0,0,0,4,1,FALSE,0
"7368",6,"F",3,"Black","Middle",3,0,0,0,0,0,0,0,0,1,1,NA,TRUE,1
"7369",5,"F",3,"Black","Middle",4,0,0,0,0,0,0,0,0,0,4,1,FALSE,0
"7370",5,"F",3,"White","Middle",3,0,0,0,NA,NA,NA,NA,NA,1,1,NA,TRUE,1
"7371",7,"M",3,"NHOPI","Middle",4,0,0,0,0,0,0,0,0,0,3,1,FALSE,0
"7372",6,"M",3,"Black","Middle",4,0,0,0,0,0,0,0,0,0,4,NA,FALSE,0
"7373",6,"M",3,"White","Middle",3,0,0,0,0,0,0,0,0,0,1,NA,FALSE,1
"7374",6,"M",3,"Black","Middle",4,0,0,0,0,0,0,0,0,0,4,NA,FALSE,0
"7375",6,"F",3,"Black","Middle",4,0,0,0,0,0,0,0,0,0,4,1,FALSE,0
"7376",6,"F",3,"Hispanic","Middle",1,1,0,0,0,0,1,0,0,1,1,1,TRUE,1
"7377",5,"M",2,"White","Middle",4,0,0,0,0,0,0,0,0,0,3,1,FALSE,0
"7378",5,"M",2,"Black","Middle",4,0,0,NA,0,0,0,0,0,0,4,1,NA,0
"7379",5,"M",2,"White","Middle",4,0,0,0,0,0,0,0,0,0,3,NA,FALSE,0
"7380",5,"M",2,"White","Middle",4,0,0,0,0,0,0,0,0,0,4,1,FALSE,0
"7381",5,"M",2,"White","Middle",4,0,0,0,0,0,0,0,0,0,2,1,FALSE,1
"7382",5,"M",2,"White","Middle",4,0,0,0,0,0,0,0,0,0,4,1,FALSE,0
"7383",5,"M",2,"Asian","Middle",4,0,0,0,0,0,0,0,0,0,4,NA,FALSE,0
"7384",5,"M",2,"White","Middle",4,0,0,0,0,0,0,0,0,0,4,1,FALSE,0
"7385",5,"M",2,NA,"Middle",4,0,0,0,0,0,0,0,0,0,4,NA,FALSE,0
"7386",5,"M",2,"White","Middle",4,0,0,0,0,0,0,0,0,0,4,1,FALSE,0
"7387",5,"M",2,"Black","Middle",4,0,0,0,0,0,0,0,0,0,2,1,FALSE,1
"7388",5,"F",2,"White","Middle",4,0,0,0,0,0,0,0,0,0,1,1,FALSE,1
"7389",5,"M",3,"Black","Middle",4,0,0,0,0,0,0,0,0,0,3,1,FALSE,0
"7390",5,"M",2,"White","Middle",4,0,0,0,0,0,0,0,0,0,2,NA,FALSE,1
"7391",5,"M",2,"Asian","Middle",4,0,0,0,0,0,0,0,0,0,4,1,FALSE,0
"7392",5,"M",2,"Asian","Middle",4,0,0,0,0,0,0,0,0,0,4,NA,FALSE,0
"7393",5,"M",2,"White","Middle",4,0,0,0,0,0,0,0,0,0,4,NA,FALSE,0
"7394",5,"F",2,"Hispanic","Middle",4,0,0,0,0,0,0,0,0,0,3,1,FALSE,0
"7395",4,"F",2,"Hispanic","Middle",4,0,0,0,0,0,0,0,0,0,4,1,FALSE,0
"7396",5,"F",2,"AI/AN","Middle",3,0,0,0,0,0,0,0,0,0,3,1,FALSE,0
"7397",4,"M",2,"Black","Middle",4,0,0,0,0,0,0,0,0,0,4,NA,FALSE,0
"7398",4,"M",2,"White","Middle",4,0,0,0,0,0,0,0,0,0,3,NA,FALSE,0
"7399",4,"M",2,"White","Middle",4,0,0,0,0,0,0,0,0,0,4,1,FALSE,0
"7400",5,"F",2,"White","Middle",4,0,0,0,0,0,0,0,0,0,4,NA,FALSE,0
"7401",5,"F",2,"White","Middle",4,0,0,0,0,0,0,0,0,0,4,NA,FALSE,0
"7402",5,"M",2,"Asian","Middle",4,0,0,0,0,0,0,0,0,0,4,1,FALSE,0
"7403",5,"M",2,"White","Middle",4,0,0,0,0,0,0,0,0,0,4,1,FALSE,0
"7404",5,"F",2,"Asian","Middle",4,0,0,0,0,0,0,0,0,0,2,1,FALSE,1
"7405",5,"M",2,"White","Middle",4,0,0,0,0,0,0,0,0,0,4,1,FALSE,0
"7406",4,"M",2,"White","Middle",4,0,0,0,0,0,0,0,0,0,4,1,FALSE,0
"7407",4,"M",2,"White","Middle",4,0,0,0,0,0,0,0,0,0,4,NA,FALSE,0
"7408",4,"M",2,"White","Middle",4,0,0,0,0,0,0,0,0,0,4,1,FALSE,0
"7409",5,"M",2,"Black","Middle",4,0,0,0,0,0,0,0,0,0,2,1,FALSE,1
"7410",5,"M",2,"Black","Middle",4,0,0,0,NA,NA,NA,NA,NA,0,4,1,NA,0
"7411",5,"M",2,NA,"Middle",4,0,0,0,0,0,0,0,0,0,4,1,FALSE,0
"7412",5,"M",2,NA,"Middle",3,0,0,0,0,0,0,0,0,0,1,1,FALSE,1
"7413",6,"F",3,"White","Middle",4,0,0,0,0,0,0,0,0,0,4,1,FALSE,0
"7414",6,"F",3,"White","Middle",4,0,0,0,0,0,0,0,0,0,4,1,FALSE,0
"7415",6,"F",3,"White","Middle",4,0,0,0,0,0,0,0,0,0,4,1,FALSE,0
"7416",6,"M",3,"White","Middle",4,0,0,0,NA,NA,NA,NA,NA,0,4,1,NA,0
"7417",6,"M",3,NA,"Middle",4,0,0,0,0,0,0,0,0,0,2,1,FALSE,1
"7418",6,"F",3,"Hispanic","Middle",4,0,0,0,0,0,0,0,0,0,4,1,FALSE,0
"7419",5,"F",3,"Hispanic","Middle",3,0,0,0,0,0,0,0,0,0,3,NA,FALSE,0
"7420",6,"F",3,"Black","Middle",4,0,0,0,0,0,0,0,0,0,3,1,FALSE,0
"7421",6,"M",3,"White","Middle",4,0,0,0,0,0,0,0,0,0,4,NA,FALSE,0
"7422",6,"M",3,"White","Middle",4,0,0,0,0,0,0,0,0,0,4,NA,FALSE,0
"7423",6,"M",3,"White","Middle",4,0,0,0,0,0,0,0,0,0,4,NA,FALSE,0
"7424",6,"M",3,"White","Middle",4,0,0,0,0,0,0,0,0,0,4,1,FALSE,0
"7425",6,"M",3,"Black","Middle",4,0,0,0,0,0,0,0,0,0,2,1,FALSE,1
"7426",5,"M",3,"Asian","Middle",4,0,0,0,0,0,0,0,0,0,4,1,FALSE,0
"7427",6,"M",3,"Hispanic","Middle",4,0,0,0,0,0,0,0,0,1,2,1,TRUE,1
"7428",6,"F",3,"Asian","Middle",4,0,0,0,0,0,0,0,0,0,4,1,FALSE,0
"7429",6,"M",3,"Hispanic","Middle",4,0,0,0,0,0,0,0,0,0,4,1,FALSE,0
"7430",6,"M",3,"Asian","Middle",4,0,0,0,0,0,0,0,0,0,4,1,FALSE,0
"7431",5,"F",3,"White","Middle",4,0,0,0,0,0,0,0,0,0,1,1,FALSE,1
"7432",5,"M",3,"Black","Middle",4,0,0,0,0,0,0,0,0,0,4,1,FALSE,0
"7433",6,"F",3,"Asian","Middle",4,0,0,0,0,0,0,0,0,0,4,1,FALSE,0
"7434",6,"F",3,"White","Middle",4,0,0,0,0,0,0,0,0,0,4,NA,FALSE,0
"7435",5,"F",2,"Black","Middle",4,0,0,0,0,0,0,0,0,0,4,1,FALSE,0
"7436",4,"M",2,"White","Middle",4,0,0,0,0,0,0,0,0,0,4,1,FALSE,0
"7437",6,"M",3,"White","Middle",3,0,0,0,0,0,0,0,0,0,3,NA,FALSE,0
"7438",5,"F",2,"White","Middle",3,0,0,0,0,0,0,0,0,1,2,NA,TRUE,1
"7439",5,"F",2,"White","Middle",4,0,0,0,0,0,0,0,0,0,4,1,FALSE,0
"7440",5,"F",2,"White","Middle",4,0,0,0,0,0,0,0,0,0,4,NA,FALSE,0
"7441",5,"M",2,"White","Middle",4,0,0,0,0,0,0,0,0,0,3,1,FALSE,0
"7442",5,"M",2,"White","Middle",3,0,0,0,0,0,0,0,0,0,3,NA,FALSE,0
"7443",5,"M",2,"White","Middle",4,0,0,0,0,0,0,0,0,0,4,NA,FALSE,0
"7444",4,"F",2,"White","Middle",4,0,0,0,0,0,0,0,0,0,4,1,FALSE,0
"7445",5,"F",2,"White","Middle",4,0,0,0,0,0,0,0,0,0,2,NA,FALSE,1
"7446",5,"F",2,"White","Middle",4,0,0,0,0,0,0,0,0,0,2,NA,FALSE,1
"7447",5,"F",2,"White","Middle",3,0,0,0,0,0,0,0,0,0,3,1,FALSE,0
"7448",6,"F",3,"White","Middle",4,0,0,0,0,0,0,0,0,0,4,NA,FALSE,0
"7449",6,"F",3,"Black","Middle",4,0,0,0,0,0,0,0,0,0,4,1,FALSE,0
"7450",6,"F",3,"Black","Middle",4,0,0,0,0,0,0,0,0,0,3,1,FALSE,0
"7451",6,"M",3,"White","Middle",4,0,0,0,0,0,0,0,0,0,3,NA,FALSE,0
"7452",6,"F",3,"White","Middle",3,0,0,0,0,0,0,0,0,0,2,1,FALSE,1
"7453",6,"F",3,"White","Middle",4,0,0,0,0,0,0,0,0,0,4,1,FALSE,0
"7454",6,"M",3,"White","Middle",4,0,0,0,0,0,0,0,0,0,4,1,FALSE,0
"7455",3,"F",1,"Asian","Middle",4,0,0,0,0,0,0,0,0,0,4,1,FALSE,0
"7456",4,"F",1,"White","Middle",4,0,0,0,0,0,0,0,0,0,3,1,FALSE,0
"7457",4,"M",1,"Hispanic","Middle",4,0,0,0,0,0,0,0,0,0,3,1,FALSE,0
"7458",4,"M",1,"Hispanic","Middle",3,0,0,0,0,0,0,0,0,0,1,1,FALSE,1
"7459",3,"F",1,"White","Middle",4,0,0,0,0,0,0,0,0,0,4,NA,FALSE,0
"7460",3,"F",1,"White","Middle",4,0,0,0,0,0,0,0,0,0,4,1,FALSE,0
"7461",4,"M",1,"Hispanic","Middle",4,0,0,0,0,0,0,0,0,0,4,1,FALSE,0
"7462",4,"F",1,"White","Middle",4,0,0,0,0,0,0,0,0,0,4,1,FALSE,0
"7463",4,"M",1,"Hispanic","Middle",4,0,0,0,0,0,0,0,0,0,2,1,FALSE,1
"7464",4,"M",1,"White","Middle",4,0,0,0,0,0,0,0,0,0,4,1,FALSE,0
"7465",4,"M",1,"White","Middle",4,0,0,0,0,0,0,0,0,0,3,1,FALSE,0
"7466",4,"M",1,"White","Middle",4,0,0,0,0,0,0,0,0,0,4,NA,FALSE,0
"7467",4,"F",1,"Hispanic","Middle",4,0,0,0,0,0,0,0,0,0,4,1,FALSE,0
"7468",3,"F",1,"Hispanic","Middle",4,0,0,0,0,0,0,0,0,0,4,1,FALSE,0
"7469",4,"F",1,"White","Middle",4,0,0,0,0,0,0,0,0,0,4,1,FALSE,0
"7470",4,"F",1,"White","Middle",4,0,0,0,0,0,0,0,0,0,4,1,FALSE,0
"7471",4,"F",1,"White","Middle",4,0,0,0,0,0,0,0,0,0,4,NA,FALSE,0
"7472",3,"F",1,"White","Middle",4,0,0,0,0,0,0,0,0,0,3,NA,FALSE,0
"7473",4,"M",1,"White","Middle",4,0,0,0,0,0,0,0,0,0,4,NA,FALSE,0
"7474",4,"M",1,"White","Middle",4,0,0,0,0,0,0,0,0,0,4,1,FALSE,0
"7475",4,"M",1,"Hispanic","Middle",4,0,0,0,0,0,0,0,0,0,4,1,FALSE,0
"7476",5,"M",2,"White","Middle",4,0,0,0,0,0,0,0,0,0,4,NA,FALSE,0
"7477",5,"F",2,"White","Middle",4,0,0,0,0,0,0,0,0,0,4,NA,FALSE,0
"7478",5,"F",2,"White","Middle",4,0,0,0,0,0,0,0,0,0,4,1,FALSE,0
"7479",4,"F",2,"White","Middle",4,0,0,0,0,0,0,0,0,0,2,1,FALSE,1
"7480",4,"F",2,"White","Middle",4,0,0,0,0,0,0,0,0,0,2,NA,FALSE,1
"7481",5,"M",2,"White","Middle",4,0,0,0,0,0,0,0,0,0,3,NA,FALSE,0
"7482",4,"M",2,"White","Middle",4,0,0,0,0,0,0,0,0,0,4,NA,FALSE,0
"7483",5,"M",2,"Black","Middle",4,0,0,0,0,0,0,0,0,0,3,1,FALSE,0
"7484",5,"M",2,"White","Middle",4,0,0,0,0,0,0,0,0,0,4,1,FALSE,0
"7485",5,"M",2,"White","Middle",4,0,0,0,0,0,0,0,0,0,4,NA,FALSE,0
"7486",5,"M",2,"White","Middle",4,0,0,NA,0,0,0,0,0,0,4,1,NA,0
"7487",4,"M",2,"Asian","Middle",4,0,0,0,0,0,0,0,0,0,3,NA,FALSE,0
"7488",4,"F",2,"White","Middle",4,0,0,0,0,0,0,0,0,0,3,1,FALSE,0
"7489",5,"F",2,"White","Middle",4,0,0,0,0,0,0,0,0,0,4,1,FALSE,0
"7490",5,"F",2,"White","Middle",4,0,0,0,0,0,0,0,0,0,4,1,FALSE,0
"7491",6,"F",3,"White","Middle",3,0,0,0,0,0,0,0,0,0,2,1,FALSE,1
"7492",6,"M",3,"White","Middle",3,0,0,0,0,0,0,0,0,0,3,1,FALSE,0
"7493",6,"M",3,"White","Middle",4,0,0,0,NA,NA,NA,NA,NA,0,4,1,NA,0
"7494",6,"M",3,"Black","Middle",3,0,0,0,0,0,0,0,0,0,3,1,FALSE,0
"7495",6,"M",3,"White","Middle",4,0,0,0,0,0,0,0,0,0,4,1,FALSE,0
"7496",6,"M",3,"White","Middle",4,0,0,0,0,0,0,0,0,0,4,1,FALSE,0
"7497",6,"M",3,"White","Middle",3,0,0,0,0,0,0,0,0,0,2,1,FALSE,1
"7498",6,"F",3,"White","Middle",4,0,0,0,0,0,0,0,0,0,4,1,FALSE,0
"7499",5,"F",3,"White","Middle",4,0,0,0,0,0,0,0,0,0,4,1,FALSE,0
"7500",5,"F",3,"White","Middle",NA,0,NA,NA,0,0,0,0,0,NA,NA,1,NA,NA
"7501",5,"F",3,"White","Middle",4,0,0,0,0,0,0,0,0,0,4,NA,FALSE,0
"7502",6,"M",3,"Black","Middle",4,0,0,0,0,0,0,0,0,0,1,NA,FALSE,1
"7503",6,"F",3,"White","Middle",4,0,0,0,0,0,0,0,0,0,4,1,FALSE,0
"7504",5,"F",3,"Hispanic","Middle",3,0,0,0,0,0,0,0,0,0,2,NA,FALSE,1
"7505",5,"M",3,"NHOPI","Middle",4,0,0,0,0,0,0,0,0,0,3,NA,FALSE,0
"7506",5,"F",3,"Black","Middle",4,0,0,0,0,0,0,0,0,0,4,NA,FALSE,0
"7507",6,"F",4,"Asian","High",1,1,NA,NA,0,0,1,0,0,1,1,NA,TRUE,1
"7508",4,"F",2,"Asian","Middle",4,0,0,0,0,0,0,0,0,0,4,1,FALSE,0
"7509",5,"F",2,"Black","Middle",4,0,0,0,0,0,0,0,0,0,4,1,FALSE,0
"7510",5,"M",2,"Hispanic","Middle",4,0,0,0,0,0,0,0,0,0,4,1,FALSE,0
"7511",4,"M",2,"Hispanic","Middle",4,0,0,0,0,0,0,0,0,0,4,1,FALSE,0
"7512",5,"F",2,"White","Middle",3,0,0,0,0,0,0,0,0,0,1,NA,FALSE,1
"7513",4,"F",2,"Asian","Middle",NA,0,NA,NA,0,0,0,0,0,NA,NA,1,NA,NA
"7514",5,NA,NA,"Black",NA,4,0,0,0,0,0,0,0,0,0,4,1,FALSE,0
"7515",4,"M",2,"Hispanic","Middle",4,0,0,0,0,0,0,0,0,0,4,NA,FALSE,0
"7516",5,"F",2,"Hispanic","Middle",4,0,0,0,0,0,0,0,0,0,4,1,FALSE,0
"7517",5,"M",2,"Hispanic","Middle",4,0,0,NA,0,0,0,0,0,0,4,1,NA,0
"7518",5,"F",2,"Asian","Middle",4,0,0,0,0,0,0,0,0,0,4,1,FALSE,0
"7519",NA,"F",2,"Black","Middle",4,0,0,0,0,0,0,0,0,0,2,1,FALSE,1
"7520",4,"F",2,"Hispanic","Middle",3,0,0,0,0,0,0,0,0,0,3,1,FALSE,0
"7521",4,"F",2,"Asian","Middle",4,0,0,0,0,0,0,0,0,0,4,NA,FALSE,0
"7522",5,"M",2,"Hispanic","Middle",4,0,0,0,0,0,0,0,0,0,4,1,FALSE,0
"7523",4,"F",2,"Black","Middle",4,0,0,0,0,0,0,0,0,0,3,1,FALSE,0
"7524",5,"M",2,"Hispanic","Middle",4,0,0,0,0,0,0,0,0,1,1,NA,TRUE,1
"7525",4,"F",2,"White","Middle",4,0,0,0,0,0,0,0,0,0,4,1,FALSE,0
"7526",4,"M",2,"Asian","Middle",4,0,0,0,0,0,0,0,0,0,4,1,FALSE,0
"7527",5,"F",3,"Hispanic","Middle",2,0,0,0,0,0,0,0,0,0,1,NA,FALSE,1
"7528",5,"F",2,"White","Middle",4,0,0,0,0,0,0,0,0,0,4,1,FALSE,0
"7529",5,"F",2,"Black","Middle",3,0,0,0,0,0,0,0,0,0,4,NA,FALSE,0
"7530",4,"F",2,"Black","Middle",3,0,0,0,0,0,0,0,0,0,3,1,FALSE,0
"7531",5,"M",2,"Black","Middle",4,0,0,0,NA,NA,NA,NA,NA,0,4,1,NA,0
"7532",5,"F",2,"Hispanic","Middle",4,0,0,0,0,0,0,0,0,0,4,1,FALSE,0
"7533",4,"M",2,"Hispanic","Middle",3,0,0,0,0,0,0,0,0,1,1,NA,TRUE,1
"7534",5,"F",2,"Hispanic","Middle",3,0,0,0,0,0,0,0,0,0,4,1,FALSE,0
"7535",5,"F",2,"Black","Middle",4,0,0,0,0,0,0,0,0,0,4,1,FALSE,0
"7536",5,"F",2,"Black","Middle",4,0,0,0,0,0,0,0,0,0,4,1,FALSE,0
"7537",5,"M",2,"Black","Middle",4,0,NA,0,0,0,0,0,0,0,4,1,NA,0
"7538",4,"M",2,"Black","Middle",4,0,0,0,0,0,0,0,0,0,2,1,FALSE,1
"7539",5,"M",2,"Asian","Middle",4,0,0,0,0,0,0,0,0,0,4,1,FALSE,0
"7540",5,"M",2,"White","Middle",4,0,0,0,0,0,0,0,0,0,4,1,FALSE,0
"7541",5,"M",2,"Black","Middle",4,0,0,0,0,0,0,0,0,0,4,1,FALSE,0
"7542",5,"M",2,"White","Middle",4,0,0,0,0,0,0,0,0,0,4,NA,FALSE,0
"7543",4,"M",2,"Black","Middle",NA,0,NA,NA,0,0,0,0,0,NA,NA,1,NA,NA
"7544",4,"F",2,"Asian","Middle",4,0,0,0,0,0,0,0,0,0,4,1,FALSE,0
"7545",5,"M",2,NA,"Middle",4,0,0,0,0,0,0,0,0,0,2,NA,FALSE,1
"7546",3,"F",2,"Hispanic","Middle",4,0,0,0,0,0,0,0,0,0,4,1,FALSE,0
"7547",4,"F",2,"Black","Middle",3,0,0,0,0,0,0,0,0,0,4,NA,FALSE,0
"7548",4,"F",2,"Hispanic","Middle",4,0,0,0,0,0,0,0,0,0,4,1,FALSE,0
"7549",5,"F",2,"Hispanic","Middle",2,NA,1,NA,0,0,1,0,0,NA,3,NA,TRUE,0
"7550",5,"M",2,"White","Middle",4,0,0,0,0,0,0,0,0,0,4,NA,FALSE,0
"7551",5,"M",2,"Hispanic","Middle",4,NA,0,0,0,0,0,0,0,0,2,NA,NA,1
"7552",5,"M",3,"Hispanic","Middle",4,0,0,0,0,0,0,0,0,0,4,1,FALSE,0
"7553",5,"M",3,"Black","Middle",4,0,0,0,0,0,0,0,0,0,4,1,FALSE,0
"7554",6,"M",3,"Asian","Middle",4,0,0,0,0,0,0,0,0,0,4,1,FALSE,0
"7555",6,"M",3,"White","Middle",4,0,0,0,0,0,0,0,0,0,4,1,FALSE,0
"7556",6,"M",3,"Hispanic","Middle",3,0,0,0,0,0,0,0,0,0,4,NA,FALSE,0
"7557",5,"M",3,"Asian","Middle",4,0,0,0,0,0,0,0,0,0,4,1,FALSE,0
"7558",5,"F",3,"Hispanic","Middle",3,0,0,0,0,0,1,0,0,0,1,NA,TRUE,1
"7559",5,"M",3,"Asian","Middle",4,0,0,0,0,0,0,0,0,0,4,1,FALSE,0
"7560",7,"F",3,"Hispanic","Middle",2,0,0,0,0,0,1,0,0,1,1,1,TRUE,1
"7561",5,"M",3,NA,"Middle",4,0,0,0,0,0,0,0,0,0,4,NA,FALSE,0
"7562",6,"M",3,"Asian","Middle",4,0,0,0,0,0,0,0,0,0,1,1,FALSE,1
"7563",6,"F",3,"White","Middle",3,0,0,0,0,0,0,0,0,0,1,NA,FALSE,1
"7564",6,"F",3,"Asian","Middle",4,0,0,0,0,0,0,0,0,0,3,1,FALSE,0
"7565",5,"M",3,"Hispanic","Middle",4,0,0,0,NA,NA,NA,NA,NA,0,2,NA,NA,1
"7566",6,"F",3,"Black","Middle",4,0,0,0,0,0,0,0,0,0,4,1,FALSE,0
"7567",6,"M",3,"Hispanic","Middle",4,0,0,0,0,0,0,0,0,0,4,1,FALSE,0
"7568",5,"F",3,"Hispanic","Middle",4,0,0,0,0,0,0,0,0,0,3,1,FALSE,0
"7569",6,"F",3,"White","Middle",4,0,0,0,0,0,0,0,0,0,4,NA,FALSE,0
"7570",6,"M",3,"Asian","Middle",4,0,0,0,0,0,0,0,0,0,4,1,FALSE,0
"7571",4,"F",2,"Black","Middle",4,0,0,0,0,0,0,0,0,0,2,1,FALSE,1
"7572",5,"F",2,"Hispanic","Middle",3,0,0,0,0,0,0,0,0,1,4,NA,TRUE,0
"7573",5,"M",2,"Asian","Middle",4,0,0,0,0,0,0,0,0,0,4,1,FALSE,0
"7574",4,"F",2,"Hispanic","Middle",2,0,0,0,0,0,1,0,0,0,1,NA,TRUE,1
"7575",5,"F",2,"Hispanic","Middle",3,0,0,0,0,0,0,0,0,1,1,NA,TRUE,1
"7576",5,"F",2,"Hispanic","Middle",4,0,0,0,0,0,0,0,0,0,4,1,FALSE,0
"7577",5,"F",2,"Asian","Middle",4,0,0,0,0,0,0,0,0,0,4,1,FALSE,0
"7578",4,"M",2,"Hispanic","Middle",4,0,0,0,0,0,0,0,0,0,4,1,FALSE,0
"7579",5,"M",2,"Asian","Middle",4,0,0,0,0,0,0,0,0,0,3,1,FALSE,0
"7580",5,"F",2,"Hispanic","Middle",4,0,0,0,0,0,0,0,0,0,1,NA,FALSE,1
"7581",4,"M",2,NA,"Middle",4,0,0,0,0,0,0,0,0,0,4,NA,FALSE,0
"7582",5,"M",2,"Asian","Middle",4,0,0,0,0,0,0,0,0,0,4,1,FALSE,0
"7583",5,"M",2,"Asian","Middle",4,0,0,0,0,0,0,0,0,0,4,1,FALSE,0
"7584",4,"F",2,"Black","Middle",4,0,0,0,0,0,0,0,0,0,4,1,FALSE,0
"7585",5,"F",2,"Hispanic","Middle",4,0,0,0,0,0,0,0,0,0,4,1,FALSE,0
"7586",5,"F",2,"White","Middle",4,NA,0,0,0,1,0,0,0,0,2,NA,TRUE,1
"7587",5,"F",2,"Hispanic","Middle",4,0,0,0,NA,NA,NA,NA,NA,0,4,1,NA,0
"7588",4,"F",2,"Hispanic","Middle",2,1,1,0,0,0,0,0,0,0,2,1,TRUE,1
"7589",5,"M",2,"Hispanic","Middle",3,NA,0,NA,0,0,1,0,0,NA,NA,NA,TRUE,NA
"7590",4,"F",2,"Black","Middle",4,0,0,0,0,0,0,0,0,0,4,1,FALSE,0
"7591",4,"F",2,"White","Middle",3,0,0,0,0,0,0,0,0,0,3,NA,FALSE,0
"7592",5,"F",2,"White","Middle",4,0,0,0,0,0,0,0,0,0,3,NA,FALSE,0
"7593",4,"F",2,"Asian","Middle",4,0,0,0,0,0,0,0,0,0,4,1,FALSE,0
"7594",4,"F",2,"Asian","Middle",4,0,0,0,NA,NA,NA,NA,NA,0,4,1,NA,0
"7595",5,"F",3,"Black","Middle",4,0,0,0,0,0,0,0,0,0,4,1,FALSE,0
"7596",6,"F",3,"Hispanic","Middle",3,0,0,0,0,0,0,0,0,0,2,1,FALSE,1
"7597",6,"F",3,"White","Middle",4,0,0,0,0,0,0,0,0,0,4,NA,FALSE,0
"7598",6,"M",3,"White","Middle",4,0,0,0,0,0,0,0,0,0,4,1,FALSE,0
"7599",6,"M",3,"Asian","Middle",3,0,0,0,0,0,0,0,0,0,3,1,FALSE,0
"7600",5,"M",3,"Hispanic","Middle",4,0,0,0,0,0,0,0,0,0,4,1,FALSE,0
"7601",6,"M",3,"Hispanic","Middle",1,0,NA,NA,NA,NA,NA,NA,NA,1,1,NA,TRUE,1
"7602",6,"M",3,"Asian","Middle",4,0,0,0,0,0,0,0,0,0,4,1,FALSE,0
"7603",6,"F",3,"Asian","Middle",4,0,0,0,0,0,0,0,0,0,4,NA,FALSE,0
"7604",6,"M",3,"Asian","Middle",4,0,0,0,0,0,0,0,0,0,4,NA,FALSE,0
"7605",6,"M",3,"Hispanic","Middle",4,0,0,0,0,1,0,0,0,0,3,1,TRUE,0
"7606",6,"F",3,"Hispanic","Middle",3,0,0,0,0,0,1,0,0,1,2,1,TRUE,1
"7607",6,"M",3,"Hispanic","Middle",2,0,0,0,0,0,0,0,0,0,3,1,FALSE,0
"7608",6,"M",3,"Hispanic","Middle",4,0,0,0,0,0,0,0,0,0,4,1,FALSE,0
"7609",5,"M",3,"Hispanic","Middle",3,0,0,0,0,0,0,0,0,0,3,1,FALSE,0
"7610",5,"M",3,"Hispanic","Middle",4,0,0,0,0,0,0,0,0,0,4,1,FALSE,0
"7611",5,"F",3,"Hispanic","Middle",4,0,0,0,0,0,0,0,0,0,4,1,FALSE,0
"7612",6,"F",3,"Asian","Middle",4,0,0,0,0,0,0,0,0,0,3,1,FALSE,0
"7613",6,"F",3,"Hispanic","Middle",3,0,0,0,0,0,0,0,0,0,1,1,FALSE,1
"7614",6,"F",3,"Black","Middle",4,0,0,0,0,0,0,0,0,0,4,1,FALSE,0
"7615",5,"M",3,"Hispanic","Middle",3,0,0,0,0,0,0,0,0,0,4,1,FALSE,0
"7616",6,"F",3,"Hispanic","Middle",4,0,0,0,0,0,0,0,0,0,2,NA,FALSE,1
"7617",5,"M",3,"Hispanic","Middle",4,0,0,0,0,0,0,0,0,0,4,1,FALSE,0
"7618",6,"F",3,"Hispanic","Middle",4,0,0,0,0,0,0,0,0,0,4,1,FALSE,0
"7619",5,"F",3,"Black","Middle",3,0,0,0,0,0,0,0,0,0,2,1,FALSE,1
"7620",1,"M",8,"Hispanic",NA,NA,NA,NA,1,NA,NA,NA,NA,NA,NA,4,NA,TRUE,0
"7621",6,"M",3,"Hispanic","Middle",4,0,0,0,0,0,0,0,0,0,4,1,FALSE,0
"7622",6,"F",3,"Hispanic","Middle",3,0,0,0,0,0,0,0,0,0,2,NA,FALSE,1
"7623",6,"M",3,"White","Middle",3,0,0,0,0,0,0,0,0,0,2,1,FALSE,1
"7624",6,"F",3,"Hispanic","Middle",3,0,0,0,0,0,0,0,0,0,1,1,FALSE,1
"7625",7,"M",3,"Hispanic","Middle",4,0,0,0,0,0,0,0,0,0,2,1,FALSE,1
"7626",7,"F",3,"Hispanic","Middle",2,1,NA,0,0,0,1,0,0,1,1,NA,TRUE,1
"7627",6,"M",3,NA,"Middle",4,0,0,0,0,0,0,0,0,0,4,NA,FALSE,0
"7628",6,"M",3,"Asian","Middle",4,0,0,NA,0,0,0,0,0,0,3,NA,NA,0
"7629",6,"M",3,"Hispanic","Middle",3,0,0,0,0,0,0,0,0,1,3,1,TRUE,0
"7630",6,"M",3,"White","Middle",4,0,0,0,0,0,0,0,0,0,4,1,FALSE,0
"7631",6,"F",3,"Asian","Middle",4,0,0,0,0,0,0,0,0,0,4,1,FALSE,0
"7632",6,"F",3,"Asian","Middle",4,0,0,0,0,0,0,0,0,0,4,1,FALSE,0
"7633",5,"F",3,"Asian","Middle",4,0,0,0,0,0,0,0,0,0,4,NA,FALSE,0
"7634",5,"F",3,"Hispanic","Middle",3,0,0,0,0,0,0,0,0,0,1,NA,FALSE,1
"7635",6,"M",3,"Hispanic","Middle",4,0,0,0,0,0,0,0,0,0,2,1,FALSE,1
"7636",6,"F",3,"Hispanic","Middle",4,0,0,0,NA,NA,NA,NA,NA,0,1,1,NA,1
"7637",5,"M",3,"Hispanic","Middle",4,0,0,0,0,0,0,0,0,0,4,1,FALSE,0
"7638",5,"F",3,"Hispanic","Middle",4,0,0,0,0,0,0,0,0,0,4,1,FALSE,0
"7639",4,"F",1,NA,"Middle",4,0,0,0,0,0,0,0,0,0,4,1,FALSE,0
"7640",4,"M",1,"Hispanic","Middle",3,1,0,0,0,0,0,0,0,0,2,1,TRUE,1
"7641",3,"F",1,"Black","Middle",4,0,0,0,0,0,0,0,0,0,4,1,FALSE,0
"7642",3,"M",1,"Hispanic","Middle",3,0,0,0,0,0,0,0,0,0,3,1,FALSE,0
"7643",5,"F",1,"Hispanic","Middle",3,0,0,0,NA,NA,NA,NA,NA,0,2,NA,NA,1
"7644",3,"M",1,"Hispanic","Middle",4,0,0,0,NA,NA,NA,NA,NA,0,4,1,NA,0
"7645",4,"M",1,"Hispanic","Middle",4,NA,0,0,0,0,1,0,0,1,1,NA,TRUE,1
"7646",3,"M",1,"White","Middle",4,0,0,0,0,0,0,0,0,0,4,1,FALSE,0
"7647",4,"M",1,"Black","Middle",4,0,0,0,0,0,0,0,0,0,4,1,FALSE,0
"7648",3,"F",1,"Asian","Middle",4,0,0,0,0,0,0,0,0,0,4,1,FALSE,0
"7649",4,"F",1,"White","Middle",4,0,0,0,0,0,0,0,0,0,4,1,FALSE,0
"7650",4,NA,NA,"Hispanic",NA,4,0,0,0,0,0,0,0,0,0,4,1,FALSE,0
"7651",4,"M",1,NA,"Middle",2,0,0,0,0,0,0,0,0,0,2,1,FALSE,1
"7652",3,"M",1,"Asian","Middle",4,0,0,0,0,0,0,0,0,0,4,1,FALSE,0
"7653",3,"M",1,"Hispanic","Middle",4,0,0,0,0,0,0,0,0,0,4,1,FALSE,0
"7654",4,"M",1,"Black","Middle",4,0,0,0,0,0,0,0,0,0,4,1,FALSE,0
"7655",3,"M",1,"Hispanic","Middle",3,0,0,0,0,0,0,0,0,0,2,NA,FALSE,1
"7656",3,"M",1,"Hispanic","Middle",4,0,0,0,0,0,0,0,0,0,4,1,FALSE,0
"7657",3,"F",1,"Asian","Middle",4,0,0,0,0,0,0,0,0,0,4,1,FALSE,0
"7658",4,"F",1,"Hispanic","Middle",4,0,0,0,NA,NA,NA,NA,NA,0,2,NA,NA,1
"7659",3,"F",1,"Hispanic","Middle",4,0,0,0,0,0,0,0,0,0,4,1,FALSE,0
"7660",4,"M",1,"Asian","Middle",4,0,0,0,0,0,0,0,0,0,4,1,FALSE,0
"7661",3,"F",1,"Hispanic","Middle",4,0,0,0,0,0,0,0,0,0,4,1,FALSE,0
"7662",4,"F",1,"Hispanic","Middle",4,0,0,0,NA,NA,NA,NA,NA,0,4,NA,NA,0
"7663",4,"F",1,"Black","Middle",4,0,0,NA,0,0,0,0,0,0,3,1,NA,0
"7664",4,"F",1,"Hispanic","Middle",4,0,0,0,0,0,0,0,0,0,4,NA,FALSE,0
"7665",3,"F",1,"Hispanic","Middle",4,0,0,0,0,0,0,0,0,0,4,1,FALSE,0
"7666",3,"F",1,"White","Middle",4,0,0,0,0,0,0,0,0,0,4,NA,FALSE,0
"7667",3,"M",1,"Hispanic","Middle",4,0,0,0,0,0,0,0,0,0,2,1,FALSE,1
"7668",4,"F",1,"Black","Middle",4,0,0,0,0,0,0,0,0,0,2,1,FALSE,1
"7669",4,"M",1,"Hispanic","Middle",3,0,0,0,0,0,0,0,0,0,2,1,FALSE,1
"7670",4,"M",1,"Hispanic","Middle",3,0,0,0,0,0,0,0,0,0,2,NA,FALSE,1
"7671",4,"M",1,"Hispanic","Middle",4,0,0,0,0,0,0,0,0,0,2,1,FALSE,1
"7672",4,"M",1,"Hispanic","Middle",4,0,NA,NA,NA,NA,NA,NA,NA,NA,4,1,NA,0
"7673",4,"M",1,"Hispanic","Middle",3,0,0,0,0,0,0,0,0,1,1,1,TRUE,1
"7674",3,"M",1,"Black","Middle",4,0,0,0,0,0,0,0,0,0,4,1,FALSE,0
"7675",4,"M",1,"Hispanic","Middle",4,0,0,0,0,0,0,0,0,0,4,1,FALSE,0
"7676",4,"F",1,"Black","Middle",3,0,0,0,0,0,0,0,0,0,2,NA,FALSE,1
"7677",4,"F",1,"Hispanic","Middle",4,0,0,0,0,0,0,0,0,0,4,1,FALSE,0
"7678",4,"F",1,"Black","Middle",4,0,0,0,0,0,0,0,0,0,4,1,FALSE,0
"7679",3,"M",1,"Asian","Middle",4,0,0,0,0,0,0,0,0,0,4,1,FALSE,0
"7680",6,"F",3,"Hispanic","Middle",4,0,0,0,0,0,0,0,0,0,4,1,FALSE,0
"7681",5,"F",3,"Hispanic","Middle",4,0,0,0,0,0,0,0,0,0,4,NA,FALSE,0
"7682",6,"F",3,"Hispanic","Middle",4,0,0,0,0,0,0,0,0,0,1,1,FALSE,1
"7683",6,"M",3,"Hispanic","Middle",4,0,0,0,0,0,0,0,0,0,4,1,FALSE,0
"7684",6,"M",3,"Hispanic","Middle",4,0,0,0,0,0,0,0,0,0,4,1,FALSE,0
"7685",4,"M",1,"Black","Middle",4,0,NA,0,NA,NA,NA,NA,NA,0,4,NA,NA,0
"7686",4,"F",1,"Hispanic","Middle",3,0,0,0,0,0,0,0,0,0,2,1,FALSE,1
"7687",4,"M",1,"Hispanic","Middle",4,0,0,0,0,0,0,0,0,0,4,NA,FALSE,0
"7688",4,"F",1,"White","Middle",4,0,0,0,0,0,0,0,0,0,4,1,FALSE,0
"7689",4,"M",1,NA,"Middle",4,0,0,0,0,0,0,0,0,0,4,1,FALSE,0
"7690",3,"M",1,"Hispanic","Middle",4,0,0,0,NA,NA,NA,NA,NA,0,4,1,NA,0
"7691",4,"M",1,NA,"Middle",4,0,0,0,NA,NA,NA,NA,NA,0,4,1,NA,0
"7692",4,"F",1,"Hispanic","Middle",4,0,0,0,0,0,0,0,0,0,4,NA,FALSE,0
"7693",4,"F",1,"Hispanic","Middle",4,0,0,0,0,0,0,0,0,0,4,1,FALSE,0
"7694",4,"F",1,"Black","Middle",4,0,0,0,0,0,0,0,0,0,2,1,FALSE,1
"7695",3,"F",1,"Asian","Middle",4,0,0,0,0,0,0,0,0,0,4,1,FALSE,0
"7696",4,"M",1,"Asian","Middle",4,0,0,0,0,0,0,0,0,0,NA,1,FALSE,NA
"7697",4,"M",1,"Asian","Middle",4,0,0,0,0,0,0,0,0,1,1,1,TRUE,1
"7698",6,"F",3,"Hispanic","Middle",2,0,0,0,0,0,0,0,0,0,1,1,FALSE,1
"7699",4,"F",1,"Asian","Middle",4,0,0,0,0,0,0,0,0,0,4,1,FALSE,0
"7700",3,"M",1,"White","Middle",4,0,0,0,0,0,0,0,0,0,4,1,FALSE,0
"7701",4,"M",1,"Asian","Middle",4,0,0,0,0,0,0,0,0,0,4,1,FALSE,0
"7702",4,"M",1,"Black","Middle",4,0,0,0,0,0,0,0,0,0,3,1,FALSE,0
"7703",3,"F",1,"Asian","Middle",4,0,0,0,0,0,0,0,0,0,4,1,FALSE,0
"7704",4,"M",1,"Hispanic","Middle",4,0,0,0,0,0,0,0,0,0,3,1,FALSE,0
"7705",4,"M",1,NA,"Middle",3,0,0,0,0,0,0,0,0,0,2,NA,FALSE,1
"7706",5,"M",1,"Hispanic","Middle",3,0,0,0,0,0,0,0,0,0,2,1,FALSE,1
"7707",4,"M",1,"Hispanic","Middle",4,0,0,0,0,0,0,0,0,0,4,1,FALSE,0
"7708",3,"F",1,"White","Middle",4,0,0,0,0,0,0,0,0,0,2,NA,FALSE,1
"7709",3,"F",1,"Asian","Middle",4,0,0,0,0,0,0,0,0,0,4,1,FALSE,0
"7710",4,"F",1,"Black","Middle",4,0,0,0,0,0,0,0,0,0,4,1,FALSE,0
"7711",3,"F",1,"Hispanic","Middle",3,0,0,0,0,0,0,0,0,0,2,NA,FALSE,1
"7712",4,"F",1,"Hispanic","Middle",4,0,0,0,0,0,0,0,0,1,1,NA,TRUE,1
"7713",3,"M",1,"Black","Middle",3,0,0,0,0,0,0,0,0,0,3,1,FALSE,0
"7714",4,"F",1,"White","Middle",4,0,0,0,0,0,0,0,0,0,4,NA,FALSE,0
"7715",5,"F",2,"White","Middle",3,0,0,0,0,0,0,0,0,0,1,NA,FALSE,1
"7716",5,"M",2,"White","Middle",4,0,0,0,0,0,0,0,0,0,4,1,FALSE,0
"7717",5,"F",2,"White","Middle",4,0,0,0,0,0,0,0,0,0,1,NA,FALSE,1
"7718",5,"F",2,"Hispanic","Middle",4,0,0,0,0,0,0,0,0,0,4,1,FALSE,0
"7719",5,"F",2,"White","Middle",4,0,0,0,0,0,0,0,0,0,4,NA,FALSE,0
"7720",4,"F",2,"White","Middle",4,0,0,0,0,0,0,0,0,0,4,1,FALSE,0
"7721",5,"M",2,"White","Middle",2,0,0,0,0,0,0,0,0,1,1,NA,TRUE,1
"7722",5,"M",2,"White","Middle",3,0,0,0,NA,NA,NA,NA,NA,0,4,NA,NA,0
"7723",5,"M",2,"White","Middle",4,0,0,0,0,0,0,0,0,0,2,1,FALSE,1
"7724",6,"M",2,"White","Middle",1,0,0,0,0,0,1,0,0,1,1,NA,TRUE,1
"7725",5,"F",2,"White","Middle",4,0,0,0,0,0,0,0,0,0,4,NA,FALSE,0
"7726",5,"F",2,"White","Middle",4,0,0,0,0,0,0,0,0,0,2,1,FALSE,1
"7727",5,"F",2,"Hispanic","Middle",4,0,0,0,0,0,0,0,0,0,4,1,FALSE,0
"7728",5,"F",2,"White","Middle",4,0,0,0,0,0,0,0,0,0,4,NA,FALSE,0
"7729",6,"M",2,"White","Middle",4,0,0,0,0,0,0,0,0,0,4,NA,FALSE,0
"7730",5,"M",2,"White","Middle",3,0,0,0,0,0,1,0,0,0,3,1,TRUE,0
"7731",5,"M",2,"White","Middle",4,0,0,0,0,0,0,0,0,0,2,NA,FALSE,1
"7732",5,"M",2,"White","Middle",3,0,0,0,NA,NA,NA,NA,NA,0,4,1,NA,0
"7733",5,"M",2,"Hispanic","Middle",4,0,0,0,0,0,0,0,0,0,4,NA,FALSE,0
"7734",5,"M",2,"White","Middle",4,0,0,0,0,0,0,0,0,0,4,1,FALSE,0
"7735",5,"M",2,"White","Middle",4,0,0,0,0,0,0,0,0,0,4,1,FALSE,0
"7736",6,"F",2,"Hispanic","Middle",4,0,0,0,0,0,0,0,0,0,4,NA,FALSE,0
"7737",5,"F",2,"White","Middle",4,0,0,0,0,0,0,0,0,0,4,NA,FALSE,0
"7738",4,"F",2,"White","Middle",4,0,0,0,0,0,0,0,0,0,4,1,FALSE,0
"7739",7,"M",3,"White","Middle",3,0,0,0,0,0,0,0,0,1,1,NA,TRUE,1
"7740",7,"M",3,"White","Middle",4,0,0,0,0,0,0,0,0,0,1,NA,FALSE,1
"7741",6,"M",3,"White","Middle",3,1,1,0,0,0,0,0,0,0,1,NA,TRUE,1
"7742",6,"M",3,"White","Middle",3,0,0,0,0,0,0,0,0,0,3,NA,FALSE,0
"7743",6,"M",3,"White","Middle",4,0,0,0,NA,NA,NA,NA,NA,0,4,1,NA,0
"7744",5,"F",3,"White","Middle",4,0,0,0,0,0,0,0,0,0,4,NA,FALSE,0
"7745",6,"F",3,"White","Middle",4,0,0,0,0,0,0,0,0,0,4,1,FALSE,0
"7746",6,"F",3,"White","Middle",4,0,0,0,0,0,0,0,0,0,4,1,FALSE,0
"7747",6,"F",3,"White","Middle",4,0,0,0,0,0,0,0,0,0,4,1,FALSE,0
"7748",5,"F",3,"White","Middle",4,0,0,0,0,0,1,0,0,0,1,NA,TRUE,1
"7749",5,"F",3,"White","Middle",4,0,0,0,0,0,0,0,0,0,3,NA,FALSE,0
"7750",6,"M",3,"White","Middle",3,0,1,0,0,0,0,0,0,0,3,1,TRUE,0
"7751",6,"M",3,"White","Middle",3,0,0,0,0,0,1,0,0,1,1,NA,TRUE,1
"7752",6,"M",3,"White","Middle",3,0,0,0,0,0,0,0,0,0,1,1,FALSE,1
"7753",6,"M",3,"Black","Middle",3,0,0,0,0,0,0,0,0,0,2,NA,FALSE,1
"7754",6,"M",3,"White","Middle",3,0,0,0,0,0,0,0,0,1,2,1,TRUE,1
"7755",6,"F",3,"White","Middle",4,0,0,0,0,0,0,0,0,0,4,1,FALSE,0
"7756",5,"F",3,"White","Middle",4,0,0,0,0,0,0,0,0,0,4,NA,FALSE,0
"7757",6,"F",3,"White","Middle",3,0,0,0,0,0,1,0,0,1,1,1,TRUE,1
"7758",7,"M",3,"White","Middle",4,0,0,0,0,0,1,0,0,1,1,NA,TRUE,1
"7759",4,"M",1,"White","Middle",4,0,0,0,0,0,0,0,0,0,3,NA,FALSE,0
"7760",4,"M",1,"White","Middle",4,0,0,0,0,0,0,0,0,0,4,NA,FALSE,0
"7761",3,"F",1,"White","Middle",4,0,0,0,0,0,0,0,0,0,4,NA,FALSE,0
"7762",4,"F",1,"White","Middle",4,0,0,0,0,0,0,0,0,0,4,1,FALSE,0
"7763",4,"M",1,"White","Middle",4,0,0,0,0,0,0,0,0,0,4,1,FALSE,0
"7764",4,"M",1,"White","Middle",4,0,0,0,0,0,0,0,0,0,2,1,FALSE,1
"7765",4,"M",1,"Hispanic","Middle",4,0,0,0,0,0,0,0,0,0,4,1,FALSE,0
"7766",4,"M",1,"White","Middle",4,0,0,0,0,0,0,0,0,0,3,1,FALSE,0
"7767",3,"M",1,"White","Middle",4,0,0,0,0,0,0,0,0,0,4,1,FALSE,0
"7768",3,"M",1,"White","Middle",4,0,0,0,0,0,1,0,0,1,2,1,TRUE,1
"7769",4,"F",1,"White","Middle",4,0,0,0,0,0,0,0,0,0,4,1,FALSE,0
"7770",3,"M",1,"White","Middle",3,0,0,0,0,0,0,0,0,0,1,NA,FALSE,1
"7771",3,"F",1,"White","Middle",4,0,0,0,0,0,0,0,0,0,4,1,FALSE,0
"7772",4,"F",1,"White","Middle",3,0,0,0,0,0,0,0,0,0,1,NA,FALSE,1
"7773",4,"F",1,"White","Middle",4,0,0,0,0,0,0,0,0,0,4,1,FALSE,0
"7774",3,"F",1,"White","Middle",4,0,0,0,0,0,0,0,0,0,1,1,FALSE,1
"7775",3,"M",1,"White","Middle",4,0,0,0,0,0,0,0,0,0,4,1,FALSE,0
"7776",4,"M",1,"White","Middle",4,0,0,0,0,0,0,0,0,0,4,NA,FALSE,0
"7777",8,"M",5,"White","High",4,0,0,0,0,0,0,0,0,0,1,1,FALSE,1
"7778",8,"F",5,"White","High",4,0,0,0,0,0,1,0,0,1,3,NA,TRUE,0
"7779",8,"M",5,"White","High",4,0,0,0,0,0,0,0,0,0,3,1,FALSE,0
"7780",8,"M",5,"White","High",3,0,0,0,0,0,0,0,0,0,3,1,FALSE,0
"7781",8,"F",5,"White","High",4,0,0,0,0,0,0,0,0,1,1,NA,TRUE,1
"7782",7,"F",5,"White","High",3,0,0,0,0,0,0,0,0,0,2,NA,FALSE,1
"7783",8,"F",5,"White","High",4,0,0,0,0,0,0,0,0,0,4,1,FALSE,0
"7784",8,"M",5,"White","High",2,1,1,1,NA,NA,NA,NA,NA,1,1,NA,TRUE,1
"7785",8,"M",5,"Hispanic","High",4,0,1,0,0,0,0,0,0,1,1,1,TRUE,1
"7786",8,"F",5,"Hispanic","High",4,0,0,0,0,0,0,0,0,0,4,NA,FALSE,0
"7787",8,"F",5,"White","High",4,0,0,0,0,0,0,0,0,0,4,NA,FALSE,0
"7788",7,"M",5,"White","High",4,0,0,0,0,0,0,0,0,0,1,1,FALSE,1
"7789",7,"M",5,"White","High",4,0,0,0,0,0,0,0,0,0,4,NA,FALSE,0
"7790",8,"M",5,"White","High",4,0,0,0,0,0,0,0,0,0,2,NA,FALSE,1
"7791",7,"M",5,"White","High",4,0,0,0,0,0,0,0,0,0,4,NA,FALSE,0
"7792",9,"M",5,"White","High",4,0,0,0,0,0,0,0,0,0,4,1,FALSE,0
"7793",8,"F",5,"White","High",4,0,0,0,0,0,0,0,0,0,4,NA,FALSE,0
"7794",9,"M",5,"White","High",4,0,0,0,0,0,0,0,0,0,4,1,FALSE,0
"7795",8,"F",5,"White","High",4,0,0,0,0,0,0,0,0,0,2,NA,FALSE,1
"7796",8,"M",5,"Hispanic","High",1,1,1,0,0,0,1,0,0,1,1,NA,TRUE,1
"7797",8,"M",5,"White","High",1,0,0,1,0,0,0,0,0,1,1,1,TRUE,1
"7798",8,"M",5,"White","High",3,1,0,0,0,0,0,0,0,1,1,NA,TRUE,1
"7799",7,"M",5,"White","High",3,0,0,0,0,0,0,0,0,1,2,1,TRUE,1
"7800",8,"M",5,"White","High",3,1,0,1,0,1,0,0,0,1,1,1,TRUE,1
"7801",7,"M",5,"Hispanic","High",3,0,0,0,0,0,0,0,0,0,1,NA,FALSE,1
"7802",8,"M",5,"Black","High",4,0,0,0,0,0,0,0,0,1,1,1,TRUE,1
"7803",7,"M",5,NA,"High",1,1,1,1,0,0,1,1,0,1,1,1,TRUE,1
"7804",8,"M",5,"White","High",2,1,0,0,0,0,1,0,0,1,1,NA,TRUE,1
"7805",8,"F",5,"White","High",3,0,0,0,0,0,1,0,0,0,3,NA,TRUE,0
"7806",8,"M",5,"White","High",4,0,NA,0,0,0,0,0,0,0,4,1,NA,0
"7807",8,"M",5,"White","High",4,0,0,0,0,0,0,0,0,0,4,NA,FALSE,0
"7808",8,"M",5,"White","High",4,0,0,0,0,0,0,0,0,0,4,1,FALSE,0
"7809",8,"M",5,"White","High",3,0,0,0,0,0,0,0,0,0,2,1,FALSE,1
"7810",8,"M",5,"Hispanic","High",4,0,0,0,0,0,0,0,0,0,4,1,FALSE,0
"7811",8,"M",5,"White","High",3,0,0,0,0,0,0,0,0,0,1,1,FALSE,1
"7812",9,"M",6,"Hispanic","High",4,0,0,0,0,0,0,0,0,0,2,1,FALSE,1
"7813",10,"M",6,"AI/AN","High",4,0,0,0,0,0,0,0,0,0,4,NA,FALSE,0
"7814",8,"M",6,"Black","High",4,0,0,0,0,0,0,0,0,0,3,NA,FALSE,0
"7815",9,"M",6,"White","High",4,0,0,0,0,0,0,0,0,0,4,1,FALSE,0
"7816",9,"M",6,"Hispanic","High",4,0,0,0,0,0,0,0,0,0,4,1,FALSE,0
"7817",9,"F",6,"White","High",1,1,1,0,0,0,1,0,0,0,1,1,TRUE,1
"7818",8,"F",6,"White","High",4,0,0,0,0,0,0,0,0,0,4,1,FALSE,0
"7819",8,"F",6,"White","High",2,1,0,0,0,0,1,0,0,1,1,1,TRUE,1
"7820",8,"F",6,"White","High",4,0,0,0,0,0,0,0,0,0,4,NA,FALSE,0
"7821",9,"M",6,"White","High",1,0,0,0,0,0,0,0,0,1,1,NA,TRUE,1
"7822",9,"M",6,"White","High",3,0,0,0,0,0,0,0,0,0,4,1,FALSE,0
"7823",9,"F",6,"White","High",4,0,0,0,0,0,0,0,0,0,4,1,FALSE,0
"7824",9,"M",6,"Hispanic","High",1,0,1,0,0,0,0,0,0,1,2,NA,TRUE,1
"7825",9,"F",6,"White","High",4,0,0,0,0,0,0,0,0,0,2,1,FALSE,1
"7826",9,"M",6,"Hispanic","High",4,0,0,0,0,0,1,0,0,0,2,NA,TRUE,1
"7827",9,"F",6,"White","High",3,1,0,0,0,0,0,0,0,1,2,NA,TRUE,1
"7828",8,"F",6,"Black","High",4,0,0,0,0,0,1,0,0,0,2,NA,TRUE,1
"7829",9,"M",6,"White","High",3,0,0,0,0,0,0,0,0,0,2,1,FALSE,1
"7830",10,"M",6,"White","High",3,0,0,0,0,0,0,0,0,1,1,1,TRUE,1
"7831",8,"M",6,"White","High",4,0,0,0,0,0,0,0,0,1,3,NA,TRUE,0
"7832",9,"M",6,"White","High",2,0,NA,1,0,0,0,0,0,1,2,NA,TRUE,1
"7833",9,"M",6,"White","High",3,0,0,0,0,0,0,0,0,0,4,NA,FALSE,0
"7834",9,"F",6,"White","High",3,0,0,0,0,0,0,0,0,0,3,NA,FALSE,0
"7835",8,"M",6,"White","High",3,0,0,0,0,0,0,0,0,0,4,NA,FALSE,0
"7836",9,"M",6,NA,"High",4,1,0,0,0,0,1,0,0,1,1,NA,TRUE,1
"7837",8,"F",6,"White","High",3,0,0,0,NA,NA,NA,NA,NA,0,1,1,NA,1
"7838",9,"F",6,"White","High",4,0,0,0,0,0,0,0,0,0,3,NA,FALSE,0
"7839",9,"M",6,"White","High",4,0,0,0,0,0,0,0,0,0,4,NA,FALSE,0
"7840",9,"M",6,"White","High",4,0,0,0,0,0,0,0,0,0,4,1,FALSE,0
"7841",8,"F",6,"White","High",2,0,0,0,0,0,0,0,0,0,4,NA,FALSE,0
"7842",9,"F",6,"White","High",4,0,0,0,0,0,0,0,0,0,4,1,FALSE,0
"7843",9,"M",6,"White","High",2,0,0,0,0,0,0,0,0,0,4,1,FALSE,0
"7844",8,"F",6,"White","High",2,0,0,0,0,0,0,0,0,1,1,1,TRUE,1
"7845",9,"M",6,"White","High",4,0,0,0,0,0,0,0,0,0,3,NA,FALSE,0
"7846",8,"F",6,"White","High",1,0,1,0,0,0,0,0,0,1,1,NA,TRUE,1
"7847",9,"F",6,"White","High",4,0,0,0,0,0,0,0,0,0,4,1,FALSE,0
"7848",9,"F",6,"White","High",4,1,0,0,0,0,0,0,0,0,2,NA,TRUE,1
"7849",8,"F",6,"White","High",4,0,0,0,0,0,0,0,0,0,4,NA,FALSE,0
"7850",9,"M",6,"White","High",4,0,0,0,0,0,0,0,0,0,3,NA,FALSE,0
"7851",9,"M",6,"White","High",4,0,0,0,0,0,0,0,0,0,2,NA,FALSE,1
"7852",9,"M",6,"Asian","High",3,0,0,0,0,0,1,0,0,1,1,1,TRUE,1
"7853",9,NA,6,"White","High",3,0,0,0,0,0,0,0,0,0,2,NA,FALSE,1
"7854",8,"F",6,"White","High",4,0,0,0,0,0,0,0,0,0,4,1,FALSE,0
"7855",9,"F",6,"White","High",4,0,0,0,0,0,0,0,0,0,4,NA,FALSE,0
"7856",8,"F",6,"White","High",4,0,0,0,0,0,0,0,0,0,4,NA,FALSE,0
"7857",8,"F",6,"White","High",4,0,0,0,0,0,0,0,0,0,3,1,FALSE,0
"7858",9,"F",6,"White","High",4,0,0,0,0,0,0,0,0,0,2,1,FALSE,1
"7859",9,"F",6,"White","High",1,0,0,0,0,0,0,0,0,1,1,NA,TRUE,1
"7860",9,"F",6,"White","High",3,0,0,0,0,0,1,0,0,0,3,NA,TRUE,0
"7861",9,"F",6,"White","High",4,0,0,1,0,0,0,0,0,1,3,1,TRUE,0
"7862",9,"F",6,"Hispanic","High",2,0,NA,0,0,0,0,0,0,0,3,NA,NA,0
"7863",9,"M",7,"White","High",1,0,0,0,0,0,0,0,0,0,4,1,FALSE,0
"7864",9,"M",7,"White","High",2,0,0,0,0,0,1,0,0,1,1,NA,TRUE,1
"7865",9,"M",7,"White","High",4,1,0,0,0,0,0,0,0,0,4,1,TRUE,0
"7866",10,"F",7,"White","High",3,0,0,0,0,0,1,0,0,1,1,NA,TRUE,1
"7867",10,"M",7,"White","High",1,1,0,0,0,0,0,0,0,0,3,NA,TRUE,0
"7868",9,"M",7,"White","High",3,0,0,0,0,0,0,0,0,0,1,1,FALSE,1
"7869",10,"M",7,"White","High",2,0,0,0,1,0,0,0,0,0,1,1,TRUE,1
"7870",10,"M",7,"White","High",3,0,0,0,0,0,0,0,0,0,1,NA,FALSE,1
"7871",10,"M",7,"White","High",4,0,0,0,0,0,0,0,0,0,3,NA,FALSE,0
"7872",10,"M",7,"White","High",3,0,1,0,0,0,1,0,0,1,1,NA,TRUE,1
"7873",10,"M",7,"White","High",2,0,1,0,0,0,0,0,0,1,1,NA,TRUE,1
"7874",9,"M",7,"Hispanic","High",3,0,0,0,0,0,0,0,0,0,2,1,FALSE,1
"7875",9,"M",7,"White","High",2,1,1,0,0,0,0,0,0,0,2,1,TRUE,1
"7876",9,"M",7,"White","High",1,0,1,0,0,0,0,0,0,0,2,NA,TRUE,1
"7877",10,"M",7,"White","High",2,NA,1,0,0,0,0,0,0,NA,2,1,TRUE,1
"7878",10,"M",7,"White","High",2,0,1,0,0,0,0,0,0,1,1,1,TRUE,1
"7879",10,"M",7,"White","High",4,0,0,0,0,0,0,0,0,0,4,1,FALSE,0
"7880",10,"M",7,"White","High",2,0,0,0,0,0,0,0,0,0,4,1,FALSE,0
"7881",9,"M",7,"White","High",4,0,0,0,0,0,0,0,0,0,4,1,FALSE,0
"7882",10,"M",7,"White","High",4,0,0,0,0,0,0,0,0,0,4,NA,FALSE,0
"7883",10,"M",7,"White","High",3,0,0,0,0,0,0,0,0,0,4,1,FALSE,0
"7884",10,"F",7,"Hispanic","High",4,0,0,0,0,0,0,0,0,0,4,1,FALSE,0
"7885",9,"M",7,"White","High",3,0,1,0,NA,NA,NA,NA,NA,0,2,1,TRUE,1
"7886",10,"F",7,"White","High",4,0,0,0,0,0,0,0,0,0,4,1,FALSE,0
"7887",10,"M",7,"White","High",1,1,1,1,0,0,0,0,0,1,1,NA,TRUE,1
"7888",10,"F",7,"White","High",3,NA,0,0,0,0,0,0,0,1,1,1,TRUE,1
"7889",10,"M",7,"Hispanic","High",3,0,0,0,0,0,0,0,0,1,2,NA,TRUE,1
"7890",10,"M",7,"White","High",3,1,NA,0,0,0,0,0,0,1,1,NA,TRUE,1
"7891",9,"F",7,"White","High",4,0,0,0,0,0,0,0,0,0,2,NA,FALSE,1
"7892",10,"F",7,"White","High",3,0,0,0,0,0,0,0,0,0,4,1,FALSE,0
"7893",9,"M",7,"White","High",4,0,0,0,0,0,0,0,0,0,4,NA,FALSE,0
"7894",10,"M",7,"White","High",4,0,0,0,0,0,0,0,0,0,4,1,FALSE,0
"7895",10,"M",7,"AI/AN","High",1,0,1,0,0,0,0,0,0,1,1,NA,TRUE,1
"7896",10,"M",7,"White","High",2,0,0,0,NA,NA,NA,NA,NA,0,1,NA,NA,1
"7897",10,"M",7,"White","High",3,0,0,NA,0,0,0,0,0,0,2,1,NA,1
"7898",9,"M",7,"White","High",2,1,1,0,0,0,0,0,0,1,1,NA,TRUE,1
"7899",10,"M",7,"White","High",1,0,1,0,0,0,0,0,0,1,1,NA,TRUE,1
"7900",6,"F",4,"White","High",4,0,0,0,0,0,0,0,0,0,4,1,FALSE,0
"7901",7,"M",4,"White","High",4,0,0,0,0,0,0,0,0,0,4,NA,FALSE,0
"7902",8,"F",4,"White","High",4,0,0,0,0,0,0,0,0,0,4,1,FALSE,0
"7903",6,"F",4,"Hispanic","High",3,0,0,0,0,0,0,0,0,0,2,1,FALSE,1
"7904",7,"F",4,"White","High",4,0,0,0,0,0,0,0,0,0,4,NA,FALSE,0
"7905",7,"F",4,"White","High",2,1,1,0,0,0,0,0,0,0,1,NA,TRUE,1
"7906",6,"M",4,"White","High",3,0,0,0,0,0,0,0,0,0,2,NA,FALSE,1
"7907",7,"M",4,"White","High",4,0,0,0,0,0,0,0,0,0,4,1,FALSE,0
"7908",6,"F",4,"White","High",4,0,0,0,0,0,0,0,0,0,2,NA,FALSE,1
"7909",7,"M",4,"White","High",4,0,0,0,0,0,0,0,0,0,4,1,FALSE,0
"7910",7,"F",4,"White","High",3,1,NA,1,0,0,1,0,0,1,1,NA,TRUE,1
"7911",7,"F",4,"White","High",4,0,0,0,0,0,0,0,0,0,4,1,FALSE,0
"7912",7,"M",4,"White","High",3,0,0,0,0,0,0,0,0,0,1,NA,FALSE,1
"7913",7,"F",4,"White","High",3,0,0,0,0,0,0,0,0,0,1,NA,FALSE,1
"7914",6,"F",4,"White","High",3,0,0,0,0,0,1,0,0,1,1,NA,TRUE,1
"7915",8,"M",4,"White","High",3,0,0,0,0,0,0,0,0,1,1,1,TRUE,1
"7916",6,"F",4,"Black","High",4,0,0,0,0,0,0,0,0,0,4,1,FALSE,0
"7917",6,"M",4,"White","High",1,1,0,0,0,0,1,0,0,1,1,1,TRUE,1
"7918",6,"F",4,"White","High",4,0,0,0,0,0,0,0,0,0,2,NA,FALSE,1
"7919",7,"F",4,"White","High",4,0,0,0,0,0,0,0,0,0,3,1,FALSE,0
"7920",7,"M",4,"White","High",2,0,NA,1,0,0,0,0,0,1,2,1,TRUE,1
"7921",7,"F",4,"White","High",4,0,0,0,0,0,0,0,0,0,4,1,FALSE,0
"7922",7,"M",4,"Hispanic","High",2,0,0,0,0,0,0,0,0,1,1,NA,TRUE,1
"7923",7,"F",4,"Hispanic","High",3,0,0,0,1,0,1,0,0,1,1,NA,TRUE,1
"7924",7,"M",4,"White","High",1,0,1,1,1,0,1,0,0,1,1,NA,TRUE,1
"7925",7,"M",4,"White","High",4,0,0,0,0,0,0,0,0,0,3,1,FALSE,0
"7926",6,"M",4,"White","High",2,0,0,0,0,0,0,0,0,1,1,1,TRUE,1
"7927",7,"F",4,"White","High",3,0,0,1,0,0,1,0,0,1,1,NA,TRUE,1
"7928",7,"M",4,"White","High",4,0,0,0,0,0,0,0,0,1,2,NA,TRUE,1
"7929",7,"M",4,"White","High",4,0,0,0,0,0,0,0,0,0,4,1,FALSE,0
"7930",7,"M",4,"White","High",4,0,0,0,0,0,0,0,0,0,4,1,FALSE,0
"7931",6,"F",4,"White","High",NA,1,0,0,0,0,0,0,0,1,1,NA,TRUE,1
"7932",6,"M",4,"Hispanic","High",4,0,0,0,0,0,0,0,0,0,1,NA,FALSE,1
"7933",7,"F",4,"White","High",4,0,0,0,0,0,1,0,0,1,2,1,TRUE,1
"7934",7,"M",4,"White","High",3,0,0,0,0,0,0,0,0,0,1,NA,FALSE,1
"7935",6,"F",4,"White","High",4,0,0,0,0,0,0,0,0,0,4,1,FALSE,0
"7936",4,"M",2,"White","Middle",4,0,0,0,0,0,0,0,0,0,4,1,FALSE,0
"7937",4,"M",2,"White","Middle",4,0,0,0,0,0,0,0,0,0,4,1,FALSE,0
"7938",5,"F",2,"White","Middle",4,0,0,0,0,0,0,0,0,0,4,NA,FALSE,0
"7939",5,"F",2,"White","Middle",4,0,0,0,0,0,0,0,0,0,4,NA,FALSE,0
"7940",4,"M",2,"White","Middle",4,0,0,0,0,0,0,0,0,0,4,1,FALSE,0
"7941",4,"F",2,"White","Middle",4,0,0,0,0,0,0,0,0,0,4,1,FALSE,0
"7942",4,"F",2,"White","Middle",4,0,0,0,0,0,0,0,0,0,4,1,FALSE,0
"7943",4,"F",1,"White","Middle",4,0,0,0,0,0,0,0,0,0,4,1,FALSE,0
"7944",4,"F",1,"White","Middle",4,0,0,0,0,0,0,0,0,0,4,NA,FALSE,0
"7945",3,"M",1,"White","Middle",4,0,0,0,0,0,0,0,0,0,4,1,FALSE,0
"7946",4,"M",1,"White","Middle",4,0,0,0,0,0,0,0,0,0,4,1,FALSE,0
"7947",4,"M",1,"White","Middle",4,0,0,0,0,0,0,0,0,0,4,1,FALSE,0
"7948",4,"M",1,"White","Middle",4,0,0,0,0,0,0,0,0,0,4,1,FALSE,0
"7949",3,"F",1,"White","Middle",4,0,0,0,NA,NA,NA,NA,NA,0,4,1,NA,0
"7950",3,"F",1,"White","Middle",4,0,0,0,0,0,0,0,0,0,4,NA,FALSE,0
"7951",4,"M",1,"White","Middle",4,0,0,0,0,0,0,0,0,0,4,1,FALSE,0
"7952",4,"F",1,"White","Middle",4,0,0,0,0,0,0,0,0,0,4,NA,FALSE,0
"7953",4,"F",1,"White","Middle",4,0,0,0,0,0,0,0,0,0,4,1,FALSE,0
"7954",6,"F",3,"White","Middle",4,0,0,0,0,0,0,0,0,0,4,NA,FALSE,0
"7955",6,"F",3,"White","Middle",4,0,0,0,0,0,0,0,0,0,4,1,FALSE,0
"7956",5,"F",3,"White","Middle",4,0,0,0,0,0,0,0,0,0,4,NA,FALSE,0
"7957",6,"M",3,"Hispanic","Middle",4,0,0,0,0,0,0,0,0,0,2,NA,FALSE,1
"7958",7,"F",3,"White","Middle",4,0,0,0,0,0,0,0,0,0,3,NA,FALSE,0
"7959",5,"M",3,"White","Middle",4,0,0,0,0,0,0,0,0,0,4,NA,FALSE,0
"7960",6,"F",3,"White","Middle",4,0,0,0,0,0,0,0,0,0,4,1,FALSE,0
"7961",6,"F",3,"White","Middle",4,0,0,0,0,0,0,0,0,0,4,1,FALSE,0
"7962",5,"F",3,"White","Middle",4,0,0,0,0,0,0,0,0,0,4,1,FALSE,0
"7963",4,"M",2,NA,"Middle",4,0,0,0,0,0,0,0,0,0,4,1,FALSE,0
"7964",5,"M",2,"White","Middle",4,0,0,0,0,0,0,0,0,0,4,1,FALSE,0
"7965",7,"F",4,"White","High",4,0,0,0,0,0,0,0,0,0,4,1,FALSE,0
"7966",7,"F",4,"White","High",3,0,0,0,0,0,0,0,0,0,1,NA,FALSE,1
"7967",7,"M",4,"White","High",4,0,0,0,0,0,0,0,0,0,3,NA,FALSE,0
"7968",7,"M",4,"White","High",4,0,0,0,0,0,0,0,0,0,4,1,FALSE,0
"7969",7,"F",4,"White","High",4,0,0,0,0,0,0,0,0,0,4,1,FALSE,0
"7970",6,"M",4,"Hispanic","High",4,0,0,0,0,0,0,0,0,0,2,NA,FALSE,1
"7971",6,"M",4,"White","High",4,0,0,0,0,0,0,0,0,0,4,1,FALSE,0
"7972",6,"M",4,"White","High",4,0,0,0,0,0,0,0,0,0,4,1,FALSE,0
"7973",6,"F",4,"White","High",4,0,0,0,0,0,0,0,0,0,4,1,FALSE,0
"7974",6,"M",4,"NHOPI","High",4,0,0,0,0,0,0,0,0,0,4,1,FALSE,0
"7975",7,"M",4,"White","High",4,0,0,0,0,0,0,0,0,0,4,1,FALSE,0
"7976",7,"F",4,"White","High",4,1,0,1,0,0,1,0,0,1,1,NA,TRUE,1
"7977",6,"M",4,"White","High",4,0,0,0,0,0,0,0,0,1,2,1,TRUE,1
"7978",6,"F",4,"White","High",4,0,0,0,0,0,0,0,0,0,3,NA,FALSE,0
"7979",6,"F",4,"White","High",3,0,0,0,0,0,0,0,0,0,4,1,FALSE,0
"7980",7,"F",4,"White","High",3,0,0,0,0,0,0,0,0,0,2,1,FALSE,1
"7981",7,"M",4,"White","High",2,0,1,1,0,0,1,0,0,1,2,NA,TRUE,1
"7982",7,"F",4,"Hispanic","High",3,1,0,1,0,0,0,0,0,1,1,NA,TRUE,1
"7983",7,"M",4,"Hispanic","High",4,0,0,0,0,0,0,0,0,0,4,NA,FALSE,0
"7984",7,"F",4,"White","High",4,0,0,0,0,0,0,0,0,0,4,1,FALSE,0
"7985",7,"F",5,"White","High",3,1,0,0,0,0,0,0,0,1,1,NA,TRUE,1
"7986",8,"M",5,"White","High",4,0,0,0,0,0,0,0,0,0,2,NA,FALSE,1
"7987",8,"M",5,"White","High",2,0,0,0,0,0,0,0,0,0,4,NA,FALSE,0
"7988",8,"F",5,"White","High",4,0,0,0,0,0,0,0,0,0,4,1,FALSE,0
"7989",7,"M",5,"White","High",3,0,1,0,0,0,0,0,0,0,1,NA,TRUE,1
"7990",10,"M",5,"Hispanic","High",4,0,0,0,0,0,0,1,0,0,2,1,TRUE,1
"7991",8,"F",5,"Black","High",3,0,0,0,0,0,0,0,0,0,2,1,FALSE,1
"7992",8,"M",5,"AI/AN","High",3,0,0,0,0,0,1,0,0,1,1,NA,TRUE,1
"7993",10,"F",7,"White","High",3,1,0,0,0,0,0,0,0,1,1,NA,TRUE,1
"7994",7,"M",5,"White","High",4,0,0,0,0,0,0,0,0,0,1,NA,FALSE,1
"7995",8,"M",5,"White","High",3,0,0,0,0,0,1,0,0,1,1,NA,TRUE,1
"7996",8,"M",5,"White","High",1,1,1,0,0,0,1,0,0,1,1,1,TRUE,1
"7997",7,"M",5,"White","High",4,0,0,0,0,0,0,0,0,0,4,1,FALSE,0
"7998",7,"M",5,"Hispanic","High",4,0,0,0,0,0,0,0,0,1,1,NA,TRUE,1
"7999",9,"M",6,"White","High",3,0,0,0,0,0,1,0,0,1,1,NA,TRUE,1
"8000",7,"M",5,"White","High",4,0,0,0,0,0,0,0,0,0,4,NA,FALSE,0
"8001",9,"M",6,"White","High",3,0,0,0,0,0,0,0,0,0,4,1,FALSE,0
"8002",7,"M",5,"White","High",3,0,0,0,0,0,0,0,0,0,1,NA,FALSE,1
"8003",8,"F",5,"White","High",3,0,0,0,0,1,1,0,0,0,1,NA,TRUE,1
"8004",8,"M",6,"White","High",4,0,0,0,0,0,1,0,0,1,1,NA,TRUE,1
"8005",8,"F",6,"White","High",2,0,1,0,0,0,0,0,0,0,2,1,TRUE,1
"8006",9,"M",6,"White","High",3,0,0,0,0,0,0,0,0,0,4,NA,FALSE,0
"8007",9,"F",6,"White","High",4,0,0,0,0,0,0,0,0,0,1,1,FALSE,1
"8008",8,"F",6,"White","High",4,0,0,0,0,0,0,0,0,0,4,1,FALSE,0
"8009",8,"F",6,"Black","High",4,0,0,0,0,0,0,0,0,0,4,1,FALSE,0
"8010",9,"M",6,"White","High",1,1,1,0,0,0,1,0,0,1,1,1,TRUE,1
"8011",8,"M",6,"White","High",3,0,0,0,0,0,0,0,0,0,2,1,FALSE,1
"8012",9,"M",6,"White","High",3,0,0,0,0,0,0,0,0,0,1,1,FALSE,1
"8013",9,"M",6,"Hispanic","High",4,0,0,0,0,0,0,0,0,0,3,1,FALSE,0
"8014",8,"M",6,"White","High",3,0,0,0,0,0,0,0,0,0,3,NA,FALSE,0
"8015",9,"F",6,"Hispanic","High",4,0,0,0,0,0,0,0,0,0,4,1,FALSE,0
"8016",9,"F",6,"Black","High",4,0,0,0,0,0,0,0,0,0,1,NA,FALSE,1
"8017",9,"M",6,"White","High",4,0,0,0,0,0,0,0,0,0,4,NA,FALSE,0
"8018",9,"F",6,"White","High",4,0,0,0,0,0,0,0,0,0,2,NA,FALSE,1
"8019",8,"M",6,"White","High",4,0,0,0,0,0,0,0,0,0,4,1,FALSE,0
"8020",9,"M",6,"White","High",3,0,0,0,0,0,0,0,0,0,3,1,FALSE,0
"8021",9,"M",6,"White","High",2,1,1,0,0,0,1,0,0,0,1,1,TRUE,1
"8022",9,"M",6,"White","High",4,0,0,0,NA,NA,NA,NA,NA,0,4,NA,NA,0
"8023",9,"M",6,NA,"High",4,0,0,0,0,0,0,0,0,0,3,1,FALSE,0
"8024",9,"M",6,"Hispanic","High",1,0,1,0,0,0,0,0,0,0,1,NA,TRUE,1
"8025",8,"M",6,"White","High",4,0,0,0,0,0,0,0,0,0,1,1,FALSE,1
"8026",9,"M",6,"White","High",4,0,0,0,0,0,0,0,0,0,4,1,FALSE,0
"8027",9,"M",6,"White","High",1,0,0,0,0,0,0,0,0,0,2,NA,FALSE,1
"8028",10,"M",7,"White","High",4,0,0,0,0,0,0,0,0,0,4,1,FALSE,0
"8029",9,"F",7,"White","High",4,0,0,0,0,0,0,0,0,0,3,1,FALSE,0
"8030",10,"F",7,"White","High",4,0,0,0,0,0,0,0,0,0,4,1,FALSE,0
"8031",10,"M",7,"White","High",4,0,NA,NA,NA,NA,NA,NA,NA,NA,3,NA,NA,0
"8032",9,"M",7,"White","High",4,0,0,0,0,0,0,0,0,0,4,1,FALSE,0
"8033",10,"M",7,"White","High",3,0,0,0,0,0,0,0,0,0,2,1,FALSE,1
"8034",9,"F",7,"White","High",4,0,0,0,0,0,0,0,0,0,2,NA,FALSE,1
"8035",9,"M",7,"White","High",2,0,0,0,0,0,0,0,0,0,4,1,FALSE,0
"8036",10,"F",7,"White","High",4,0,0,0,0,0,0,0,0,1,2,NA,TRUE,1
"8037",10,"F",7,"White","High",3,0,0,0,0,0,0,0,0,0,4,NA,FALSE,0
"8038",9,"M",7,"White","High",4,0,0,0,0,0,0,0,0,0,2,1,FALSE,1
"8039",10,"M",7,"White","High",2,0,0,0,0,0,1,0,0,1,2,1,TRUE,1
"8040",10,"M",7,"White","High",3,0,0,0,0,0,0,0,0,0,4,NA,FALSE,0
"8041",10,"M",7,"White","High",4,0,0,0,0,0,0,0,0,0,4,1,FALSE,0
"8042",9,"M",7,"White","High",2,0,0,0,0,0,0,0,0,1,1,NA,TRUE,1
"8043",9,"M",7,"White","High",3,0,NA,0,0,0,0,0,0,0,4,1,NA,0
"8044",10,"M",7,"White","High",4,0,0,0,0,0,0,0,0,0,4,1,FALSE,0
"8045",9,"M",7,"White","High",4,0,0,0,0,0,0,0,0,0,4,1,FALSE,0
"8046",10,"M",7,"White","High",4,0,0,0,0,0,0,0,0,0,4,NA,FALSE,0
"8047",10,"M",7,"White","High",2,0,1,1,0,0,0,0,0,1,1,NA,TRUE,1
"8048",9,"F",7,"White","High",3,0,0,0,0,0,0,0,0,0,2,NA,FALSE,1
"8049",9,"F",7,"White","High",3,0,0,0,0,0,0,0,0,0,1,NA,FALSE,1
"8050",10,"F",7,"White","High",4,0,0,0,0,0,0,0,0,0,4,1,FALSE,0
"8051",10,"F",7,"White","High",4,0,0,0,0,0,0,0,0,0,4,NA,FALSE,0
"8052",9,"M",6,"White","High",4,0,0,0,0,0,0,0,0,0,4,1,FALSE,0
"8053",8,"M",6,"White","High",4,0,0,0,0,0,0,0,0,0,4,1,FALSE,0
"8054",6,"M",4,"White","High",3,0,0,0,0,0,0,0,0,0,4,1,FALSE,0
"8055",6,"M",4,"White","High",4,0,0,0,0,0,0,0,0,0,4,1,FALSE,0
"8056",8,"M",5,"Asian","High",3,0,0,0,0,0,0,0,0,0,3,1,FALSE,0
"8057",7,"F",4,"White","High",4,0,0,0,0,0,0,0,0,1,1,NA,TRUE,1
"8058",6,"M",4,"White","High",4,0,0,0,0,0,0,0,0,0,4,1,FALSE,0
"8059",7,"M",4,"White","High",4,0,0,0,0,0,0,0,0,0,4,NA,FALSE,0
"8060",7,"M",4,"White","High",4,0,0,0,0,0,0,0,0,0,4,1,FALSE,0
"8061",7,"F",4,"White","High",3,0,0,0,0,0,0,0,0,0,1,1,FALSE,1
"8062",7,"M",4,"White","High",4,0,0,0,0,0,0,0,0,0,4,1,FALSE,0
"8063",6,"F",4,"White","High",4,0,0,0,0,0,0,0,0,0,4,NA,FALSE,0
"8064",NA,NA,NA,NA,NA,NA,NA,NA,NA,NA,NA,NA,NA,NA,NA,NA,NA,NA,NA
"8065",7,"F",4,"White","High",4,0,0,0,0,0,0,0,0,0,4,1,FALSE,0
"8066",8,"M",4,"Hispanic","High",3,0,0,0,0,0,0,0,0,0,3,1,FALSE,0
"8067",6,"F",4,"White","High",3,0,0,0,0,0,0,0,0,0,4,NA,FALSE,0
"8068",7,"F",4,"White","High",3,0,0,0,0,0,0,0,0,0,4,1,FALSE,0
"8069",6,"F",4,"White","High",4,0,0,0,0,0,0,0,0,0,4,1,FALSE,0
"8070",7,"F",4,"White","High",4,0,0,0,0,0,0,0,0,0,1,NA,FALSE,1
"8071",7,"F",4,"White","High",4,0,0,0,0,0,0,0,0,0,4,NA,FALSE,0
"8072",8,"M",5,"Asian","High",4,0,0,0,0,0,0,0,0,0,4,NA,FALSE,0
"8073",7,"F",4,"White","High",4,0,0,0,0,0,0,0,0,0,2,1,FALSE,1
"8074",7,"M",4,"White","High",4,0,0,0,0,0,0,0,0,0,4,NA,FALSE,0
"8075",9,"F",4,"Asian","High",4,0,0,0,0,0,0,0,0,0,4,1,FALSE,0
"8076",7,"M",4,"White","High",4,0,0,0,0,0,0,0,0,0,4,1,FALSE,0
"8077",8,"M",5,"White","High",3,0,0,0,0,0,0,0,0,0,4,1,FALSE,0
"8078",8,"M",5,"White","High",2,0,0,0,0,0,0,0,0,1,3,1,TRUE,0
"8079",8,"M",5,"White","High",4,0,0,0,0,0,0,0,0,0,3,1,FALSE,0
"8080",8,"F",5,"White","High",4,0,0,0,0,0,0,0,0,0,4,1,FALSE,0
"8081",7,"M",5,"White","High",4,0,0,0,0,0,0,0,0,0,4,1,FALSE,0
"8082",7,"M",5,"White","High",4,0,0,0,0,0,0,0,0,0,4,1,FALSE,0
"8083",8,"M",5,"White","High",3,0,0,0,0,0,0,0,0,0,4,1,FALSE,0
"8084",7,"M",5,"White","High",4,0,0,0,0,0,0,0,0,0,4,1,FALSE,0
"8085",8,"F",5,"Black","High",4,0,0,0,0,0,0,0,0,0,4,1,FALSE,0
"8086",9,"F",5,"Asian","High",4,0,0,0,0,0,0,0,0,0,4,1,FALSE,0
"8087",8,"F",5,NA,"High",3,0,0,0,0,0,0,0,0,0,2,1,FALSE,1
"8088",7,"M",5,"White","High",3,0,0,0,0,0,0,0,0,0,2,1,FALSE,1
"8089",9,"M",5,"Asian","High",4,0,0,0,0,0,0,0,0,0,4,NA,FALSE,0
"8090",7,"F",5,"White","High",4,0,0,0,0,0,0,0,0,0,3,NA,FALSE,0
"8091",8,"M",5,"White","High",3,0,0,0,0,0,0,0,0,0,2,NA,FALSE,1
"8092",7,"F",5,"White","High",2,0,0,0,0,0,0,0,0,0,1,1,FALSE,1
"8093",7,"F",5,"White","High",4,0,0,0,0,0,0,0,0,0,4,1,FALSE,0
"8094",8,"F",5,"White","High",3,0,0,0,0,0,0,0,0,0,4,NA,FALSE,0
"8095",9,"M",5,"Asian","High",4,0,0,0,0,0,0,0,0,0,4,NA,FALSE,0
"8096",7,"F",5,"White","High",3,0,0,0,0,0,0,0,0,0,4,1,FALSE,0
"8097",8,"M",5,"White","High",4,0,0,0,0,0,0,0,0,0,4,1,FALSE,0
"8098",8,"M",5,"White","High",3,0,0,0,0,0,0,0,0,0,3,1,FALSE,0
"8099",8,"M",5,"White","High",4,0,0,0,0,0,0,0,0,0,4,1,FALSE,0
"8100",7,"M",4,"Black","High",3,0,0,0,0,0,0,0,0,0,3,1,FALSE,0
"8101",7,"F",5,"White","High",2,0,0,0,0,0,0,0,0,0,1,NA,FALSE,1
"8102",9,"M",6,"White","High",3,0,0,0,0,0,1,0,0,1,1,1,TRUE,1
"8103",9,"F",6,"White","High",3,0,0,0,0,0,0,0,0,0,1,1,FALSE,1
"8104",9,"F",6,"White","High",4,0,0,0,0,0,0,0,0,0,4,1,FALSE,0
"8105",9,"F",6,"White","High",4,0,0,0,0,0,0,0,0,0,4,1,FALSE,0
"8106",9,"M",6,"White","High",1,0,1,1,0,0,0,0,0,1,1,1,TRUE,1
"8107",9,"F",6,"White","High",4,0,0,0,0,0,0,0,0,0,1,1,FALSE,1
"8108",9,"F",6,"White","High",3,0,0,0,0,0,0,0,0,0,3,NA,FALSE,0
"8109",9,"M",6,"White","High",4,0,0,0,0,0,0,0,0,0,4,1,FALSE,0
"8110",8,"F",6,"White","High",4,0,0,0,0,0,0,0,0,1,1,NA,TRUE,1
"8111",9,"M",6,"White","High",3,0,0,0,0,0,0,0,0,1,1,1,TRUE,1
"8112",8,"M",6,"White","High",2,0,0,1,0,0,0,0,0,1,1,NA,TRUE,1
"8113",9,"M",6,"Black","High",3,0,0,0,0,0,0,0,0,0,2,NA,FALSE,1
"8114",9,"M",6,"White","High",1,0,1,1,0,0,1,0,0,1,1,NA,TRUE,1
"8115",9,"F",6,"White","High",4,0,0,0,0,0,0,0,0,0,4,1,FALSE,0
"8116",10,"M",7,"White","High",4,0,0,0,0,0,0,0,0,0,4,1,FALSE,0
"8117",9,"M",7,"Hispanic","High",2,0,0,0,0,0,0,0,0,0,1,NA,FALSE,1
"8118",9,"M",7,"Asian","High",4,0,0,0,0,0,0,0,0,0,4,1,FALSE,0
"8119",10,"M",7,"NHOPI","High",1,1,1,NA,0,0,0,0,0,0,4,NA,TRUE,0
"8120",10,"M",7,"White","High",1,0,1,1,NA,NA,NA,NA,NA,1,1,NA,TRUE,1
"8121",10,"F",7,"White","High",3,0,0,0,0,0,0,0,0,0,4,1,FALSE,0
"8122",9,"F",7,"White","High",2,1,0,0,0,0,0,0,0,1,1,NA,TRUE,1
"8123",10,"F",7,"White","High",3,0,0,0,0,0,0,0,0,0,3,1,FALSE,0
"8124",9,"F",7,"White","High",2,0,0,0,0,0,0,0,0,0,1,NA,FALSE,1
"8125",10,"F",7,"White","High",2,1,0,0,0,0,0,0,0,0,2,NA,TRUE,1
"8126",9,"F",7,"White","High",4,0,0,0,0,0,0,0,0,0,4,1,FALSE,0
"8127",10,"F",7,"White","High",4,0,0,0,0,0,0,0,0,0,4,1,FALSE,0
"8128",8,"M",6,"White","High",4,0,0,0,0,0,0,0,0,0,4,1,FALSE,0
"8129",9,"M",6,"White","High",1,0,1,0,0,0,1,0,0,1,1,NA,TRUE,1
"8130",4,"F",2,"Asian","Middle",4,0,0,0,0,0,0,0,0,0,4,1,FALSE,0
"8131",NA,"F",8,"Hispanic",NA,3,NA,0,0,0,0,0,0,0,0,2,1,NA,1
"8132",5,"M",2,"White","Middle",4,0,0,0,0,0,0,0,0,0,4,1,FALSE,0
"8133",5,"M",2,"Hispanic","Middle",4,0,0,0,0,0,0,0,0,0,3,1,FALSE,0
"8134",5,"M",2,"White","Middle",4,0,0,0,0,0,0,0,0,0,4,1,FALSE,0
"8135",5,"M",2,"White","Middle",4,0,0,0,0,0,0,0,0,0,2,1,FALSE,1
"8136",5,"M",2,"White","Middle",4,0,0,0,0,0,0,0,0,0,4,1,FALSE,0
"8137",5,"F",2,"White","Middle",4,0,0,0,0,0,0,0,0,0,4,1,FALSE,0
"8138",5,"M",2,"Hispanic","Middle",4,0,0,0,0,0,0,0,0,0,4,1,FALSE,0
"8139",5,"F",2,"White","Middle",4,0,0,0,0,0,0,0,0,0,4,1,FALSE,0
"8140",5,"F",2,"White","Middle",4,0,0,0,0,0,0,0,0,0,4,1,FALSE,0
"8141",5,"F",2,"White","Middle",4,0,0,0,0,0,0,0,0,0,4,1,FALSE,0
"8142",5,"F",2,"White","Middle",4,0,0,0,0,0,0,0,0,0,4,1,FALSE,0
"8143",5,"F",2,"White","Middle",4,0,0,0,0,0,0,0,0,0,4,1,FALSE,0
"8144",5,"F",2,"White","Middle",4,0,0,0,0,0,0,0,0,0,4,1,FALSE,0
"8145",5,"F",2,"Asian","Middle",4,0,0,0,0,0,0,0,0,0,4,1,FALSE,0
"8146",4,"F",2,"White","Middle",3,0,0,0,0,0,0,0,0,0,4,1,FALSE,0
"8147",5,"F",2,"White","Middle",3,0,0,0,0,0,0,0,0,0,4,1,FALSE,0
"8148",5,"M",2,"White","Middle",4,0,0,0,0,0,0,0,0,0,4,1,FALSE,0
"8149",6,"F",3,"White","Middle",4,0,0,0,0,0,0,0,0,0,4,NA,FALSE,0
"8150",5,"F",3,"White","Middle",4,0,0,0,0,0,0,0,0,0,4,NA,FALSE,0
"8151",6,"F",3,"White","Middle",4,0,0,0,0,0,0,0,0,0,4,1,FALSE,0
"8152",6,"F",3,"White","Middle",4,0,0,0,0,0,0,0,0,0,4,1,FALSE,0
"8153",6,"F",3,"White","Middle",4,0,0,0,0,0,0,0,0,0,4,1,FALSE,0
"8154",6,"F",3,"White","Middle",4,0,0,0,0,0,0,0,0,0,4,NA,FALSE,0
"8155",6,"F",3,"Hispanic","Middle",4,0,0,0,0,0,0,0,0,0,4,1,FALSE,0
"8156",6,"F",3,"White","Middle",4,0,0,0,0,0,0,0,0,0,4,1,FALSE,0
"8157",6,"F",3,"White","Middle",4,0,0,0,0,0,0,0,0,0,4,1,FALSE,0
"8158",6,"M",3,"White","Middle",4,0,0,0,0,0,0,0,0,0,4,1,FALSE,0
"8159",5,"M",3,"White","Middle",4,0,0,0,0,0,0,0,0,0,4,1,FALSE,0
"8160",6,"F",3,"White","Middle",4,0,0,0,0,0,0,0,0,0,4,NA,FALSE,0
"8161",6,"F",3,"White","Middle",4,0,0,0,0,0,0,0,0,0,4,1,FALSE,0
"8162",6,"F",3,"White","Middle",4,0,0,0,0,0,0,0,0,0,4,1,FALSE,0
"8163",6,"F",3,"White","Middle",4,0,0,0,0,0,0,0,0,0,4,1,FALSE,0
"8164",5,"F",3,"White","Middle",4,0,0,0,0,0,0,0,0,0,4,1,FALSE,0
"8165",6,"F",3,"White","Middle",4,0,0,0,0,0,0,0,0,0,4,1,FALSE,0
"8166",6,"F",3,"White","Middle",4,0,0,0,0,0,0,0,0,0,4,1,FALSE,0
"8167",6,"M",3,"White","Middle",4,0,0,0,0,0,0,0,0,0,4,1,FALSE,0
"8168",6,"M",3,"White","Middle",4,0,0,0,0,0,0,0,0,0,4,1,FALSE,0
"8169",6,"M",3,"White","Middle",4,0,0,0,0,0,0,0,0,0,4,1,FALSE,0
"8170",6,"F",3,"White","Middle",4,0,0,0,0,0,0,0,0,0,4,1,FALSE,0
"8171",6,"F",3,"White","Middle",4,0,0,0,0,0,0,0,0,0,4,1,FALSE,0
"8172",6,"M",3,"White","Middle",4,0,0,0,0,0,0,0,0,0,4,1,FALSE,0
"8173",6,"M",3,"White","Middle",4,0,0,0,0,0,0,0,0,0,4,1,FALSE,0
"8174",3,"F",1,"White","Middle",3,0,0,0,0,0,0,0,0,0,4,NA,FALSE,0
"8175",5,"F",1,"AI/AN","Middle",4,0,0,0,0,0,0,0,0,0,4,1,FALSE,0
"8176",3,"M",1,"AI/AN","Middle",4,0,0,0,0,0,0,0,0,0,4,NA,FALSE,0
"8177",4,"M",1,"Hispanic","Middle",4,0,0,0,0,0,0,0,0,0,4,NA,FALSE,0
"8178",6,"M",4,"White","High",4,0,0,0,0,0,0,0,0,0,4,1,FALSE,0
"8179",6,"F",4,"Hispanic","High",4,0,0,0,0,0,0,0,0,0,4,1,FALSE,0
"8180",6,"F",4,"White","High",4,0,0,0,0,0,0,0,0,0,4,1,FALSE,0
"8181",7,"M",4,"White","High",4,0,0,0,0,0,0,0,0,0,1,NA,FALSE,1
"8182",9,"M",7,"White","High",4,0,0,0,0,0,0,0,0,0,4,NA,FALSE,0
"8183",6,"F",4,"White","High",4,0,0,0,0,0,0,0,0,0,4,NA,FALSE,0
"8184",6,"F",4,"White","High",4,0,0,0,0,0,0,0,0,0,4,NA,FALSE,0
"8185",7,"F",4,"White","High",4,0,0,0,0,0,0,0,0,0,4,1,FALSE,0
"8186",7,"M",4,"White","High",3,0,0,0,0,0,0,0,0,1,1,1,TRUE,1
"8187",6,"F",4,"White","High",4,0,0,0,0,0,0,0,0,0,3,1,FALSE,0
"8188",7,"M",4,"White","High",4,0,0,0,0,0,0,0,0,0,1,1,FALSE,1
"8189",6,"F",4,"Black","High",4,0,0,0,0,0,0,0,0,0,2,1,FALSE,1
"8190",6,"M",4,"White","High",4,0,0,0,0,0,0,0,0,0,4,NA,FALSE,0
"8191",7,"F",4,"White","High",4,0,0,0,0,0,0,0,0,0,3,1,FALSE,0
"8192",6,"M",4,"White","High",3,0,0,0,0,0,1,0,0,1,1,NA,TRUE,1
"8193",6,"F",4,"Asian","High",4,0,0,0,0,0,0,0,0,0,4,1,FALSE,0
"8194",7,"M",4,"White","High",4,0,0,0,0,0,0,0,0,0,NA,1,FALSE,NA
"8195",6,"F",4,"White","High",4,0,0,0,0,0,0,0,0,0,4,1,FALSE,0
"8196",7,"F",4,"White","High",4,0,0,0,0,0,0,0,0,0,4,1,FALSE,0
"8197",7,"F",4,"White","High",4,0,0,0,0,0,0,0,0,0,4,1,FALSE,0
"8198",7,"M",4,"White","High",4,0,0,0,0,0,0,0,0,0,4,1,FALSE,0
"8199",6,"F",4,"White","High",3,0,0,0,0,0,0,0,0,0,2,1,FALSE,1
"8200",8,"F",6,"Asian","High",3,0,0,0,0,0,0,0,0,0,3,1,FALSE,0
"8201",8,"F",6,"Hispanic","High",4,0,0,0,0,0,0,0,0,0,4,1,FALSE,0
"8202",8,"F",6,"White","High",2,1,0,0,0,0,0,0,0,0,1,1,TRUE,1
"8203",9,"F",6,"White","High",2,1,1,0,1,0,1,0,0,1,1,NA,TRUE,1
"8204",8,"M",6,"White","High",3,0,0,0,0,0,0,0,0,1,1,1,TRUE,1
"8205",8,"F",6,"Hispanic","High",4,0,0,0,0,0,0,0,0,0,3,1,FALSE,0
"8206",8,"F",6,"White","High",4,0,0,0,0,0,0,0,0,0,4,1,FALSE,0
"8207",9,"M",6,"White","High",4,0,0,0,0,0,0,0,0,0,4,NA,FALSE,0
"8208",9,"M",6,"White","High",4,0,0,0,0,0,0,0,0,0,4,1,FALSE,0
"8209",9,"M",6,"Black","High",2,0,0,0,0,0,0,0,0,1,1,NA,TRUE,1
"8210",9,"F",6,"White","High",1,1,1,1,0,0,1,0,0,1,1,NA,TRUE,1
"8211",8,"M",6,"White","High",4,0,0,0,0,0,0,0,0,0,4,1,FALSE,0
"8212",9,"F",6,"Black","High",3,0,0,0,0,0,0,0,0,0,4,1,FALSE,0
"8213",9,"M",6,"White","High",3,0,0,0,0,0,0,0,0,0,1,1,FALSE,1
"8214",8,"M",6,"White","High",3,0,0,0,0,0,0,0,0,0,3,1,FALSE,0
"8215",8,"M",6,"White","High",4,0,0,0,0,0,0,0,0,0,4,NA,FALSE,0
"8216",8,"M",6,"White","High",4,0,0,0,0,0,0,0,0,0,3,1,FALSE,0
"8217",9,"M",6,"White","High",2,0,1,0,0,0,1,0,0,1,1,NA,TRUE,1
"8218",9,"M",6,"White","High",4,0,0,0,0,0,0,0,0,0,4,1,FALSE,0
"8219",9,"M",6,"White","High",4,0,0,0,0,0,0,0,0,0,3,NA,FALSE,0
"8220",8,"F",6,"Hispanic","High",NA,0,NA,NA,0,0,0,0,0,NA,NA,1,NA,NA
"8221",8,"M",6,"White","High",4,0,0,0,0,0,0,0,0,0,4,1,FALSE,0
"8222",9,"F",6,"Black","High",4,0,0,0,0,0,0,0,0,0,4,1,FALSE,0
"8223",9,"F",6,"White","High",4,0,0,0,0,0,0,0,0,0,4,1,FALSE,0
"8224",8,"F",6,"Black","High",4,0,0,0,0,0,0,0,0,0,3,1,FALSE,0
"8225",8,"M",6,"White","High",2,0,0,0,0,0,0,0,0,1,1,NA,TRUE,1
"8226",8,"F",6,"White","High",4,0,0,0,0,0,0,0,0,0,2,NA,FALSE,1
"8227",9,"M",6,"Black","High",4,0,0,0,0,0,0,0,0,0,4,1,FALSE,0
"8228",8,"M",6,"White","High",3,0,1,0,0,0,1,0,0,1,1,NA,TRUE,1
"8229",8,"M",6,"White","High",2,0,0,0,0,0,0,0,0,0,1,NA,FALSE,1
"8230",8,"F",6,"White","High",4,0,0,0,0,0,0,0,0,0,4,1,FALSE,0
"8231",9,"M",6,"White","High",1,0,1,0,0,0,1,0,0,0,1,1,TRUE,1
"8232",9,"M",6,"White","High",3,0,0,0,0,0,0,0,0,0,1,1,FALSE,1
"8233",9,"M",6,"White","High",3,0,0,0,0,0,0,0,0,0,3,NA,FALSE,0
"8234",9,"F",6,"White","High",3,0,1,0,0,0,0,0,0,0,3,1,TRUE,0
"8235",8,"F",6,"Black","High",4,0,0,0,0,0,0,0,0,0,4,NA,FALSE,0
"8236",9,"M",6,"Black","High",4,0,0,0,0,0,0,0,0,0,4,1,FALSE,0
"8237",8,"M",6,"Hispanic","High",2,0,0,0,0,0,0,0,0,0,4,1,FALSE,0
"8238",8,"F",6,"Black","High",4,0,0,0,0,0,0,0,0,0,4,1,FALSE,0
"8239",9,"M",6,"White","High",3,1,0,0,0,0,0,0,0,1,2,NA,TRUE,1
"8240",9,"F",6,"White","High",4,0,0,0,0,0,0,0,0,0,4,NA,FALSE,0
"8241",8,"F",6,NA,"High",4,0,0,0,0,0,0,0,0,0,3,1,FALSE,0
"8242",8,"F",6,"Black","High",4,0,0,0,0,0,0,0,0,0,1,1,FALSE,1
"8243",9,"M",6,"White","High",4,0,0,0,0,0,0,0,0,0,4,1,FALSE,0
"8244",9,"M",6,"Hispanic","High",3,0,0,0,0,0,0,0,0,0,3,1,FALSE,0
"8245",9,"M",6,"White","High",1,0,0,0,0,0,0,0,0,0,1,NA,FALSE,1
"8246",8,"F",6,"White","High",4,0,0,0,0,0,0,0,0,0,2,NA,FALSE,1
"8247",9,"F",6,"Hispanic","High",4,0,0,0,0,0,0,0,0,0,2,1,FALSE,1
"8248",8,"F",6,"White","High",4,1,0,0,NA,NA,NA,NA,NA,0,1,1,TRUE,1
"8249",10,"F",7,"Black","High",3,0,0,0,0,0,0,0,0,0,4,1,FALSE,0
"8250",8,"M",6,"Asian","High",4,0,0,0,0,0,0,0,0,0,4,1,FALSE,0
"8251",8,"M",6,"White","High",1,0,1,0,0,0,0,0,0,1,2,1,TRUE,1
"8252",8,"M",6,"Asian","High",4,0,0,0,0,0,0,0,0,0,4,1,FALSE,0
"8253",6,"F",4,"White","High",4,0,0,0,0,0,0,0,0,0,2,NA,FALSE,1
"8254",6,"M",4,"White","High",4,0,0,0,0,0,0,0,0,0,4,1,FALSE,0
"8255",6,"M",4,NA,"High",4,0,0,0,0,0,0,0,0,0,2,1,FALSE,1
"8256",6,"M",4,"White","High",4,0,0,0,0,0,0,0,0,0,4,1,FALSE,0
"8257",6,"F",4,"Hispanic","High",2,0,0,1,0,0,0,1,0,0,2,NA,TRUE,1
"8258",7,"F",4,"White","High",3,0,0,0,0,0,0,0,0,0,3,1,FALSE,0
"8259",6,"F",4,"White","High",4,0,0,0,0,0,0,0,0,0,3,1,FALSE,0
"8260",7,"M",4,"White","High",3,1,0,0,0,0,0,0,0,0,1,NA,TRUE,1
"8261",6,"F",4,"Hispanic","High",2,NA,0,0,0,0,0,0,0,0,1,NA,NA,1
"8262",7,"F",4,"White","High",4,0,0,0,0,0,0,0,0,0,4,1,FALSE,0
"8263",9,"M",7,"White","High",4,0,0,0,0,0,0,0,0,0,4,NA,FALSE,0
"8264",10,"M",7,"White","High",4,0,0,0,0,0,0,0,0,0,4,NA,FALSE,0
"8265",9,"M",7,"White","High",4,0,0,0,0,0,0,0,0,0,4,1,FALSE,0
"8266",6,"M",4,"Hispanic","High",4,0,0,0,0,0,0,0,0,0,2,NA,FALSE,1
"8267",6,"M",4,"Black","High",4,0,0,0,0,0,1,0,0,1,1,NA,TRUE,1
"8268",6,"M",4,"White","High",4,0,0,0,0,0,0,0,0,0,1,NA,FALSE,1
"8269",7,"M",4,"Hispanic","High",4,0,0,0,0,0,0,0,0,0,4,1,FALSE,0
"8270",7,"M",4,"White","High",4,0,0,0,0,0,0,0,0,0,4,NA,FALSE,0
"8271",7,"F",5,"White","High",4,0,0,0,0,0,0,0,0,0,4,1,FALSE,0
"8272",7,"F",5,"White","High",4,0,0,0,0,0,0,0,0,0,2,1,FALSE,1
"8273",8,"F",5,"White","High",4,0,0,0,0,0,0,0,0,0,4,1,FALSE,0
"8274",8,"F",5,"Asian","High",4,0,0,0,0,0,0,0,0,0,1,NA,FALSE,1
"8275",8,"M",5,"White","High",4,0,0,0,0,0,0,0,0,0,1,1,FALSE,1
"8276",7,"M",5,"White","High",4,0,0,0,0,0,0,0,0,0,4,1,FALSE,0
"8277",8,"M",5,"White","High",4,0,0,0,0,0,0,0,0,0,4,1,FALSE,0
"8278",7,"F",5,"White","High",4,0,0,0,0,0,0,0,0,0,4,1,FALSE,0
"8279",8,"M",5,"Hispanic","High",4,0,0,0,0,0,0,0,0,0,4,1,FALSE,0
"8280",7,"M",5,"Asian","High",4,0,0,0,0,0,0,0,0,0,4,1,FALSE,0
"8281",7,"F",5,"Asian","High",4,0,0,0,0,0,0,0,0,0,4,1,FALSE,0
"8282",7,"M",5,"Asian","High",4,0,0,0,0,0,0,0,0,0,4,1,FALSE,0
"8283",7,"M",5,"White","High",4,0,0,0,0,0,0,0,0,0,4,1,FALSE,0
"8284",7,"F",5,"White","High",4,0,0,0,0,0,0,0,0,0,3,NA,FALSE,0
"8285",8,"M",5,"White","High",3,0,0,0,0,0,0,0,0,0,4,1,FALSE,0
"8286",7,"M",5,"Asian","High",3,0,0,0,0,0,0,0,0,0,4,1,FALSE,0
"8287",8,"M",7,"White","High",4,0,0,0,0,0,0,0,0,0,4,1,FALSE,0
"8288",8,"M",5,"White","High",4,0,0,0,0,0,0,0,0,0,4,1,FALSE,0
"8289",7,"M",5,"White","High",4,0,0,0,0,0,0,0,0,0,4,1,FALSE,0
"8290",8,"M",5,"Hispanic","High",4,0,0,0,0,0,0,0,0,0,4,1,FALSE,0
"8291",8,"M",5,"White","High",3,0,0,0,0,0,0,0,0,0,2,NA,FALSE,1
"8292",7,"F",5,"White","High",3,0,0,0,0,0,0,0,0,0,2,1,FALSE,1
"8293",6,"M",4,"Asian","High",4,0,0,0,0,0,0,0,0,0,4,1,FALSE,0
"8294",10,"F",7,"White","High",4,0,0,0,0,0,0,0,0,0,2,1,FALSE,1
"8295",9,"M",7,"Black","High",1,0,1,0,0,0,1,0,0,1,1,1,TRUE,1
"8296",9,"M",7,"Black","High",3,0,0,0,0,0,1,0,0,0,4,1,TRUE,0
"8297",9,"F",7,"Black","High",3,0,0,0,0,0,0,0,0,0,4,1,FALSE,0
"8298",10,"F",7,"Hispanic","High",4,0,0,0,0,0,1,0,0,1,1,NA,TRUE,1
"8299",10,"M",7,"White","High",3,0,0,0,0,0,0,0,0,0,2,1,FALSE,1
"8300",9,"M",7,"White","High",4,0,0,0,0,0,0,0,0,0,2,1,FALSE,1
"8301",9,"M",7,"Hispanic","High",3,0,0,0,0,0,0,0,0,1,1,NA,TRUE,1
"8302",9,"F",7,"Hispanic","High",4,0,0,0,0,0,0,0,0,0,4,1,FALSE,0
"8303",10,"F",7,"Asian","High",3,0,0,0,0,0,0,0,0,0,1,1,FALSE,1
"8304",10,"M",7,"Black","High",2,0,1,0,0,0,0,0,0,1,1,1,TRUE,1
"8305",9,"F",7,"Black","High",2,0,1,0,0,0,1,0,0,1,2,1,TRUE,1
"8306",10,"F",7,"White","High",3,0,0,0,0,0,0,0,0,0,2,1,FALSE,1
"8307",9,"M",7,"White","High",4,0,0,0,0,0,0,0,0,0,3,NA,FALSE,0
"8308",10,"F",7,"Black","High",4,0,0,0,0,0,0,0,0,0,4,1,FALSE,0
"8309",9,"F",7,"White","High",2,0,1,0,0,0,0,0,0,1,1,1,TRUE,1
"8310",9,"F",7,"Hispanic","High",4,0,0,0,0,0,0,0,0,0,2,1,FALSE,1
"8311",9,"F",7,"White","High",4,0,0,0,0,0,0,0,0,0,3,NA,FALSE,0
"8312",9,"M",7,"White","High",3,0,NA,0,0,0,0,0,0,0,4,1,NA,0
"8313",10,"F",7,"White","High",4,0,0,0,0,0,0,0,0,0,4,1,FALSE,0
"8314",10,"F",7,"White","High",2,0,0,0,0,0,0,0,0,0,1,NA,FALSE,1
"8315",9,"M",7,"White","High",1,0,1,0,NA,NA,NA,NA,NA,0,4,1,TRUE,0
"8316",10,"M",7,"White","High",4,0,0,0,0,0,0,0,0,0,4,1,FALSE,0
"8317",8,"M",5,"White","High",4,0,0,0,0,0,0,0,0,0,2,1,FALSE,1
"8318",7,"M",5,"White","High",4,0,0,0,0,0,0,0,0,0,4,NA,FALSE,0
"8319",7,"M",5,"Black","High",4,0,0,0,0,0,1,0,0,0,4,1,TRUE,0
"8320",7,"M",5,"White","High",1,1,1,0,0,0,0,0,0,1,1,1,TRUE,1
"8321",8,"M",5,"White","High",4,0,0,0,0,0,0,0,0,0,4,1,FALSE,0
"8322",8,"F",5,"White","High",4,0,0,0,0,0,0,0,0,0,4,NA,FALSE,0
"8323",7,"M",5,"White","High",4,0,0,0,0,0,0,0,0,0,4,1,FALSE,0
"8324",7,"M",5,"Asian","High",4,0,0,0,0,0,0,0,0,0,2,1,FALSE,1
"8325",8,"F",5,"White","High",4,0,0,0,0,0,1,0,0,1,1,NA,TRUE,1
"8326",8,"M",5,"White","High",4,0,0,0,0,0,0,0,0,0,3,NA,FALSE,0
"8327",8,"M",5,"White","High",4,0,0,0,0,0,0,0,0,1,1,NA,TRUE,1
"8328",8,"F",5,"White","High",4,0,0,0,0,0,0,0,0,0,3,1,FALSE,0
"8329",8,"F",5,"White","High",4,0,0,0,0,0,0,0,0,0,2,1,FALSE,1
"8330",8,"M",5,"Black","High",2,0,0,0,0,0,0,0,0,0,2,NA,FALSE,1
"8331",9,"M",7,"White","High",1,0,1,0,0,0,1,0,0,1,1,NA,TRUE,1
"8332",9,"F",7,"White","High",4,0,0,0,0,0,0,0,0,0,4,1,FALSE,0
"8333",9,"M",7,"White","High",4,0,0,0,0,0,0,0,0,0,4,1,FALSE,0
"8334",10,"F",7,"White","High",4,0,0,0,0,0,0,0,0,0,4,1,FALSE,0
"8335",9,"M",7,"White","High",4,0,0,0,0,0,0,0,0,1,1,NA,TRUE,1
"8336",10,"M",7,"White","High",4,0,0,0,0,0,0,0,0,0,1,1,FALSE,1
"8337",10,"M",7,"White","High",4,0,0,0,0,0,0,0,0,0,4,NA,FALSE,0
"8338",9,"F",7,"White","High",4,0,0,0,0,0,0,0,0,0,4,1,FALSE,0
"8339",10,"F",7,"White","High",3,0,0,0,0,0,0,0,0,0,2,1,FALSE,1
"8340",10,"F",7,"White","High",3,0,0,0,0,0,0,0,0,0,2,1,FALSE,1
"8341",9,"M",7,"Hispanic","High",2,0,0,0,0,0,0,0,0,0,1,1,FALSE,1
"8342",9,"F",7,"White","High",4,0,0,0,0,0,0,0,0,0,2,NA,FALSE,1
"8343",9,"F",7,"White","High",4,0,0,0,0,0,0,0,0,0,1,NA,FALSE,1
"8344",9,"M",7,"Black","High",3,0,0,0,0,0,0,0,0,0,1,NA,FALSE,1
"8345",10,"M",7,"White","High",4,0,0,0,0,0,0,0,0,0,2,1,FALSE,1
"8346",10,"M",7,"White","High",4,0,0,0,0,0,0,0,0,0,4,1,FALSE,0
"8347",10,"F",7,"White","High",4,0,0,0,0,0,0,0,0,0,4,NA,FALSE,0
"8348",10,"F",7,"White","High",4,0,0,0,0,0,0,0,0,0,4,1,FALSE,0
"8349",10,"F",7,"White","High",3,0,0,0,0,0,1,0,0,1,2,1,TRUE,1
"8350",9,"F",7,"White","High",3,0,0,0,0,0,1,0,0,1,2,1,TRUE,1
"8351",10,"M",7,"White","High",3,0,0,0,0,0,0,0,0,1,2,NA,TRUE,1
"8352",9,"F",7,"White","High",3,1,0,0,0,0,1,0,0,1,1,NA,TRUE,1
"8353",9,"M",7,"White","High",4,0,0,0,0,0,0,0,0,0,4,1,FALSE,0
"8354",9,"M",7,"White","High",2,0,0,0,0,0,0,0,0,0,2,1,FALSE,1
"8355",10,"M",7,"White","High",4,0,0,0,0,0,0,0,0,0,2,1,FALSE,1
"8356",6,"M",4,"White","High",3,0,0,0,0,0,0,0,0,0,2,NA,FALSE,1
"8357",6,"M",4,"White","High",3,0,0,0,0,0,0,0,0,0,1,NA,FALSE,1
"8358",6,"F",4,"White","High",4,0,0,0,0,0,0,0,0,0,3,NA,FALSE,0
"8359",7,"M",4,"Hispanic","High",4,0,0,0,0,0,0,0,0,0,4,NA,FALSE,0
"8360",7,"M",5,"Black","High",4,0,0,0,0,0,0,0,0,0,2,1,FALSE,1
"8361",7,"F",5,"White","High",4,0,0,0,0,0,0,0,0,0,4,NA,FALSE,0
"8362",7,"M",5,"White","High",4,0,0,0,0,0,0,0,0,0,2,1,FALSE,1
"8363",7,"F",5,"White","High",4,0,0,0,0,0,0,0,0,0,4,1,FALSE,0
"8364",8,"F",5,"White","High",4,0,0,0,0,0,0,0,0,0,3,1,FALSE,0
"8365",7,"F",5,"White","High",4,0,0,0,0,0,0,0,0,0,2,NA,FALSE,1
"8366",7,"F",5,"White","High",4,0,0,0,0,0,0,0,0,0,4,1,FALSE,0
"8367",8,"M",5,"White","High",3,0,0,0,0,0,0,0,0,1,2,1,TRUE,1
"8368",7,"F",5,"White","High",4,0,0,0,0,0,0,0,0,0,4,NA,FALSE,0
"8369",7,"F",5,"Black","High",4,0,0,0,0,0,0,0,0,0,4,1,FALSE,0
"8370",7,"F",5,"White","High",4,0,0,0,0,0,0,0,0,0,4,1,FALSE,0
"8371",8,"F",5,"White","High",3,0,0,0,0,0,0,0,0,0,2,NA,FALSE,1
"8372",7,"F",5,"White","High",4,0,0,0,0,0,0,0,0,1,1,NA,TRUE,1
"8373",7,"F",5,"White","High",4,0,0,0,0,0,0,0,0,0,4,1,FALSE,0
"8374",8,"F",5,"Hispanic","High",4,0,0,0,0,0,0,0,0,0,4,1,FALSE,0
"8375",8,"F",5,"White","High",3,0,0,0,0,0,1,0,0,0,1,NA,TRUE,1
"8376",8,"F",5,"White","High",3,0,0,0,0,0,0,0,0,0,3,NA,FALSE,0
"8377",8,"F",5,"White","High",3,1,0,0,0,0,1,0,0,1,1,NA,TRUE,1
"8378",4,"M",1,"Black","Middle",4,0,0,0,0,0,0,0,0,0,4,NA,FALSE,0
"8379",3,"F",1,"White","Middle",4,0,0,0,0,0,0,0,0,0,2,NA,FALSE,1
"8380",3,"F",1,"Black","Middle",4,0,0,0,0,0,0,0,0,0,3,NA,FALSE,0
"8381",3,"F",1,"White","Middle",4,0,0,0,0,0,0,0,0,0,4,1,FALSE,0
"8382",3,"F",1,"White","Middle",3,0,0,0,0,0,0,0,0,0,4,1,FALSE,0
"8383",4,"F",1,"White","Middle",4,0,0,0,0,0,0,0,0,0,4,NA,FALSE,0
"8384",4,"M",1,"White","Middle",4,0,0,0,0,0,0,0,0,0,2,1,FALSE,1
"8385",4,"F",1,"Hispanic","Middle",4,0,0,0,0,0,0,0,0,0,4,1,FALSE,0
"8386",3,"M",1,"White","Middle",4,0,0,0,0,0,0,0,0,0,3,NA,FALSE,0
"8387",4,"F",1,"Black","Middle",3,0,0,0,0,0,0,0,0,0,2,NA,FALSE,1
"8388",3,"F",1,"White","Middle",4,0,0,0,0,0,0,0,0,0,4,NA,FALSE,0
"8389",4,"M",1,"White","Middle",3,0,0,0,0,0,0,0,0,0,2,NA,FALSE,1
"8390",4,"F",1,"White","Middle",4,0,0,0,0,0,0,0,0,0,1,NA,FALSE,1
"8391",3,"F",1,"Hispanic","Middle",4,0,0,0,0,0,0,0,0,0,4,1,FALSE,0
"8392",4,"M",1,"White","Middle",4,0,0,0,0,0,0,0,0,0,4,NA,FALSE,0
"8393",4,"M",1,"White","Middle",4,0,0,0,0,0,0,0,0,0,2,NA,FALSE,1
"8394",3,"M",1,"Hispanic","Middle",4,0,0,0,0,0,0,0,0,0,4,1,FALSE,0
"8395",3,"F",1,"White","Middle",4,0,0,0,0,0,0,0,0,0,1,1,FALSE,1
"8396",4,"M",1,"White","Middle",4,0,0,0,0,0,0,0,0,0,4,1,FALSE,0
"8397",4,"M",1,"White","Middle",4,0,0,0,0,0,0,0,0,0,4,1,FALSE,0
"8398",4,"M",1,"Hispanic","Middle",4,0,0,0,0,0,0,0,0,0,4,NA,FALSE,0
"8399",3,"M",1,"White","Middle",4,0,0,0,0,0,0,0,0,0,4,1,FALSE,0
"8400",3,"F",1,"Black","Middle",4,0,0,0,0,0,0,0,0,0,2,NA,FALSE,1
"8401",3,"F",1,"Asian","Middle",4,0,0,0,0,0,0,0,0,0,2,NA,FALSE,1
"8402",5,"M",2,"White","Middle",2,0,0,0,0,0,0,0,0,0,4,NA,FALSE,0
"8403",5,"M",2,"White","Middle",4,0,0,0,0,0,0,0,0,0,4,1,FALSE,0
"8404",5,"M",2,"White","Middle",4,0,0,0,0,0,0,0,0,0,2,1,FALSE,1
"8405",4,"M",2,NA,"Middle",4,0,0,0,0,0,0,0,0,0,4,1,FALSE,0
"8406",4,"M",2,"Black","Middle",4,0,0,0,0,0,0,0,0,0,4,1,FALSE,0
"8407",4,"F",2,"White","Middle",4,0,0,0,0,0,0,0,0,0,4,1,FALSE,0
"8408",5,"M",2,"Asian","Middle",4,0,0,0,0,0,0,0,0,0,4,NA,FALSE,0
"8409",4,"M",2,"White","Middle",4,0,0,0,0,0,0,0,0,0,4,1,FALSE,0
"8410",4,"M",2,"Black","Middle",4,0,0,0,0,0,0,0,0,0,4,NA,FALSE,0
"8411",5,"F",2,"White","Middle",4,0,0,0,0,0,0,0,0,0,4,1,FALSE,0
"8412",4,"F",2,"Black","Middle",4,0,0,0,0,0,0,0,0,0,4,1,FALSE,0
"8413",5,"F",2,"White","Middle",4,0,0,0,0,0,0,0,0,0,4,1,FALSE,0
"8414",4,"F",2,NA,"Middle",3,0,0,0,0,0,0,0,0,0,3,NA,FALSE,0
"8415",4,"F",2,"White","Middle",4,0,0,0,0,0,0,0,0,0,4,1,FALSE,0
"8416",4,"M",2,"Asian","Middle",4,0,0,0,0,0,0,0,0,0,4,1,FALSE,0
"8417",4,"M",2,"White","Middle",4,0,0,0,0,0,0,0,0,0,4,NA,FALSE,0
"8418",5,"M",2,"White","Middle",4,0,0,0,0,0,0,0,0,0,4,1,FALSE,0
"8419",4,"M",2,"White","Middle",4,0,0,0,0,0,0,0,0,0,4,1,FALSE,0
"8420",4,"M",2,"White","Middle",4,NA,NA,NA,NA,NA,NA,NA,NA,NA,4,NA,NA,0
"8421",4,"M",2,"Black","Middle",4,0,0,0,0,0,0,0,0,0,4,1,FALSE,0
"8422",5,"M",2,"White","Middle",4,0,0,0,0,0,0,0,0,0,2,1,FALSE,1
"8423",4,"M",2,NA,"Middle",4,0,0,0,0,0,0,0,0,0,4,NA,FALSE,0
"8424",5,"M",2,"Black","Middle",4,0,0,0,0,0,0,0,0,0,4,1,FALSE,0
"8425",4,"F",2,"White","Middle",4,0,0,0,0,0,0,0,0,0,4,1,FALSE,0
"8426",5,"M",2,"White","Middle",4,0,0,0,0,0,0,0,0,0,4,1,FALSE,0
"8427",5,"F",2,"White","Middle",4,0,0,0,0,0,0,0,0,0,4,NA,FALSE,0
"8428",4,"M",2,"White","Middle",4,0,0,0,0,0,0,0,0,0,4,1,FALSE,0
"8429",4,"F",2,"Black","Middle",4,0,0,0,0,0,0,0,0,0,4,1,FALSE,0
"8430",5,"F",2,"White","Middle",4,0,0,0,0,0,0,0,0,0,4,1,FALSE,0
"8431",4,"F",2,"Black","Middle",4,0,0,0,0,0,0,0,0,0,4,1,FALSE,0
"8432",5,"M",2,"White","Middle",3,0,0,0,0,0,0,0,0,0,2,1,FALSE,1
"8433",5,"M",2,NA,"Middle",4,0,0,0,0,0,0,0,0,0,4,1,FALSE,0
"8434",5,"F",2,"White","Middle",4,0,0,0,0,0,0,0,0,0,4,NA,FALSE,0
"8435",4,"F",2,"White","Middle",4,0,0,0,0,0,0,0,0,0,3,NA,FALSE,0
"8436",4,"M",2,"White","Middle",4,0,0,0,0,0,0,0,0,1,2,NA,TRUE,1
"8437",5,"M",2,"White","Middle",3,0,0,0,0,0,0,0,0,0,4,1,FALSE,0
"8438",4,"F",2,"White","Middle",4,0,0,0,0,0,0,0,0,0,4,1,FALSE,0
"8439",4,"F",2,"White","Middle",4,0,0,0,0,0,0,0,0,0,4,1,FALSE,0
"8440",4,"F",2,"Hispanic","Middle",4,0,0,0,0,0,0,0,0,0,1,NA,FALSE,1
"8441",4,"F",2,"White","Middle",4,0,0,0,0,0,0,0,0,0,4,1,FALSE,0
"8442",4,"M",2,"White","Middle",4,0,0,0,0,0,0,0,0,0,4,NA,FALSE,0
"8443",4,"F",2,"White","Middle",4,0,0,0,0,0,0,0,0,0,4,NA,FALSE,0
"8444",5,"M",2,"White","Middle",3,0,0,0,0,0,0,0,0,0,3,1,FALSE,0
"8445",5,"F",2,"Black","Middle",4,0,0,0,0,0,0,0,0,0,4,1,FALSE,0
"8446",4,"F",2,"White","Middle",3,0,0,0,0,0,0,0,0,0,3,NA,FALSE,0
"8447",5,"F",2,NA,"Middle",4,0,0,0,0,0,0,0,0,0,4,1,FALSE,0
"8448",5,"M",2,"White","Middle",4,0,0,0,0,0,0,0,0,0,4,1,FALSE,0
"8449",5,"M",2,"White","Middle",4,0,0,0,0,0,0,0,0,0,2,NA,FALSE,1
"8450",5,"F",2,"White","Middle",4,0,0,0,0,0,0,0,0,0,4,1,FALSE,0
"8451",4,"M",2,"White","Middle",4,0,0,0,0,0,0,0,0,0,4,1,FALSE,0
"8452",5,"F",2,"White","Middle",3,1,0,0,0,0,1,0,1,1,1,NA,TRUE,1
"8453",5,"F",2,NA,"Middle",4,0,0,0,0,0,0,0,0,0,3,NA,FALSE,0
"8454",3,"F",1,"White","Middle",4,0,0,0,0,0,0,0,0,0,4,1,FALSE,0
"8455",4,"M",1,"White","Middle",4,0,0,0,0,0,0,0,0,0,4,1,FALSE,0
"8456",4,"F",1,"White","Middle",4,0,0,0,0,0,0,0,0,0,4,NA,FALSE,0
"8457",3,"M",1,NA,"Middle",2,0,0,1,0,0,0,0,0,0,4,NA,TRUE,0
"8458",4,"F",1,"Black","Middle",4,0,0,0,0,0,0,0,0,0,4,1,FALSE,0
"8459",4,"F",1,"White","Middle",4,0,0,0,0,0,0,0,0,0,4,1,FALSE,0
"8460",3,"F",1,"Asian","Middle",4,0,0,0,0,0,0,0,0,0,4,1,FALSE,0
"8461",4,"M",1,"White","Middle",4,0,NA,NA,NA,NA,NA,NA,NA,NA,2,NA,NA,1
"8462",4,"F",1,"Black","Middle",4,0,0,0,0,0,0,0,0,0,2,1,FALSE,1
"8463",3,"F",1,"White","Middle",4,0,0,0,0,0,0,0,0,0,2,1,FALSE,1
"8464",4,"M",1,"White","Middle",4,0,0,0,0,0,0,0,0,0,3,1,FALSE,0
"8465",4,"M",1,NA,"Middle",4,0,0,0,0,0,0,0,0,0,4,1,FALSE,0
"8466",4,"M",1,"White","Middle",4,0,0,0,0,0,0,0,0,0,4,1,FALSE,0
"8467",4,"F",1,"White","Middle",4,0,0,0,0,0,0,0,0,0,4,1,FALSE,0
"8468",3,NA,1,"Hispanic","Middle",4,0,0,0,0,0,0,0,0,0,3,NA,FALSE,0
"8469",3,"F",1,"White","Middle",4,0,0,0,0,0,0,0,0,0,4,1,FALSE,0
"8470",3,"M",1,"White","Middle",4,0,0,0,0,0,0,0,0,0,4,NA,FALSE,0
"8471",5,"F",1,"White","Middle",4,0,0,0,0,0,0,0,0,0,4,1,FALSE,0
"8472",3,"F",1,"White","Middle",4,0,0,0,0,0,0,0,0,0,4,1,FALSE,0
"8473",4,"M",1,"AI/AN","Middle",4,0,0,0,0,0,0,0,0,0,4,1,FALSE,0
"8474",5,"M",3,"Hispanic","Middle",3,NA,0,0,0,0,0,0,0,0,4,NA,NA,0
"8475",6,"M",3,"White","Middle",4,0,0,0,0,0,0,0,0,0,4,1,FALSE,0
"8476",5,"M",3,"Black","Middle",4,0,0,0,0,0,0,0,0,0,4,1,FALSE,0
"8477",5,"M",3,"White","Middle",1,0,1,0,0,0,0,0,0,1,1,NA,TRUE,1
"8478",6,"F",3,"White","Middle",4,0,0,0,0,0,0,0,0,0,2,1,FALSE,1
"8479",5,"F",3,"White","Middle",3,0,0,0,0,0,0,0,0,0,1,NA,FALSE,1
"8480",5,"M",3,"White","Middle",4,0,0,0,0,0,0,0,0,0,2,1,FALSE,1
"8481",6,"M",3,"Black","Middle",4,0,0,0,0,0,0,0,0,0,4,1,FALSE,0
"8482",5,"F",3,"Black","Middle",4,0,0,0,0,0,0,0,0,0,2,NA,FALSE,1
"8483",6,"F",3,"Black","Middle",4,0,0,0,0,0,0,0,0,0,4,1,FALSE,0
"8484",6,"F",3,"Black","Middle",3,0,0,0,0,0,0,0,0,0,4,1,FALSE,0
"8485",5,"F",3,"White","Middle",4,0,0,0,0,0,0,0,0,0,4,1,FALSE,0
"8486",6,"F",3,"White","Middle",4,0,0,0,0,0,0,0,0,0,4,1,FALSE,0
"8487",6,"M",3,"White","Middle",4,0,0,0,0,0,0,0,0,0,4,1,FALSE,0
"8488",6,"M",3,"White","Middle",4,0,0,0,0,0,0,0,0,0,4,1,FALSE,0
"8489",6,"F",3,"White","Middle",3,0,0,0,0,0,0,0,0,0,2,NA,FALSE,1
"8490",5,"M",3,"White","Middle",4,0,0,0,0,0,0,0,0,0,2,1,FALSE,1
"8491",5,"M",3,"White","Middle",4,0,0,0,0,0,0,0,0,0,4,1,FALSE,0
"8492",5,"M",3,"White","Middle",4,0,0,0,0,0,0,0,0,0,4,1,FALSE,0
"8493",6,"F",3,"White","Middle",3,0,0,0,0,0,0,0,0,1,1,NA,TRUE,1
"8494",5,"F",3,"White","Middle",3,0,0,0,0,0,0,0,0,0,2,1,FALSE,1
"8495",5,"M",3,"Black","Middle",3,0,0,0,0,0,0,0,0,0,2,1,FALSE,1
"8496",6,"F",3,"White","Middle",4,0,0,0,0,0,0,0,0,0,4,1,FALSE,0
"8497",7,"M",3,"White","Middle",3,0,0,0,0,0,0,0,0,0,2,NA,FALSE,1
"8498",6,"M",3,"Hispanic","Middle",4,0,0,0,0,0,0,0,0,0,4,1,FALSE,0
"8499",6,"F",3,"White","Middle",4,0,0,0,0,0,0,0,0,0,4,1,FALSE,0
"8500",5,"M",3,"White","Middle",4,0,0,0,0,0,0,0,0,0,4,1,FALSE,0
"8501",5,"M",3,"White","Middle",4,0,0,0,0,0,0,0,0,0,3,1,FALSE,0
"8502",5,"M",3,"White","Middle",3,0,0,0,0,0,0,0,0,0,4,NA,FALSE,0
"8503",6,"M",3,"Asian","Middle",3,0,NA,0,0,0,0,0,0,0,2,1,NA,1
"8504",5,"M",3,"White","Middle",3,0,0,0,0,0,0,0,0,0,2,NA,FALSE,1
"8505",6,"M",3,"White","Middle",4,0,0,0,0,0,0,0,0,0,4,1,FALSE,0
"8506",6,"M",3,"White","Middle",3,0,0,0,0,0,0,0,0,0,3,NA,FALSE,0
"8507",5,"F",3,"White","Middle",4,0,0,0,0,0,0,0,0,0,3,1,FALSE,0
"8508",6,"M",3,"White","Middle",4,0,0,0,0,0,0,0,0,0,4,NA,FALSE,0
"8509",6,"M",3,"White","Middle",4,0,0,0,0,0,0,0,0,0,2,NA,FALSE,1
"8510",5,"F",3,"White","Middle",4,0,0,0,0,0,0,0,0,0,4,1,FALSE,0
"8511",3,"F",1,"Black","Middle",3,0,0,0,0,0,0,0,0,0,2,NA,FALSE,1
"8512",5,"F",3,"White","Middle",4,0,0,0,0,0,0,0,0,0,4,NA,FALSE,0
"8513",6,"F",3,"White","Middle",4,0,0,0,0,0,0,0,0,0,3,1,FALSE,0
"8514",5,"F",3,"Black","Middle",4,0,0,0,0,0,0,0,0,0,4,1,FALSE,0
"8515",5,"M",3,"White","Middle",4,0,0,0,0,0,0,0,0,0,4,1,FALSE,0
"8516",5,"M",3,"White","Middle",3,0,0,0,0,0,0,0,0,0,1,NA,FALSE,1
"8517",5,"F",3,"White","Middle",4,0,0,0,0,0,0,0,0,0,4,NA,FALSE,0
"8518",5,"F",3,"White","Middle",4,0,0,0,0,0,0,0,0,1,2,1,TRUE,1
"8519",5,"F",3,"White","Middle",4,0,0,0,0,0,0,0,0,0,3,1,FALSE,0
"8520",6,"M",3,"Black","Middle",4,0,0,0,0,0,0,0,0,0,4,NA,FALSE,0
"8521",6,"F",3,"Black","Middle",3,0,0,0,0,0,0,0,0,0,2,1,FALSE,1
"8522",5,"M",3,"White","Middle",4,0,0,0,0,0,0,0,0,0,4,1,FALSE,0
"8523",5,"M",3,"White","Middle",4,0,0,0,0,0,0,0,0,0,4,1,FALSE,0
"8524",4,"M",1,"White","Middle",4,0,0,0,0,0,0,0,0,0,4,1,FALSE,0
"8525",3,"F",1,"White","Middle",4,0,0,0,0,0,0,0,0,0,4,1,FALSE,0
"8526",4,"F",1,"White","Middle",4,0,0,0,NA,NA,NA,NA,NA,0,4,NA,NA,0
"8527",4,"F",1,"Hispanic","Middle",4,0,0,0,NA,NA,NA,NA,NA,0,4,1,NA,0
"8528",3,"F",1,"White","Middle",4,0,0,0,0,0,0,0,0,0,4,NA,FALSE,0
"8529",4,"M",1,"Black","Middle",3,0,0,0,NA,NA,NA,NA,NA,1,2,1,TRUE,1
"8530",4,"M",1,"White","Middle",3,0,0,0,0,0,0,0,0,0,3,1,FALSE,0
"8531",4,"M",1,"White","Middle",4,0,0,NA,0,0,0,0,0,0,3,NA,NA,0
"8532",5,"F",3,"White","Middle",4,0,0,0,0,0,0,0,0,0,2,1,FALSE,1
"8533",5,"M",3,"Hispanic","Middle",4,0,0,0,0,0,0,0,0,0,4,NA,FALSE,0
"8534",5,"M",3,"White","Middle",4,0,0,0,0,0,0,0,0,0,1,1,FALSE,1
"8535",6,"M",3,"White","Middle",4,0,0,0,0,0,0,0,0,0,4,NA,FALSE,0
"8536",5,"F",3,"White","Middle",4,0,0,0,0,0,0,0,0,0,4,1,FALSE,0
"8537",5,"F",3,"White","Middle",3,0,0,0,0,0,0,0,0,0,1,1,FALSE,1
"8538",6,"M",3,"Hispanic","Middle",4,0,0,0,0,0,0,0,0,0,3,1,FALSE,0
"8539",5,"M",3,"White","Middle",3,0,0,0,0,0,0,0,0,0,4,1,FALSE,0
"8540",6,"M",3,"White","Middle",4,0,0,0,0,0,0,0,0,0,4,NA,FALSE,0
"8541",5,"M",3,"White","Middle",4,0,0,0,0,0,0,0,0,0,2,1,FALSE,1
"8542",5,"M",3,"White","Middle",4,0,0,0,0,0,0,0,0,0,4,1,FALSE,0
"8543",3,"F",1,"White","Middle",4,0,0,0,0,0,0,0,0,0,4,NA,FALSE,0
"8544",4,"F",1,"White","Middle",4,0,0,0,0,0,0,0,0,0,4,1,FALSE,0
"8545",6,"F",2,"Black","Middle",NA,0,0,1,0,0,0,0,0,0,4,1,TRUE,0
"8546",4,"M",2,"Black","Middle",4,0,0,0,0,0,0,0,0,0,4,1,FALSE,0
"8547",5,"F",2,"Black","Middle",3,0,0,0,0,0,0,0,0,0,2,NA,FALSE,1
"8548",5,"M",2,"Hispanic","Middle",4,0,0,0,0,0,0,0,0,0,4,1,FALSE,0
"8549",4,"M",2,"Hispanic","Middle",3,0,0,0,0,0,0,0,0,0,3,1,FALSE,0
"8550",6,"F",3,"White","Middle",4,0,0,0,0,0,0,0,0,0,1,NA,FALSE,1
"8551",4,"F",2,"White","Middle",3,0,0,0,0,0,0,0,0,0,3,1,FALSE,0
"8552",5,"F",2,"Black","Middle",4,0,0,0,0,0,0,0,0,0,4,1,FALSE,0
"8553",5,"M",2,"White","Middle",4,0,0,0,0,0,0,0,0,0,4,1,FALSE,0
"8554",7,"F",3,"Black","Middle",4,0,0,0,0,0,0,0,0,0,4,NA,FALSE,0
"8555",5,"M",2,"White","Middle",4,0,0,0,0,0,0,0,0,0,4,NA,FALSE,0
"8556",7,"M",2,NA,"Middle",4,0,0,0,0,0,0,0,0,0,4,NA,FALSE,0
"8557",5,"F",2,"Black","Middle",4,0,0,0,0,0,0,0,0,0,2,NA,FALSE,1
"8558",4,"M",2,"Black","Middle",3,0,0,0,0,0,0,0,0,0,4,1,FALSE,0
"8559",5,"M",2,"White","Middle",4,0,0,0,0,0,0,0,0,0,4,NA,FALSE,0
"8560",6,NA,NA,NA,NA,NA,NA,NA,NA,NA,NA,NA,NA,NA,NA,NA,NA,NA,NA
"8561",6,"F",3,"White","Middle",3,NA,0,0,0,0,0,0,0,1,1,NA,TRUE,1
"8562",5,"F",3,"White","Middle",1,1,1,0,1,0,1,0,0,1,1,1,TRUE,1
"8563",5,"F",3,"Hispanic","Middle",3,0,0,0,0,0,0,0,0,0,3,1,FALSE,0
"8564",5,"F",3,"Black","Middle",4,0,0,0,0,0,0,0,0,0,3,1,FALSE,0
"8565",5,"F",3,"Black","Middle",4,0,0,0,0,0,0,0,0,0,4,1,FALSE,0
"8566",6,"F",3,"Black","Middle",4,0,0,0,0,0,0,0,0,0,1,NA,FALSE,1
"8567",6,"F",3,"Black","Middle",4,0,0,0,0,0,0,0,0,0,4,1,FALSE,0
"8568",8,"M",5,"Hispanic","High",1,NA,NA,NA,0,0,0,0,0,0,4,NA,NA,0
"8569",6,"M",3,"Black","Middle",4,0,0,0,0,0,0,0,0,0,2,NA,FALSE,1
"8570",6,"M",3,"Hispanic","Middle",4,0,0,0,0,0,0,0,0,0,4,1,FALSE,0
"8571",6,NA,3,"NHOPI","Middle",4,0,0,0,0,0,0,0,0,0,4,1,FALSE,0
"8572",6,"M",3,"White","Middle",4,0,0,0,0,0,0,0,0,0,2,1,FALSE,1
"8573",6,"M",3,"White","Middle",4,0,0,0,0,0,0,0,0,0,4,1,FALSE,0
"8574",6,"M",3,"Black","Middle",4,0,0,0,0,0,0,0,0,0,4,1,FALSE,0
"8575",7,"M",4,"Asian","High",4,0,0,0,0,0,0,0,0,0,3,1,FALSE,0
"8576",6,"F",4,"White","High",4,0,0,0,0,0,0,0,0,0,1,1,FALSE,1
"8577",6,"M",4,NA,"High",4,0,0,0,0,0,0,0,0,0,4,NA,FALSE,0
"8578",7,"F",4,"Asian","High",4,0,0,0,0,0,0,0,0,0,4,NA,FALSE,0
"8579",7,"M",4,"White","High",2,0,0,0,0,0,0,0,0,0,3,NA,FALSE,0
"8580",6,"M",4,"White","High",4,0,0,0,0,0,0,0,0,0,4,1,FALSE,0
"8581",6,"M",4,"White","High",4,0,0,0,0,0,0,0,0,NA,4,1,NA,0
"8582",6,"F",4,"Asian","High",4,0,0,0,0,0,0,0,0,0,4,1,FALSE,0
"8583",7,"M",4,"White","High",4,0,0,0,0,0,0,0,0,0,4,1,FALSE,0
"8584",6,"M",4,"White","High",4,0,0,0,0,0,1,0,0,1,3,NA,TRUE,0
"8585",6,"F",4,"Asian","High",4,0,0,0,0,0,0,0,0,0,1,1,FALSE,1
"8586",6,"M",4,"White","High",4,0,0,0,0,0,0,0,0,0,4,NA,FALSE,0
"8587",8,"F",4,"Hispanic","High",4,0,0,0,0,0,0,0,0,0,4,1,FALSE,0
"8588",6,"M",4,"Black","High",4,0,0,0,0,0,0,0,0,0,4,1,FALSE,0
"8589",7,"M",4,"White","High",4,0,0,0,NA,NA,NA,NA,NA,0,4,NA,NA,0
"8590",6,"F",4,"White","High",4,0,0,0,0,0,0,0,0,0,4,1,FALSE,0
"8591",6,"F",4,"White","High",4,0,0,0,0,0,0,0,0,0,2,NA,FALSE,1
"8592",6,"F",4,"White","High",4,0,0,0,0,0,0,0,0,0,4,NA,FALSE,0
"8593",7,"M",4,"AI/AN","High",4,0,0,0,0,0,0,0,0,0,4,1,FALSE,0
"8594",7,"M",4,"White","High",4,0,0,0,0,0,0,0,0,0,1,NA,FALSE,1
"8595",7,"M",4,"White","High",4,0,0,0,0,0,0,0,0,0,4,NA,FALSE,0
"8596",6,"F",4,"White","High",4,0,0,0,0,0,0,0,0,0,4,1,FALSE,0
"8597",7,"M",4,"White","High",4,0,0,0,0,0,1,0,0,0,4,NA,TRUE,0
"8598",9,"F",6,"White","High",4,0,0,0,0,0,0,0,0,0,4,1,FALSE,0
"8599",8,"M",6,"Asian","High",3,0,0,0,0,0,0,0,0,0,3,NA,FALSE,0
"8600",9,"F",6,"White","High",4,0,0,0,0,0,0,0,0,0,4,1,FALSE,0
"8601",9,"F",6,"White","High",4,0,0,0,0,0,0,0,0,0,4,NA,FALSE,0
"8602",10,"M",7,"White","High",3,0,0,0,0,0,1,0,0,1,2,NA,TRUE,1
"8603",8,"F",6,"White","High",1,0,1,0,0,0,0,0,0,0,1,NA,TRUE,1
"8604",8,"M",6,"Black","High",1,NA,0,0,0,0,0,0,0,0,1,NA,NA,1
"8605",9,"F",6,"White","High",3,0,0,0,0,0,0,0,0,0,2,1,FALSE,1
"8606",9,"M",6,"White","High",4,0,0,0,NA,NA,NA,NA,NA,0,4,1,NA,0
"8607",9,"F",6,NA,"High",4,0,0,0,0,0,0,0,0,0,4,1,FALSE,0
"8608",9,"M",6,"White","High",4,0,0,0,0,0,0,0,0,0,4,1,FALSE,0
"8609",9,"F",6,"White","High",4,0,0,0,0,0,0,0,0,0,1,1,FALSE,1
"8610",9,"M",6,NA,"High",3,0,0,0,0,0,0,0,0,0,3,NA,FALSE,0
"8611",8,"M",6,"Black","High",3,0,0,0,0,0,0,0,0,0,1,NA,FALSE,1
"8612",9,"F",6,"White","High",4,0,0,0,0,0,0,0,0,0,4,1,FALSE,0
"8613",10,"F",7,NA,"High",4,0,0,0,0,0,0,0,0,0,4,1,FALSE,0
"8614",8,"F",6,"White","High",4,0,0,0,0,0,0,0,0,0,4,1,FALSE,0
"8615",10,"M",7,"White","High",3,0,0,0,0,0,0,0,0,0,2,1,FALSE,1
"8616",8,"M",6,"Asian","High",2,0,0,0,0,0,0,0,0,0,2,NA,FALSE,1
"8617",8,"M",6,"White","High",4,0,0,0,0,0,0,0,0,0,3,NA,FALSE,0
"8618",9,"M",6,"Black","High",4,0,0,0,0,0,0,0,0,0,2,NA,FALSE,1
"8619",8,"M",6,"White","High",4,0,0,0,0,0,0,0,0,0,3,1,FALSE,0
"8620",8,"M",6,"White","High",4,0,0,0,0,0,0,0,0,0,4,NA,FALSE,0
"8621",9,"M",6,"White","High",4,0,0,0,0,0,0,0,0,0,3,1,FALSE,0
"8622",9,"M",6,"White","High",4,0,0,0,0,0,0,0,0,0,1,1,FALSE,1
"8623",10,"F",NA,"White",NA,4,0,0,0,0,0,0,0,0,0,4,1,FALSE,0
"8624",8,"F",6,"White","High",4,0,0,0,0,0,0,0,0,0,4,1,FALSE,0
"8625",8,"M",6,"White","High",4,0,0,0,0,0,0,0,0,0,3,1,FALSE,0
"8626",8,"M",6,"White","High",2,1,0,0,0,0,1,0,0,1,1,NA,TRUE,1
"8627",8,"M",6,"White","High",3,1,0,0,0,0,1,0,0,0,2,NA,TRUE,1
"8628",8,"M",6,"Asian","High",3,0,0,0,0,0,0,0,0,0,1,1,FALSE,1
"8629",8,"M",6,"White","High",3,0,0,0,0,0,0,0,0,1,1,NA,TRUE,1
"8630",9,"F",6,"White","High",4,0,0,0,0,0,0,0,0,0,4,1,FALSE,0
"8631",8,"F",6,"White","High",4,0,0,0,0,0,0,0,0,0,4,1,FALSE,0
"8632",8,"F",6,"White","High",4,0,0,0,0,0,0,0,0,0,4,NA,FALSE,0
"8633",10,"M",7,"White","High",4,0,0,0,0,0,0,0,0,0,4,1,FALSE,0
"8634",9,"F",6,"Black","High",3,0,NA,0,0,0,1,0,0,1,1,NA,TRUE,1
"8635",8,"F",6,"White","High",3,0,0,0,0,0,0,0,0,1,1,NA,TRUE,1
"8636",10,"F",6,"White","High",4,0,0,0,0,0,0,0,0,0,4,NA,FALSE,0
"8637",8,"F",6,NA,"High",4,0,0,0,0,0,0,0,0,0,4,NA,FALSE,0
"8638",8,"F",6,"White","High",3,0,0,0,0,0,0,0,0,0,2,1,FALSE,1
"8639",8,"F",6,"Asian","High",4,0,0,0,0,0,0,0,0,0,4,1,FALSE,0
"8640",9,"F",6,"Asian","High",1,0,0,0,0,0,0,0,0,0,1,1,FALSE,1
"8641",8,"M",6,"White","High",3,0,0,0,0,0,0,0,0,0,2,NA,FALSE,1
"8642",8,"M",6,"Black","High",2,1,0,0,0,0,0,0,0,0,1,1,TRUE,1
"8643",8,"F",6,"Black","High",1,0,0,0,0,0,0,0,0,1,1,NA,TRUE,1
"8644",9,"M",7,"White","High",3,0,0,0,0,0,0,0,0,0,4,1,FALSE,0
"8645",9,"M",6,NA,"High",3,0,1,0,0,0,1,0,0,1,1,NA,TRUE,1
"8646",9,"M",6,"White","High",4,0,0,0,0,0,0,0,0,0,4,NA,FALSE,0
"8647",8,"M",6,"White","High",2,0,1,0,0,0,1,0,0,0,1,NA,TRUE,1
"8648",8,"M",6,NA,"High",3,0,0,0,0,0,1,0,0,1,2,NA,TRUE,1
"8649",8,"M",6,"White","High",4,0,0,0,0,0,0,0,0,0,4,NA,FALSE,0
"8650",8,"M",6,"White","High",4,0,0,0,0,0,0,0,0,0,4,NA,FALSE,0
"8651",7,"M",6,"White","High",3,0,0,0,0,0,0,0,0,0,3,1,FALSE,0
"8652",10,"M",7,"White","High",4,0,0,0,0,0,0,0,0,0,4,NA,FALSE,0
"8653",9,"M",6,"Asian","High",2,0,0,0,0,0,0,0,0,0,1,1,FALSE,1
"8654",7,"M",5,"White","High",2,1,0,0,0,0,0,0,0,0,1,NA,TRUE,1
"8655",8,"M",5,"White","High",3,1,0,NA,0,0,1,0,0,1,1,NA,TRUE,1
"8656",7,"M",5,"White","High",3,0,0,0,0,0,0,0,0,0,3,NA,FALSE,0
"8657",9,"M",5,"Black","High",4,0,0,0,0,0,0,0,0,0,4,NA,FALSE,0
"8658",8,"M",5,"White","High",3,0,0,0,0,0,0,0,0,0,3,NA,FALSE,0
"8659",7,"M",5,"White","High",4,0,0,0,0,0,0,0,0,0,3,1,FALSE,0
"8660",8,"M",5,"White","High",4,0,0,0,NA,NA,NA,NA,NA,0,4,NA,NA,0
"8661",7,"F",5,"White","High",3,0,0,0,0,0,1,0,0,0,3,NA,TRUE,0
"8662",7,"M",5,"Hispanic","High",2,0,0,0,0,0,0,0,0,0,2,NA,FALSE,1
"8663",7,"M",5,"White","High",3,0,0,0,0,0,0,0,0,0,2,1,FALSE,1
"8664",7,"M",5,"Black","High",3,0,0,0,0,0,0,0,0,0,2,NA,FALSE,1
"8665",8,"M",5,"Black","High",3,0,0,0,0,1,0,0,0,0,2,1,TRUE,1
"8666",7,"M",5,"White","High",4,0,0,0,0,0,0,0,0,0,4,1,FALSE,0
"8667",8,"M",5,"White","High",4,0,0,0,0,0,0,0,0,0,NA,1,FALSE,NA
"8668",8,"M",5,"White","High",3,0,0,0,0,0,0,0,0,0,3,NA,FALSE,0
"8669",8,"M",5,"White","High",2,0,0,0,0,0,0,0,0,1,1,NA,TRUE,1
"8670",7,"F",4,"White","High",4,0,0,0,0,0,0,0,0,0,3,1,FALSE,0
"8671",7,"M",4,"White","High",4,0,0,0,0,0,0,0,0,0,4,1,FALSE,0
"8672",6,"M",4,"White","High",4,0,0,0,0,0,0,0,0,0,4,1,FALSE,0
"8673",7,"M",4,NA,"High",4,0,0,0,0,0,0,0,0,0,3,NA,FALSE,0
"8674",7,"F",4,"White","High",NA,0,NA,NA,0,0,0,0,0,NA,NA,NA,NA,NA
"8675",8,"F",6,"White","High",4,0,0,0,0,0,0,0,0,0,4,1,FALSE,0
"8676",7,"F",4,"White","High",4,0,0,0,0,0,0,0,0,0,4,1,FALSE,0
"8677",6,"F",4,"White","High",4,0,0,0,0,0,0,0,0,0,4,NA,FALSE,0
"8678",10,"F",7,"White","High",4,0,0,0,0,0,0,0,0,0,4,1,FALSE,0
"8679",8,"M",4,"White","High",3,1,0,0,0,0,0,0,0,1,2,NA,TRUE,1
"8680",8,"F",6,"Asian","High",3,0,0,0,0,0,0,0,0,0,1,NA,FALSE,1
"8681",6,"M",4,NA,"High",4,0,0,0,0,0,0,0,0,0,4,1,FALSE,0
"8682",7,"F",4,"NHOPI","High",3,0,0,0,0,0,0,0,0,0,3,NA,FALSE,0
"8683",6,"F",4,"White","High",4,0,0,0,0,0,0,0,0,0,4,1,FALSE,0
"8684",7,"F",4,"White","High",4,0,0,0,0,0,0,0,0,0,4,NA,FALSE,0
"8685",6,"F",4,"Black","High",3,0,0,0,0,0,0,0,0,0,2,NA,FALSE,1
"8686",6,"M",4,"White","High",4,0,0,0,0,1,0,0,0,0,2,NA,TRUE,1
"8687",6,"M",4,"White","High",4,0,0,0,0,0,0,0,0,0,4,NA,FALSE,0
"8688",6,"F",4,NA,"High",4,0,0,0,0,0,0,0,0,0,4,1,FALSE,0
"8689",8,"F",4,"White","High",4,0,0,0,0,0,0,0,0,0,3,NA,FALSE,0
"8690",7,"M",4,NA,"High",4,0,0,0,0,0,0,0,0,0,3,1,FALSE,0
"8691",6,"M",4,NA,"High",3,0,0,0,0,0,0,0,0,0,1,NA,FALSE,1
"8692",8,"M",6,NA,"High",1,0,0,0,NA,NA,NA,NA,NA,0,1,NA,NA,1
"8693",7,"M",4,"White","High",4,0,0,0,0,0,0,0,0,0,4,1,FALSE,0
"8694",7,"M",4,"White","High",4,0,0,0,0,0,0,0,0,0,4,NA,FALSE,0
"8695",7,"M",4,"White","High",3,0,0,0,0,0,0,0,0,0,2,NA,FALSE,1
"8696",6,"F",4,NA,"High",4,0,0,0,0,0,0,0,0,0,4,1,FALSE,0
"8697",7,"F",4,"Black","High",3,0,0,0,0,0,0,0,0,0,3,NA,FALSE,0
"8698",7,"F",4,"Black","High",2,0,0,0,0,0,0,0,0,0,4,1,FALSE,0
"8699",8,"M",6,NA,"High",3,0,0,0,0,0,0,0,0,0,3,NA,FALSE,0
"8700",9,"F",6,"Black","High",3,0,0,0,0,0,0,0,0,0,2,1,FALSE,1
"8701",8,"F",6,"Asian","High",3,0,0,0,0,0,0,0,0,0,4,1,FALSE,0
"8702",9,"F",6,"Asian","High",4,0,0,0,0,0,0,0,0,0,1,NA,FALSE,1
"8703",9,"M",6,"Asian","High",3,0,0,0,0,0,0,0,0,0,3,1,FALSE,0
"8704",8,"F",6,NA,"High",4,0,0,0,0,0,0,0,0,0,3,1,FALSE,0
"8705",10,"M",7,NA,"High",4,0,0,NA,0,0,0,0,0,0,4,NA,NA,0
"8706",8,"F",6,"White","High",4,0,0,0,0,0,0,0,0,0,4,1,FALSE,0
"8707",8,"M",6,"White","High",4,0,0,0,0,0,0,0,0,0,4,1,FALSE,0
"8708",9,"M",6,"Black","High",2,1,NA,0,0,0,0,0,0,1,2,NA,TRUE,1
"8709",8,"F",6,"White","High",4,0,0,0,0,0,0,0,0,0,4,1,FALSE,0
"8710",9,"F",6,"White","High",4,0,0,0,0,0,0,0,0,0,4,1,FALSE,0
"8711",8,"M",6,"White","High",4,0,0,0,NA,NA,NA,NA,NA,0,2,NA,NA,1
"8712",8,"F",5,"White","High",4,0,0,0,0,0,0,0,0,0,4,1,FALSE,0
"8713",9,"F",7,"White","High",4,0,0,0,0,0,0,0,0,0,4,1,FALSE,0
"8714",8,"M",6,"White","High",4,0,0,0,0,0,1,0,0,0,2,1,TRUE,1
"8715",8,"F",5,"White","High",4,0,0,0,0,0,0,0,0,0,4,1,FALSE,0
"8716",7,"F",5,"White","High",4,1,0,0,0,0,1,0,0,1,2,NA,TRUE,1
"8717",7,"F",5,NA,"High",4,0,0,0,0,0,0,0,0,0,4,NA,FALSE,0
"8718",8,"F",5,"Black","High",4,0,0,0,0,0,0,0,0,0,2,1,FALSE,1
"8719",8,"F",5,"White","High",4,0,0,0,0,0,0,0,0,0,4,1,FALSE,0
"8720",7,"M",5,"White","High",4,0,0,0,0,0,1,0,0,0,2,1,TRUE,1
"8721",7,"M",5,"White","High",4,0,0,0,0,0,0,0,0,0,3,1,FALSE,0
"8722",7,"F",5,"White","High",4,0,0,0,0,0,0,0,0,0,4,1,FALSE,0
"8723",7,"M",5,"White","High",3,0,0,0,0,0,0,0,0,0,2,1,FALSE,1
"8724",9,"M",7,"White","High",3,0,0,0,0,0,0,0,0,1,1,NA,TRUE,1
"8725",7,"F",5,"White","High",3,0,0,0,0,0,0,0,0,0,1,1,FALSE,1
"8726",7,"F",5,"White","High",4,0,0,0,0,0,0,0,0,0,4,1,FALSE,0
"8727",7,"F",5,"White","High",3,0,0,0,0,0,0,0,0,0,1,NA,FALSE,1
"8728",7,"F",5,"White","High",3,0,0,0,NA,NA,NA,NA,NA,0,4,NA,NA,0
"8729",9,"M",6,"White","High",4,0,0,0,0,0,0,0,0,0,4,1,FALSE,0
"8730",8,"M",5,"White","High",1,0,0,0,0,0,0,0,0,0,2,NA,FALSE,1
"8731",8,"F",5,"White","High",4,0,0,0,0,0,0,0,0,0,3,NA,FALSE,0
"8732",8,"M",5,"White","High",3,0,0,0,0,0,0,0,0,0,2,NA,FALSE,1
"8733",7,"F",5,"Asian","High",1,0,1,0,0,0,1,0,0,0,1,NA,TRUE,1
"8734",7,"M",5,"Asian","High",4,0,0,0,0,0,0,0,0,0,4,1,FALSE,0
"8735",7,"M",5,"White","High",3,0,0,0,0,0,0,0,0,0,2,NA,FALSE,1
"8736",8,"F",5,"White","High",3,0,0,0,0,0,0,0,0,0,3,1,FALSE,0
"8737",8,"M",5,"White","High",4,0,0,0,0,0,0,0,0,0,4,1,FALSE,0
"8738",7,"M",5,"White","High",4,0,0,0,0,0,0,0,0,0,4,1,FALSE,0
"8739",8,"F",6,"White","High",3,0,0,0,0,0,0,0,0,0,3,1,FALSE,0
"8740",9,"F",6,"White","High",4,0,0,0,0,0,0,0,0,0,4,NA,FALSE,0
"8741",7,"F",5,"White","High",4,0,0,0,0,0,0,0,0,0,4,1,FALSE,0
"8742",7,"M",5,"White","High",4,0,0,0,0,0,0,0,0,0,4,NA,FALSE,0
"8743",7,"F",5,"Black","High",4,0,0,0,0,0,0,0,0,0,2,NA,FALSE,1
"8744",7,"M",5,"White","High",3,0,0,0,0,0,0,0,0,0,2,1,FALSE,1
"8745",7,"F",5,"Black","High",4,0,0,0,0,0,0,0,0,0,4,NA,FALSE,0
"8746",8,"F",5,"White","High",4,0,0,0,0,0,0,0,0,0,4,NA,FALSE,0
"8747",6,"F",5,"Black","High",2,0,0,0,0,0,0,0,0,0,4,1,FALSE,0
"8748",8,"M",5,"Black","High",4,0,0,0,0,0,0,0,0,0,4,NA,FALSE,0
"8749",8,"M",5,"White","High",4,0,0,0,0,0,0,0,0,0,4,1,FALSE,0
"8750",7,"M",5,"White","High",2,1,0,0,0,0,1,0,0,1,1,NA,TRUE,1
"8751",9,"M",6,"White","High",4,0,0,0,0,0,0,0,0,0,4,1,FALSE,0
"8752",9,"F",6,"White","High",4,0,0,0,0,0,0,0,0,0,2,NA,FALSE,1
"8753",7,"M",5,"Asian","High",4,0,0,0,0,0,0,0,0,0,4,NA,FALSE,0
"8754",11,"F",7,"White","High",4,0,0,0,0,0,0,0,0,0,3,1,FALSE,0
"8755",8,"F",6,"Asian","High",4,0,0,0,0,0,0,0,0,0,4,1,FALSE,0
"8756",9,"F",6,NA,"High",4,0,0,0,0,0,0,0,0,0,4,NA,FALSE,0
"8757",8,"F",6,"Asian","High",4,0,0,0,0,0,0,0,0,0,4,1,FALSE,0
"8758",9,"M",7,"White","High",3,0,0,0,0,0,1,0,0,0,1,NA,TRUE,1
"8759",9,"F",6,"White","High",4,0,0,0,0,0,0,0,0,0,4,1,FALSE,0
"8760",8,"F",6,"White","High",4,0,0,0,0,0,0,0,0,0,4,1,FALSE,0
"8761",8,"M",6,"White","High",3,0,0,0,0,0,0,0,0,0,2,1,FALSE,1
"8762",9,"M",6,"White","High",4,0,0,0,0,0,0,0,0,0,4,1,FALSE,0
"8763",8,"M",6,"White","High",4,0,0,0,NA,NA,NA,NA,NA,1,2,NA,TRUE,1
"8764",9,"M",6,"White","High",4,0,0,0,0,0,0,0,0,0,4,NA,FALSE,0
"8765",8,"F",6,"White","High",3,0,0,0,0,0,0,0,0,0,2,NA,FALSE,1
"8766",8,"F",6,"White","High",4,0,0,0,0,0,0,0,0,0,4,NA,FALSE,0
"8767",9,"M",6,"Asian","High",4,0,0,0,0,0,0,0,0,0,4,1,FALSE,0
"8768",10,"M",6,"Asian","High",3,1,0,0,0,0,1,0,0,1,2,NA,TRUE,1
"8769",9,"F",6,"White","High",4,0,0,0,0,0,0,0,0,0,4,1,FALSE,0
"8770",9,"M",6,"Asian","High",4,0,0,0,0,0,0,0,0,0,2,1,FALSE,1
"8771",9,"F",7,NA,"High",4,0,0,0,0,0,0,0,0,0,4,NA,FALSE,0
"8772",8,"F",6,"Hispanic","High",2,0,1,0,0,0,0,0,0,0,1,NA,TRUE,1
"8773",8,"M",6,"Black","High",4,0,0,0,0,0,0,0,0,0,4,1,FALSE,0
"8774",9,"F",6,"White","High",3,0,0,0,0,0,0,0,0,0,4,1,FALSE,0
"8775",9,"M",6,"White","High",4,0,0,0,0,0,0,0,0,0,4,1,FALSE,0
"8776",8,"M",6,"White","High",2,0,0,0,0,0,0,0,0,0,4,1,FALSE,0
"8777",9,"M",6,NA,"High",4,0,0,0,0,0,0,0,0,0,4,NA,FALSE,0
"8778",8,"F",6,"White","High",4,0,0,0,0,0,0,0,0,0,4,1,FALSE,0
"8779",9,"M",6,"Black","High",4,0,0,0,0,0,0,0,0,0,4,NA,FALSE,0
"8780",9,"M",6,"Black","High",4,0,0,0,0,0,0,0,0,0,4,1,FALSE,0
"8781",8,"F",6,"Black","High",4,0,0,0,0,0,0,0,0,0,2,1,FALSE,1
"8782",8,"F",6,"AI/AN","High",4,0,0,0,0,0,0,0,0,0,4,1,FALSE,0
"8783",9,"M",6,"Asian","High",4,0,0,0,0,0,0,0,0,0,3,1,FALSE,0
"8784",11,"F",8,"Hispanic",NA,4,NA,NA,NA,0,0,0,0,0,NA,4,1,NA,0
"8785",4,"F",2,"White","Middle",4,0,0,0,0,0,0,0,0,0,4,1,FALSE,0
"8786",5,"F",2,NA,"Middle",4,0,0,0,0,0,0,0,0,0,4,1,FALSE,0
"8787",4,"F",2,"White","Middle",4,0,0,0,0,0,0,0,0,0,4,NA,FALSE,0
"8788",5,"M",2,"White","Middle",4,0,0,0,0,0,0,0,0,0,4,NA,FALSE,0
"8789",5,"M",2,NA,"Middle",4,0,0,0,0,0,0,0,0,0,4,NA,FALSE,0
"8790",5,"F",2,"White","Middle",3,0,0,0,0,0,0,0,0,0,4,1,FALSE,0
"8791",5,"F",2,"White","Middle",4,0,0,0,0,0,0,0,0,0,4,1,FALSE,0
"8792",5,"F",2,"White","Middle",4,0,0,0,0,0,0,0,0,0,4,1,FALSE,0
"8793",5,"M",2,"White","Middle",3,0,0,0,0,0,0,0,0,0,3,NA,FALSE,0
"8794",4,"F",2,"White","Middle",4,0,0,0,0,0,0,0,0,0,4,1,FALSE,0
"8795",4,"F",2,"White","Middle",4,0,0,0,0,0,0,0,0,0,4,1,FALSE,0
"8796",5,"F",2,"White","Middle",4,0,0,0,0,0,0,0,0,0,4,1,FALSE,0
"8797",4,"F",2,"White","Middle",4,0,0,0,0,0,0,0,0,0,4,1,FALSE,0
"8798",5,"M",2,"White","Middle",4,0,0,NA,0,0,0,0,0,0,2,NA,NA,1
"8799",4,"M",2,"Black","Middle",4,0,0,0,0,0,0,0,0,0,4,1,FALSE,0
"8800",5,"F",2,"White","Middle",4,0,0,0,0,0,0,0,0,0,4,1,FALSE,0
"8801",5,"M",3,"White","Middle",4,0,0,0,0,0,0,0,0,0,4,NA,FALSE,0
"8802",5,"M",3,"White","Middle",4,0,0,0,0,0,0,0,0,0,4,1,FALSE,0
"8803",5,"M",3,"White","Middle",4,0,0,0,0,0,0,0,0,0,2,NA,FALSE,1
"8804",6,"M",3,"White","Middle",3,0,0,0,0,0,0,0,0,0,2,NA,FALSE,1
"8805",5,"M",3,"White","Middle",4,0,0,0,0,0,0,0,0,0,3,NA,FALSE,0
"8806",6,"M",3,"White","Middle",4,0,0,0,0,0,0,0,0,0,4,1,FALSE,0
"8807",6,"F",3,"White","Middle",4,0,0,0,0,0,0,0,0,0,4,1,FALSE,0
"8808",6,"F",3,"White","Middle",4,0,0,0,0,0,0,0,0,0,4,1,FALSE,0
"8809",5,"F",3,"White","Middle",4,0,0,0,0,0,0,0,0,0,4,1,FALSE,0
"8810",6,"F",3,"White","Middle",4,0,0,0,0,0,0,0,0,0,4,1,FALSE,0
"8811",4,"F",1,"White","Middle",4,0,0,0,0,0,0,0,0,0,3,1,FALSE,0
"8812",3,"M",1,"White","Middle",4,0,0,0,0,0,0,0,0,0,4,NA,FALSE,0
"8813",4,NA,1,NA,"Middle",4,0,0,0,0,0,0,0,0,0,4,1,FALSE,0
"8814",3,"M",1,"Black","Middle",4,0,0,0,0,0,0,0,0,0,4,1,FALSE,0
"8815",4,"F",1,"White","Middle",4,0,0,0,0,0,0,0,0,0,4,1,FALSE,0
"8816",3,"F",1,"White","Middle",3,0,0,0,0,0,0,0,0,0,4,NA,FALSE,0
"8817",4,"F",1,"White","Middle",3,0,0,0,0,0,0,0,0,0,4,1,FALSE,0
"8818",3,"F",1,"White","Middle",4,0,0,0,0,0,0,0,0,0,4,1,FALSE,0
"8819",3,"F",1,"White","Middle",4,0,0,0,0,0,0,0,0,0,2,1,FALSE,1
"8820",3,"F",1,"White","Middle",4,0,0,0,0,0,0,0,0,0,4,1,FALSE,0
"8821",4,"M",1,"White","Middle",4,0,0,0,0,0,0,0,0,0,4,1,FALSE,0
"8822",4,"M",1,NA,"Middle",4,0,0,0,0,0,0,0,0,0,4,1,FALSE,0
"8823",4,"M",1,"White","Middle",4,0,0,0,0,0,0,0,0,0,4,1,FALSE,0
"8824",6,"M",3,"Black","Middle",4,0,0,0,0,0,0,0,0,0,3,1,FALSE,0
"8825",6,"M",3,"White","Middle",4,0,0,0,0,0,0,0,0,0,4,1,FALSE,0
"8826",5,"M",3,"White","Middle",4,0,0,0,0,0,0,0,0,0,3,NA,FALSE,0
"8827",5,"M",3,NA,"Middle",4,0,0,0,0,0,0,0,0,0,2,1,FALSE,1
"8828",5,"M",3,"White","Middle",4,0,0,0,0,0,0,0,0,0,2,NA,FALSE,1
"8829",6,"M",3,"White","Middle",4,0,0,0,0,0,0,0,0,0,4,1,FALSE,0
"8830",5,"M",3,"White","Middle",4,0,0,0,NA,NA,NA,NA,NA,0,4,1,NA,0
"8831",6,"F",3,"Black","Middle",3,0,0,0,0,0,0,0,0,0,4,1,FALSE,0
"8832",5,"F",3,"Black","Middle",4,0,0,0,0,0,0,0,0,0,3,NA,FALSE,0
"8833",5,"F",3,"Black","Middle",3,0,0,0,0,0,0,0,0,0,1,NA,FALSE,1
"8834",6,"M",3,"White","Middle",3,0,0,0,0,0,0,0,0,0,4,NA,FALSE,0
"8835",6,"M",3,"White","Middle",4,0,0,0,0,0,0,0,0,0,4,NA,FALSE,0
"8836",5,"F",3,"White","Middle",3,0,0,0,0,0,0,0,0,0,2,1,FALSE,1
"8837",6,"F",3,"White","Middle",4,0,0,0,0,0,0,0,0,0,3,NA,FALSE,0
"8838",6,"F",3,"White","Middle",4,0,0,0,0,0,0,0,0,0,4,NA,FALSE,0
"8839",6,"F",3,"Hispanic","Middle",4,0,NA,0,0,0,0,0,0,0,4,1,NA,0
"8840",5,"F",3,"White","Middle",4,0,0,0,0,0,0,0,0,0,4,1,FALSE,0
"8841",6,"F",3,"White","Middle",4,0,0,0,0,0,0,0,0,0,3,NA,FALSE,0
"8842",6,"F",3,"Black","Middle",4,0,0,0,0,0,0,0,0,0,4,1,FALSE,0
"8843",6,"M",3,"Asian","Middle",4,0,0,0,0,0,0,0,0,0,1,1,FALSE,1
"8844",6,"M",3,"White","Middle",4,0,0,0,0,0,0,0,0,0,4,NA,FALSE,0
"8845",6,"M",3,"White","Middle",4,0,0,0,0,0,0,0,0,0,3,1,FALSE,0
"8846",6,"M",3,"White","Middle",4,0,0,0,0,0,0,0,0,0,4,1,FALSE,0
"8847",5,"F",3,"White","Middle",4,0,0,0,0,0,0,0,0,0,4,1,FALSE,0
"8848",6,"M",3,"White","Middle",4,0,NA,0,0,0,0,0,0,0,4,NA,NA,0
"8849",5,"F",3,"White","Middle",4,0,0,0,0,0,0,0,0,0,4,1,FALSE,0
"8850",5,"F",3,"White","Middle",4,0,0,0,0,0,0,0,0,0,4,1,FALSE,0
"8851",6,"M",3,"White","Middle",4,0,0,0,0,0,0,0,0,0,4,NA,FALSE,0
"8852",6,"M",3,"White","Middle",4,0,0,0,0,0,0,0,0,0,2,1,FALSE,1
"8853",6,"M",3,"White","Middle",3,0,0,0,0,0,0,0,0,0,2,1,FALSE,1
"8854",5,"F",3,"Black","Middle",NA,0,NA,NA,0,0,0,0,0,NA,NA,1,NA,NA
"8855",6,"F",3,"White","Middle",4,0,0,0,0,0,0,0,0,0,2,1,FALSE,1
"8856",6,"M",3,"Asian","Middle",4,0,0,0,0,0,0,0,0,0,4,1,FALSE,0
"8857",5,"F",3,"White","Middle",4,0,0,0,0,0,0,0,0,0,4,NA,FALSE,0
"8858",5,"M",3,"Black","Middle",4,0,0,0,0,0,0,0,0,0,2,NA,FALSE,1
"8859",6,"M",3,"White","Middle",3,0,0,0,0,0,0,0,0,0,3,1,FALSE,0
"8860",6,"F",3,"White","Middle",4,0,0,0,0,0,0,0,0,0,3,NA,FALSE,0
"8861",5,"M",3,"White","Middle",4,0,0,0,0,0,0,0,0,0,4,NA,FALSE,0
"8862",6,"F",3,"Asian","Middle",4,0,0,0,0,0,0,0,0,0,4,1,FALSE,0
"8863",5,"M",3,"White","Middle",4,0,0,0,0,0,0,0,0,0,3,1,FALSE,0
"8864",5,"M",3,NA,"Middle",4,0,0,0,0,0,0,0,0,0,3,1,FALSE,0
"8865",5,"M",3,NA,"Middle",4,0,0,0,0,0,0,0,0,0,4,1,FALSE,0
"8866",5,"F",3,"White","Middle",4,0,0,0,0,0,0,0,0,0,4,1,FALSE,0
"8867",5,"F",3,"White","Middle",4,0,0,0,0,0,0,0,0,0,4,1,FALSE,0
"8868",6,"M",3,"White","Middle",3,0,0,0,0,0,0,0,0,1,2,NA,TRUE,1
"8869",5,"F",3,"White","Middle",4,0,0,0,0,0,0,0,0,0,3,NA,FALSE,0
"8870",6,"M",3,"White","Middle",3,0,0,0,0,0,0,0,0,0,4,1,FALSE,0
"8871",5,"F",3,"White","Middle",4,0,0,0,0,0,0,0,0,0,4,NA,FALSE,0
"8872",6,"F",3,"White","Middle",4,0,0,0,0,0,0,0,0,0,2,1,FALSE,1
"8873",4,"F",1,"White","Middle",4,0,0,0,0,0,0,0,0,0,4,1,FALSE,0
"8874",3,"F",1,"Hispanic","Middle",4,0,0,0,0,0,0,0,0,0,2,1,FALSE,1
"8875",3,"F",1,NA,"Middle",4,0,0,0,0,0,0,0,0,0,4,NA,FALSE,0
"8876",3,"F",1,"White","Middle",4,0,0,0,0,0,0,0,0,0,4,1,FALSE,0
"8877",3,"F",1,"White","Middle",4,0,0,0,0,0,0,0,0,0,4,1,FALSE,0
"8878",4,"F",1,"White","Middle",4,0,0,0,0,0,0,0,0,0,4,1,FALSE,0
"8879",3,"F",1,"White","Middle",4,0,0,0,0,0,0,0,0,0,4,1,FALSE,0
"8880",3,"F",1,NA,"Middle",4,0,0,0,0,0,0,0,0,0,4,1,FALSE,0
"8881",3,"F",1,"White","Middle",4,0,0,0,0,0,0,0,0,0,4,NA,FALSE,0
"8882",4,"F",1,"White","Middle",4,0,0,0,0,0,0,0,0,0,4,1,FALSE,0
"8883",3,"M",1,"White","Middle",4,0,0,0,0,0,0,0,0,0,4,1,FALSE,0
"8884",3,"M",1,"White","Middle",4,0,0,0,0,0,0,0,0,0,4,1,FALSE,0
"8885",3,"M",1,"White","Middle",4,0,0,0,0,0,0,0,0,0,4,1,FALSE,0
"8886",4,"M",1,"Black","Middle",4,0,0,0,0,0,0,0,0,0,4,1,FALSE,0
"8887",4,"M",1,"White","Middle",4,0,0,0,0,0,0,0,0,0,2,NA,FALSE,1
"8888",3,"M",1,"Asian","Middle",4,0,0,0,0,0,0,0,0,0,3,1,FALSE,0
"8889",3,"M",1,"White","Middle",4,0,0,0,0,0,0,0,0,0,3,1,FALSE,0
"8890",3,"M",1,"Black","Middle",4,0,0,0,0,0,0,0,0,0,4,NA,FALSE,0
"8891",4,"F",1,"White","Middle",4,0,0,0,0,0,0,0,0,0,4,1,FALSE,0
"8892",3,"F",1,NA,"Middle",4,0,0,0,0,0,0,0,0,0,4,1,FALSE,0
"8893",3,"F",1,"White","Middle",4,0,0,0,0,0,0,0,0,0,4,1,FALSE,0
"8894",3,"F",1,"White","Middle",4,0,0,0,0,0,0,0,0,0,4,1,FALSE,0
"8895",3,"M",1,"White","Middle",4,0,0,0,0,0,0,0,0,0,3,1,FALSE,0
"8896",4,"M",1,NA,"Middle",4,0,0,0,0,0,0,0,0,0,4,1,FALSE,0
"8897",4,"M",1,"Hispanic","Middle",4,0,0,0,0,0,0,0,0,0,4,1,FALSE,0
"8898",4,"M",1,NA,"Middle",4,0,0,0,0,0,0,0,0,0,4,1,FALSE,0
"8899",3,"M",1,"Black","Middle",4,0,0,0,NA,NA,NA,NA,NA,0,4,1,NA,0
"8900",3,"M",1,"White","Middle",4,0,0,0,0,0,0,0,0,0,2,1,FALSE,1
"8901",4,"M",1,"White","Middle",4,0,0,0,0,0,0,0,0,0,2,NA,FALSE,1
"8902",3,"M",1,"Hispanic","Middle",3,0,0,0,0,0,0,0,0,0,4,1,FALSE,0
"8903",5,"F",3,"White","Middle",4,0,0,0,0,0,0,0,0,0,4,NA,FALSE,0
"8904",5,"F",3,"White","Middle",4,0,0,0,0,0,0,0,0,0,4,NA,FALSE,0
"8905",6,"F",3,"White","Middle",4,0,0,0,0,0,0,0,0,0,3,NA,FALSE,0
"8906",6,"F",3,"White","Middle",4,0,0,0,0,0,0,0,0,0,4,1,FALSE,0
"8907",6,"M",3,"White","Middle",4,0,0,0,0,0,0,0,0,0,4,NA,FALSE,0
"8908",5,"M",3,NA,"Middle",4,0,0,0,0,0,0,0,0,0,4,1,FALSE,0
"8909",6,"M",3,"Hispanic","Middle",4,0,0,0,0,0,0,0,0,0,4,1,FALSE,0
"8910",6,"M",3,"White","Middle",4,0,0,0,0,0,0,0,0,0,4,NA,FALSE,0
"8911",6,"F",3,"White","Middle",4,0,0,0,0,0,0,0,0,0,4,1,FALSE,0
"8912",5,"F",3,"White","Middle",4,0,0,0,0,0,0,0,0,0,4,1,FALSE,0
"8913",4,"F",2,"White","Middle",4,0,0,0,0,0,0,0,0,0,4,1,FALSE,0
"8914",4,"F",2,"White","Middle",4,0,0,0,0,0,0,0,0,0,4,1,FALSE,0
"8915",5,"M",2,"White","Middle",4,0,0,0,0,0,0,0,0,0,4,NA,FALSE,0
"8916",4,"F",2,"White","Middle",4,0,0,0,0,0,0,0,0,0,4,1,FALSE,0
"8917",5,"F",2,"White","Middle",4,0,0,0,0,0,0,0,0,0,4,1,FALSE,0
"8918",5,"M",2,"Hispanic","Middle",4,0,0,0,0,0,0,0,0,0,4,1,FALSE,0
"8919",5,"M",2,"White","Middle",4,0,0,0,0,0,0,0,0,0,4,1,FALSE,0
"8920",5,"F",2,"White","Middle",4,0,0,0,0,0,0,0,0,0,3,NA,FALSE,0
"8921",4,"F",2,"White","Middle",4,0,0,0,0,0,0,0,0,0,4,1,FALSE,0
"8922",4,"M",2,NA,"Middle",4,0,0,0,0,0,0,0,0,0,3,1,FALSE,0
"8923",4,"M",2,"Asian","Middle",4,0,0,0,0,0,0,0,0,0,4,1,FALSE,0
"8924",4,"M",2,"Black","Middle",4,0,0,0,0,0,0,0,0,0,4,1,FALSE,0
"8925",4,"F",2,"White","Middle",4,0,0,0,0,0,0,0,0,0,4,1,FALSE,0
"8926",4,"F",2,"White","Middle",4,0,0,0,0,0,0,0,0,0,4,1,FALSE,0
"8927",4,"M",2,NA,"Middle",4,0,0,0,0,0,0,0,0,0,4,NA,FALSE,0
"8928",5,"F",2,"White","Middle",4,0,0,0,0,0,0,0,0,0,4,1,FALSE,0
"8929",4,"M",1,"White","Middle",4,0,0,0,0,0,0,0,0,0,4,1,FALSE,0
"8930",3,"F",1,"White","Middle",4,0,0,0,0,0,0,0,0,0,4,1,FALSE,0
"8931",3,"M",1,NA,"Middle",4,0,0,0,0,0,0,0,0,0,4,1,FALSE,0
"8932",3,"M",1,"Asian","Middle",4,0,0,0,0,0,0,0,0,0,4,1,FALSE,0
"8933",4,"M",1,"White","Middle",4,0,0,0,0,0,0,0,0,0,4,1,FALSE,0
"8934",4,"M",1,"AI/AN","Middle",4,0,0,0,0,0,0,0,0,0,4,1,FALSE,0
"8935",3,"M",1,"Black","Middle",4,0,0,0,0,0,0,0,0,0,4,1,FALSE,0
"8936",4,"F",1,"White","Middle",4,0,0,0,0,0,0,0,0,0,4,1,FALSE,0
"8937",4,"M",1,"White","Middle",4,0,0,0,0,0,0,0,0,0,2,NA,FALSE,1
"8938",4,"M",1,"White","Middle",4,0,0,0,0,0,0,0,0,0,4,1,FALSE,0
"8939",4,"M",1,"White","Middle",4,0,0,0,0,0,0,0,0,0,4,NA,FALSE,0
"8940",3,"M",1,"White","Middle",4,0,0,0,0,0,0,0,0,0,4,1,FALSE,0
"8941",4,"F",1,NA,"Middle",4,0,0,0,0,0,0,0,0,0,4,1,FALSE,0
"8942",3,"M",1,"Asian","Middle",4,0,0,0,0,0,0,0,0,0,4,NA,FALSE,0
"8943",4,"M",1,"White","Middle",4,0,0,0,0,0,0,0,0,0,4,1,FALSE,0
"8944",3,"M",1,"White","Middle",4,0,0,0,0,0,0,0,0,0,4,1,FALSE,0
"8945",3,"M",1,"White","Middle",4,0,0,0,0,0,0,0,0,0,4,NA,FALSE,0
"8946",4,"F",1,"White","Middle",4,0,0,0,0,0,0,0,0,0,4,NA,FALSE,0
"8947",3,"F",1,"White","Middle",4,0,0,0,0,0,0,0,0,0,4,1,FALSE,0
"8948",3,"M",1,"White","Middle",4,0,0,0,0,0,0,0,0,0,4,1,FALSE,0
"8949",3,"M",1,"White","Middle",4,0,0,0,0,0,0,0,0,0,4,1,FALSE,0
"8950",3,"F",1,"White","Middle",4,0,0,0,0,0,0,0,0,0,4,1,FALSE,0
"8951",3,"F",1,"White","Middle",4,0,0,0,0,0,0,0,0,0,4,NA,FALSE,0
"8952",4,"M",1,"White","Middle",4,0,0,0,0,0,0,0,0,0,4,1,FALSE,0
"8953",4,"F",1,"White","Middle",4,0,0,0,0,0,0,0,0,0,4,1,FALSE,0
"8954",3,"M",1,"White","Middle",4,0,0,0,0,0,0,0,0,0,4,1,FALSE,0
"8955",4,"F",1,"White","Middle",4,0,0,0,0,0,0,0,0,0,4,1,FALSE,0
"8956",3,"F",1,"White","Middle",3,0,0,0,0,0,0,0,0,0,4,1,FALSE,0
"8957",4,"M",1,"White","Middle",4,0,0,0,0,0,0,0,0,0,4,1,FALSE,0
"8958",4,"M",1,"White","Middle",4,0,0,0,0,0,0,0,0,0,3,1,FALSE,0
"8959",3,"M",1,"White","Middle",4,0,0,0,0,0,0,0,0,0,4,1,FALSE,0
"8960",4,"M",1,"White","Middle",4,0,0,0,0,0,0,0,0,0,4,1,FALSE,0
"8961",4,"F",1,"White","Middle",4,0,0,0,0,0,0,0,0,0,4,1,FALSE,0
"8962",6,"M",3,"Black","Middle",4,0,0,0,0,0,0,0,0,0,4,1,FALSE,0
"8963",5,"F",2,"White","Middle",4,0,0,0,0,0,0,0,0,0,4,1,FALSE,0
"8964",5,"F",2,"White","Middle",4,0,0,0,0,0,0,0,0,0,4,NA,FALSE,0
"8965",4,"M",2,"White","Middle",3,0,0,0,0,0,0,0,0,0,4,1,FALSE,0
"8966",5,"F",2,"White","Middle",4,0,0,0,0,0,0,0,0,0,3,1,FALSE,0
"8967",4,"F",2,"White","Middle",4,0,0,0,0,0,0,0,0,0,3,NA,FALSE,0
"8968",4,"F",2,"White","Middle",4,0,0,0,0,0,0,0,0,0,4,1,FALSE,0
"8969",4,"M",2,"White","Middle",4,0,0,0,0,0,0,0,0,0,4,1,FALSE,0
"8970",5,"F",2,"White","Middle",4,0,0,0,0,0,0,0,0,0,4,1,FALSE,0
"8971",5,"F",2,"White","Middle",4,0,0,0,0,0,0,0,0,0,4,1,FALSE,0
"8972",5,"M",2,"Hispanic","Middle",4,0,0,0,0,0,0,0,0,0,2,NA,FALSE,1
"8973",5,"M",2,NA,"Middle",3,0,0,0,0,0,0,0,0,0,2,NA,FALSE,1
"8974",5,"M",2,"White","Middle",4,0,0,0,0,0,0,0,0,0,3,1,FALSE,0
"8975",5,"M",2,"White","Middle",4,0,0,0,0,0,0,0,0,0,4,NA,FALSE,0
"8976",4,"M",2,"White","Middle",4,0,0,0,0,0,0,0,0,0,4,1,FALSE,0
"8977",4,"F",2,"White","Middle",4,0,0,0,0,0,0,0,0,0,4,1,FALSE,0
"8978",4,"F",2,"White","Middle",4,0,0,0,0,0,0,0,0,0,4,1,FALSE,0
"8979",4,"F",2,"White","Middle",4,0,0,0,0,0,0,0,0,0,2,NA,FALSE,1
"8980",4,"F",2,"Asian","Middle",4,0,0,0,0,0,0,0,0,0,4,1,FALSE,0
"8981",6,"F",2,"Hispanic","Middle",3,1,0,0,0,0,1,0,0,0,1,1,TRUE,1
"8982",5,"M",2,"White","Middle",4,0,0,0,0,0,0,0,0,0,3,NA,FALSE,0
"8983",5,"M",2,"White","Middle",4,0,0,0,0,0,0,0,0,0,4,1,FALSE,0
"8984",4,"F",2,"White","Middle",4,0,0,0,0,0,0,0,0,0,4,NA,FALSE,0
"8985",4,"M",2,"White","Middle",4,0,0,0,0,0,0,0,0,0,4,1,FALSE,0
"8986",5,"F",2,"White","Middle",4,0,0,0,0,0,0,0,0,0,4,1,FALSE,0
"8987",5,"M",2,"White","Middle",3,0,0,0,NA,NA,NA,NA,NA,1,1,NA,TRUE,1
"8988",4,"F",2,"White","Middle",4,0,0,0,0,0,0,0,0,0,4,NA,FALSE,0
"8989",4,"F",2,"White","Middle",4,0,0,0,0,0,0,0,0,0,4,1,FALSE,0
"8990",5,"M",2,"White","Middle",4,0,0,0,0,0,0,0,0,0,4,NA,FALSE,0
"8991",4,NA,2,"White","Middle",4,0,0,0,0,0,0,0,0,0,4,1,FALSE,0
"8992",3,"M",2,"Black","Middle",1,1,1,1,1,0,1,1,1,1,1,NA,TRUE,1
"8993",4,"F",2,"White","Middle",4,0,0,0,NA,NA,NA,NA,NA,0,4,1,NA,0
"8994",4,"M",2,"White","Middle",4,0,0,0,0,0,0,0,0,0,4,1,FALSE,0
"8995",5,"F",2,"White","Middle",4,0,0,0,0,0,0,0,0,0,4,1,FALSE,0
"8996",4,"F",2,"White","Middle",4,0,0,0,0,0,0,0,0,0,4,NA,FALSE,0
"8997",4,"M",2,"White","Middle",4,0,0,0,0,0,0,0,0,0,3,1,FALSE,0
"8998",5,"M",2,"White","Middle",4,0,0,0,0,0,0,0,0,0,4,NA,FALSE,0
"8999",4,"F",2,"White","Middle",4,0,0,0,0,0,0,0,0,0,4,1,FALSE,0
"9000",5,"F",2,"Black","Middle",4,0,0,0,0,0,0,0,0,0,4,1,FALSE,0
"9001",5,"M",2,"White","Middle",3,0,0,0,0,0,0,0,0,0,4,NA,FALSE,0
"9002",4,"M",2,"Asian","Middle",4,0,0,0,0,0,0,0,0,0,4,1,FALSE,0
"9003",4,"M",2,"White","Middle",1,1,1,0,1,0,0,1,0,1,1,1,TRUE,1
"9004",4,"M",2,NA,"Middle",4,0,0,0,0,0,0,0,0,0,4,NA,FALSE,0
"9005",4,"F",2,"White","Middle",4,0,0,0,0,0,0,0,0,0,4,1,FALSE,0
"9006",4,"M",2,"White","Middle",4,0,0,0,0,0,0,0,0,0,2,1,FALSE,1
"9007",4,"F",2,"White","Middle",4,0,0,0,0,0,0,0,0,0,4,NA,FALSE,0
"9008",5,"M",2,"AI/AN","Middle",3,0,0,0,0,0,0,0,0,0,1,NA,FALSE,1
"9009",5,"F",2,"Hispanic","Middle",4,0,0,0,0,0,0,0,0,0,4,1,FALSE,0
"9010",7,"M",5,"White","High",3,0,0,0,0,0,0,0,0,0,2,1,FALSE,1
"9011",8,"M",5,"White","High",3,0,0,0,0,0,0,0,0,0,3,1,FALSE,0
"9012",8,"M",5,"NHOPI","High",4,NA,NA,1,NA,NA,NA,NA,NA,1,4,NA,TRUE,0
"9013",8,"M",5,"White","High",1,0,1,1,1,0,0,0,0,1,1,NA,TRUE,1
"9014",7,"F",5,"White","High",2,1,0,0,0,0,0,0,0,0,4,NA,TRUE,0
"9015",7,"F",5,"Hispanic","High",4,0,0,0,0,0,0,0,0,0,4,1,FALSE,0
"9016",8,"F",5,"White","High",3,1,0,0,1,0,1,0,0,1,1,NA,TRUE,1
"9017",7,"M",5,"White","High",4,0,0,0,0,0,0,0,0,0,4,1,FALSE,0
"9018",8,"F",5,"White","High",4,0,0,0,0,0,0,0,0,1,2,NA,TRUE,1
"9019",8,"M",5,"White","High",4,0,0,0,0,0,0,0,0,0,3,1,FALSE,0
"9020",8,"M",5,"Black","High",4,0,0,0,0,0,0,0,0,0,4,1,FALSE,0
"9021",8,"M",5,"White","High",4,0,0,0,0,0,0,0,0,0,4,NA,FALSE,0
"9022",7,"F",5,"White","High",4,0,0,0,0,0,0,0,0,0,4,1,FALSE,0
"9023",7,"M",5,"White","High",3,0,0,0,0,0,0,0,0,0,4,1,FALSE,0
"9024",7,"M",5,"White","High",3,0,0,0,0,0,0,0,0,0,1,1,FALSE,1
"9025",7,"M",5,"White","High",4,0,0,0,0,0,0,0,0,0,4,NA,FALSE,0
"9026",8,"F",6,"White","High",4,0,0,0,0,0,0,0,0,0,4,NA,FALSE,0
"9027",8,"F",6,"Black","High",4,0,0,0,0,0,0,0,0,0,4,1,FALSE,0
"9028",8,"F",6,"White","High",3,0,0,0,0,0,0,0,0,0,4,1,FALSE,0
"9029",8,"F",6,"White","High",4,1,0,0,0,0,0,0,0,0,4,NA,TRUE,0
"9030",8,"F",6,"White","High",3,0,0,0,0,0,0,0,0,1,1,NA,TRUE,1
"9031",8,"F",6,"White","High",4,0,0,0,0,0,0,0,0,0,3,1,FALSE,0
"9032",8,"F",6,"White","High",4,0,0,0,0,0,0,0,0,0,4,1,FALSE,0
"9033",8,"F",6,"White","High",4,0,0,0,0,0,0,0,0,0,4,NA,FALSE,0
"9034",9,"F",6,"Black","High",3,0,0,0,0,0,0,0,0,0,2,1,FALSE,1
"9035",7,"M",5,"Black","High",4,0,0,0,0,0,0,0,0,0,2,1,FALSE,1
"9036",9,"F",5,"White","High",2,0,0,0,0,0,0,0,0,0,1,1,FALSE,1
"9037",8,"M",5,"White","High",3,0,0,0,0,0,0,0,0,0,4,1,FALSE,0
"9038",8,"M",5,"Black","High",4,0,0,0,NA,NA,NA,NA,NA,0,1,1,NA,1
"9039",8,"M",5,"Hispanic","High",1,1,1,0,1,1,1,0,0,0,1,1,TRUE,1
"9040",7,"M",5,"White","High",3,0,0,0,0,0,0,0,0,0,3,1,FALSE,0
"9041",9,"M",7,"White","High",1,1,1,1,0,0,1,0,0,1,1,1,TRUE,1
"9042",9,"M",7,"White","High",2,0,1,1,0,0,0,1,0,0,2,1,TRUE,1
"9043",10,"M",7,"Black","High",2,0,0,0,0,0,0,0,0,0,4,1,FALSE,0
"9044",10,"M",7,"White","High",4,0,0,0,0,0,0,0,0,0,4,1,FALSE,0
"9045",9,"M",7,"Black","High",3,0,0,0,0,0,1,0,0,0,3,1,TRUE,0
"9046",10,"M",7,"White","High",2,0,NA,0,0,0,1,0,0,1,1,NA,TRUE,1
"9047",10,"M",7,"White","High",3,0,0,0,0,0,0,0,0,0,4,1,FALSE,0
"9048",9,"F",6,"White","High",4,0,0,0,0,0,0,0,0,0,4,1,FALSE,0
"9049",8,"M",6,"Asian","High",3,0,0,0,0,0,0,0,0,0,1,1,FALSE,1
"9050",9,"M",6,"White","High",4,0,0,0,0,0,0,0,0,0,4,1,FALSE,0
"9051",8,"M",6,"White","High",4,0,0,0,0,0,0,0,0,0,2,NA,FALSE,1
"9052",10,"F",7,"White","High",4,0,0,0,0,0,0,0,0,0,4,1,FALSE,0
"9053",9,"M",7,"White","High",4,0,0,0,0,0,0,0,0,0,4,NA,FALSE,0
"9054",9,"M",7,"White","High",3,0,0,0,0,0,0,0,0,0,2,1,FALSE,1
"9055",7,"F",4,"White","High",4,0,0,0,0,0,0,0,0,0,4,1,FALSE,0
"9056",6,"M",4,"White","High",4,0,0,0,0,0,0,0,0,0,4,1,FALSE,0
"9057",7,"M",4,"White","High",4,0,0,0,0,0,0,0,0,0,4,NA,FALSE,0
"9058",6,"F",4,"White","High",4,0,0,0,0,0,0,0,0,0,1,1,FALSE,1
"9059",7,"F",4,"White","High",4,0,0,0,0,0,0,0,0,0,2,NA,FALSE,1
"9060",6,"M",4,"Asian","High",4,0,0,0,0,0,0,0,0,0,4,1,FALSE,0
"9061",6,"F",4,"White","High",3,0,0,0,0,0,0,0,0,0,2,NA,FALSE,1
"9062",7,"F",4,"Asian","High",4,0,0,0,0,0,0,0,0,0,4,1,FALSE,0
"9063",7,"M",4,"White","High",4,0,0,0,0,0,0,0,0,0,3,1,FALSE,0
"9064",7,"F",4,"White","High",4,0,0,0,0,0,0,0,0,0,4,1,FALSE,0
"9065",6,"M",4,"White","High",4,0,0,0,0,0,0,0,0,0,4,1,FALSE,0
"9066",6,"M",4,"White","High",3,0,0,0,0,0,0,0,0,1,2,NA,TRUE,1
"9067",9,"M",6,"White","High",4,1,0,0,0,0,0,0,0,1,1,NA,TRUE,1
"9068",8,"F",6,"Black","High",4,0,0,0,0,0,0,0,0,0,2,1,FALSE,1
"9069",8,"F",6,"Black","High",4,0,0,0,0,0,0,0,0,0,4,1,FALSE,0
"9070",8,"F",6,NA,"High",3,0,0,0,0,0,0,0,0,0,2,1,FALSE,1
"9071",9,"F",6,"Black","High",1,0,NA,0,0,0,0,0,0,1,1,NA,TRUE,1
"9072",9,"F",6,"White","High",3,0,0,0,0,0,0,0,0,0,2,1,FALSE,1
"9073",9,"M",6,"White","High",1,0,1,0,0,0,1,0,0,1,1,NA,TRUE,1
"9074",9,"M",6,NA,"High",1,0,1,0,0,0,1,0,0,0,1,NA,TRUE,1
"9075",8,"M",6,"White","High",4,0,0,0,0,0,0,0,0,0,4,1,FALSE,0
"9076",8,"F",6,"White","High",4,0,0,0,0,0,0,0,0,0,4,NA,FALSE,0
"9077",8,"M",6,"White","High",4,0,0,0,0,0,0,0,0,0,2,1,FALSE,1
"9078",9,"M",6,"Asian","High",4,0,0,0,0,0,0,0,0,0,4,1,FALSE,0
"9079",9,"M",6,"White","High",4,0,0,0,0,0,0,0,0,0,4,NA,FALSE,0
"9080",9,"F",6,"Black","High",4,0,0,0,0,0,0,0,0,0,4,NA,FALSE,0
"9081",8,"M",6,"White","High",4,0,0,0,0,0,0,0,0,0,2,1,FALSE,1
"9082",9,"F",6,"White","High",4,0,0,0,0,0,0,0,0,0,4,1,FALSE,0
"9083",8,"M",6,"White","High",4,0,0,0,0,0,0,0,0,0,4,1,FALSE,0
"9084",8,"F",6,"White","High",3,0,0,0,0,0,0,0,0,0,2,1,FALSE,1
"9085",8,"F",6,"Black","High",4,0,0,0,0,0,0,0,0,0,2,1,FALSE,1
"9086",9,"M",6,"White","High",3,0,0,0,0,0,0,0,0,0,2,NA,FALSE,1
"9087",9,"M",6,"White","High",4,0,0,0,0,0,0,0,0,0,4,1,FALSE,0
"9088",9,"M",6,"White","High",4,0,0,0,0,0,0,0,0,0,2,1,FALSE,1
"9089",8,"M",6,"Black","High",4,0,0,0,0,0,0,0,0,0,4,1,FALSE,0
"9090",6,"M",4,"White","High",4,0,0,0,0,0,0,0,0,0,2,1,FALSE,1
"9091",9,"F",6,"White","High",2,0,0,0,0,0,1,0,0,1,1,1,TRUE,1
"9092",10,"M",6,"NHOPI","High",2,0,0,0,0,0,0,0,0,0,3,NA,FALSE,0
"9093",8,"M",5,"Black","High",4,0,0,0,NA,NA,NA,NA,NA,0,4,NA,NA,0
"9094",8,"M",5,"White","High",3,0,0,0,0,0,0,0,0,0,2,NA,FALSE,1
"9095",7,"M",4,"White","High",4,0,0,0,0,0,0,0,0,0,4,1,FALSE,0
"9096",7,"M",4,"Asian","High",4,0,0,0,0,0,0,0,0,0,4,1,FALSE,0
"9097",7,"M",4,"Asian","High",4,0,0,0,0,0,0,0,0,0,2,1,FALSE,1
"9098",7,"F",4,"White","High",4,0,0,0,0,0,0,0,0,0,3,NA,FALSE,0
"9099",7,"M",4,"White","High",3,0,0,0,0,0,0,0,0,0,2,1,FALSE,1
"9100",7,"M",4,"White","High",2,0,0,0,0,0,0,0,0,0,2,NA,FALSE,1
"9101",6,"F",4,"White","High",4,0,0,0,0,0,0,0,0,0,3,1,FALSE,0
"9102",6,"F",4,"White","High",4,0,0,0,0,0,0,0,0,0,4,1,FALSE,0
"9103",6,"F",4,"Asian","High",4,0,0,0,0,0,0,0,0,0,4,1,FALSE,0
"9104",6,"F",4,"White","High",4,0,0,0,0,0,0,0,0,0,4,NA,FALSE,0
"9105",7,"F",4,"White","High",4,0,0,0,0,0,0,0,0,0,4,1,FALSE,0
"9106",6,"F",4,"White","High",4,0,0,0,0,0,0,0,0,0,4,1,FALSE,0
"9107",6,"F",4,"White","High",4,0,0,0,0,0,0,0,0,0,4,NA,FALSE,0
"9108",6,"F",4,"White","High",4,0,0,0,0,0,0,0,0,0,4,1,FALSE,0
"9109",7,"F",4,"White","High",4,0,0,0,0,0,1,0,0,1,1,NA,TRUE,1
"9110",7,"F",4,"White","High",4,0,0,0,0,0,0,0,0,0,4,NA,FALSE,0
"9111",6,"F",4,"White","High",4,0,0,0,0,0,0,0,0,0,4,1,FALSE,0
"9112",6,"M",4,"White","High",4,0,0,0,0,0,0,0,0,0,4,1,FALSE,0
"9113",7,"M",4,"White","High",4,0,0,0,0,0,0,0,0,0,4,1,FALSE,0
"9114",9,"F",6,"White","High",4,0,0,0,0,0,0,0,0,0,2,1,FALSE,1
"9115",6,"M",4,"White","High",4,0,0,0,0,0,0,0,0,0,4,1,FALSE,0
"9116",6,"M",4,"Hispanic","High",4,0,0,0,0,0,0,0,0,0,4,1,FALSE,0
"9117",7,"M",4,"White","High",2,0,0,0,0,0,0,0,0,0,2,NA,FALSE,1
"9118",6,"M",4,"White","High",4,0,0,0,0,0,0,0,0,0,4,NA,FALSE,0
"9119",6,"M",4,"White","High",4,0,0,0,0,0,0,0,0,0,4,NA,FALSE,0
"9120",6,"M",4,"White","High",4,0,0,0,0,0,0,0,0,0,4,NA,FALSE,0
"9121",6,"F",4,"White","High",4,0,0,0,0,0,0,0,0,0,4,1,FALSE,0
"9122",6,"F",4,"Hispanic","High",4,0,0,0,0,0,0,0,0,0,4,1,FALSE,0
"9123",7,"M",4,"White","High",4,0,0,0,0,0,0,0,0,0,2,1,FALSE,1
"9124",6,"F",4,"White","High",3,0,0,0,0,0,0,0,0,0,4,NA,FALSE,0
"9125",6,"F",4,"Hispanic","High",3,0,0,0,0,0,0,0,0,0,3,1,FALSE,0
"9126",6,"F",4,"White","High",4,0,0,0,0,0,0,0,0,0,4,1,FALSE,0
"9127",6,"F",4,"White","High",3,0,0,0,0,0,0,0,0,0,3,1,FALSE,0
"9128",6,"F",4,"White","High",4,0,0,0,0,0,0,0,0,0,4,NA,FALSE,0
"9129",7,"F",4,"White","High",3,0,0,0,0,0,0,0,0,0,2,1,FALSE,1
"9130",7,"M",4,"Hispanic","High",3,0,0,0,0,0,0,0,0,0,3,NA,FALSE,0
"9131",6,"M",4,"White","High",3,0,0,0,0,0,0,0,0,1,1,1,TRUE,1
"9132",7,"F",4,"White","High",4,0,0,0,0,0,0,0,0,0,3,NA,FALSE,0
"9133",6,"F",4,"White","High",4,0,0,0,0,0,0,0,0,0,3,1,FALSE,0
"9134",6,"F",4,"White","High",4,0,0,0,0,0,0,0,0,0,4,1,FALSE,0
"9135",6,"M",4,"White","High",4,0,0,0,0,0,0,0,0,0,4,1,FALSE,0
"9136",6,"M",4,"White","High",4,0,0,0,0,0,0,0,0,0,4,1,FALSE,0
"9137",6,"M",4,"White","High",3,0,0,0,0,0,0,0,0,0,3,NA,FALSE,0
"9138",7,"F",4,"White","High",3,0,0,0,0,0,0,0,0,1,1,NA,TRUE,1
"9139",7,"M",4,"White","High",4,0,0,0,0,0,0,0,0,0,4,NA,FALSE,0
"9140",10,"F",7,"White","High",4,0,0,0,0,0,0,0,0,0,1,1,FALSE,1
"9141",9,"M",7,"White","High",2,0,0,1,0,0,1,1,0,0,3,1,TRUE,0
"9142",9,"M",7,"White","High",2,1,1,0,0,0,1,0,0,0,4,1,TRUE,0
"9143",9,"F",7,"White","High",4,0,0,0,0,0,0,0,0,0,1,1,FALSE,1
"9144",9,"F",7,"White","High",4,0,0,0,0,0,0,0,0,0,2,NA,FALSE,1
"9145",10,"M",7,"Hispanic","High",4,0,0,0,0,0,0,0,0,0,4,1,FALSE,0
"9146",10,"M",7,"White","High",1,0,0,0,0,0,1,0,0,1,1,1,TRUE,1
"9147",10,"F",7,"White","High",4,0,0,0,0,0,0,0,0,0,4,1,FALSE,0
"9148",10,"M",7,"White","High",4,0,0,0,0,0,0,0,0,0,4,1,FALSE,0
"9149",9,"M",7,"White","High",4,0,0,0,0,0,0,0,0,0,4,NA,FALSE,0
"9150",10,"M",7,"White","High",2,0,0,1,0,0,0,0,0,0,2,1,TRUE,1
"9151",9,"M",7,"White","High",2,0,0,1,0,0,0,0,0,0,2,1,TRUE,1
"9152",8,"M",6,"White","High",4,0,0,0,0,0,0,0,0,0,4,NA,FALSE,0
"9153",8,"M",6,"White","High",4,0,0,0,0,0,0,0,0,0,1,1,FALSE,1
"9154",8,"M",7,"White","High",3,0,0,0,0,0,0,0,0,0,2,1,FALSE,1
"9155",9,"M",6,"White","High",3,0,0,1,0,0,0,0,0,0,3,1,TRUE,0
"9156",9,"M",6,"White","High",4,0,0,0,0,0,0,0,0,0,4,NA,FALSE,0
"9157",8,"M",6,"White","High",1,NA,NA,1,0,0,1,1,0,1,1,NA,TRUE,1
"9158",9,"M",6,"White","High",2,0,0,0,0,0,0,0,0,0,4,1,FALSE,0
"9159",8,"M",6,"White","High",4,0,0,0,0,0,0,0,0,0,4,1,FALSE,0
"9160",8,"M",6,"Black","High",4,0,0,0,0,0,0,0,0,0,3,NA,FALSE,0
"9161",9,"M",6,"White","High",4,0,0,0,0,0,0,0,0,0,1,1,FALSE,1
"9162",9,"F",7,"Hispanic","High",4,0,0,0,0,0,0,0,0,0,4,1,FALSE,0
"9163",9,"M",7,"Black","High",3,0,0,0,0,0,0,0,0,0,1,NA,FALSE,1
"9164",9,"F",7,"Black","High",3,0,0,0,0,0,0,0,0,0,2,1,FALSE,1
"9165",9,"F",7,"White","High",4,0,0,0,0,0,0,0,0,0,4,1,FALSE,0
"9166",9,"F",7,"White","High",4,0,0,0,0,0,0,0,0,0,4,1,FALSE,0
"9167",9,"M",7,"White","High",2,0,0,0,0,0,0,0,0,1,1,1,TRUE,1
"9168",9,"M",7,"White","High",4,0,NA,0,0,0,1,0,0,0,2,NA,TRUE,1
"9169",9,"M",7,"Asian","High",4,0,0,0,0,0,0,0,0,0,1,1,FALSE,1
"9170",9,"M",7,NA,"High",2,0,0,1,0,0,0,0,0,0,2,1,TRUE,1
"9171",9,"M",7,"Black","High",4,0,0,1,0,0,0,0,0,0,4,1,TRUE,0
"9172",10,"M",7,"White","High",2,1,0,1,1,0,1,1,0,0,2,NA,TRUE,1
"9173",9,"F",7,"White","High",3,0,0,1,0,0,1,0,0,0,3,NA,TRUE,0
"9174",9,"F",7,"NHOPI","High",3,0,0,0,NA,NA,NA,NA,NA,0,3,NA,NA,0
"9175",9,"M",7,"White","High",3,0,0,0,0,0,0,0,0,0,4,1,FALSE,0
"9176",9,"M",7,"White","High",4,0,0,0,0,0,0,0,0,0,3,1,FALSE,0
"9177",10,"F",7,"White","High",4,0,0,0,0,0,0,0,0,1,1,1,TRUE,1
"9178",9,"F",7,"White","High",3,0,0,0,0,0,1,0,0,1,1,1,TRUE,1
"9179",9,"M",7,"White","High",1,0,1,1,0,0,1,1,0,1,1,NA,TRUE,1
"9180",9,"M",7,"White","High",1,0,0,0,0,0,0,0,0,0,1,1,FALSE,1
"9181",10,"F",7,"White","High",3,0,0,0,0,0,0,0,0,0,4,1,FALSE,0
"9182",10,"M",7,"White","High",1,1,1,0,0,0,1,0,0,1,1,NA,TRUE,1
"9183",9,"M",7,"White","High",2,1,1,0,0,0,1,0,0,0,1,1,TRUE,1
"9184",10,"M",7,"White","High",1,0,0,0,0,0,0,0,0,0,1,1,FALSE,1
"9185",9,"F",7,"White","High",4,0,0,0,0,0,0,0,0,0,4,1,FALSE,0
"9186",10,"F",7,"White","High",4,0,0,0,0,0,0,0,0,0,4,1,FALSE,0
"9187",9,"F",7,"White","High",4,0,0,0,0,0,1,0,0,0,3,NA,TRUE,0
"9188",10,"M",7,"Black","High",4,0,0,0,0,0,0,0,0,0,4,NA,FALSE,0
"9189",10,"M",7,"White","High",3,1,0,0,0,0,0,0,0,0,4,1,TRUE,0
"9190",9,"M",7,"White","High",2,0,1,0,0,0,1,0,0,1,1,NA,TRUE,1
"9191",10,"F",7,"White","High",4,0,0,0,0,0,0,0,0,0,4,1,FALSE,0
"9192",9,"F",7,"White","High",4,0,0,0,0,0,0,0,0,0,3,1,FALSE,0
"9193",9,"F",6,"White","High",2,0,0,0,0,0,1,0,0,1,1,NA,TRUE,1
"9194",9,"M",6,"White","High",3,0,0,0,0,0,1,0,0,0,2,NA,TRUE,1
"9195",9,"F",6,"White","High",4,0,0,0,0,0,0,0,0,0,4,1,FALSE,0
"9196",8,"F",6,"White","High",4,0,0,0,0,0,0,0,0,0,2,1,FALSE,1
"9197",8,"F",6,"Hispanic","High",4,0,0,0,0,0,0,0,0,0,2,1,FALSE,1
"9198",7,"F",5,"Hispanic","High",4,0,0,0,0,0,0,0,0,0,2,1,FALSE,1
"9199",7,"M",5,"White","High",4,0,0,0,0,0,0,0,0,0,4,NA,FALSE,0
"9200",7,"M",5,"White","High",2,0,0,0,0,0,1,0,0,1,2,1,TRUE,1
"9201",7,"M",5,"Black","High",1,0,1,0,0,0,0,0,0,0,4,1,TRUE,0
"9202",7,"M",5,"White","High",4,0,0,0,0,0,0,0,0,0,2,1,FALSE,1
"9203",8,"M",5,"Black","High",4,0,0,0,0,0,0,0,0,0,4,1,FALSE,0
"9204",7,"F",5,"White","High",1,1,1,1,0,0,1,0,0,1,1,NA,TRUE,1
"9205",7,"F",5,"White","High",4,0,0,0,0,0,0,0,0,0,4,1,FALSE,0
"9206",7,"M",5,"Black","High",3,NA,NA,0,0,1,0,0,0,1,1,NA,TRUE,1
"9207",8,"M",5,"White","High",3,0,0,0,0,0,0,0,0,0,4,NA,FALSE,0
"9208",7,"M",5,"White","High",4,0,0,0,0,0,0,0,0,0,3,1,FALSE,0
"9209",7,"M",5,NA,"High",4,0,0,0,0,0,0,0,0,0,4,NA,FALSE,0
"9210",8,"M",5,"White","High",2,0,0,0,0,0,1,0,0,1,1,1,TRUE,1
"9211",8,"M",5,"Hispanic","High",3,0,0,0,0,0,0,0,0,0,3,1,FALSE,0
"9212",7,"M",5,"White","High",4,1,0,0,0,0,0,0,0,0,4,NA,TRUE,0
"9213",8,"M",5,"White","High",1,1,1,0,0,0,1,0,0,1,1,NA,TRUE,1
"9214",8,"F",5,"Black","High",2,0,0,0,0,0,0,0,0,0,3,NA,FALSE,0
"9215",7,"F",5,NA,"High",3,0,0,0,NA,NA,NA,NA,NA,1,1,NA,TRUE,1
"9216",7,"F",5,"White","High",4,0,0,0,0,0,0,0,0,1,1,1,TRUE,1
"9217",7,"M",5,"White","High",2,0,NA,0,0,0,1,0,1,1,1,NA,TRUE,1
"9218",9,"F",5,"Asian","High",4,0,0,0,0,0,0,0,0,0,4,NA,FALSE,0
"9219",7,"M",5,"Black","High",4,0,0,0,0,0,0,0,0,0,4,1,FALSE,0
"9220",8,"M",5,"White","High",1,0,0,0,0,0,1,0,0,0,1,1,TRUE,1
"9221",7,"M",5,"White","High",3,0,0,0,0,0,0,0,0,1,3,NA,TRUE,0
"9222",7,"F",5,"White","High",4,0,0,0,0,0,0,0,0,0,4,NA,FALSE,0
"9223",7,"M",5,"White","High",3,0,0,0,0,0,0,0,0,0,2,1,FALSE,1
"9224",7,"M",5,"White","High",3,0,0,0,0,0,0,0,0,0,2,NA,FALSE,1
"9225",7,"M",5,"White","High",2,0,0,0,0,0,0,0,0,0,4,NA,FALSE,0
"9226",7,"M",5,"White","High",2,0,0,0,0,0,0,0,0,0,3,1,FALSE,0
"9227",8,"F",5,"White","High",3,0,0,0,0,0,0,0,0,0,1,1,FALSE,1
"9228",7,"M",5,"White","High",3,0,0,0,0,0,1,0,0,0,2,1,TRUE,1
"9229",7,"F",5,"Black","High",4,0,0,0,0,0,0,0,0,0,2,1,FALSE,1
"9230",8,"M",5,"White","High",4,0,0,0,0,0,0,0,0,0,4,1,FALSE,0
"9231",7,"M",5,"Black","High",3,0,0,0,0,0,0,0,0,0,4,NA,FALSE,0
"9232",7,"M",5,"Black","High",4,0,0,0,0,0,0,0,0,0,4,1,FALSE,0
"9233",10,"M",5,"AI/AN","High",4,0,0,NA,NA,NA,NA,NA,NA,0,4,1,NA,0
"9234",8,"M",5,"Black","High",3,0,0,0,NA,NA,NA,NA,NA,0,4,NA,NA,0
"9235",6,"M",5,"Black","High",3,0,0,0,0,0,0,0,0,1,2,NA,TRUE,1
"9236",8,"M",5,"Black","High",4,0,0,0,NA,NA,NA,NA,NA,0,4,NA,NA,0
"9237",8,"F",5,"White","High",4,0,0,0,0,0,0,0,0,0,4,NA,FALSE,0
"9238",7,"M",5,"Hispanic","High",4,0,0,0,0,0,0,0,0,0,4,NA,FALSE,0
"9239",7,"F",5,"Black","High",3,0,0,0,0,0,0,0,0,0,1,1,FALSE,1
"9240",7,"M",5,"Black","High",3,0,0,0,0,0,0,0,0,0,4,NA,FALSE,0
"9241",7,"M",5,"Black","High",4,0,0,0,NA,NA,NA,NA,NA,NA,1,NA,NA,1
"9242",7,"M",5,"Black","High",3,0,1,0,0,0,0,0,0,0,2,1,TRUE,1
"9243",7,"M",5,"Asian","High",4,0,0,0,0,0,0,0,0,0,4,1,FALSE,0
"9244",8,"F",5,NA,"High",1,1,1,0,0,0,1,0,0,0,1,NA,TRUE,1
"9245",8,"F",5,NA,"High",4,0,0,0,0,0,0,0,0,0,4,1,FALSE,0
"9246",8,"F",5,"White","High",4,0,0,0,0,0,0,0,0,0,1,1,FALSE,1
"9247",8,"M",5,"Black","High",4,0,0,0,0,0,0,0,0,0,4,1,FALSE,0
"9248",7,"F",5,"Black","High",2,0,0,0,0,0,0,0,0,0,2,NA,FALSE,1
"9249",8,"M",4,"Black","High",4,0,0,0,0,0,0,0,0,0,4,1,FALSE,0
"9250",7,"F",5,"Black","High",2,0,0,0,0,0,0,0,0,0,1,1,FALSE,1
"9251",7,"F",5,"Black","High",4,0,0,0,0,0,0,0,0,0,4,1,FALSE,0
"9252",7,"M",5,"Black","High",4,0,0,0,0,0,0,0,0,0,NA,NA,FALSE,NA
"9253",8,"M",5,"Black","High",4,0,0,0,0,0,0,0,0,0,4,1,FALSE,0
"9254",8,"F",5,"Hispanic","High",4,1,NA,0,0,0,0,0,0,0,3,1,TRUE,0
"9255",7,"F",5,"Black","High",4,0,0,0,0,0,0,0,0,0,4,1,FALSE,0
"9256",7,"F",5,"Black","High",4,0,0,0,0,0,0,0,0,0,4,NA,FALSE,0
"9257",8,"M",5,"Black","High",4,0,0,0,0,0,0,0,0,0,4,1,FALSE,0
"9258",7,"F",5,"Black","High",4,0,0,0,0,0,0,0,0,0,4,NA,FALSE,0
"9259",9,"M",7,"Black","High",4,0,0,0,0,0,0,0,0,0,4,NA,FALSE,0
"9260",9,"F",7,"Black","High",2,0,0,0,0,0,0,0,0,0,4,NA,FALSE,0
"9261",9,"F",7,"Black","High",4,0,0,0,0,0,0,0,0,0,4,1,FALSE,0
"9262",9,"M",7,"Black","High",4,0,0,0,0,0,0,0,0,0,4,1,FALSE,0
"9263",9,"F",7,"Black","High",4,0,0,0,0,0,0,0,0,0,4,1,FALSE,0
"9264",10,"F",7,"Black","High",4,0,0,0,0,0,0,0,0,0,4,1,FALSE,0
"9265",9,"F",7,"White","High",2,0,0,0,0,0,1,0,0,1,1,1,TRUE,1
"9266",7,"F",4,"Black","High",4,0,0,0,0,0,0,0,0,0,4,1,FALSE,0
"9267",7,"F",4,"Black","High",2,0,0,0,0,0,0,0,0,0,1,1,FALSE,1
"9268",6,"F",4,"White","High",4,0,0,0,0,0,0,0,0,0,4,1,FALSE,0
"9269",6,"M",4,"Black","High",4,0,0,0,0,0,0,0,0,0,4,1,FALSE,0
"9270",6,"F",4,"Black","High",4,0,0,0,0,0,0,0,0,0,4,NA,FALSE,0
"9271",6,"F",4,"Black","High",4,0,0,0,0,0,0,0,0,0,4,1,FALSE,0
"9272",6,"M",4,"Black","High",4,0,0,0,0,0,0,0,0,0,1,NA,FALSE,1
"9273",7,"F",4,"White","High",4,0,0,0,0,0,0,0,0,0,4,1,FALSE,0
"9274",7,"M",4,"White","High",4,0,0,0,0,0,0,0,0,0,4,1,FALSE,0
"9275",6,"M",4,"White","High",4,0,0,0,0,0,0,0,0,0,4,NA,FALSE,0
"9276",6,"M",4,"White","High",3,0,0,0,0,0,0,0,0,0,2,1,FALSE,1
"9277",6,"M",4,"White","High",4,0,0,0,0,0,0,0,0,0,4,NA,FALSE,0
"9278",7,"F",4,"Black","High",4,0,0,0,0,0,0,0,0,0,4,1,FALSE,0
"9279",6,"M",4,"Black","High",4,0,0,0,0,0,0,0,0,0,4,1,FALSE,0
"9280",7,"M",4,"Black","High",3,0,0,0,0,0,0,0,0,0,2,NA,FALSE,1
"9281",7,"F",4,"Black","High",4,0,0,0,0,0,0,0,0,0,2,NA,FALSE,1
"9282",6,"F",4,"Black","High",4,0,0,0,0,0,0,0,0,0,4,1,FALSE,0
"9283",6,"F",4,NA,"High",4,0,0,0,0,0,0,0,0,0,4,1,FALSE,0
"9284",6,"F",4,"White","High",4,0,0,0,0,0,0,0,0,0,4,1,FALSE,0
"9285",7,"F",4,"White","High",4,0,0,0,0,0,0,0,0,0,2,1,FALSE,1
"9286",6,"M",4,"Black","High",3,0,0,0,0,0,0,0,0,0,3,1,FALSE,0
"9287",6,"M",4,"Black","High",4,0,0,0,0,0,0,0,0,0,4,1,FALSE,0
"9288",6,"F",4,"Black","High",2,0,0,0,0,0,0,0,0,0,1,NA,FALSE,1
"9289",6,"M",4,"Black","High",4,0,0,0,0,0,0,0,0,0,4,1,FALSE,0
"9290",6,"F",4,"Black","High",4,0,0,0,0,0,0,0,0,0,2,1,FALSE,1
"9291",6,"F",4,"Black","High",4,0,0,0,0,0,0,0,0,0,2,1,FALSE,1
"9292",7,"F",4,"Black","High",4,0,0,0,0,0,0,0,0,0,1,NA,FALSE,1
"9293",8,"F",6,"White","High",4,0,0,0,0,0,0,0,0,0,1,NA,FALSE,1
"9294",8,"F",6,"White","High",4,0,0,0,0,0,0,0,0,0,2,1,FALSE,1
"9295",9,"F",7,"Black","High",4,0,0,0,0,0,0,0,0,0,4,1,FALSE,0
"9296",10,"F",7,"Black","High",2,1,1,0,0,0,0,0,0,1,4,NA,TRUE,0
"9297",9,"F",7,"Black","High",3,0,0,0,0,0,0,0,0,0,4,1,FALSE,0
"9298",9,"M",7,"Black","High",4,0,0,0,0,0,0,0,0,0,4,1,FALSE,0
"9299",9,"M",7,"Hispanic","High",3,0,0,0,0,0,0,0,0,0,4,NA,FALSE,0
"9300",9,"F",7,"White","High",3,NA,0,0,0,0,0,0,0,0,1,1,NA,1
"9301",8,"F",6,"Black","High",3,0,0,0,0,0,0,0,0,0,1,1,FALSE,1
"9302",10,"F",6,"White","High",4,0,0,0,0,0,0,0,0,0,4,NA,FALSE,0
"9303",8,"F",6,"Black","High",4,0,0,0,0,0,0,0,0,0,4,NA,FALSE,0
"9304",9,"F",5,"Hispanic","High",3,0,NA,0,0,0,0,0,0,0,3,NA,NA,0
"9305",9,"F",6,"White","High",4,0,0,0,0,0,0,0,0,0,4,1,FALSE,0
"9306",9,"F",6,"Hispanic","High",2,0,0,0,0,0,0,0,0,0,2,NA,FALSE,1
"9307",8,"F",6,"Black","High",1,0,0,0,0,0,0,0,0,0,1,1,FALSE,1
"9308",9,"F",6,"Black","High",2,0,1,0,0,0,0,0,0,0,2,NA,TRUE,1
"9309",8,"F",6,"Hispanic","High",1,1,1,0,0,0,0,0,0,0,1,NA,TRUE,1
"9310",8,"F",6,"White","High",4,0,0,0,0,0,0,0,0,0,3,NA,FALSE,0
"9311",9,"M",7,"Black","High",3,0,0,0,0,0,0,0,0,0,3,1,FALSE,0
"9312",8,"M",6,"White","High",4,0,0,0,0,0,0,0,0,0,4,1,FALSE,0
"9313",9,"M",6,"White","High",2,1,1,0,0,0,0,0,0,1,1,NA,TRUE,1
"9314",7,"M",5,"White","High",3,0,0,0,0,0,0,0,0,0,3,1,FALSE,0
"9315",8,"F",6,"Hispanic","High",4,0,0,0,0,0,0,0,0,0,4,1,FALSE,0
"9316",9,"F",6,"Black","High",3,0,0,0,0,0,0,0,0,0,2,1,FALSE,1
"9317",8,"M",6,"White","High",3,0,0,0,0,0,0,0,0,0,3,1,FALSE,0
"9318",8,"M",6,"Black","High",4,0,0,0,0,0,0,0,0,0,4,1,FALSE,0
"9319",9,"M",6,"White","High",4,0,0,0,0,0,0,0,0,0,2,1,FALSE,1
"9320",8,"F",6,"White","High",4,0,0,0,0,0,0,0,0,0,4,1,FALSE,0
"9321",8,"F",6,"Black","High",4,0,0,0,0,0,0,0,0,0,4,1,FALSE,0
"9322",10,"F",7,"Black","High",4,0,0,0,0,0,0,0,0,0,4,NA,FALSE,0
"9323",9,"F",7,"Black","High",3,0,0,0,0,0,0,0,0,0,2,1,FALSE,1
"9324",8,"F",6,"White","High",4,0,0,0,0,0,0,0,0,0,4,1,FALSE,0
"9325",9,"F",6,"White","High",4,0,0,0,0,0,0,0,0,0,2,NA,FALSE,1
"9326",8,"F",6,"Black","High",4,0,0,0,0,0,0,0,0,0,4,1,FALSE,0
"9327",9,"F",6,"Black","High",4,0,0,0,0,0,0,0,0,0,2,NA,FALSE,1
"9328",9,"F",6,"White","High",4,0,0,0,0,0,0,0,0,0,2,NA,FALSE,1
"9329",6,"M",4,"Black","High",4,0,0,0,0,0,0,0,0,0,4,1,FALSE,0
"9330",6,"M",4,"Black","High",4,0,0,0,0,0,0,0,0,0,2,NA,FALSE,1
"9331",6,"F",4,"White","High",4,0,0,0,0,0,0,0,0,0,2,1,FALSE,1
"9332",6,"M",4,NA,"High",2,0,1,0,0,0,0,0,0,1,1,NA,TRUE,1
"9333",6,"F",4,"Black","High",4,0,0,0,0,0,0,0,0,0,2,1,FALSE,1
"9334",7,"M",4,"Black","High",3,0,0,0,NA,NA,NA,NA,NA,0,3,NA,NA,0
"9335",6,"M",4,"Black","High",2,0,0,0,0,0,0,0,0,0,2,1,FALSE,1
"9336",6,"M",4,"White","High",4,0,0,0,0,0,0,0,0,0,4,1,FALSE,0
"9337",6,"F",4,"Black","High",3,0,0,0,0,0,0,0,0,0,3,1,FALSE,0
"9338",7,"F",4,"Black","High",4,0,0,0,0,0,0,0,0,0,4,1,FALSE,0
"9339",6,"M",4,"Black","High",4,0,0,0,0,0,0,0,0,0,4,1,FALSE,0
"9340",6,"M",4,"White","High",2,0,0,0,0,0,0,0,0,0,1,1,FALSE,1
"9341",6,"M",4,"Black","High",4,0,0,0,0,0,0,0,0,0,4,1,FALSE,0
"9342",8,"M",4,"Black","High",4,0,0,0,0,0,0,0,0,0,4,1,FALSE,0
"9343",6,"M",4,"Black","High",4,0,0,0,0,0,0,0,0,0,4,1,FALSE,0
"9344",6,"M",4,"Hispanic","High",4,0,0,0,0,0,0,0,0,0,4,1,FALSE,0
"9345",6,"M",4,"Black","High",3,0,0,0,0,0,0,0,0,1,2,NA,TRUE,1
"9346",7,"F",4,"Black","High",4,0,0,0,0,0,0,0,0,0,4,1,FALSE,0
"9347",6,"M",4,"Black","High",4,0,0,0,0,0,0,0,0,0,4,1,FALSE,0
"9348",7,"M",4,"Black","High",4,0,0,0,0,0,0,0,0,0,4,NA,FALSE,0
"9349",6,"M",4,"AI/AN","High",4,0,0,0,0,0,0,0,0,0,4,1,FALSE,0
"9350",7,"M",4,"Black","High",4,0,0,0,0,0,0,0,0,0,4,1,FALSE,0
"9351",6,"M",4,"Black","High",4,0,0,0,0,0,0,0,0,0,4,1,FALSE,0
"9352",7,"M",4,"Black","High",3,0,0,0,0,0,0,0,0,0,3,1,FALSE,0
"9353",7,"M",4,"Black","High",3,1,0,0,1,0,0,0,0,0,1,NA,TRUE,1
"9354",6,"M",4,"Black","High",4,0,0,0,0,0,0,0,0,0,4,NA,FALSE,0
"9355",6,"F",4,"Black","High",3,0,0,0,0,0,1,0,0,1,1,NA,TRUE,1
"9356",6,"F",4,"Black","High",3,0,0,0,0,0,0,0,0,0,4,1,FALSE,0
"9357",9,"F",7,"Black","High",4,0,0,0,0,0,0,0,0,0,2,1,FALSE,1
"9358",9,"F",7,"Black","High",4,0,0,0,0,0,0,0,0,0,2,1,FALSE,1
"9359",9,"F",7,"Black","High",4,0,0,0,0,0,1,0,0,0,4,NA,TRUE,0
"9360",10,"M",7,"Black","High",4,0,0,0,0,0,0,0,0,0,2,NA,FALSE,1
"9361",10,"M",7,"White","High",4,0,0,0,0,0,0,0,0,0,2,NA,FALSE,1
"9362",9,"F",7,"Black","High",4,0,0,0,0,0,0,0,0,0,2,1,FALSE,1
"9363",9,"F",7,"White","High",3,1,0,0,0,0,1,0,0,0,2,1,TRUE,1
"9364",10,"F",7,NA,"High",4,0,0,0,0,0,0,0,0,0,4,1,FALSE,0
"9365",10,"M",7,"White","High",4,0,0,0,0,0,0,0,0,0,4,1,FALSE,0
"9366",9,"M",7,"White","High",2,0,0,0,0,0,0,0,0,0,1,1,FALSE,1
"9367",9,"F",7,"Black","High",4,0,0,0,0,0,0,0,0,0,3,1,FALSE,0
"9368",9,"M",7,"Black","High",4,0,0,0,0,0,0,0,0,0,4,1,FALSE,0
"9369",10,"F",7,"Black","High",3,0,0,0,0,0,0,0,0,0,3,NA,FALSE,0
"9370",6,"F",4,"White","High",4,0,0,0,0,0,0,0,0,0,4,NA,FALSE,0
"9371",7,"F",5,"Black","High",3,0,0,0,0,0,0,0,0,0,2,NA,FALSE,1
"9372",8,"M",5,"Black","High",4,0,0,0,0,0,0,0,0,0,4,1,FALSE,0
"9373",7,"F",5,"White","High",2,0,0,0,0,0,0,0,0,0,1,1,FALSE,1
"9374",8,"F",5,"Black","High",4,0,0,0,0,0,0,0,0,0,4,NA,FALSE,0
"9375",8,"F",5,"Hispanic","High",4,0,0,0,0,0,0,0,0,0,3,1,FALSE,0
"9376",7,"F",5,"Hispanic","High",4,0,0,0,0,0,0,0,0,0,1,NA,FALSE,1
"9377",7,"F",5,"White","High",1,1,1,0,0,0,0,0,0,0,1,NA,TRUE,1
"9378",8,"F",5,"White","High",4,0,0,0,0,0,0,0,0,0,2,1,FALSE,1
"9379",8,"M",5,"White","High",1,1,0,0,0,0,1,0,0,1,1,1,TRUE,1
"9380",7,"F",5,"White","High",3,1,0,0,0,0,1,0,0,1,1,NA,TRUE,1
"9381",7,"F",4,"Black","High",3,0,0,0,0,0,0,0,0,0,4,1,FALSE,0
"9382",6,"F",4,NA,"High",4,0,0,0,0,0,0,0,0,0,2,1,FALSE,1
"9383",8,"M",5,"White","High",4,0,0,0,0,0,0,0,0,0,4,1,FALSE,0
"9384",7,"F",5,"Black","High",4,0,0,0,0,0,0,0,0,0,4,NA,FALSE,0
"9385",8,"F",5,"Black","High",3,0,0,0,0,0,0,0,0,0,2,NA,FALSE,1
"9386",7,"F",5,"Black","High",4,0,0,0,0,0,0,0,0,0,1,NA,FALSE,1
"9387",7,"F",5,"Black","High",4,0,0,0,0,0,0,0,0,0,1,1,FALSE,1
"9388",9,"F",6,"Black","High",3,0,0,0,0,0,0,0,0,0,4,1,FALSE,0
"9389",10,"M",7,"Black","High",4,0,0,0,0,0,0,0,0,0,4,1,FALSE,0
"9390",9,"F",6,"Black","High",4,0,0,0,0,0,0,0,0,0,4,1,FALSE,0
"9391",10,"M",7,"White","High",1,1,1,0,0,0,1,0,0,1,1,NA,TRUE,1
"9392",7,"M",5,"Black","High",4,0,0,0,0,0,0,0,0,0,4,1,FALSE,0
"9393",7,"F",5,"Hispanic","High",4,0,0,0,0,0,0,0,0,0,1,NA,FALSE,1
"9394",8,"M",5,"Black","High",1,0,1,0,0,0,0,0,0,0,4,NA,TRUE,0
"9395",7,"M",5,"Black","High",4,0,0,0,0,0,0,0,0,0,4,1,FALSE,0
"9396",7,"M",5,"Black","High",4,0,0,0,0,0,0,0,0,0,1,1,FALSE,1
"9397",8,"M",5,"Black","High",2,0,NA,1,0,0,0,0,0,1,2,NA,TRUE,1
"9398",8,"F",5,"Black","High",4,0,0,0,0,0,0,0,0,0,4,1,FALSE,0
"9399",8,"M",5,"Black","High",4,0,0,0,0,0,0,0,0,0,2,NA,FALSE,1
"9400",7,"F",5,"Hispanic","High",4,0,0,0,0,0,0,0,0,0,1,1,FALSE,1
"9401",4,"F",1,"Black","Middle",4,0,0,0,0,0,0,0,0,0,4,1,FALSE,0
"9402",3,"F",1,"Black","Middle",4,0,0,0,0,0,0,0,0,0,4,1,FALSE,0
"9403",4,"F",1,"Hispanic","Middle",4,0,0,0,0,0,0,0,0,0,4,1,FALSE,0
"9404",4,"F",1,"Black","Middle",4,0,0,0,0,0,0,0,0,0,4,1,FALSE,0
"9405",4,"F",1,"Black","Middle",4,0,0,0,0,0,0,0,0,0,4,NA,FALSE,0
"9406",4,"F",1,"Black","Middle",4,0,0,0,0,0,0,0,0,0,4,NA,FALSE,0
"9407",4,"F",1,"White","Middle",4,0,0,NA,0,0,0,0,0,0,4,NA,NA,0
"9408",4,"F",1,"Black","Middle",3,0,0,0,0,0,0,0,0,0,4,NA,FALSE,0
"9409",4,"F",1,"Black","Middle",4,0,0,0,0,0,0,0,0,0,4,NA,FALSE,0
"9410",3,"F",1,"Black","Middle",4,0,0,0,0,0,0,0,0,0,4,1,FALSE,0
"9411",4,"F",1,"Black","Middle",1,0,0,0,0,0,0,0,0,0,4,1,FALSE,0
"9412",3,"F",1,"Black","Middle",4,0,0,0,0,0,0,0,0,0,4,NA,FALSE,0
"9413",4,"F",2,"Black","Middle",4,0,0,0,0,0,0,0,0,0,4,NA,FALSE,0
"9414",3,"F",1,"Black","Middle",4,0,0,0,0,0,0,0,0,0,2,NA,FALSE,1
"9415",3,"F",1,"Hispanic","Middle",4,0,0,0,0,0,0,0,0,0,2,1,FALSE,1
"9416",3,"F",1,"Black","Middle",4,0,0,0,0,0,0,0,0,0,4,1,FALSE,0
"9417",3,"F",1,"Black","Middle",4,0,0,0,0,0,0,0,0,0,4,1,FALSE,0
"9418",4,"F",1,"Hispanic","Middle",4,0,0,0,0,0,0,0,0,0,3,NA,FALSE,0
"9419",5,"F",1,"Black","Middle",4,0,0,0,0,0,0,0,0,0,4,1,FALSE,0
"9420",3,"F",1,"White","Middle",4,0,0,0,0,0,0,0,0,0,4,1,FALSE,0
"9421",4,"F",1,"Black","Middle",4,0,0,0,0,0,0,0,0,0,3,NA,FALSE,0
"9422",3,"F",1,"Black","Middle",4,0,0,0,0,0,0,0,0,0,4,1,FALSE,0
"9423",3,"F",1,"Black","Middle",4,0,0,0,0,0,0,0,0,0,4,1,FALSE,0
"9424",4,"F",1,"AI/AN","Middle",4,0,0,0,0,0,0,0,0,0,4,1,FALSE,0
"9425",4,"M",2,"Black","Middle",4,0,0,0,0,0,0,0,0,0,4,NA,FALSE,0
"9426",5,"M",2,"Black","Middle",4,0,0,0,0,0,0,0,0,0,4,1,FALSE,0
"9427",5,"F",2,"Black","Middle",4,0,0,0,0,0,0,0,0,0,4,NA,FALSE,0
"9428",6,"F",2,"Hispanic","Middle",4,0,0,0,0,0,0,0,0,0,4,NA,FALSE,0
"9429",5,"F",2,"Black","Middle",3,0,0,0,0,0,0,0,0,0,1,1,FALSE,1
"9430",5,"F",2,"Black","Middle",4,0,0,0,0,0,0,0,0,0,4,NA,FALSE,0
"9431",4,"F",2,"Black","Middle",3,0,0,0,0,0,0,0,0,0,2,NA,FALSE,1
"9432",4,"F",2,"Black","Middle",4,0,0,0,0,0,0,0,0,0,4,NA,FALSE,0
"9433",4,"M",2,NA,"Middle",4,0,0,0,0,0,0,0,0,0,4,1,FALSE,0
"9434",5,"M",2,"Black","Middle",4,0,0,0,0,0,0,0,0,0,4,1,FALSE,0
"9435",5,"F",2,NA,"Middle",4,0,0,0,0,0,0,0,0,0,4,NA,FALSE,0
"9436",4,"F",2,"Hispanic","Middle",4,0,0,0,0,0,0,0,0,0,4,1,FALSE,0
"9437",5,"F",2,"Black","Middle",4,0,0,0,0,0,0,0,0,0,4,NA,FALSE,0
"9438",4,"F",2,"Black","Middle",4,0,0,0,0,0,0,0,0,0,4,1,FALSE,0
"9439",4,"F",2,"Black","Middle",4,NA,0,0,0,0,0,0,0,0,2,NA,NA,1
"9440",4,"F",2,"Black","Middle",4,0,0,0,0,0,0,0,0,0,4,NA,FALSE,0
"9441",4,"F",2,"Black","Middle",2,0,1,0,0,0,1,0,0,1,1,NA,TRUE,1
"9442",4,"M",2,"Black","Middle",4,0,0,0,0,0,0,0,0,0,1,NA,FALSE,1
"9443",5,"M",2,"Black","Middle",4,0,0,0,0,0,0,0,0,0,3,NA,FALSE,0
"9444",4,"M",2,"Black","Middle",4,0,0,0,0,0,0,0,0,0,4,1,FALSE,0
"9445",5,"M",2,"Black","Middle",4,0,0,0,0,0,0,0,0,0,4,1,FALSE,0
"9446",5,"F",2,"Black","Middle",4,0,0,0,0,0,0,0,0,0,3,NA,FALSE,0
"9447",6,"F",3,"Black","Middle",2,0,0,0,0,0,0,0,0,0,1,NA,FALSE,1
"9448",5,"F",3,"Black","Middle",3,0,0,0,0,0,0,0,0,0,2,1,FALSE,1
"9449",6,"F",3,"Black","Middle",4,0,0,0,0,0,0,0,0,0,4,1,FALSE,0
"9450",6,"F",3,"Black","Middle",NA,0,NA,NA,NA,NA,NA,NA,NA,NA,NA,NA,NA,NA
"9451",5,"F",3,"Black","Middle",4,0,0,0,0,0,0,0,0,0,4,NA,FALSE,0
"9452",6,"F",3,"Black","Middle",4,0,0,0,0,0,0,0,0,0,4,NA,FALSE,0
"9453",6,"F",3,"Black","Middle",3,0,0,0,0,0,0,0,0,0,3,1,FALSE,0
"9454",6,"F",3,"Black","Middle",2,0,1,0,0,0,1,0,0,1,2,NA,TRUE,1
"9455",6,"F",3,"Hispanic","Middle",4,0,0,0,0,0,0,0,0,0,4,1,FALSE,0
"9456",5,"F",3,"Black","Middle",3,NA,0,0,0,0,0,0,0,0,3,1,NA,0
"9457",5,"F",3,"AI/AN","Middle",2,0,0,0,0,0,0,0,0,0,4,1,FALSE,0
"9458",6,"F",3,NA,"Middle",1,1,1,0,0,0,1,0,0,1,1,1,TRUE,1
"9459",6,"F",3,"Black","Middle",2,0,1,0,0,0,1,0,0,1,1,NA,TRUE,1
"9460",5,"F",3,"Black","Middle",1,1,1,0,0,0,1,0,0,1,1,NA,TRUE,1
"9461",6,"F",3,"AI/AN","Middle",4,0,1,NA,0,0,0,0,0,0,4,1,TRUE,0
"9462",6,"F",3,"Black","Middle",2,0,0,0,NA,NA,NA,NA,NA,0,3,NA,NA,0
"9463",5,"F",3,"Black","Middle",4,0,0,0,0,0,0,0,0,0,4,NA,FALSE,0
"9464",6,"F",3,"Black","Middle",4,0,0,0,0,0,1,0,0,NA,3,NA,TRUE,0
"9465",6,"F",3,"Black","Middle",NA,0,NA,NA,NA,NA,NA,NA,NA,NA,NA,NA,NA,NA
"9466",5,"F",3,"Black","Middle",4,0,0,0,0,0,0,0,0,0,4,1,FALSE,0
"9467",5,"F",3,"Black","Middle",NA,NA,NA,NA,NA,NA,NA,NA,NA,NA,NA,NA,NA,NA
"9468",6,"M",2,"Black","Middle",4,0,0,0,0,0,0,0,0,0,4,NA,FALSE,0
"9469",NA,NA,NA,NA,NA,4,NA,NA,NA,NA,NA,NA,NA,NA,NA,4,NA,NA,0
"9470",5,"M",2,"Black","Middle",3,0,0,0,0,0,0,0,0,0,3,NA,FALSE,0
"9471",6,"M",2,"Hispanic","Middle",4,0,0,0,NA,NA,NA,NA,NA,0,2,1,NA,1
"9472",5,"M",2,"Black","Middle",4,0,0,0,0,0,0,0,0,0,1,NA,FALSE,1
"9473",5,"M",2,"Black","Middle",4,0,0,0,0,0,0,0,0,0,4,1,FALSE,0
"9474",5,"M",2,"Black","Middle",2,0,0,0,0,0,0,0,0,0,3,NA,FALSE,0
"9475",5,"M",2,"Black","Middle",4,0,0,0,0,0,0,0,0,0,4,NA,FALSE,0
"9476",4,"M",2,"Hispanic","Middle",4,0,0,0,0,0,0,0,0,0,3,1,FALSE,0
"9477",4,"M",2,"Black","Middle",4,0,0,0,0,0,0,0,0,0,4,1,FALSE,0
"9478",5,"M",2,"Black","Middle",4,0,0,0,0,0,0,0,0,0,4,1,FALSE,0
"9479",4,"M",2,"Black","Middle",4,0,0,0,0,0,0,0,0,0,4,NA,FALSE,0
"9480",5,"M",2,"Black","Middle",3,0,0,0,0,0,0,0,0,0,3,NA,FALSE,0
"9481",5,"M",2,"Black","Middle",4,0,0,0,0,0,0,0,0,0,1,NA,FALSE,1
"9482",5,"M",2,"Black","Middle",3,0,0,0,0,0,0,0,0,0,2,1,FALSE,1
"9483",6,"M",2,"Black","Middle",4,0,NA,0,0,0,0,0,0,0,4,NA,NA,0
"9484",4,"M",2,"AI/AN","Middle",4,0,NA,0,0,0,0,0,0,0,4,NA,NA,0
"9485",4,"M",2,"Black","Middle",NA,0,NA,NA,0,0,0,0,0,0,1,NA,NA,1
"9486",5,"M",2,"Black","Middle",4,0,0,0,0,0,0,0,0,0,4,NA,FALSE,0
"9487",4,"F",2,"Black","Middle",4,0,0,0,NA,NA,NA,NA,NA,0,4,NA,NA,0
"9488",4,"M",2,"Black","Middle",4,0,0,0,0,0,0,0,0,0,4,1,FALSE,0
"9489",5,"M",2,"Black","Middle",4,0,0,0,0,0,0,0,0,0,4,1,FALSE,0
"9490",5,"M",2,"Black","Middle",4,0,0,0,0,0,0,0,0,0,4,NA,FALSE,0
"9491",5,"M",2,NA,"Middle",4,0,0,0,0,0,0,0,0,0,4,1,FALSE,0
"9492",5,"M",2,"Black","Middle",3,0,0,0,0,0,0,0,0,0,4,NA,FALSE,0
"9493",5,"M",2,"Black","Middle",3,0,0,0,0,0,0,0,0,0,4,NA,FALSE,0
"9494",5,"M",3,"Black","Middle",4,0,NA,0,NA,NA,NA,NA,NA,0,4,NA,NA,0
"9495",11,"M",3,"Hispanic","Middle",4,0,0,0,0,0,0,0,0,0,4,NA,FALSE,0
"9496",5,"M",3,"Black","Middle",4,0,0,0,0,0,0,0,0,0,4,NA,FALSE,0
"9497",6,"M",3,"Hispanic","Middle",3,0,0,0,0,0,0,0,0,0,4,1,FALSE,0
"9498",6,"M",3,"Hispanic","Middle",3,0,0,0,0,0,0,0,0,0,1,NA,FALSE,1
"9499",NA,"M",3,"AI/AN","Middle",NA,0,0,0,0,0,0,0,0,0,3,NA,FALSE,0
"9500",6,"M",3,NA,"Middle",2,0,NA,0,0,0,0,0,0,0,4,1,NA,0
"9501",6,"M",3,"Black","Middle",4,0,0,0,0,0,0,0,0,0,4,NA,FALSE,0
"9502",5,"M",3,"White","Middle",4,0,0,0,0,0,0,0,0,0,1,NA,FALSE,1
"9503",5,"M",3,"Hispanic","Middle",NA,0,0,0,NA,NA,NA,NA,NA,0,4,NA,NA,0
"9504",8,"M",3,"Black","Middle",4,0,0,0,0,0,0,0,0,0,4,NA,FALSE,0
"9505",5,"M",3,"AI/AN","Middle",3,0,0,0,0,0,0,0,0,0,3,1,FALSE,0
"9506",5,"M",3,"Hispanic","Middle",2,0,0,0,0,0,0,0,0,0,2,NA,FALSE,1
"9507",6,"M",3,"Black","Middle",4,0,0,0,0,0,0,0,0,0,NA,NA,FALSE,NA
"9508",NA,NA,NA,NA,NA,NA,NA,NA,NA,0,0,0,0,0,NA,NA,1,NA,NA
"9509",6,"M",3,NA,"Middle",4,0,0,0,0,0,0,0,0,0,4,1,FALSE,0
"9510",6,"M",3,"Black","Middle",3,0,0,0,0,0,0,0,0,0,4,NA,FALSE,0
"9511",11,"M",3,"Black","Middle",2,0,1,0,NA,NA,NA,NA,NA,1,2,1,TRUE,1
"9512",6,"M",3,NA,"Middle",4,0,0,0,NA,NA,NA,NA,NA,0,4,NA,NA,0
"9513",6,"M",3,"White","Middle",4,0,0,0,0,0,0,0,0,0,1,1,FALSE,1
"9514",3,"M",1,NA,"Middle",4,0,0,0,0,0,0,0,0,0,4,1,FALSE,0
"9515",NA,NA,NA,NA,NA,3,NA,NA,NA,1,0,0,0,0,1,4,NA,TRUE,0
"9516",1,"M",NA,"Hispanic",NA,NA,NA,NA,NA,NA,NA,NA,NA,NA,NA,NA,NA,NA,NA
"9517",3,"M",1,"Black","Middle",4,0,0,0,0,0,0,0,0,0,2,1,FALSE,1
"9518",3,"M",1,"Black","Middle",4,0,0,0,0,0,0,0,0,0,2,NA,FALSE,1
"9519",3,"M",1,"Black","Middle",4,0,0,0,NA,NA,NA,NA,NA,0,4,1,NA,0
"9520",4,"M",1,"Black","Middle",4,0,0,0,0,0,0,0,0,0,4,NA,FALSE,0
"9521",4,"M",1,"Black","Middle",4,0,0,0,NA,NA,NA,NA,NA,0,4,1,NA,0
"9522",NA,NA,NA,NA,NA,4,0,0,0,0,0,0,0,0,0,4,1,FALSE,0
"9523",4,"M",1,NA,"Middle",4,0,0,0,0,0,0,0,0,0,2,NA,FALSE,1
"9524",3,"M",1,"Black","Middle",4,0,0,0,0,0,0,0,0,0,4,1,FALSE,0
"9525",4,"M",1,"Black","Middle",4,0,0,0,0,0,0,0,0,0,2,1,FALSE,1
"9526",5,"M",1,"Black","Middle",4,0,0,0,NA,NA,NA,NA,NA,0,4,NA,NA,0
"9527",5,"M",1,"Black","Middle",4,0,0,0,0,0,0,0,0,0,4,1,FALSE,0
"9528",3,"M",1,NA,"Middle",4,0,0,0,NA,NA,NA,NA,NA,0,4,NA,NA,0
"9529",4,"M",1,"White","Middle",4,0,0,0,0,0,0,0,0,0,4,NA,FALSE,0
"9530",8,"F",6,"White","High",4,0,0,0,0,0,0,0,0,0,1,NA,FALSE,1
"9531",9,"F",6,"White","High",4,0,0,0,0,0,0,0,0,0,4,1,FALSE,0
"9532",9,"F",6,"White","High",4,0,0,0,0,0,0,0,0,0,2,NA,FALSE,1
"9533",9,"M",6,"Black","High",2,1,1,0,0,0,1,0,0,0,2,NA,TRUE,1
"9534",10,"M",6,"White","High",4,0,0,0,0,0,0,0,0,0,2,NA,FALSE,1
"9535",8,"M",5,"Black","High",4,0,0,0,0,0,0,0,0,0,3,NA,FALSE,0
"9536",7,"F",5,"White","High",4,0,0,0,0,0,0,0,0,0,4,1,FALSE,0
"9537",8,"M",5,"White","High",4,0,0,0,0,0,0,0,0,0,2,1,FALSE,1
"9538",8,"F",5,"White","High",4,0,0,0,0,0,0,0,0,1,2,NA,TRUE,1
"9539",7,"F",5,"Black","High",1,0,0,0,0,0,0,0,0,0,4,NA,FALSE,0
"9540",7,"F",5,"White","High",1,0,0,0,0,0,0,0,0,1,1,NA,TRUE,1
"9541",8,"F",5,"White","High",4,0,0,0,0,0,0,0,0,0,4,NA,FALSE,0
"9542",8,"F",5,"Black","High",1,0,0,0,0,0,0,0,0,0,4,1,FALSE,0
"9543",9,"M",5,"White","High",2,1,1,1,0,1,0,0,0,1,2,NA,TRUE,1
"9544",8,"M",5,"Hispanic","High",3,0,0,0,0,0,0,0,0,0,3,1,FALSE,0
"9545",7,"F",5,"White","High",4,0,0,0,0,0,0,0,0,0,4,NA,FALSE,0
"9546",7,"F",5,"Black","High",4,0,0,0,0,0,0,0,0,0,3,1,FALSE,0
"9547",9,"F",5,"Black","High",3,1,0,0,0,0,0,0,0,0,1,NA,TRUE,1
"9548",7,"F",5,"Black","High",4,0,0,0,0,0,0,0,0,0,4,1,FALSE,0
"9549",9,"M",5,"White","High",2,NA,NA,0,0,0,0,0,0,1,1,NA,TRUE,1
"9550",9,"M",5,"Black","High",4,0,0,0,0,0,0,0,0,0,4,1,FALSE,0
"9551",9,"M",6,"Black","High",3,0,0,0,0,0,0,0,0,0,2,1,FALSE,1
"9552",8,"M",6,"White","High",2,0,0,0,0,0,0,0,0,0,1,NA,FALSE,1
"9553",9,NA,6,"White","High",4,0,0,0,0,0,0,0,0,0,4,1,FALSE,0
"9554",9,"F",6,"White","High",4,0,0,0,0,0,0,0,0,0,3,NA,FALSE,0
"9555",8,"M",6,"White","High",1,1,1,1,0,0,0,0,0,1,1,NA,TRUE,1
"9556",8,"F",6,"White","High",4,0,0,0,0,0,0,0,0,1,1,NA,TRUE,1
"9557",9,"M",6,"White","High",1,1,1,0,NA,NA,NA,NA,NA,1,1,NA,TRUE,1
"9558",10,"F",6,"White","High",4,0,0,0,0,0,0,0,0,0,4,NA,FALSE,0
"9559",8,"F",6,"White","High",1,1,1,0,0,0,0,0,1,0,1,NA,TRUE,1
"9560",8,"F",6,"White","High",3,0,0,0,0,0,0,0,0,0,1,NA,FALSE,1
"9561",9,"F",6,"White","High",3,NA,0,0,0,0,0,0,0,0,1,NA,NA,1
"9562",9,"M",6,"Black","High",2,0,0,0,0,0,0,0,0,0,4,NA,FALSE,0
"9563",8,"M",6,"White","High",4,0,0,0,0,0,0,0,0,0,3,NA,FALSE,0
"9564",10,"F",6,"White","High",4,0,NA,0,0,0,0,0,0,0,1,1,NA,1
"9565",10,"M",6,"White","High",4,0,0,0,0,0,0,0,0,0,4,NA,FALSE,0
"9566",8,"F",6,"White","High",4,0,0,0,0,0,0,0,0,0,4,NA,FALSE,0
"9567",9,"F",6,"White","High",4,0,0,0,0,0,0,0,0,0,4,NA,FALSE,0
"9568",9,"M",6,"White","High",4,0,0,0,0,0,0,0,0,0,4,NA,FALSE,0
"9569",8,"F",6,"Black","High",4,0,NA,0,0,0,0,0,0,0,4,NA,NA,0
"9570",10,"F",6,"Black","High",3,0,0,0,0,0,0,0,0,0,1,1,FALSE,1
"9571",9,"M",6,"White","High",4,0,0,1,0,0,0,0,0,1,1,NA,TRUE,1
"9572",8,"M",5,"White","High",4,0,0,0,0,0,0,0,0,0,4,1,FALSE,0
"9573",7,"F",5,"White","High",4,0,0,0,0,0,0,0,0,0,4,1,FALSE,0
"9574",8,"F",5,"White","High",4,0,0,0,0,0,0,0,0,0,4,1,FALSE,0
"9575",9,"M",5,"White","High",4,0,0,0,0,0,0,0,0,0,4,NA,FALSE,0
"9576",8,"F",5,"White","High",4,0,0,0,0,0,0,0,0,0,4,1,FALSE,0
"9577",8,"F",5,"Black","High",4,0,0,0,0,0,0,0,0,0,1,NA,FALSE,1
"9578",8,"M",5,"White","High",4,0,0,0,0,0,0,0,0,0,3,NA,FALSE,0
"9579",8,"M",5,"White","High",2,1,NA,1,0,0,0,1,0,0,2,NA,TRUE,1
"9580",8,"M",5,"White","High",4,0,0,0,0,0,0,0,0,0,2,NA,FALSE,1
"9581",8,"F",5,"White","High",3,0,0,0,0,0,1,0,0,1,2,NA,TRUE,1
"9582",8,"M",5,"Black","High",4,0,0,0,NA,NA,NA,NA,NA,0,4,1,NA,0
"9583",7,"F",5,"Black","High",3,0,0,0,0,0,0,0,0,0,4,NA,FALSE,0
"9584",7,"F",5,"Black","High",2,0,0,0,0,0,0,0,0,0,4,1,FALSE,0
"9585",8,"M",5,"Black","High",4,0,0,0,0,0,0,0,0,0,1,NA,FALSE,1
"9586",8,"M",5,"White","High",4,0,0,0,0,0,0,0,0,0,4,NA,FALSE,0
"9587",7,"M",5,"White","High",2,1,1,0,0,0,0,0,0,1,1,1,TRUE,1
"9588",8,"F",5,"White","High",4,0,0,0,0,0,0,0,0,0,4,NA,FALSE,0
"9589",8,"F",5,"White","High",4,0,0,0,0,0,0,0,0,0,4,1,FALSE,0
"9590",8,"M",5,"Black","High",3,0,0,0,0,0,0,0,0,0,4,1,FALSE,0
"9591",9,"M",5,NA,"High",3,0,0,1,0,0,0,0,0,0,4,NA,TRUE,0
"9592",7,"F",4,"White","High",3,1,0,0,0,0,0,0,0,0,1,NA,TRUE,1
"9593",8,"M",4,"Hispanic","High",1,1,1,1,NA,NA,NA,NA,NA,1,1,NA,TRUE,1
"9594",7,"F",4,"Black","High",4,0,0,0,0,0,0,0,0,0,4,NA,FALSE,0
"9595",6,"F",4,"Black","High",4,0,0,0,0,0,0,0,0,0,4,NA,FALSE,0
"9596",8,"F",4,"White","High",4,0,0,0,0,0,0,0,0,0,4,1,FALSE,0
"9597",7,"F",4,"Black","High",4,0,0,0,0,0,0,0,0,0,2,NA,FALSE,1
"9598",6,"M",4,"White","High",3,0,0,1,0,0,0,0,0,0,4,NA,TRUE,0
"9599",7,"M",4,"Hispanic","High",4,0,0,0,0,0,0,0,0,0,4,1,FALSE,0
"9600",7,"M",4,"White","High",4,0,0,0,0,0,0,0,0,1,2,NA,TRUE,1
"9601",7,"F",4,"White","High",2,1,0,0,0,0,0,0,0,1,1,NA,TRUE,1
"9602",7,"M",4,"Black","High",4,0,0,0,0,0,0,0,0,0,4,NA,FALSE,0
"9603",8,"M",4,"Black","High",4,NA,1,1,0,0,0,0,0,1,3,1,TRUE,0
"9604",8,"M",4,NA,"High",4,0,0,1,0,0,0,0,0,0,4,NA,TRUE,0
"9605",NA,"M",NA,"White",NA,3,1,0,0,0,0,0,0,0,0,1,NA,TRUE,1
"9606",6,"F",4,"White","High",3,1,0,0,0,0,0,0,0,1,1,NA,TRUE,1
"9607",7,"F",4,NA,"High",4,0,0,0,NA,NA,NA,NA,NA,0,4,1,NA,0
"9608",8,"M",4,"White","High",4,0,0,1,0,0,0,0,0,0,4,NA,TRUE,0
"9609",10,"F",7,"Black","High",4,0,0,0,0,0,0,0,0,0,4,1,FALSE,0
"9610",10,"M",7,"White","High",3,0,0,0,0,0,0,0,0,0,3,1,FALSE,0
"9611",10,"M",7,"White","High",1,1,1,0,0,0,1,0,0,1,1,NA,TRUE,1
"9612",9,"M",7,"Black","High",4,0,0,0,0,0,0,0,0,0,4,1,FALSE,0
"9613",9,"F",7,"Black","High",2,0,1,0,0,0,0,0,0,0,4,1,TRUE,0
"9614",10,"F",7,"White","High",4,0,0,0,0,0,0,0,0,0,4,1,FALSE,0
"9615",10,"F",7,"White","High",4,0,0,0,0,0,0,0,0,0,4,NA,FALSE,0
"9616",10,"F",7,"White","High",4,0,0,0,0,0,0,0,0,0,3,NA,FALSE,0
"9617",9,"M",7,"Black","High",3,0,0,0,NA,NA,NA,NA,NA,0,2,NA,NA,1
"9618",10,"F",7,"White","High",4,1,0,0,0,0,0,0,0,1,2,NA,TRUE,1
"9619",9,"F",7,"Black","High",4,0,0,0,0,0,0,0,0,0,4,1,FALSE,0
"9620",10,"F",7,"White","High",4,0,0,0,0,0,0,0,0,0,4,NA,FALSE,0
"9621",11,"F",7,"Black","High",4,0,0,0,0,0,0,0,0,0,4,1,FALSE,0
"9622",9,"F",7,"Black","High",1,0,1,0,0,0,0,0,0,0,1,NA,TRUE,1
"9623",9,"M",7,"Hispanic","High",4,1,0,0,0,0,0,0,0,1,1,NA,TRUE,1
"9624",9,"M",7,"Black","High",4,0,0,0,0,0,0,0,0,0,4,1,FALSE,0
"9625",9,"F",7,"White","High",3,0,0,0,0,0,0,0,0,1,1,1,TRUE,1
"9626",10,"M",7,"Black","High",3,1,0,0,0,0,0,0,0,0,2,NA,TRUE,1
"9627",10,"F",7,"White","High",2,1,0,0,0,0,0,0,0,0,2,NA,TRUE,1
"9628",9,"F",7,"White","High",2,1,0,0,0,0,1,0,0,1,2,NA,TRUE,1
"9629",9,"F",6,"White","High",4,0,0,0,0,0,0,0,0,0,4,NA,FALSE,0
"9630",8,"F",6,"Black","High",4,0,0,0,0,0,0,0,0,0,4,NA,FALSE,0
"9631",11,"M",6,"Black","High",3,1,0,1,0,0,1,1,0,1,2,NA,TRUE,1
"9632",1,"F",8,"White",NA,1,1,1,1,1,1,1,1,1,0,4,NA,TRUE,0
"9633",9,"F",6,"White","High",4,0,0,0,0,0,0,0,0,0,2,NA,FALSE,1
"9634",10,"M",6,"Black","High",3,0,0,0,0,0,0,0,0,0,4,NA,FALSE,0
"9635",8,"F",6,"Black","High",4,0,0,0,0,0,0,0,0,0,4,1,FALSE,0
"9636",9,"F",6,"White","High",4,0,0,0,0,0,0,0,0,0,4,NA,FALSE,0
"9637",8,"F",6,"White","High",4,0,0,0,0,0,0,0,0,0,2,1,FALSE,1
"9638",9,"M",6,"White","High",3,0,0,0,0,0,0,0,0,0,2,1,FALSE,1
"9639",9,"M",6,"White","High",3,0,0,0,0,0,0,0,0,1,2,NA,TRUE,1
"9640",9,"M",6,"Black","High",4,0,0,0,0,0,0,0,0,0,4,1,FALSE,0
"9641",8,"M",6,"Black","High",2,0,NA,1,0,0,0,0,0,0,2,NA,TRUE,1
"9642",8,"F",6,"Black","High",1,0,1,0,0,0,0,0,0,0,4,NA,TRUE,0
"9643",9,"F",6,NA,"High",3,0,NA,0,0,0,0,0,0,0,NA,NA,NA,NA
"9644",9,"F",6,"Black","High",4,0,0,0,0,0,0,0,0,0,4,1,FALSE,0
"9645",10,"M",6,"Black","High",NA,1,NA,NA,0,0,0,1,0,NA,NA,NA,TRUE,NA
"9646",8,"F",6,"White","High",1,1,1,0,0,0,0,0,0,0,1,NA,TRUE,1
"9647",10,"F",6,"Black","High",1,0,1,0,0,0,0,0,0,0,4,1,TRUE,0
"9648",9,"M",6,"Hispanic","High",4,0,0,0,0,0,0,0,0,0,4,NA,FALSE,0
"9649",7,"F",4,"White","High",4,0,0,0,0,0,0,0,0,0,2,1,FALSE,1
"9650",7,"F",4,"White","High",4,0,0,0,0,0,0,0,0,1,1,1,TRUE,1
"9651",7,"M",4,"White","High",4,0,0,0,0,0,0,0,0,0,4,NA,FALSE,0
"9652",7,"M",4,"Black","High",1,NA,1,0,0,1,0,0,0,1,1,NA,TRUE,1
"9653",7,"M",4,"Black","High",4,0,1,0,0,0,0,0,0,0,1,NA,TRUE,1
"9654",7,"F",4,"Black","High",1,0,1,0,0,0,0,0,0,0,4,NA,TRUE,0
"9655",6,"M",4,"White","High",4,0,0,0,0,0,0,0,0,0,1,1,FALSE,1
"9656",6,"F",4,"Black","High",4,1,0,0,0,0,0,0,0,0,4,NA,TRUE,0
"9657",6,"M",4,"Black","High",2,1,1,0,0,0,0,0,0,0,2,NA,TRUE,1
"9658",7,"M",4,"White","High",1,1,1,0,1,0,1,0,0,0,2,NA,TRUE,1
"9659",7,"F",4,"White","High",4,0,0,0,0,0,0,0,0,0,3,NA,FALSE,0
"9660",7,"M",4,"White","High",4,0,0,0,0,0,0,0,0,0,4,1,FALSE,0
"9661",7,"F",4,"White","High",4,0,0,0,0,0,0,0,0,0,3,1,FALSE,0
"9662",5,"F",4,"Hispanic","High",4,0,0,0,0,0,0,0,0,0,2,NA,FALSE,1
"9663",7,"M",4,"Black","High",1,1,1,0,0,0,0,0,0,0,1,NA,TRUE,1
"9664",8,"M",4,"White","High",4,0,0,1,0,0,0,1,0,0,2,NA,TRUE,1
"9665",7,"M",4,"Black","High",1,1,1,0,0,0,0,0,0,1,1,NA,TRUE,1
"9666",7,"M",4,"Black","High",4,0,0,0,NA,NA,NA,NA,NA,0,1,1,NA,1
"9667",7,"F",4,"White","High",3,1,0,0,0,0,1,0,0,1,1,NA,TRUE,1
"9668",7,"M",4,"White","High",4,0,0,0,0,0,0,0,0,1,2,NA,TRUE,1
"9669",7,"M",4,"Black","High",2,1,1,0,0,0,0,0,0,0,2,NA,TRUE,1
"9670",9,"M",6,"White","High",4,0,0,0,0,0,0,0,0,0,1,NA,FALSE,1
"9671",9,"M",7,"White","High",4,1,0,0,0,0,0,0,0,1,1,1,TRUE,1
"9672",10,"F",7,"White","High",4,0,0,0,0,0,0,0,0,0,4,NA,FALSE,0
"9673",9,"F",7,"White","High",3,0,0,0,0,0,0,0,0,1,1,NA,TRUE,1
"9674",11,"M",7,"Black","High",4,0,0,0,0,0,0,0,0,0,4,1,FALSE,0
"9675",10,"M",7,"White","High",4,0,0,1,0,0,0,0,0,0,2,1,TRUE,1
"9676",10,"M",7,"White","High",4,0,NA,NA,NA,NA,NA,NA,NA,NA,4,NA,NA,0
"9677",10,"M",7,NA,"High",2,1,0,0,NA,NA,NA,NA,NA,1,1,NA,TRUE,1
"9678",10,"M",7,"White","High",3,0,0,0,0,0,0,0,0,0,4,NA,FALSE,0
"9679",10,"M",7,"White","High",4,0,0,0,0,0,0,0,0,0,2,NA,FALSE,1
"9680",10,"M",7,"White","High",3,0,0,1,0,0,0,0,0,1,1,1,TRUE,1
"9681",10,"M",7,"Hispanic","High",4,0,0,0,0,0,0,0,0,0,4,1,FALSE,0
"9682",9,"M",7,"Black","High",4,1,0,0,0,0,0,0,0,1,1,NA,TRUE,1
"9683",10,"M",7,"White","High",1,0,1,1,0,0,0,0,0,1,1,1,TRUE,1
"9684",9,"F",6,"White","High",4,0,0,0,0,0,0,0,0,0,4,1,FALSE,0
"9685",10,"M",7,"White","High",2,1,1,1,0,0,0,0,0,0,1,NA,TRUE,1
"9686",4,"F",1,"White","Middle",4,0,0,0,0,0,0,0,0,0,4,NA,FALSE,0
"9687",4,"M",1,"White","Middle",4,0,0,0,0,0,0,0,0,0,3,NA,FALSE,0
"9688",4,"F",1,"Hispanic","Middle",4,0,0,0,0,0,0,0,0,0,2,NA,FALSE,1
"9689",6,"F",1,"White","Middle",4,0,0,0,0,0,0,0,0,0,4,NA,FALSE,0
"9690",4,"M",1,NA,"Middle",4,0,0,0,NA,NA,NA,NA,NA,0,4,NA,NA,0
"9691",3,"M",1,"White","Middle",4,0,0,0,0,0,0,0,0,0,4,1,FALSE,0
"9692",3,"M",1,"AI/AN","Middle",4,0,NA,NA,NA,NA,NA,NA,NA,NA,4,NA,NA,0
"9693",4,"F",1,"White","Middle",4,0,0,0,0,0,0,0,0,0,4,NA,FALSE,0
"9694",4,"F",1,NA,"Middle",4,0,NA,NA,NA,NA,NA,NA,NA,NA,4,NA,NA,0
"9695",4,"F",1,"AI/AN","Middle",4,0,0,0,0,0,0,0,0,0,4,NA,FALSE,0
"9696",5,"M",1,NA,"Middle",4,0,0,0,NA,NA,NA,NA,NA,0,4,1,NA,0
"9697",4,"M",1,"AI/AN","Middle",4,0,0,0,0,0,0,0,0,0,NA,NA,FALSE,NA
"9698",3,"M",1,"White","Middle",4,0,0,0,0,0,0,0,0,0,3,1,FALSE,0
"9699",4,"F",1,"White","Middle",4,0,0,0,0,0,0,0,0,0,4,NA,FALSE,0
"9700",4,"M",1,"White","Middle",3,0,0,0,0,0,0,0,0,0,4,NA,FALSE,0
"9701",3,"F",1,"White","Middle",4,0,0,0,0,0,0,0,0,0,4,NA,FALSE,0
"9702",4,"F",1,"White","Middle",4,0,0,0,0,0,0,0,0,0,4,NA,FALSE,0
"9703",5,"F",1,"White","Middle",4,0,0,0,0,0,0,0,0,0,4,NA,FALSE,0
"9704",3,"F",1,"White","Middle",4,0,0,0,0,0,0,0,0,0,4,NA,FALSE,0
"9705",4,"F",1,"Black","Middle",4,0,0,0,0,0,0,0,0,0,4,NA,FALSE,0
"9706",3,"F",1,"White","Middle",4,0,0,0,0,0,0,0,0,0,4,NA,FALSE,0
"9707",4,"M",1,"White","Middle",4,0,0,0,0,0,0,0,0,0,4,NA,FALSE,0
"9708",4,"F",1,"White","Middle",4,0,0,0,0,0,0,0,0,0,4,1,FALSE,0
"9709",4,"F",1,"Hispanic","Middle",4,0,0,0,0,0,0,0,0,0,4,NA,FALSE,0
"9710",4,"F",1,"White","Middle",4,0,0,0,0,0,0,0,0,0,4,NA,FALSE,0
"9711",3,"F",1,"White","Middle",4,0,0,0,0,0,0,0,0,0,4,NA,FALSE,0
"9712",3,"F",1,"NHOPI","Middle",2,1,0,1,0,0,0,0,0,1,1,NA,TRUE,1
"9713",3,"M",1,"White","Middle",4,0,0,0,0,0,1,0,0,1,1,NA,TRUE,1
"9714",4,NA,1,NA,"Middle",4,0,0,0,0,0,0,0,0,0,4,1,FALSE,0
"9715",3,"F",1,"White","Middle",4,0,0,0,0,0,0,0,0,0,4,NA,FALSE,0
"9716",3,"M",1,"Hispanic","Middle",4,0,0,0,NA,NA,NA,NA,NA,0,4,1,NA,0
"9717",5,"M",1,"White","Middle",4,0,0,0,0,0,0,0,0,0,4,NA,FALSE,0
"9718",4,"M",1,"White","Middle",4,0,0,0,0,0,0,0,0,0,4,NA,FALSE,0
"9719",4,"M",1,"White","Middle",4,0,0,NA,0,0,0,0,0,0,4,1,NA,0
"9720",3,"M",1,"White","Middle",4,0,0,0,0,0,0,0,0,0,4,NA,FALSE,0
"9721",6,"F",1,NA,"Middle",4,1,0,0,0,0,0,0,0,0,2,NA,TRUE,1
"9722",4,"M",1,NA,"Middle",4,0,0,0,0,0,0,0,0,1,1,NA,TRUE,1
"9723",3,"M",1,"White","Middle",4,0,0,0,0,0,0,0,0,0,4,1,FALSE,0
"9724",4,"F",1,"White","Middle",4,0,0,0,0,0,0,0,0,0,2,NA,FALSE,1
"9725",4,"M",1,"Black","Middle",4,0,0,0,0,0,0,0,0,0,4,NA,FALSE,0
"9726",5,"M",3,"White","Middle",4,0,0,0,0,0,0,0,0,0,4,1,FALSE,0
"9727",5,"M",3,"White","Middle",3,1,0,0,0,0,0,0,0,0,1,NA,TRUE,1
"9728",6,"F",3,"White","Middle",4,0,0,0,0,0,0,0,0,0,4,NA,FALSE,0
"9729",6,"F",3,"White","Middle",4,0,0,0,0,0,0,0,0,1,1,NA,TRUE,1
"9730",6,"M",3,"White","Middle",3,0,0,0,0,0,0,0,0,0,1,NA,FALSE,1
"9731",6,"M",3,"Black","Middle",3,0,0,0,0,0,0,0,0,1,2,NA,TRUE,1
"9732",6,"M",3,"Black","Middle",4,0,0,0,0,0,0,0,0,0,4,NA,FALSE,0
"9733",6,"F",3,"White","Middle",4,0,0,0,0,0,0,0,0,0,4,1,FALSE,0
"9734",7,"F",3,"White","Middle",4,1,0,0,0,0,0,0,0,1,1,NA,TRUE,1
"9735",6,"F",3,"White","Middle",4,0,0,0,0,0,0,0,0,0,4,1,FALSE,0
"9736",5,"F",3,"White","Middle",4,0,0,0,0,0,0,0,0,0,4,1,FALSE,0
"9737",6,"F",3,"White","Middle",4,0,0,0,0,0,0,0,0,0,2,NA,FALSE,1
"9738",6,"M",3,"White","Middle",4,0,0,0,0,0,0,0,0,0,4,NA,FALSE,0
"9739",5,"F",3,"White","Middle",4,0,0,0,0,0,0,0,0,0,4,NA,FALSE,0
"9740",6,"F",3,"White","Middle",4,0,0,0,0,0,0,0,0,0,3,NA,FALSE,0
"9741",5,"F",3,"White","Middle",4,0,0,0,0,0,0,0,0,0,4,NA,FALSE,0
"9742",5,"F",3,"White","Middle",3,0,0,0,0,0,0,0,0,1,1,NA,TRUE,1
"9743",6,"M",3,"White","Middle",3,0,0,0,0,0,0,0,0,1,2,NA,TRUE,1
"9744",6,"M",3,"White","Middle",4,0,0,0,0,0,0,0,0,0,4,1,FALSE,0
"9745",5,"M",3,"White","Middle",3,0,0,0,0,0,0,0,0,0,2,NA,FALSE,1
"9746",7,"M",3,"White","Middle",4,0,0,0,0,0,0,0,0,0,4,1,FALSE,0
"9747",5,"F",3,NA,"Middle",4,0,0,0,0,0,0,0,0,0,4,NA,FALSE,0
"9748",6,"F",3,"Black","Middle",4,0,0,0,0,0,0,0,0,0,4,1,FALSE,0
"9749",6,"M",3,"Hispanic","Middle",3,0,0,0,0,0,0,0,0,0,1,NA,FALSE,1
"9750",5,"F",3,NA,"Middle",3,0,0,0,0,0,0,0,0,1,1,NA,TRUE,1
"9751",7,"M",3,"White","Middle",3,1,0,1,0,1,0,0,0,1,1,NA,TRUE,1
"9752",6,"M",3,"White","Middle",3,0,0,0,0,0,0,0,0,0,4,NA,FALSE,0
"9753",7,"M",3,"White","Middle",2,1,NA,NA,0,0,0,0,1,1,1,NA,TRUE,1
"9754",6,"F",3,"White","Middle",4,0,0,0,0,0,0,0,0,0,4,NA,FALSE,0
"9755",5,"F",3,"AI/AN","Middle",4,0,0,0,0,0,0,0,0,0,4,1,FALSE,0
"9756",6,"M",3,"White","Middle",4,0,0,0,0,0,0,0,0,0,4,NA,FALSE,0
"9757",5,"M",3,NA,"Middle",4,0,0,0,0,0,0,0,0,1,4,NA,TRUE,0
"9758",6,"M",3,"White","Middle",3,0,0,0,0,0,0,0,0,0,1,NA,FALSE,1
"9759",6,"M",3,"White","Middle",4,0,0,0,0,0,0,0,0,0,4,1,FALSE,0
"9760",5,"F",3,"White","Middle",4,0,0,0,0,0,0,0,0,0,4,NA,FALSE,0
"9761",6,"F",3,"White","Middle",4,0,0,0,0,0,0,0,0,0,2,1,FALSE,1
"9762",6,"M",3,"White","Middle",4,0,0,0,0,0,0,0,0,0,4,NA,FALSE,0
"9763",5,"F",3,"White","Middle",4,0,0,0,0,0,0,0,0,0,4,1,FALSE,0
"9764",5,"F",3,"White","Middle",4,0,0,0,0,0,0,0,0,0,4,1,FALSE,0
"9765",5,"F",3,"White","Middle",4,0,0,0,0,0,0,0,0,0,4,1,FALSE,0
"9766",6,"M",3,NA,"Middle",4,0,0,0,0,0,0,0,0,0,4,1,FALSE,0
"9767",6,"F",3,"White","Middle",4,0,0,0,0,0,0,0,0,0,2,NA,FALSE,1
"9768",7,"F",3,"White","Middle",3,0,0,0,0,0,0,0,0,0,2,NA,FALSE,1
"9769",6,"F",3,"White","Middle",4,0,0,0,0,0,0,0,0,0,1,NA,FALSE,1
"9770",5,"F",3,"White","Middle",4,0,0,0,0,0,0,0,0,0,4,1,FALSE,0
"9771",6,"M",2,"White","Middle",4,0,0,0,0,0,0,0,0,0,4,NA,FALSE,0
"9772",5,"M",2,"White","Middle",3,0,0,0,0,0,0,0,0,0,1,1,FALSE,1
"9773",6,"M",2,"White","Middle",4,0,0,0,0,0,0,0,0,0,4,NA,FALSE,0
"9774",5,"F",2,"White","Middle",4,0,0,0,0,0,0,0,0,0,4,1,FALSE,0
"9775",4,"F",2,"White","Middle",4,0,0,0,0,0,0,0,0,0,4,NA,FALSE,0
"9776",4,"M",2,"White","Middle",4,0,0,0,0,0,0,0,0,0,4,1,FALSE,0
"9777",5,"M",2,NA,"Middle",2,0,1,1,0,0,0,1,0,0,1,1,TRUE,1
"9778",4,"F",2,"White","Middle",4,0,0,0,0,0,0,0,0,1,2,1,TRUE,1
"9779",4,"M",2,"White","Middle",4,0,0,0,0,0,0,0,0,0,4,NA,FALSE,0
"9780",4,"M",2,"Black","Middle",4,0,0,0,0,0,0,0,0,1,4,NA,TRUE,0
"9781",4,"M",2,"White","Middle",4,0,0,0,0,0,0,0,0,1,3,1,TRUE,0
"9782",5,"M",2,"White","Middle",3,0,0,0,0,0,0,0,0,1,2,NA,TRUE,1
"9783",5,"F",2,"White","Middle",4,0,0,0,0,0,0,0,0,0,4,NA,FALSE,0
"9784",7,"M",2,"White","Middle",4,0,0,0,0,0,0,0,0,0,4,NA,FALSE,0
"9785",5,"M",2,"White","Middle",4,0,0,0,0,0,0,0,0,0,2,NA,FALSE,1
"9786",5,"F",2,"White","Middle",4,0,0,0,0,0,0,0,0,0,4,1,FALSE,0
"9787",4,"F",2,"White","Middle",4,0,0,0,0,0,0,0,0,0,4,NA,FALSE,0
"9788",5,"F",2,NA,"Middle",4,0,0,0,0,0,0,0,0,0,3,NA,FALSE,0
"9789",4,"M",2,"White","Middle",4,NA,0,0,0,0,0,0,0,0,4,NA,NA,0
"9790",6,"F",2,"Hispanic","Middle",4,0,0,0,0,0,0,0,0,0,4,NA,FALSE,0
"9791",5,"M",2,"White","Middle",4,0,0,0,0,0,0,0,0,0,3,1,FALSE,0
"9792",4,"M",1,"White","Middle",4,0,0,0,0,0,0,0,0,0,4,1,FALSE,0
"9793",6,"F",2,"White","Middle",2,1,1,1,1,0,0,0,0,1,2,NA,TRUE,1
"9794",6,"F",2,"White","Middle",4,0,0,0,0,0,0,0,0,0,1,NA,FALSE,1
"9795",4,"F",2,"White","Middle",4,0,0,0,0,0,0,0,0,0,4,1,FALSE,0
"9796",7,"F",2,"White","Middle",4,1,0,0,0,0,0,0,0,0,2,NA,TRUE,1
"9797",4,"F",2,"White","Middle",4,0,0,0,0,0,0,0,0,0,4,NA,FALSE,0
"9798",4,"M",2,"White","Middle",4,0,0,0,0,0,0,0,0,0,3,1,FALSE,0
"9799",5,"F",2,NA,"Middle",4,0,0,0,0,0,0,0,0,0,1,NA,FALSE,1
"9800",5,"F",2,"White","Middle",4,0,0,0,0,0,0,0,0,0,4,NA,FALSE,0
"9801",4,"M",2,"White","Middle",4,0,0,0,0,0,0,0,0,1,2,NA,TRUE,1
"9802",5,"F",2,"White","Middle",4,0,0,0,0,0,0,0,0,0,4,NA,FALSE,0
"9803",5,"F",2,"White","Middle",3,0,0,0,0,0,0,0,0,0,2,1,FALSE,1
"9804",5,"M",2,"White","Middle",3,0,0,0,0,0,0,0,0,0,2,NA,FALSE,1
"9805",4,"F",2,"White","Middle",4,0,0,0,0,0,0,0,0,0,2,NA,FALSE,1
"9806",5,"F",2,"White","Middle",4,0,0,0,0,0,0,0,0,0,4,NA,FALSE,0
"9807",5,"M",2,"White","Middle",3,0,0,0,0,0,0,0,0,0,2,NA,FALSE,1
"9808",5,"M",2,"White","Middle",4,0,0,0,0,0,0,0,0,0,4,NA,FALSE,0
"9809",4,"F",2,"White","Middle",4,0,0,0,0,0,0,0,0,0,3,NA,FALSE,0
"9810",5,"M",2,"White","Middle",4,0,0,0,0,0,0,0,0,0,4,1,FALSE,0
"9811",5,"F",2,"White","Middle",3,0,0,0,0,0,0,0,0,1,1,NA,TRUE,1
"9812",5,"F",2,"White","Middle",4,0,0,0,0,0,0,0,0,0,2,1,FALSE,1
"9813",4,"F",2,"White","Middle",4,0,0,0,0,0,0,0,0,0,4,NA,FALSE,0
"9814",5,"F",2,"White","Middle",4,0,0,0,0,0,0,0,0,0,4,NA,FALSE,0
"9815",5,"F",2,"White","Middle",3,0,0,0,0,0,0,0,0,0,1,NA,FALSE,1
"9816",9,"M",7,"Hispanic","High",NA,NA,0,0,0,0,0,0,0,0,NA,NA,NA,NA
"9817",5,NA,2,"White","Middle",3,0,0,0,0,0,0,0,0,0,4,1,FALSE,0
"9818",7,"M",2,"White","Middle",4,0,0,0,0,0,0,0,0,1,2,NA,TRUE,1
"9819",7,"M",2,"White","Middle",1,1,1,0,NA,NA,NA,NA,NA,1,1,NA,TRUE,1
"9820",6,"F",2,"White","Middle",4,0,0,0,0,0,0,0,0,0,4,NA,FALSE,0
"9821",4,"M",2,NA,"Middle",3,0,0,0,0,0,0,0,0,0,2,NA,FALSE,1
"9822",7,"M",5,"Black","High",4,0,0,0,0,0,0,0,0,0,2,1,FALSE,1
"9823",8,"F",5,"Black","High",3,0,1,0,0,0,0,0,0,0,2,NA,TRUE,1
"9824",9,"F",5,"Black","High",2,0,0,0,0,0,0,0,0,0,4,NA,FALSE,0
"9825",8,"F",5,"Black","High",2,0,0,0,0,0,0,0,0,1,2,NA,TRUE,1
"9826",8,"F",5,"Black","High",3,0,0,0,0,0,0,0,0,0,2,1,FALSE,1
"9827",7,"F",5,"Black","High",2,0,1,0,0,0,0,0,0,0,4,NA,TRUE,0
"9828",7,"F",5,"Black","High",4,0,0,0,0,0,0,0,0,0,1,NA,FALSE,1
"9829",8,"F",5,"Black","High",3,0,0,0,0,0,0,0,0,0,4,1,FALSE,0
"9830",9,"F",5,"Black","High",2,0,0,0,0,0,0,0,0,1,3,NA,TRUE,0
"9831",7,"M",5,"Black","High",4,0,0,0,0,0,0,0,0,0,1,NA,FALSE,1
"9832",7,"F",5,"Black","High",4,0,0,0,0,0,0,0,0,0,4,1,FALSE,0
"9833",7,"F",5,"Black","High",4,0,0,0,0,0,0,0,0,0,3,NA,FALSE,0
"9834",8,"F",5,"Black","High",3,0,0,0,0,0,0,0,0,0,2,NA,FALSE,1
"9835",8,"M",5,"Black","High",3,0,0,0,0,0,0,0,0,0,4,1,FALSE,0
"9836",8,"M",5,"Black","High",4,0,0,0,0,0,0,0,0,0,4,1,FALSE,0
"9837",8,"F",5,"Black","High",3,0,0,0,0,0,0,0,0,0,2,1,FALSE,1
"9838",11,"M",7,"Black","High",4,0,0,0,0,0,0,0,0,0,4,1,FALSE,0
"9839",9,"M",7,"Black","High",4,0,0,0,0,0,0,0,0,0,4,NA,FALSE,0
"9840",10,"M",7,"Black","High",3,0,1,0,0,0,0,0,0,0,4,NA,TRUE,0
"9841",9,"F",6,"Black","High",3,0,0,0,0,0,0,0,0,0,4,1,FALSE,0
"9842",9,"M",6,"Black","High",3,0,1,0,0,0,0,0,0,0,4,NA,TRUE,0
"9843",9,"F",6,"Black","High",2,0,0,0,0,0,0,0,0,0,2,NA,FALSE,1
"9844",9,"F",6,"Black","High",2,0,0,0,0,0,0,0,0,0,2,NA,FALSE,1
"9845",9,"F",6,"Black","High",4,0,0,0,0,0,0,0,0,0,4,1,FALSE,0
"9846",9,"F",6,"Black","High",4,0,0,0,0,0,0,0,0,0,4,NA,FALSE,0
"9847",9,"F",6,"Black","High",4,0,0,0,0,0,0,0,0,0,2,1,FALSE,1
"9848",8,"M",6,"Black","High",4,0,0,0,0,0,0,0,0,0,4,NA,FALSE,0
"9849",8,"F",6,"Black","High",3,0,1,0,0,0,0,0,0,0,2,NA,TRUE,1
"9850",8,"F",6,"Black","High",2,0,1,0,0,0,0,0,0,0,4,1,TRUE,0
"9851",9,"F",6,"Black","High",4,0,0,0,0,0,0,0,0,0,1,1,FALSE,1
"9852",9,"M",6,"Black","High",4,0,0,0,0,0,0,0,0,0,4,1,FALSE,0
"9853",9,"F",6,"Black","High",4,0,0,0,0,0,0,0,0,0,4,NA,FALSE,0
"9854",9,"F",6,"Black","High",4,0,0,0,0,0,0,0,0,0,4,NA,FALSE,0
"9855",9,"M",6,"Black","High",4,0,0,0,0,0,0,0,0,0,4,1,FALSE,0
"9856",10,"F",7,"Black","High",2,0,1,0,0,0,0,0,0,0,4,1,TRUE,0
"9857",9,"F",5,"Black","High",4,0,0,0,0,0,0,0,0,0,4,1,FALSE,0
"9858",10,"M",7,NA,"High",4,0,0,0,0,0,0,0,0,0,4,1,FALSE,0
"9859",10,"F",7,"Black","High",1,0,1,0,0,0,0,0,0,0,4,1,TRUE,0
"9860",10,"M",7,"Black","High",4,1,NA,NA,NA,NA,NA,NA,NA,NA,1,1,TRUE,1
"9861",7,"F",5,"Black","High",1,0,1,0,0,0,0,0,0,0,4,NA,TRUE,0
"9862",8,"F",5,"Black","High",4,0,0,0,0,0,0,0,0,0,4,1,FALSE,0
"9863",7,"M",5,"Black","High",1,0,1,0,0,0,1,0,0,0,4,NA,TRUE,0
"9864",9,"M",7,NA,"High",3,0,1,0,0,0,0,0,0,0,4,NA,TRUE,0
"9865",10,"F",7,"Black","High",4,0,0,0,0,0,0,0,0,0,4,1,FALSE,0
"9866",10,"F",7,"Black","High",4,0,0,0,0,0,0,0,0,0,3,1,FALSE,0
"9867",10,"M",7,"Black","High",4,0,1,0,0,0,0,0,0,0,4,NA,TRUE,0
"9868",11,"F",7,"Black","High",4,0,0,0,0,0,0,0,0,0,4,NA,FALSE,0
"9869",9,"M",7,"Black","High",4,0,0,0,0,0,0,0,0,0,4,1,FALSE,0
"9870",10,"F",7,"Hispanic","High",2,NA,NA,1,0,0,0,0,0,NA,1,1,TRUE,1
"9871",10,"F",7,"Black","High",4,0,0,0,0,0,0,0,0,0,2,1,FALSE,1
"9872",11,"M",7,"Black","High",3,0,0,0,0,0,0,0,0,0,4,1,FALSE,0
"9873",11,"M",7,"Hispanic","High",4,1,0,0,0,1,0,0,0,0,2,1,TRUE,1
"9874",10,"M",7,"Black","High",3,0,0,0,0,0,0,0,0,0,4,1,FALSE,0
"9875",9,"F",6,"Black","High",3,1,NA,0,0,0,0,0,0,0,3,1,TRUE,0
"9876",9,"M",6,"Black","High",4,0,0,0,0,0,0,0,0,0,4,NA,FALSE,0
"9877",8,"M",6,"Black","High",2,0,1,0,0,0,0,0,0,1,2,NA,TRUE,1
"9878",8,"M",6,"Black","High",1,0,0,0,NA,NA,NA,NA,NA,0,1,NA,NA,1
"9879",9,"F",6,"Black","High",4,0,0,0,0,0,0,0,0,0,4,1,FALSE,0
"9880",10,"F",6,"Black","High",4,0,0,0,0,0,0,0,0,0,4,1,FALSE,0
"9881",9,"M",6,"Black","High",4,0,0,0,0,0,0,0,0,0,4,NA,FALSE,0
"9882",9,"M",6,"Black","High",4,0,0,0,0,0,0,0,0,0,4,1,FALSE,0
"9883",8,"F",6,"Black","High",4,0,0,0,0,0,0,0,0,0,4,1,FALSE,0
"9884",9,"F",6,"Black","High",3,0,0,0,NA,NA,NA,NA,NA,0,4,NA,NA,0
"9885",8,"F",6,"Black","High",2,0,1,0,0,0,0,0,0,0,4,NA,TRUE,0
"9886",9,"F",6,"Black","High",4,0,0,0,0,0,0,0,0,0,4,NA,FALSE,0
"9887",9,"M",6,"Black","High",4,0,0,0,0,0,0,0,0,0,4,1,FALSE,0
"9888",8,"M",6,"Black","High",4,0,0,0,0,0,0,0,0,0,4,1,FALSE,0
"9889",10,"M",6,"Black","High",3,1,0,0,0,0,0,0,0,0,4,NA,TRUE,0
"9890",9,"M",6,"Black","High",4,0,0,0,NA,NA,NA,NA,NA,NA,2,NA,NA,1
"9891",10,"F",6,"Black","High",4,NA,0,0,0,0,0,0,0,0,4,NA,NA,0
"9892",7,"M",4,"Black","High",3,0,0,0,0,0,0,0,0,0,3,1,FALSE,0
"9893",7,"M",4,"Black","High",1,1,1,0,0,0,0,0,0,0,1,1,TRUE,1
"9894",11,"M",4,"Hispanic","High",1,1,1,0,0,0,0,0,0,0,4,NA,TRUE,0
"9895",7,"M",4,"Black","High",3,0,0,0,0,0,0,0,0,0,1,NA,FALSE,1
"9896",7,"F",4,"AI/AN","High",4,0,0,0,0,0,0,0,0,0,4,1,FALSE,0
"9897",7,"F",4,"Black","High",4,0,0,0,0,0,0,0,0,0,4,NA,FALSE,0
"9898",6,"M",4,"Black","High",1,1,1,0,0,0,0,0,0,0,2,NA,TRUE,1
"9899",8,"M",4,"Black","High",4,0,0,0,0,0,0,0,0,0,4,1,FALSE,0
"9900",6,"M",4,"Black","High",3,0,0,0,0,0,0,0,0,0,1,NA,FALSE,1
"9901",7,"F",4,"Black","High",4,0,0,0,0,0,0,0,0,0,4,NA,FALSE,0
"9902",7,"M",4,"Black","High",4,0,0,0,0,0,0,0,0,0,1,NA,FALSE,1
"9903",7,"M",4,"Black","High",4,0,0,0,0,0,0,0,0,0,4,1,FALSE,0
"9904",7,"M",4,"Black","High",2,0,0,0,0,0,0,0,0,0,2,NA,FALSE,1
"9905",8,"M",4,"Black","High",4,0,0,0,0,0,0,0,0,0,2,NA,FALSE,1
"9906",8,"F",4,NA,"High",3,0,0,0,0,0,0,0,0,0,2,NA,FALSE,1
"9907",7,"M",4,"Black","High",3,0,1,0,0,0,0,0,0,0,3,1,TRUE,0
"9908",6,"F",4,"Black","High",4,0,0,0,0,0,0,0,0,0,4,NA,FALSE,0
"9909",8,"M",4,"Black","High",3,0,0,0,NA,NA,NA,NA,NA,0,2,1,NA,1
"9910",7,"M",4,"Black","High",4,0,1,0,0,0,0,0,0,0,4,1,TRUE,0
"9911",7,"F",4,"Black","High",1,0,1,0,0,0,0,0,0,0,4,NA,TRUE,0
"9912",8,"F",4,"Black","High",4,0,0,0,0,0,0,0,0,0,4,1,FALSE,0
"9913",7,"F",4,"Black","High",1,0,0,0,0,0,0,0,0,0,1,NA,FALSE,1
"9914",6,"F",4,"Black","High",3,0,0,0,0,0,0,0,0,0,4,NA,FALSE,0
"9915",7,"F",4,"Black","High",4,0,0,0,0,0,0,0,0,0,3,NA,FALSE,0
"9916",7,"F",4,"Black","High",3,0,0,0,0,0,0,0,0,0,3,1,FALSE,0
"9917",6,"F",4,"Black","High",3,0,0,0,0,0,0,0,0,0,4,NA,FALSE,0
"9918",8,"F",4,NA,"High",4,0,0,0,0,0,0,0,0,0,4,1,FALSE,0
"9919",7,"F",4,"Black","High",1,0,0,0,0,0,0,0,0,0,4,1,FALSE,0
"9920",7,"M",4,"Black","High",1,1,1,0,NA,NA,NA,NA,NA,0,4,NA,TRUE,0
"9921",7,"M",4,NA,"High",4,0,0,0,0,0,0,0,0,0,4,NA,FALSE,0
"9922",8,"M",4,NA,"High",3,0,0,0,NA,NA,NA,NA,NA,0,3,1,NA,0
"9923",7,"M",4,"Black","High",3,0,NA,0,0,0,0,0,0,0,4,NA,NA,0
"9924",9,"F",5,"Black","High",2,0,1,0,0,0,0,0,0,0,4,NA,TRUE,0
"9925",9,"F",5,"Black","High",4,0,0,0,0,0,1,0,0,1,1,NA,TRUE,1
"9926",8,"F",5,"Black","High",4,0,0,0,0,0,0,0,0,0,4,1,FALSE,0
"9927",8,"F",5,"Black","High",4,0,0,0,0,0,0,0,0,0,4,NA,FALSE,0
"9928",8,"M",5,"Black","High",1,0,1,0,0,0,0,0,0,0,3,NA,TRUE,0
"9929",8,"F",5,"Black","High",3,0,1,0,NA,NA,NA,NA,NA,0,1,NA,TRUE,1
"9930",9,"F",5,"Black","High",4,0,0,0,0,0,0,0,0,0,4,1,FALSE,0
"9931",10,"M",5,"Black","High",4,1,0,0,0,0,0,0,0,0,2,NA,TRUE,1
"9932",8,"M",5,"Black","High",3,0,0,0,0,0,0,0,0,0,1,NA,FALSE,1
"9933",7,"M",5,"Black","High",3,0,NA,0,0,0,0,0,0,0,1,NA,NA,1
"9934",9,"F",5,"Black","High",3,0,1,0,0,0,0,0,0,0,3,NA,TRUE,0
"9935",8,"M",5,"Black","High",3,0,0,0,0,0,0,0,0,0,2,NA,FALSE,1
"9936",8,"F",5,"Black","High",3,0,0,0,0,0,0,0,0,1,2,1,TRUE,1
"9937",8,"M",5,"Black","High",4,0,0,0,0,0,0,0,0,0,4,NA,FALSE,0
"9938",8,"M",5,"Black","High",4,1,0,0,0,0,0,0,0,0,4,1,TRUE,0
"9939",9,"M",7,NA,"High",4,0,0,0,0,0,0,0,0,0,4,1,FALSE,0
"9940",8,"M",5,"Black","High",3,0,0,0,NA,NA,NA,NA,NA,0,2,1,NA,1
"9941",9,"M",5,NA,"High",2,0,0,0,0,0,0,0,0,0,4,NA,FALSE,0
"9942",10,"M",6,"Hispanic","High",3,0,0,1,0,0,0,0,0,0,4,1,TRUE,0
"9943",9,"M",5,"Black","High",1,1,1,0,NA,NA,NA,NA,NA,0,4,NA,TRUE,0
"9944",8,"F",5,"Black","High",4,0,0,0,0,0,0,0,0,0,4,1,FALSE,0
"9945",7,"F",5,"Black","High",4,0,0,0,0,0,0,0,0,0,4,1,FALSE,0
"9946",6,"F",1,"Black","Middle",3,0,0,0,0,0,0,0,0,0,4,NA,FALSE,0
"9947",4,"F",1,"Black","Middle",4,0,0,0,0,0,0,0,0,0,2,NA,FALSE,1
"9948",3,"F",1,"Black","Middle",4,0,0,0,0,0,0,0,0,0,4,1,FALSE,0
"9949",4,"F",1,"Black","Middle",4,0,0,0,0,0,0,0,0,0,4,NA,FALSE,0
"9950",4,"F",1,"Black","Middle",4,0,0,0,0,0,0,0,0,0,3,1,FALSE,0
"9951",4,"M",1,"Black","Middle",4,0,0,0,0,0,0,0,0,0,4,NA,FALSE,0
"9952",5,"M",1,"Black","Middle",2,0,0,0,0,0,0,0,0,0,4,1,FALSE,0
"9953",4,"M",1,"Black","Middle",NA,0,NA,NA,0,0,0,0,0,NA,NA,1,NA,NA
"9954",4,"M",1,NA,"Middle",4,0,0,0,0,0,0,0,0,0,4,1,FALSE,0
"9955",4,"M",1,"Black","Middle",4,0,0,0,0,0,0,0,0,0,2,1,FALSE,1
"9956",4,"F",1,"Black","Middle",2,0,0,0,0,0,0,0,0,0,2,1,FALSE,1
"9957",5,"M",1,"Black","Middle",2,0,0,0,0,0,0,0,0,0,1,NA,FALSE,1
"9958",4,"F",1,NA,"Middle",4,0,0,0,NA,NA,NA,NA,NA,0,2,1,NA,1
"9959",4,"F",1,"Black","Middle",4,0,0,0,0,0,0,0,0,0,1,NA,FALSE,1
"9960",3,"F",1,NA,"Middle",4,0,0,0,0,0,0,0,0,0,4,NA,FALSE,0
"9961",3,"M",1,"Black","Middle",4,0,0,0,0,0,0,0,0,0,1,1,FALSE,1
"9962",3,"F",1,"Black","Middle",4,0,0,0,0,0,0,0,0,1,1,1,TRUE,1
"9963",5,"F",2,NA,"Middle",1,1,1,0,0,0,0,0,0,0,3,1,TRUE,0
"9964",6,"M",2,"Black","Middle",4,0,0,0,0,0,0,0,0,0,4,1,FALSE,0
"9965",4,"M",2,NA,"Middle",1,0,0,0,0,0,0,0,0,0,1,1,FALSE,1
"9966",6,"F",2,"Black","Middle",3,0,0,0,0,0,0,0,0,0,4,1,FALSE,0
"9967",5,"F",2,"Hispanic","Middle",3,NA,0,NA,0,0,0,0,0,NA,2,NA,NA,1
"9968",5,"M",2,"Black","Middle",4,0,1,0,0,0,0,0,0,1,4,1,TRUE,0
"9969",6,"M",2,NA,"Middle",4,0,0,0,0,0,0,0,0,0,4,1,FALSE,0
"9970",5,"M",2,"Black","Middle",4,0,0,0,0,0,0,0,0,0,4,1,FALSE,0
"9971",5,"F",2,"Black","Middle",4,0,0,0,0,0,0,0,0,0,4,1,FALSE,0
"9972",5,"F",2,"Black","Middle",4,0,0,0,NA,NA,NA,NA,NA,0,4,1,NA,0
"9973",6,"F",2,"Black","Middle",4,0,0,0,0,0,0,0,0,0,4,1,FALSE,0
"9974",6,"F",2,"Black","Middle",4,0,0,0,0,0,0,0,0,0,4,NA,FALSE,0
"9975",5,"F",2,"Black","Middle",4,0,0,0,0,0,0,0,0,0,4,1,FALSE,0
"9976",6,"F",2,"Black","Middle",4,0,0,0,0,0,0,0,0,0,4,NA,FALSE,0
"9977",5,"M",2,"Black","Middle",4,0,0,0,0,0,0,0,0,0,4,1,FALSE,0
"9978",6,"M",1,"Hispanic","Middle",2,0,NA,0,0,0,0,0,0,0,4,NA,NA,0
"9979",4,"M",1,NA,"Middle",4,0,0,0,0,0,0,0,0,0,4,NA,FALSE,0
"9980",4,"F",1,"Black","Middle",2,0,0,0,0,0,0,0,0,0,4,NA,FALSE,0
"9981",7,"F",1,NA,"Middle",1,1,1,0,0,0,0,0,0,0,4,NA,TRUE,0
"9982",6,"F",1,"Black","Middle",2,1,1,0,0,0,0,0,0,1,1,NA,TRUE,1
"9983",5,"M",1,NA,"Middle",2,1,NA,0,NA,NA,NA,NA,NA,0,3,NA,TRUE,0
"9984",4,"F",1,NA,"Middle",3,0,0,0,0,0,0,0,0,0,4,NA,FALSE,0
"9985",5,"F",1,NA,"Middle",4,0,0,0,0,0,0,0,0,0,4,NA,FALSE,0
"9986",4,"M",1,"Black","Middle",4,0,0,0,0,0,0,0,0,0,4,1,FALSE,0
"9987",5,"M",1,"Black","Middle",4,0,0,0,0,0,0,0,0,0,4,1,FALSE,0
"9988",4,"M",1,"Hispanic","Middle",4,0,0,0,0,0,0,0,0,0,4,1,FALSE,0
"9989",5,"M",1,"Black","Middle",3,0,0,0,0,0,0,0,0,0,1,NA,FALSE,1
"9990",6,"M",1,NA,"Middle",4,0,0,0,0,0,0,0,0,0,2,NA,FALSE,1
"9991",5,"M",1,"Black","Middle",4,0,0,0,0,0,0,0,0,0,3,NA,FALSE,0
"9992",4,"M",1,NA,"Middle",4,0,0,0,0,0,0,0,0,0,3,NA,FALSE,0
"9993",4,"F",2,NA,"Middle",4,0,0,0,0,0,0,0,0,0,4,1,FALSE,0
"9994",8,"F",3,"Black","Middle",2,0,0,0,0,0,0,0,0,0,4,NA,FALSE,0
"9995",7,"M",3,NA,"Middle",1,1,1,1,1,0,1,0,0,1,2,NA,TRUE,1
"9996",5,"F",3,"Black","Middle",3,0,0,0,0,0,0,0,0,0,2,1,FALSE,1
"9997",6,"M",3,"Black","Middle",3,0,0,0,0,0,0,0,0,0,3,1,FALSE,0
"9998",7,"F",3,"Black","Middle",4,0,0,0,0,0,0,0,0,0,4,NA,FALSE,0
"9999",7,"F",3,NA,"Middle",3,0,0,0,0,0,0,0,0,0,4,NA,FALSE,0
"10000",8,"F",3,"Black","Middle",3,0,0,0,0,0,0,0,0,0,1,1,FALSE,1
"10001",7,"F",3,"Black","Middle",4,0,0,0,0,0,0,0,0,0,2,NA,FALSE,1
"10002",6,"F",3,"Black","Middle",4,0,0,0,0,0,0,0,0,0,4,1,FALSE,0
"10003",7,"F",3,"Black","Middle",2,0,0,0,0,0,0,0,0,0,4,NA,FALSE,0
"10004",8,"M",3,NA,"Middle",4,0,0,0,NA,NA,NA,NA,NA,0,4,1,NA,0
"10005",6,"M",3,"Black","Middle",2,0,0,0,0,0,0,0,0,0,4,1,FALSE,0
"10006",6,"F",3,"Hispanic","Middle",4,0,0,0,0,0,0,0,0,0,2,NA,FALSE,1
"10007",8,"F",3,"Black","Middle",4,0,0,0,0,0,0,0,0,0,4,NA,FALSE,0
"10008",6,"M",3,"Black","Middle",4,0,0,0,0,0,0,0,0,0,2,NA,FALSE,1
"10009",6,"F",2,"Hispanic","Middle",4,0,0,0,0,0,0,0,0,0,3,NA,FALSE,0
"10010",6,"M",2,"Hispanic","Middle",4,0,0,0,0,0,0,0,0,0,4,1,FALSE,0
"10011",5,"M",2,"Black","Middle",4,0,0,0,0,0,0,0,0,0,4,NA,FALSE,0
"10012",6,"M",2,"Hispanic","Middle",NA,0,NA,NA,NA,NA,NA,NA,NA,NA,NA,NA,NA,NA
"10013",6,"F",2,"Black","Middle",4,0,0,0,0,0,0,0,0,0,4,NA,FALSE,0
"10014",5,"F",2,"Black","Middle",2,NA,NA,1,0,0,1,0,0,1,2,NA,TRUE,1
"10015",5,"M",2,NA,"Middle",4,0,0,0,0,0,0,0,0,0,4,1,FALSE,0
"10016",4,"F",2,"Hispanic","Middle",4,0,0,0,0,0,0,0,0,0,4,1,FALSE,0
"10017",6,"M",2,"Black","Middle",NA,0,NA,NA,NA,NA,NA,NA,NA,NA,NA,NA,NA,NA
"10018",6,"M",2,"Black","Middle",4,0,0,0,0,0,0,0,0,0,4,1,FALSE,0
"10019",5,"M",2,"Black","Middle",NA,0,NA,NA,0,0,0,0,0,0,4,1,NA,0
"10020",5,"F",2,"Black","Middle",3,0,0,0,NA,NA,NA,NA,NA,0,4,1,NA,0
"10021",5,"F",2,"Black","Middle",4,0,0,0,0,0,0,0,0,0,1,1,FALSE,1
"10022",6,"M",2,NA,"Middle",2,0,0,0,NA,NA,NA,NA,NA,0,NA,1,NA,NA
"10023",5,"F",2,"AI/AN","Middle",4,0,0,0,0,0,0,0,0,0,4,1,FALSE,0
"10024",6,"M",2,NA,"Middle",NA,NA,NA,NA,NA,NA,NA,NA,NA,NA,NA,NA,NA,NA
"10025",10,"F",4,"Asian","High",NA,0,NA,0,NA,NA,NA,NA,NA,0,4,NA,NA,0
"10026",5,"M",2,"Black","Middle",4,0,0,0,0,0,0,0,0,0,4,1,FALSE,0
"10027",5,"M",3,"Black","Middle",3,0,0,0,0,0,0,0,0,0,4,1,FALSE,0
"10028",7,"F",3,"Black","Middle",4,0,0,0,0,0,0,0,0,0,4,NA,FALSE,0
"10029",6,"F",3,"Black","Middle",4,0,0,0,0,0,1,0,0,0,4,NA,TRUE,0
"10030",7,"F",3,"Black","Middle",3,0,0,0,0,0,0,0,0,0,4,NA,FALSE,0
"10031",6,"F",3,"Black","Middle",4,0,0,0,0,0,0,0,0,0,4,1,FALSE,0
"10032",6,"M",3,"Black","Middle",3,0,0,0,0,0,0,0,0,0,1,1,FALSE,1
"10033",6,"M",3,"Black","Middle",4,0,0,0,0,0,0,0,0,0,4,1,FALSE,0
"10034",7,"F",3,"Black","Middle",4,0,0,0,0,0,0,0,0,0,1,1,FALSE,1
"10035",6,"F",3,"Hispanic","Middle",1,0,1,0,0,0,1,0,0,1,1,NA,TRUE,1
"10036",5,"F",3,"Black","Middle",4,0,0,0,0,0,0,0,0,0,1,NA,FALSE,1
"10037",6,"F",3,"Black","Middle",4,0,0,0,0,0,0,0,0,0,4,1,FALSE,0
"10038",6,"F",3,"Hispanic","Middle",4,0,0,0,0,0,0,0,0,0,2,1,FALSE,1
"10039",5,"F",3,"Hispanic","Middle",4,0,0,0,0,0,0,0,0,NA,4,NA,NA,0
"10040",5,"F",3,"Black","Middle",4,0,0,0,0,0,0,0,0,0,4,1,FALSE,0
"10041",5,"F",3,"Black","Middle",4,0,0,0,0,0,0,0,0,0,1,1,FALSE,1
"10042",4,"M",1,"Black","Middle",4,0,0,0,0,0,0,0,0,0,4,1,FALSE,0
"10043",4,"F",1,"White","Middle",4,0,0,0,0,0,0,0,0,0,1,NA,FALSE,1
"10044",5,"M",2,NA,"Middle",NA,0,0,0,0,0,0,0,0,0,4,1,FALSE,0
"10045",6,"F",3,"White","Middle",3,0,0,0,0,0,0,0,0,0,2,NA,FALSE,1
"10046",6,"F",3,"White","Middle",4,0,0,0,0,0,0,0,0,0,2,NA,FALSE,1
"10047",6,"F",3,"Hispanic","Middle",4,0,0,0,0,0,0,0,0,0,4,1,FALSE,0
"10048",5,"M",2,"White","Middle",4,0,0,0,0,0,0,0,0,0,4,1,FALSE,0
"10049",5,"M",2,"White","Middle",4,0,0,0,0,0,0,0,0,0,4,1,FALSE,0
"10050",5,"M",2,"White","Middle",4,0,0,0,0,0,0,0,0,0,4,1,FALSE,0
"10051",5,"M",2,"White","Middle",4,0,0,0,0,0,0,0,0,0,4,NA,FALSE,0
"10052",5,"M",2,"White","Middle",4,0,0,0,0,0,0,0,0,0,4,1,FALSE,0
"10053",5,"M",2,"Black","Middle",4,0,0,0,0,0,0,0,0,0,4,NA,FALSE,0
"10054",5,"F",2,"White","Middle",4,0,0,0,0,0,0,0,0,0,2,NA,FALSE,1
"10055",4,"F",2,"White","Middle",4,0,0,0,0,0,0,0,0,0,4,1,FALSE,0
"10056",5,"F",2,"White","Middle",4,0,0,0,0,0,0,0,0,0,3,NA,FALSE,0
"10057",5,"F",2,"White","Middle",4,0,0,0,0,0,0,0,0,0,4,1,FALSE,0
"10058",5,"M",2,"White","Middle",4,0,0,0,0,0,0,0,0,0,4,1,FALSE,0
"10059",5,"F",2,"White","Middle",4,0,0,0,0,0,0,0,0,0,4,NA,FALSE,0
"10060",5,"F",2,"White","Middle",2,0,0,0,NA,NA,NA,NA,NA,1,1,NA,TRUE,1
"10061",5,"F",2,"White","Middle",4,0,0,0,0,0,0,0,0,0,4,1,FALSE,0
"10062",5,"M",2,"White","Middle",4,0,0,0,0,0,0,0,0,0,4,1,FALSE,0
"10063",5,"M",2,"White","Middle",4,0,0,0,0,0,0,0,0,0,4,1,FALSE,0
"10064",4,"M",2,"White","Middle",4,0,0,0,0,0,0,0,0,0,4,1,FALSE,0
"10065",5,"F",3,"White","Middle",4,0,0,0,0,0,0,0,0,0,4,NA,FALSE,0
"10066",5,"F",3,"White","Middle",4,0,0,0,0,0,0,0,0,0,4,1,FALSE,0
"10067",5,"F",3,"White","Middle",4,0,0,0,0,0,0,0,0,0,4,1,FALSE,0
"10068",5,"M",3,"White","Middle",4,0,0,0,0,0,0,0,0,0,4,NA,FALSE,0
"10069",5,"F",3,"White","Middle",4,0,0,0,0,0,0,0,0,0,4,NA,FALSE,0
"10070",6,"F",3,"White","Middle",4,0,0,0,0,0,0,0,0,0,3,NA,FALSE,0
"10071",6,"F",3,"White","Middle",4,0,0,0,0,0,0,0,0,0,4,1,FALSE,0
"10072",6,"F",3,"White","Middle",4,0,0,0,0,0,0,0,0,1,1,1,TRUE,1
"10073",6,"F",3,"White","Middle",3,0,0,0,0,0,0,0,0,1,1,NA,TRUE,1
"10074",5,"M",3,"White","Middle",4,0,0,0,0,0,0,0,0,0,4,1,FALSE,0
"10075",6,"M",3,"White","Middle",4,0,0,0,0,0,0,0,0,0,4,1,FALSE,0
"10076",7,"M",3,"Hispanic","Middle",3,0,0,1,0,0,0,0,0,1,2,NA,TRUE,1
"10077",6,"M",3,"White","Middle",4,0,0,0,0,0,0,0,0,0,2,1,FALSE,1
"10078",6,"M",3,"White","Middle",4,0,0,0,0,0,0,0,0,0,4,1,FALSE,0
"10079",6,"M",3,"AI/AN","Middle",4,0,0,0,0,0,0,0,0,0,4,1,FALSE,0
"10080",5,"M",3,"White","Middle",4,1,0,0,0,0,0,0,0,0,4,NA,TRUE,0
"10081",5,"M",3,"White","Middle",4,0,0,0,0,0,0,0,0,0,4,1,FALSE,0
"10082",6,"M",3,"White","Middle",4,0,0,0,0,0,0,0,0,0,4,1,FALSE,0
"10083",6,"M",3,"White","Middle",4,0,0,0,0,0,0,0,0,0,4,NA,FALSE,0
"10084",6,"M",3,"Black","Middle",3,0,0,0,0,0,0,0,0,1,2,NA,TRUE,1
"10085",6,"M",3,"Hispanic","Middle",3,0,0,0,0,0,0,0,0,0,3,NA,FALSE,0
"10086",6,"M",3,"White","Middle",4,0,0,0,0,0,0,0,0,0,4,NA,FALSE,0
"10087",6,"M",3,"AI/AN","Middle",3,0,0,0,0,0,0,0,0,0,3,1,FALSE,0
"10088",6,"M",3,"White","Middle",4,0,0,0,0,0,0,0,0,0,3,NA,FALSE,0
"10089",6,"M",3,"White","Middle",4,0,0,0,0,0,0,0,0,0,4,1,FALSE,0
"10090",6,"F",3,"White","Middle",4,0,0,0,0,0,0,0,0,0,4,1,FALSE,0
"10091",6,"F",3,"White","Middle",4,0,0,0,0,0,0,0,0,0,4,1,FALSE,0
"10092",4,"F",1,"White","Middle",4,0,0,0,0,0,0,0,0,0,4,NA,FALSE,0
"10093",4,"M",1,"White","Middle",4,0,0,0,0,0,0,0,0,0,4,NA,FALSE,0
"10094",3,"F",1,"White","Middle",1,0,0,0,0,0,0,0,0,0,1,1,FALSE,1
"10095",3,"F",1,NA,"Middle",4,0,0,0,0,0,0,0,0,0,4,NA,FALSE,0
"10096",4,"F",1,"White","Middle",4,0,0,0,0,0,0,0,0,0,4,NA,FALSE,0
"10097",3,"F",1,"White","Middle",4,0,0,0,0,0,0,0,0,0,4,NA,FALSE,0
"10098",4,"F",1,"White","Middle",4,0,0,0,0,0,0,0,0,0,2,NA,FALSE,1
"10099",4,"F",1,"White","Middle",4,0,0,0,0,0,0,0,0,0,4,1,FALSE,0
"10100",4,"F",1,"White","Middle",4,0,0,0,0,0,0,0,0,0,4,1,FALSE,0
"10101",4,"M",1,"Black","Middle",4,0,0,0,0,0,0,0,0,0,4,1,FALSE,0
"10102",4,"M",1,"AI/AN","Middle",4,0,0,0,0,0,0,0,0,0,3,NA,FALSE,0
"10103",4,"M",1,"White","Middle",4,0,0,0,0,0,0,0,0,0,4,NA,FALSE,0
"10104",4,"M",1,"White","Middle",4,0,0,0,0,0,0,0,0,0,4,NA,FALSE,0
"10105",4,"M",1,"White","Middle",4,0,0,0,0,0,0,0,0,0,4,1,FALSE,0
"10106",4,"M",1,NA,"Middle",4,0,0,0,0,0,0,0,0,0,4,NA,FALSE,0
"10107",4,"M",1,"Asian","Middle",4,0,0,0,0,0,0,0,0,0,4,1,FALSE,0
"10108",4,"M",1,"White","Middle",4,0,0,0,0,0,0,0,0,0,4,1,FALSE,0
"10109",4,"M",1,"White","Middle",4,0,0,0,0,0,0,0,0,0,4,1,FALSE,0
"10110",4,"M",1,"White","Middle",4,0,0,0,0,0,0,0,0,0,4,1,FALSE,0
"10111",4,"M",1,"White","Middle",4,0,0,0,0,0,0,0,0,0,4,1,FALSE,0
"10112",4,"M",1,"White","Middle",4,0,0,0,0,0,0,0,0,0,4,NA,FALSE,0
"10113",4,"F",1,"White","Middle",3,0,0,0,0,0,0,0,0,0,3,1,FALSE,0
"10114",4,"M",1,"White","Middle",4,0,0,0,0,0,0,0,0,0,4,1,FALSE,0
"10115",4,"F",1,"White","Middle",4,0,0,0,0,0,0,0,0,0,4,1,FALSE,0
"10116",3,"M",1,"White","Middle",4,0,0,0,0,0,0,0,0,0,4,NA,FALSE,0
"10117",4,"M",1,"White","Middle",4,0,0,0,0,0,0,0,0,0,4,1,FALSE,0
"10118",4,"M",1,"Hispanic","Middle",NA,0,0,0,NA,NA,NA,NA,NA,0,3,NA,NA,0
"10119",3,"F",1,"White","Middle",4,0,0,0,0,0,0,0,0,0,4,1,FALSE,0
"10120",4,"F",1,"White","Middle",4,0,0,0,0,0,0,0,0,0,4,NA,FALSE,0
"10121",4,"F",1,"White","Middle",4,0,0,0,0,0,0,0,0,0,4,NA,FALSE,0
"10122",3,"F",1,"White","Middle",4,0,0,0,0,0,0,0,0,0,4,1,FALSE,0
"10123",5,"F",2,"White","Middle",4,0,0,0,0,0,0,0,0,0,4,1,FALSE,0
"10124",5,"F",2,"Hispanic","Middle",4,0,0,0,0,0,0,0,0,0,4,NA,FALSE,0
"10125",4,"F",2,"White","Middle",4,0,0,0,0,0,0,0,0,0,4,1,FALSE,0
"10126",5,"F",2,NA,"Middle",4,0,0,0,0,0,0,0,0,0,4,1,FALSE,0
"10127",5,"F",2,"White","Middle",4,0,0,0,0,0,0,0,0,0,4,1,FALSE,0
"10128",5,"F",2,NA,"Middle",4,0,0,0,0,0,0,0,0,0,3,NA,FALSE,0
"10129",5,"M",2,"White","Middle",4,0,0,0,0,0,0,0,0,0,4,1,FALSE,0
"10130",5,"M",2,"AI/AN","Middle",4,0,0,0,0,0,0,0,0,0,4,1,FALSE,0
"10131",5,"M",2,"White","Middle",4,0,0,0,0,0,0,0,0,0,4,1,FALSE,0
"10132",4,"M",2,"White","Middle",4,0,0,0,0,0,0,0,0,0,4,1,FALSE,0
"10133",5,"M",2,"White","Middle",3,0,0,0,0,0,0,0,0,0,4,1,FALSE,0
"10134",5,"F",2,NA,"Middle",4,0,0,0,0,0,0,0,0,0,4,NA,FALSE,0
"10135",5,"F",2,"White","Middle",4,0,0,0,0,0,0,0,0,0,4,1,FALSE,0
"10136",4,"F",2,"White","Middle",4,0,0,0,0,0,0,0,0,0,4,NA,FALSE,0
"10137",5,"F",3,"White","Middle",4,0,0,0,0,0,0,0,0,0,4,NA,FALSE,0
"10138",6,"F",3,"White","Middle",4,0,0,0,0,0,0,0,0,0,4,1,FALSE,0
"10139",5,"M",2,"White","Middle",4,0,0,0,0,0,0,0,0,0,4,NA,FALSE,0
"10140",4,"F",2,"White","Middle",4,0,0,0,0,0,0,0,0,0,4,NA,FALSE,0
"10141",5,"M",2,NA,"Middle",3,0,0,0,0,0,0,0,0,1,1,NA,TRUE,1
"10142",5,"M",2,"Hispanic","Middle",4,0,0,0,0,0,0,0,0,0,2,1,FALSE,1
"10143",4,"M",2,"Hispanic","Middle",4,0,0,0,0,0,0,0,0,0,4,NA,FALSE,0
"10144",5,"M",2,NA,"Middle",4,0,0,0,0,0,0,0,0,0,4,NA,FALSE,0
"10145",4,"M",2,"Hispanic","Middle",4,0,0,0,NA,NA,NA,NA,NA,0,4,NA,NA,0
"10146",5,"F",2,"Hispanic","Middle",3,0,0,0,0,0,0,0,0,0,2,1,FALSE,1
"10147",5,"M",2,"Hispanic","Middle",3,0,0,0,0,0,0,0,0,0,4,1,FALSE,0
"10148",4,"F",2,"White","Middle",4,0,0,0,0,0,0,0,0,0,2,NA,FALSE,1
"10149",5,"F",2,"Hispanic","Middle",4,0,0,0,0,0,0,0,0,0,3,1,FALSE,0
"10150",5,"F",2,"Hispanic","Middle",3,0,0,0,0,0,0,0,0,0,3,1,FALSE,0
"10151",5,"F",2,NA,"Middle",4,0,0,0,0,0,0,0,0,0,4,NA,FALSE,0
"10152",5,"M",2,"Hispanic","Middle",3,0,0,0,0,0,0,0,0,0,4,1,FALSE,0
"10153",4,"F",2,"White","Middle",4,0,0,0,0,0,0,0,0,0,4,NA,FALSE,0
"10154",5,"F",2,"White","Middle",4,0,0,0,0,0,0,0,0,0,4,NA,FALSE,0
"10155",6,"F",2,"White","Middle",4,0,0,0,0,0,0,0,0,0,4,NA,FALSE,0
"10156",5,"M",3,"White","Middle",4,0,0,0,0,0,0,0,0,0,4,1,FALSE,0
"10157",5,"F",2,NA,"Middle",4,0,0,0,0,0,0,0,0,0,4,NA,FALSE,0
"10158",6,"M",3,"White","Middle",4,0,0,0,0,0,0,0,0,0,4,1,FALSE,0
"10159",6,"F",3,"White","Middle",4,0,0,0,0,0,0,0,0,0,4,1,FALSE,0
"10160",5,"F",2,"Hispanic","Middle",4,0,0,0,0,0,0,0,0,0,4,1,FALSE,0
"10161",4,"F",2,"White","Middle",4,0,0,0,0,0,0,0,0,0,3,NA,FALSE,0
"10162",6,"F",3,"White","Middle",3,0,0,0,0,0,0,0,0,0,2,NA,FALSE,1
"10163",6,"F",3,"Hispanic","Middle",4,0,0,0,0,0,0,0,0,0,2,NA,FALSE,1
"10164",6,"M",3,"White","Middle",4,0,0,0,0,0,0,0,0,0,4,NA,FALSE,0
"10165",5,"M",3,"Hispanic","Middle",4,0,0,0,0,0,1,0,0,1,2,NA,TRUE,1
"10166",5,"F",3,"White","Middle",3,1,0,0,0,0,0,0,0,0,1,NA,TRUE,1
"10167",6,"F",3,"White","Middle",4,1,0,0,0,0,0,0,0,0,1,NA,TRUE,1
"10168",5,"F",3,"White","Middle",4,0,0,0,0,0,0,0,0,0,4,1,FALSE,0
"10169",6,"F",3,"Black","Middle",4,0,0,0,0,0,0,0,0,0,3,1,FALSE,0
"10170",5,"M",3,"Hispanic","Middle",4,0,0,0,0,0,0,0,0,0,2,1,FALSE,1
"10171",6,"M",3,"White","Middle",4,0,0,0,0,0,0,0,0,0,4,NA,FALSE,0
"10172",6,"F",3,"White","Middle",3,0,0,0,0,0,0,0,0,0,1,NA,FALSE,1
"10173",5,"F",3,"White","Middle",3,1,0,0,0,0,0,0,0,1,1,NA,TRUE,1
"10174",5,"M",3,"Hispanic","Middle",4,0,0,0,0,0,0,0,0,0,4,1,FALSE,0
"10175",6,"M",3,"Hispanic","Middle",4,0,0,0,0,0,0,0,0,0,4,1,FALSE,0
"10176",6,"F",3,"White","Middle",4,0,0,0,0,0,1,0,0,1,1,1,TRUE,1
"10177",6,"F",3,"White","Middle",4,0,0,0,0,0,0,0,0,0,4,NA,FALSE,0
"10178",6,"M",3,"White","Middle",4,0,0,0,0,0,0,0,0,0,4,1,FALSE,0
"10179",5,"M",3,"Hispanic","Middle",4,0,0,0,0,0,0,0,0,0,4,1,FALSE,0
"10180",7,"F",3,"White","Middle",2,1,1,0,0,0,0,0,0,1,2,1,TRUE,1
"10181",4,"M",3,"White","Middle",4,0,0,0,0,0,0,0,0,0,4,NA,FALSE,0
"10182",6,"M",3,"Hispanic","Middle",4,0,0,0,0,0,0,0,0,0,4,NA,FALSE,0
"10183",10,"F",7,"White","High",3,0,0,0,0,0,1,0,0,1,1,1,TRUE,1
"10184",10,"M",7,"White","High",4,0,0,0,0,0,0,0,0,0,4,1,FALSE,0
"10185",9,"F",7,"White","High",4,0,0,0,0,0,0,0,0,0,2,NA,FALSE,1
"10186",9,"F",6,"White","High",4,0,0,0,0,0,0,0,0,0,2,1,FALSE,1
"10187",9,"F",7,"White","High",3,0,0,0,0,0,0,0,0,0,3,1,FALSE,0
"10188",10,"F",7,"White","High",4,0,0,0,0,0,0,0,0,0,3,1,FALSE,0
"10189",10,"M",7,"White","High",2,1,1,0,NA,NA,NA,NA,NA,1,3,1,TRUE,0
"10190",9,"F",7,"Hispanic","High",4,0,0,0,0,0,0,0,0,0,4,1,FALSE,0
"10191",9,"F",7,"Hispanic","High",4,0,0,0,0,0,0,0,0,0,4,NA,FALSE,0
"10192",10,"F",7,"Hispanic","High",4,0,0,0,0,0,0,0,0,1,1,1,TRUE,1
"10193",10,"M",7,"White","High",4,0,0,0,0,0,0,0,0,0,4,1,FALSE,0
"10194",8,"M",6,"White","High",4,0,0,0,0,0,0,0,0,0,4,1,FALSE,0
"10195",9,"M",6,"White","High",4,0,0,0,0,0,0,0,0,0,3,1,FALSE,0
"10196",8,"F",6,"White","High",4,0,0,0,0,0,0,0,0,0,2,NA,FALSE,1
"10197",9,"F",6,"White","High",4,0,0,0,0,0,0,0,0,0,4,1,FALSE,0
"10198",8,"F",6,"White","High",3,1,0,0,0,0,0,0,0,1,1,1,TRUE,1
"10199",7,"F",5,"Hispanic","High",4,0,0,0,0,0,0,0,0,0,2,1,FALSE,1
"10200",9,"F",6,"White","High",4,0,0,0,0,0,0,0,0,0,3,1,FALSE,0
"10201",7,"M",4,"White","High",3,0,0,0,0,0,0,0,0,0,1,1,FALSE,1
"10202",10,"F",7,"Hispanic","High",4,0,0,0,0,0,0,0,0,0,4,1,FALSE,0
"10203",9,"F",7,"Hispanic","High",4,0,0,0,0,0,0,0,0,0,4,1,FALSE,0
"10204",10,"M",7,"Hispanic","High",4,0,0,0,0,0,1,0,0,0,1,NA,TRUE,1
"10205",9,"F",7,"White","High",4,0,0,0,0,0,0,0,0,0,4,1,FALSE,0
"10206",10,"F",7,"White","High",4,0,0,0,0,0,0,0,0,0,4,NA,FALSE,0
"10207",10,"F",7,"White","High",3,0,0,0,0,0,0,0,0,0,2,NA,FALSE,1
"10208",10,"F",7,"White","High",4,0,0,0,0,0,0,0,0,0,4,1,FALSE,0
"10209",10,"F",7,"White","High",4,0,0,0,0,0,0,0,0,0,4,1,FALSE,0
"10210",9,"F",6,"White","High",4,0,0,0,0,0,0,0,0,0,4,NA,FALSE,0
"10211",9,"F",6,"White","High",3,1,1,0,NA,NA,NA,NA,NA,1,3,NA,TRUE,0
"10212",8,"M",6,"White","High",4,0,0,0,0,0,0,0,0,0,4,1,FALSE,0
"10213",9,"F",6,"Hispanic","High",3,0,0,0,0,0,0,0,0,0,2,1,FALSE,1
"10214",9,"F",6,"White","High",4,0,0,0,0,0,0,0,0,0,4,NA,FALSE,0
"10215",8,"F",6,"White","High",4,0,0,0,0,0,0,0,0,1,1,1,TRUE,1
"10216",9,"M",6,"White","High",2,0,0,0,0,0,0,0,0,0,2,1,FALSE,1
"10217",9,"M",6,"White","High",2,0,1,0,0,0,0,0,0,1,1,1,TRUE,1
"10218",9,"F",7,"Hispanic","High",3,0,0,0,0,0,0,0,0,0,4,NA,FALSE,0
"10219",9,"M",6,"White","High",1,1,1,1,0,0,1,0,0,1,1,NA,TRUE,1
"10220",7,"M",4,"White","High",4,0,0,0,0,0,0,0,0,0,4,NA,FALSE,0
"10221",7,"M",4,"Black","High",4,0,0,0,0,0,0,0,0,0,4,1,FALSE,0
"10222",7,"M",4,"Asian","High",4,0,0,0,0,0,0,0,0,0,4,NA,FALSE,0
"10223",7,"M",4,"Hispanic","High",4,0,0,0,0,0,0,0,0,0,4,1,FALSE,0
"10224",7,"M",4,"White","High",4,0,0,0,0,0,0,0,0,0,4,1,FALSE,0
"10225",7,"M",4,"White","High",4,0,0,0,0,0,0,0,0,0,4,NA,FALSE,0
"10226",6,"M",4,"Black","High",4,0,0,0,0,0,0,0,0,0,4,NA,FALSE,0
"10227",6,"M",4,"White","High",4,0,0,0,0,0,0,0,0,1,3,NA,TRUE,0
"10228",7,"M",4,"Hispanic","High",4,0,0,0,0,0,0,0,0,0,4,1,FALSE,0
"10229",6,"M",4,"Hispanic","High",4,0,0,0,0,0,0,0,0,0,4,NA,FALSE,0
"10230",7,"M",4,"White","High",4,0,0,0,0,0,0,0,0,0,4,1,FALSE,0
"10231",6,"M",4,"White","High",4,0,0,0,0,0,0,0,0,0,4,1,FALSE,0
"10232",6,"M",4,"White","High",3,0,0,0,0,0,0,0,0,0,2,1,FALSE,1
"10233",7,"M",4,"White","High",3,0,0,0,0,0,0,0,0,0,2,NA,FALSE,1
"10234",7,"M",4,"Hispanic","High",3,0,0,0,0,0,0,0,0,0,2,NA,FALSE,1
"10235",9,"M",6,"Hispanic","High",4,0,0,0,0,0,0,0,0,0,4,1,FALSE,0
"10236",7,"M",4,"White","High",4,0,0,0,0,0,0,0,0,0,4,1,FALSE,0
"10237",8,"M",4,"Hispanic","High",3,0,0,0,0,0,0,0,0,0,3,1,FALSE,0
"10238",8,"M",5,"White","High",4,0,0,0,0,0,0,0,0,0,4,1,FALSE,0
"10239",8,"M",5,"White","High",4,0,0,0,0,0,0,0,0,0,4,1,FALSE,0
"10240",8,"F",5,"Hispanic","High",4,0,0,0,0,0,0,0,0,0,4,1,FALSE,0
"10241",7,"M",5,"White","High",3,0,0,0,0,0,0,0,0,1,1,NA,TRUE,1
"10242",8,"M",5,"White","High",4,0,0,0,0,0,0,0,0,0,4,1,FALSE,0
"10243",7,"M",5,"White","High",4,0,0,0,0,0,0,0,0,0,4,NA,FALSE,0
"10244",8,"M",5,"Hispanic","High",4,0,0,0,0,0,0,0,0,0,4,1,FALSE,0
"10245",8,"F",5,"White","High",4,0,0,0,0,0,0,0,0,0,4,1,FALSE,0
"10246",8,"F",5,"White","High",3,0,0,0,0,0,0,0,0,0,2,NA,FALSE,1
"10247",7,"F",5,"White","High",4,0,0,0,0,0,0,0,0,0,3,NA,FALSE,0
"10248",8,"F",5,"Hispanic","High",4,0,0,0,0,0,0,0,0,0,4,1,FALSE,0
"10249",8,"M",5,"White","High",3,0,0,0,0,0,0,0,0,0,2,1,FALSE,1
"10250",8,"M",5,"Hispanic","High",4,0,0,0,0,0,0,0,0,1,2,1,TRUE,1
"10251",8,"M",5,"White","High",4,0,0,0,0,0,0,0,0,0,4,1,FALSE,0
"10252",7,"M",5,"White","High",3,0,0,0,0,0,0,0,0,1,1,NA,TRUE,1
"10253",8,"M",5,"White","High",3,0,0,0,0,0,0,0,0,1,1,NA,TRUE,1
"10254",8,"M",5,"Asian","High",3,0,0,0,0,0,0,0,0,0,1,1,FALSE,1
"10255",8,"F",5,"White","High",3,0,0,0,0,0,0,0,0,1,1,1,TRUE,1
"10256",7,"F",5,"White","High",3,0,0,0,0,0,0,0,0,0,1,1,FALSE,1
"10257",8,"F",5,"AI/AN","High",2,0,1,1,0,0,0,0,0,1,1,1,TRUE,1
"10258",8,"F",5,"White","High",4,0,0,0,0,0,0,0,0,0,4,1,FALSE,0
"10259",11,"F",6,"White","High",4,0,0,0,0,0,0,0,0,0,4,NA,FALSE,0
"10260",8,"F",6,"White","High",3,0,0,0,0,0,0,0,0,0,3,1,FALSE,0
"10261",9,"F",6,"White","High",3,0,0,0,0,0,0,0,0,0,2,NA,FALSE,1
"10262",6,"M",4,"White","High",4,0,0,0,0,0,0,0,0,0,4,NA,FALSE,0
"10263",8,"M",6,"White","High",1,1,1,1,0,0,0,0,0,1,1,1,TRUE,1
"10264",7,"M",4,"White","High",4,0,0,0,0,0,0,0,0,0,4,1,FALSE,0
"10265",7,"M",4,"White","High",4,0,0,0,0,0,0,0,0,0,4,NA,FALSE,0
"10266",9,"M",6,"White","High",4,0,0,0,0,0,0,0,0,0,4,NA,FALSE,0
"10267",5,"M",2,"White","Middle",4,0,0,0,0,0,0,0,0,0,4,1,FALSE,0
"10268",4,"M",2,"White","Middle",3,0,0,0,0,0,0,0,0,0,4,1,FALSE,0
"10269",4,"F",2,"White","Middle",4,0,0,0,0,0,0,0,0,0,4,1,FALSE,0
"10270",5,"M",2,"Hispanic","Middle",4,0,0,0,0,0,0,0,0,0,4,1,FALSE,0
"10271",5,"M",2,"AI/AN","Middle",3,0,0,0,0,0,0,0,0,0,2,1,FALSE,1
"10272",5,"M",2,"White","Middle",4,0,0,0,0,0,0,0,0,0,4,NA,FALSE,0
"10273",5,"F",2,"White","Middle",4,0,0,0,0,0,0,0,0,0,4,1,FALSE,0
"10274",4,"M",2,"White","Middle",4,0,0,0,0,0,0,0,0,0,4,1,FALSE,0
"10275",4,"F",2,"White","Middle",4,0,0,0,0,0,0,0,0,0,4,NA,FALSE,0
"10276",5,"M",2,"White","Middle",4,0,0,0,0,0,0,0,0,0,4,1,FALSE,0
"10277",5,"M",2,"White","Middle",4,0,0,0,0,0,0,0,0,0,3,1,FALSE,0
"10278",5,"F",2,"AI/AN","Middle",4,0,0,0,0,0,0,0,0,0,4,NA,FALSE,0
"10279",5,"M",2,"White","Middle",3,0,0,0,0,0,0,0,0,0,4,NA,FALSE,0
"10280",4,"M",2,"White","Middle",4,0,0,0,0,0,0,0,0,0,4,1,FALSE,0
"10281",5,"F",2,"Hispanic","Middle",4,0,0,0,0,0,0,0,0,0,4,1,FALSE,0
"10282",4,"M",2,"White","Middle",3,0,0,0,0,0,0,0,0,0,4,NA,FALSE,0
"10283",4,"F",2,"White","Middle",4,0,0,0,0,0,0,0,0,0,4,1,FALSE,0
"10284",4,"F",1,"White","Middle",4,0,0,0,0,0,0,0,0,0,4,NA,FALSE,0
"10285",4,"M",NA,"AI/AN",NA,4,0,0,0,0,0,0,0,0,0,4,NA,FALSE,0
"10286",4,"F",1,"White","Middle",4,0,0,0,0,0,0,0,0,0,4,1,FALSE,0
"10287",4,"M",1,NA,"Middle",4,0,0,0,0,0,0,0,0,0,4,NA,FALSE,0
"10288",3,"M",1,"AI/AN","Middle",4,0,0,0,0,0,0,0,0,0,4,NA,FALSE,0
"10289",4,"F",1,NA,"Middle",3,0,0,0,0,0,0,0,0,0,2,1,FALSE,1
"10290",3,"F",1,"AI/AN","Middle",4,0,0,0,0,0,0,0,0,0,4,NA,FALSE,0
"10291",4,"F",1,"White","Middle",4,0,0,0,0,0,0,0,0,0,4,NA,FALSE,0
"10292",4,"M",1,"Hispanic","Middle",4,0,0,0,0,0,0,0,0,0,4,1,FALSE,0
"10293",4,"F",1,NA,"Middle",4,0,0,0,0,0,0,0,0,0,4,1,FALSE,0
"10294",4,"M",1,"White","Middle",2,0,0,0,0,0,0,0,0,0,2,1,FALSE,1
"10295",3,"F",1,NA,"Middle",4,0,0,0,0,0,0,0,0,0,4,1,FALSE,0
"10296",4,"F",1,"White","Middle",4,0,0,0,0,0,0,0,0,0,4,1,FALSE,0
"10297",3,"F",1,"White","Middle",4,0,0,0,0,0,0,0,0,0,4,1,FALSE,0
"10298",4,"M",1,"White","Middle",4,0,0,0,0,0,0,0,0,0,4,1,FALSE,0
"10299",3,"M",1,"White","Middle",4,0,0,0,0,0,0,0,0,0,3,1,FALSE,0
"10300",5,"F",3,"White","Middle",4,0,0,0,0,0,0,0,0,0,4,1,FALSE,0
"10301",6,"F",3,"White","Middle",4,0,0,0,0,0,0,0,0,0,4,NA,FALSE,0
"10302",6,"M",3,"White","Middle",4,0,0,0,0,0,0,0,0,0,3,1,FALSE,0
"10303",6,"M",3,"White","Middle",4,0,0,0,0,0,0,0,0,0,4,1,FALSE,0
"10304",6,"M",3,"White","Middle",4,0,0,0,0,0,0,0,0,0,3,1,FALSE,0
"10305",5,"M",3,"White","Middle",4,0,0,0,0,0,0,0,0,0,4,1,FALSE,0
"10306",6,"F",3,"White","Middle",4,0,0,0,0,0,0,0,0,0,4,1,FALSE,0
"10307",5,"M",3,"White","Middle",4,0,0,0,0,0,0,0,0,0,4,1,FALSE,0
"10308",5,"M",3,"White","Middle",4,0,0,0,0,0,0,0,0,0,4,1,FALSE,0
"10309",5,"M",3,"White","Middle",4,0,0,0,0,0,0,0,0,0,4,NA,FALSE,0
"10310",7,"M",3,"White","Middle",4,0,0,0,0,0,0,0,0,0,4,1,FALSE,0
"10311",6,"M",3,"White","Middle",4,0,0,0,0,0,0,0,0,0,4,1,FALSE,0
"10312",6,"M",3,"Asian","Middle",4,0,0,0,0,0,0,0,0,0,4,1,FALSE,0
"10313",6,"M",3,"White","Middle",4,0,0,0,0,0,0,0,0,0,4,1,FALSE,0
"10314",6,"F",3,"White","Middle",4,0,0,0,0,0,0,0,0,0,4,1,FALSE,0
"10315",6,"M",3,"Asian","Middle",4,0,0,0,0,0,0,0,0,0,4,1,FALSE,0
"10316",6,"F",3,"White","Middle",4,0,0,0,0,0,0,0,0,0,4,1,FALSE,0
"10317",6,"M",3,"White","Middle",4,0,0,0,0,0,0,0,0,0,4,1,FALSE,0
"10318",5,"F",1,"Hispanic","Middle",4,0,0,0,0,0,0,0,0,0,4,1,FALSE,0
"10319",4,"F",1,"White","Middle",4,0,0,0,0,0,0,0,0,0,4,NA,FALSE,0
"10320",4,"F",1,"Hispanic","Middle",4,0,0,0,0,0,0,0,0,0,4,1,FALSE,0
"10321",4,"F",1,"Hispanic","Middle",4,0,0,0,0,0,0,0,0,0,4,1,FALSE,0
"10322",4,"F",1,"White","Middle",3,0,0,0,0,0,0,0,0,0,2,NA,FALSE,1
"10323",3,"F",1,"White","Middle",3,1,0,0,1,0,0,1,0,1,1,NA,TRUE,1
"10324",4,"M",1,"Hispanic","Middle",4,0,0,0,0,0,0,0,0,0,4,1,FALSE,0
"10325",4,"M",1,NA,"Middle",4,0,0,0,0,0,0,0,0,0,4,1,FALSE,0
"10326",3,"M",1,"Hispanic","Middle",3,0,0,0,0,0,0,0,0,0,3,NA,FALSE,0
"10327",4,"F",1,"Hispanic","Middle",4,0,0,0,0,0,0,0,0,0,4,1,FALSE,0
"10328",4,"M",1,"White","Middle",4,0,0,0,0,0,0,0,0,0,4,NA,FALSE,0
"10329",3,"M",1,"Hispanic","Middle",4,0,0,0,0,0,0,0,0,0,4,1,FALSE,0
"10330",3,"F",1,"White","Middle",4,0,0,0,0,0,0,0,0,0,4,1,FALSE,0
"10331",NA,NA,NA,"White",NA,4,0,0,0,0,0,0,0,0,0,4,NA,FALSE,0
"10332",3,"M",1,"Hispanic","Middle",4,0,0,0,0,0,0,0,0,0,4,1,FALSE,0
"10333",4,"M",1,"White","Middle",4,0,0,0,0,0,0,0,0,0,4,1,FALSE,0
"10334",3,"F",1,"White","Middle",4,0,0,0,0,0,0,0,0,0,4,NA,FALSE,0
"10335",4,"F",1,"White","Middle",4,0,0,0,0,0,0,0,0,0,2,1,FALSE,1
"10336",3,"F",1,"Hispanic","Middle",4,0,0,0,0,0,0,0,0,0,4,NA,FALSE,0
"10337",3,"F",1,"Hispanic","Middle",4,0,0,0,0,0,0,0,0,0,4,1,FALSE,0
"10338",4,"M",1,"Hispanic","Middle",3,0,0,0,0,0,0,0,0,0,4,1,FALSE,0
"10339",3,"M",1,"White","Middle",4,0,0,0,0,0,0,0,0,0,4,NA,FALSE,0
"10340",4,"M",1,"Hispanic","Middle",4,0,0,0,0,0,0,0,0,0,4,NA,FALSE,0
"10341",4,"F",1,"Hispanic","Middle",3,0,0,0,0,0,0,0,0,0,2,NA,FALSE,1
"10342",3,"M",1,"Hispanic","Middle",4,0,0,0,0,0,0,0,0,0,4,1,FALSE,0
"10343",4,"M",1,"White","Middle",4,0,0,0,0,0,0,0,0,0,4,NA,FALSE,0
"10344",3,"M",1,"White","Middle",4,0,0,0,0,0,0,0,0,0,4,NA,FALSE,0
"10345",3,"M",1,"Hispanic","Middle",4,0,0,0,0,0,0,0,0,0,4,1,FALSE,0
"10346",4,"F",1,"Hispanic","Middle",4,0,0,0,0,0,0,0,0,0,4,1,FALSE,0
"10347",6,"F",3,"White","Middle",4,0,0,0,0,0,0,0,0,0,3,1,FALSE,0
"10348",6,"F",3,"White","Middle",4,0,0,0,0,0,0,0,0,0,4,1,FALSE,0
"10349",6,"F",3,"Asian","Middle",3,0,0,0,0,0,0,0,0,0,1,1,FALSE,1
"10350",6,"F",3,"Hispanic","Middle",3,0,0,0,0,0,0,0,0,1,1,1,TRUE,1
"10351",5,"F",3,"Asian","Middle",4,0,0,0,0,0,0,0,0,0,4,1,FALSE,0
"10352",5,"F",3,"White","Middle",4,0,0,0,0,0,0,0,0,0,3,1,FALSE,0
"10353",6,"F",3,"Hispanic","Middle",4,0,0,0,0,0,0,0,0,0,4,NA,FALSE,0
"10354",5,"F",3,"Hispanic","Middle",4,0,0,0,0,0,0,0,0,0,2,1,FALSE,1
"10355",6,"F",3,"Hispanic","Middle",4,0,0,0,0,0,0,0,0,0,2,1,FALSE,1
"10356",6,"F",3,"Hispanic","Middle",4,0,0,0,0,0,0,0,0,0,2,1,FALSE,1
"10357",5,"F",3,"Asian","Middle",3,0,0,0,0,0,0,0,0,0,1,NA,FALSE,1
"10358",6,"F",3,"Asian","Middle",3,0,0,0,0,0,0,0,0,0,3,1,FALSE,0
"10359",6,"F",3,"Hispanic","Middle",4,1,NA,0,0,0,0,0,0,0,2,NA,TRUE,1
"10360",6,"F",3,"White","Middle",4,0,0,0,0,0,0,0,0,0,4,1,FALSE,0
"10361",6,"F",3,"Hispanic","Middle",4,0,0,0,0,0,0,0,0,0,1,NA,FALSE,1
"10362",5,"F",3,"Asian","Middle",4,0,0,0,0,0,0,0,0,0,4,1,FALSE,0
"10363",5,"F",3,"Hispanic","Middle",4,0,0,0,0,0,0,0,0,0,4,1,FALSE,0
"10364",6,"F",3,NA,"Middle",3,0,0,0,0,0,0,0,0,0,1,1,FALSE,1
"10365",5,"F",3,"White","Middle",4,0,0,0,0,0,0,0,0,0,1,NA,FALSE,1
"10366",6,"F",3,"White","Middle",4,0,0,0,0,0,0,0,0,0,4,1,FALSE,0
"10367",6,"F",3,"Black","Middle",4,0,0,0,0,0,0,0,0,0,1,NA,FALSE,1
"10368",6,"F",3,"White","Middle",4,0,0,0,0,0,0,0,0,0,3,NA,FALSE,0
"10369",3,"M",1,"Hispanic","Middle",3,0,0,0,0,0,0,0,0,0,3,NA,FALSE,0
"10370",4,"M",1,"Asian","Middle",4,0,0,0,0,0,0,0,0,0,4,NA,FALSE,0
"10371",4,"M",1,"Asian","Middle",4,0,0,0,0,0,0,0,0,0,3,NA,FALSE,0
"10372",3,"M",1,"Hispanic","Middle",4,NA,0,0,0,0,0,0,0,0,4,1,NA,0
"10373",3,"F",1,"White","Middle",4,0,0,0,0,0,0,0,0,0,4,NA,FALSE,0
"10374",4,"F",1,"Hispanic","Middle",4,0,0,0,0,0,0,0,0,0,3,1,FALSE,0
"10375",3,"M",1,"White","Middle",4,0,0,0,0,0,0,0,0,0,4,1,FALSE,0
"10376",3,"F",1,"NHOPI","Middle",4,0,0,0,0,0,0,0,0,0,2,1,FALSE,1
"10377",4,"M",1,"Black","Middle",4,0,0,0,0,0,0,0,0,0,4,1,FALSE,0
"10378",4,"F",1,"Asian","Middle",4,0,0,0,0,0,0,0,0,0,4,1,FALSE,0
"10379",3,"M",1,"Hispanic","Middle",4,0,0,0,0,0,0,0,0,0,4,NA,FALSE,0
"10380",4,"M",1,"Hispanic","Middle",4,0,0,0,0,0,0,0,0,0,1,1,FALSE,1
"10381",4,"F",1,"White","Middle",3,0,0,0,0,0,0,0,0,0,4,NA,FALSE,0
"10382",4,"F",1,"White","Middle",3,0,0,0,0,0,0,0,0,0,2,NA,FALSE,1
"10383",3,"F",1,"Hispanic","Middle",4,0,0,0,0,0,0,0,0,0,2,NA,FALSE,1
"10384",3,"F",1,"Asian","Middle",4,0,0,0,0,0,0,0,0,0,4,1,FALSE,0
"10385",4,"F",1,"White","Middle",4,0,0,0,0,0,0,0,0,0,2,NA,FALSE,1
"10386",4,"M",1,"Asian","Middle",3,0,0,0,0,0,0,0,0,0,2,NA,FALSE,1
"10387",3,"F",1,"Asian","Middle",4,0,0,0,0,0,0,0,0,0,4,1,FALSE,0
"10388",4,"M",1,"White","Middle",4,0,0,0,0,0,0,0,0,0,2,1,FALSE,1
"10389",3,"F",1,"Hispanic","Middle",4,0,0,0,0,0,0,0,0,0,4,1,FALSE,0
"10390",3,"F",1,"Hispanic","Middle",4,0,0,0,0,0,0,0,0,0,4,1,FALSE,0
"10391",3,"F",1,"White","Middle",4,0,0,0,0,0,0,0,0,0,4,1,FALSE,0
"10392",5,"M",2,"White","Middle",3,0,0,0,0,0,0,0,0,0,3,1,FALSE,0
"10393",4,"F",1,"Asian","Middle",4,0,0,0,0,0,0,0,0,0,2,NA,FALSE,1
"10394",4,"M",1,"White","Middle",3,0,0,0,0,0,0,0,0,0,2,NA,FALSE,1
"10395",3,"M",1,"White","Middle",4,0,0,0,0,0,0,0,0,0,4,NA,FALSE,0
"10396",4,"F",1,"White","Middle",3,0,0,0,0,0,0,0,0,0,1,NA,FALSE,1
"10397",5,"M",1,"Hispanic","Middle",4,0,0,0,0,0,0,0,0,0,4,NA,FALSE,0
"10398",3,"F",1,"Hispanic","Middle",4,0,0,0,0,0,0,0,0,0,4,1,FALSE,0
"10399",4,"M",1,"White","Middle",4,0,0,0,0,0,0,0,0,0,4,NA,FALSE,0
"10400",4,"M",1,"NHOPI","Middle",1,NA,1,NA,0,1,0,0,0,1,1,NA,TRUE,1
"10401",3,"F",1,"White","Middle",4,0,0,0,0,0,0,0,0,0,4,1,FALSE,0
"10402",4,"F",1,"Hispanic","Middle",4,0,0,0,0,0,0,0,0,0,4,1,FALSE,0
"10403",3,"M",1,"Asian","Middle",4,0,0,0,0,0,0,0,0,0,4,NA,FALSE,0
"10404",4,"F",1,"White","Middle",4,0,0,0,0,0,0,0,0,0,4,1,FALSE,0
"10405",4,"M",1,"Hispanic","Middle",4,0,0,0,0,0,0,0,0,0,4,1,FALSE,0
"10406",4,"M",1,"Hispanic","Middle",4,0,0,0,0,0,0,0,0,0,4,1,FALSE,0
"10407",4,"F",1,"Hispanic","Middle",4,0,0,0,0,0,0,0,0,0,4,1,FALSE,0
"10408",4,"F",1,"White","Middle",3,0,0,0,0,0,0,0,0,0,2,1,FALSE,1
"10409",4,"M",1,"Asian","Middle",4,0,0,0,0,0,0,0,0,0,4,NA,FALSE,0
"10410",5,"M",1,"Hispanic","Middle",4,0,0,0,0,0,0,0,0,0,2,NA,FALSE,1
"10411",4,"F",1,"Black","Middle",4,0,0,0,0,0,0,0,0,0,4,1,FALSE,0
"10412",3,"M",1,"White","Middle",4,0,0,0,0,0,0,0,0,0,3,1,FALSE,0
"10413",4,"M",1,"Asian","Middle",4,0,0,0,0,0,0,0,0,0,4,NA,FALSE,0
"10414",3,"F",1,"Hispanic","Middle",4,0,0,0,0,0,0,0,0,0,4,1,FALSE,0
"10415",4,"M",1,"White","Middle",4,0,0,0,0,0,0,0,0,0,4,1,FALSE,0
"10416",4,"F",1,"Asian","Middle",4,0,0,0,0,0,0,0,0,0,4,1,FALSE,0
"10417",6,"M",3,"White","Middle",3,0,0,0,0,0,0,0,0,0,2,NA,FALSE,1
"10418",6,"M",3,NA,"Middle",3,0,0,0,0,0,0,0,0,0,4,1,FALSE,0
"10419",6,"M",3,NA,"Middle",2,0,1,0,NA,NA,NA,NA,NA,0,4,NA,TRUE,0
"10420",6,"M",3,"Hispanic","Middle",2,0,1,0,0,0,0,0,0,1,1,NA,TRUE,1
"10421",6,"M",3,"Asian","Middle",4,0,0,0,0,0,0,0,0,0,4,1,FALSE,0
"10422",6,"M",3,"Black","Middle",4,0,0,0,0,0,0,0,0,0,4,1,FALSE,0
"10423",5,"M",3,"Black","Middle",3,0,0,0,0,0,0,0,0,1,1,1,TRUE,1
"10424",6,"M",3,"Asian","Middle",4,0,0,0,0,0,0,0,0,0,4,1,FALSE,0
"10425",5,"M",3,"White","Middle",4,0,0,0,0,0,0,0,0,0,4,1,FALSE,0
"10426",6,"M",3,"White","Middle",4,0,0,0,0,0,1,0,0,0,3,NA,TRUE,0
"10427",6,"M",3,"White","Middle",4,0,0,0,0,0,0,0,0,0,4,1,FALSE,0
"10428",6,"M",3,"Hispanic","Middle",4,0,0,0,0,0,0,0,0,0,4,1,FALSE,0
"10429",5,"M",3,"Hispanic","Middle",3,0,0,0,0,0,0,0,0,0,2,1,FALSE,1
"10430",6,"M",3,"Hispanic","Middle",3,0,0,0,0,0,0,0,0,1,1,NA,TRUE,1
"10431",5,"M",3,"White","Middle",4,0,0,0,0,0,0,0,0,0,2,NA,FALSE,1
"10432",6,"M",3,"White","Middle",4,0,0,0,0,0,0,0,0,0,4,1,FALSE,0
"10433",5,"M",3,"Black","Middle",2,0,0,0,0,0,0,0,0,0,2,NA,FALSE,1
"10434",6,"M",3,"Asian","Middle",4,0,0,0,0,0,0,0,0,0,4,NA,FALSE,0
"10435",6,"M",3,"Hispanic","Middle",2,0,0,0,0,0,0,0,0,0,1,1,FALSE,1
"10436",6,"M",3,"Hispanic","Middle",2,0,0,0,0,0,0,0,0,0,1,NA,FALSE,1
"10437",6,"M",3,"Hispanic","Middle",4,0,0,0,0,0,0,0,0,0,2,1,FALSE,1
"10438",5,"M",2,"Asian","Middle",3,NA,0,0,0,0,1,0,0,1,1,1,TRUE,1
"10439",4,"M",2,"Asian","Middle",4,0,0,0,0,0,0,0,0,0,4,NA,FALSE,0
"10440",4,"M",2,"Hispanic","Middle",4,0,0,0,0,0,0,0,0,0,2,1,FALSE,1
"10441",5,"M",2,"Hispanic","Middle",4,0,0,0,0,0,0,0,0,0,4,1,FALSE,0
"10442",4,"F",2,"Hispanic","Middle",2,0,0,0,0,0,0,0,0,0,1,1,FALSE,1
"10443",5,"F",2,"Hispanic","Middle",2,0,0,0,0,0,0,0,0,1,1,NA,TRUE,1
"10444",4,"M",2,"Asian","Middle",4,0,0,0,0,0,0,0,0,0,4,1,FALSE,0
"10445",5,"M",2,"White","Middle",4,0,0,0,0,0,0,0,0,0,4,1,FALSE,0
"10446",5,"F",2,"Black","Middle",4,0,0,0,0,0,0,0,0,0,4,NA,FALSE,0
"10447",5,"F",2,"NHOPI","Middle",3,0,0,0,0,0,1,0,0,1,4,NA,TRUE,0
"10448",4,"M",2,"Asian","Middle",4,0,0,0,0,0,0,0,0,0,1,NA,FALSE,1
"10449",5,"M",2,"White","Middle",4,0,0,0,0,0,0,0,0,0,2,1,FALSE,1
"10450",4,"F",2,"Asian","Middle",4,0,0,0,0,0,0,0,0,0,4,NA,FALSE,0
"10451",5,"F",2,NA,"Middle",4,0,0,0,0,0,0,0,0,0,3,NA,FALSE,0
"10452",5,"M",2,"NHOPI","Middle",4,0,0,0,0,0,0,0,0,0,4,NA,FALSE,0
"10453",4,"F",2,"Hispanic","Middle",2,0,1,0,NA,NA,NA,NA,NA,1,1,NA,TRUE,1
"10454",4,"F",2,"AI/AN","Middle",4,0,0,0,0,0,0,0,0,0,4,NA,FALSE,0
"10455",5,"M",2,"Hispanic","Middle",3,NA,NA,NA,NA,NA,NA,NA,NA,1,1,NA,TRUE,1
"10456",5,"F",2,"Hispanic","Middle",4,0,0,0,0,0,0,0,0,0,4,1,FALSE,0
"10457",5,"F",2,"White","Middle",4,0,0,0,0,0,0,0,0,0,1,NA,FALSE,1
"10458",4,"F",2,"White","Middle",4,0,0,0,0,0,1,0,0,0,2,NA,TRUE,1
"10459",5,"F",2,"Asian","Middle",4,0,0,0,0,0,0,0,0,0,4,1,FALSE,0
"10460",6,"F",2,"Black","Middle",4,0,0,0,0,0,0,0,0,0,4,NA,FALSE,0
"10461",5,"F",2,"Hispanic","Middle",3,0,0,0,0,0,0,0,0,0,2,NA,FALSE,1
"10462",5,"M",2,"Black","Middle",3,0,0,0,0,0,0,0,0,0,4,1,FALSE,0
"10463",5,"M",2,"Hispanic","Middle",4,0,0,0,0,0,0,0,0,0,2,NA,FALSE,1
"10464",5,"M",2,"Asian","Middle",4,0,0,0,0,0,0,0,0,0,4,1,FALSE,0
"10465",4,"F",2,"White","Middle",4,0,0,0,0,0,0,0,0,0,1,NA,FALSE,1
"10466",4,"M",2,"Black","Middle",4,0,0,0,0,0,0,0,0,0,4,1,FALSE,0
"10467",5,"M",2,"Black","Middle",4,0,0,0,0,0,0,0,0,0,4,1,FALSE,0
"10468",5,"F",2,"White","Middle",3,0,0,0,0,0,0,0,0,0,2,NA,FALSE,1
"10469",4,"F",2,"Black","Middle",4,0,0,0,0,0,0,0,0,0,4,1,FALSE,0
"10470",4,"M",2,"White","Middle",1,1,0,0,0,0,0,0,0,1,1,NA,TRUE,1
"10471",4,"M",2,"White","Middle",4,0,0,0,0,0,0,0,0,0,4,1,FALSE,0
"10472",4,"M",2,"White","Middle",4,0,0,0,0,0,0,0,0,0,4,NA,FALSE,0
"10473",4,"M",2,"White","Middle",4,0,0,0,0,0,0,0,0,0,4,1,FALSE,0
"10474",4,"M",2,"Hispanic","Middle",4,0,0,0,0,0,0,0,0,0,4,NA,FALSE,0
"10475",5,"F",2,"White","Middle",4,0,0,0,0,0,0,0,0,0,4,1,FALSE,0
"10476",4,"F",2,"Hispanic","Middle",4,0,0,0,0,0,0,0,0,0,2,NA,FALSE,1
"10477",5,"F",2,"White","Middle",4,0,0,0,0,0,0,0,0,0,4,NA,FALSE,0
"10478",5,"M",2,"Asian","Middle",4,0,0,0,0,0,0,0,0,0,4,1,FALSE,0
"10479",4,"M",2,"Asian","Middle",4,0,0,0,0,0,0,0,0,0,4,NA,FALSE,0
"10480",5,"M",2,"White","Middle",2,0,0,0,0,0,0,0,0,1,2,NA,TRUE,1
"10481",5,"M",2,"Hispanic","Middle",3,0,0,0,0,0,0,0,0,0,2,NA,FALSE,1
"10482",5,"F",2,"Hispanic","Middle",4,0,0,0,0,0,0,0,0,0,4,1,FALSE,0
"10483",4,"M",2,"Asian","Middle",4,0,0,0,0,0,0,0,0,0,3,1,FALSE,0
"10484",5,"M",2,"Asian","Middle",4,0,0,0,0,0,0,0,0,0,4,NA,FALSE,0
"10485",4,"F",2,"White","Middle",4,0,0,0,0,0,0,0,0,0,4,1,FALSE,0
"10486",4,"F",2,"White","Middle",4,0,0,0,0,0,0,0,0,0,4,1,FALSE,0
"10487",5,"F",2,"White","Middle",4,0,0,0,0,0,0,0,0,0,3,NA,FALSE,0
"10488",5,"F",2,"White","Middle",4,0,0,0,0,0,0,0,0,0,4,NA,FALSE,0
"10489",5,"M",2,"Asian","Middle",4,0,0,0,0,0,0,0,0,0,4,1,FALSE,0
"10490",5,"F",2,"Asian","Middle",4,0,0,0,0,0,0,0,0,0,4,1,FALSE,0
"10491",4,"M",2,"Asian","Middle",4,0,0,0,0,0,0,0,0,0,3,1,FALSE,0
"10492",5,"M",2,"Hispanic","Middle",4,0,0,0,0,0,0,0,0,0,4,1,FALSE,0
"10493",5,"M",2,"White","Middle",4,0,0,0,0,0,0,0,0,0,4,NA,FALSE,0
"10494",4,"M",2,"White","Middle",4,0,0,0,0,0,0,0,0,0,3,1,FALSE,0
"10495",4,"F",2,"Asian","Middle",4,0,0,0,0,0,0,0,0,0,4,1,FALSE,0
"10496",3,"F",2,"Asian","Middle",4,0,0,0,0,0,0,0,0,0,3,NA,FALSE,0
"10497",5,"M",2,"White","Middle",4,0,0,0,0,0,0,0,0,0,4,1,FALSE,0
"10498",5,"M",2,"White","Middle",3,0,0,0,0,0,0,0,0,0,4,NA,FALSE,0
"10499",4,"F",2,"White","Middle",4,0,0,0,0,0,0,0,0,0,3,1,FALSE,0
"10500",4,"F",2,"White","Middle",3,0,0,0,0,0,0,0,0,0,4,1,FALSE,0
"10501",4,"F",2,"White","Middle",4,0,0,0,0,0,0,0,0,0,4,1,FALSE,0
"10502",5,"F",2,"Asian","Middle",4,0,0,0,0,0,0,0,0,0,4,NA,FALSE,0
"10503",5,"M",2,"White","Middle",4,0,0,0,0,0,0,0,0,0,4,NA,FALSE,0
"10504",4,"M",2,NA,"Middle",4,0,0,0,0,0,0,0,0,0,1,1,FALSE,1
"10505",5,"F",2,"Asian","Middle",4,0,0,0,0,0,0,0,0,0,4,1,FALSE,0
"10506",6,"F",3,"White","Middle",4,0,0,0,0,0,0,0,0,0,4,1,FALSE,0
"10507",5,"M",3,NA,"Middle",4,0,0,0,0,0,0,0,0,0,4,1,FALSE,0
"10508",5,"M",3,"White","Middle",3,0,0,0,0,0,1,0,0,0,4,NA,TRUE,0
"10509",6,"F",3,"White","Middle",4,0,0,0,0,0,0,0,0,0,4,1,FALSE,0
"10510",5,"F",3,"White","Middle",4,0,0,0,0,0,0,0,0,0,4,1,FALSE,0
"10511",6,"F",3,"White","Middle",3,0,0,0,0,0,0,0,0,0,4,1,FALSE,0
"10512",5,"M",3,"White","Middle",4,0,0,0,0,0,0,0,0,0,3,1,FALSE,0
"10513",5,"F",3,"Asian","Middle",4,0,0,0,0,0,0,0,0,0,3,1,FALSE,0
"10514",5,"F",3,"Hispanic","Middle",1,0,0,0,0,0,0,0,0,0,1,NA,FALSE,1
"10515",5,"M",3,"White","Middle",4,0,0,0,0,0,0,0,0,0,4,1,FALSE,0
"10516",5,"M",3,"White","Middle",3,0,0,0,0,0,0,0,0,0,1,1,FALSE,1
"10517",5,"F",3,"Hispanic","Middle",4,0,0,0,0,0,0,0,0,0,3,1,FALSE,0
"10518",6,"F",3,"White","Middle",4,0,0,0,0,0,0,0,0,0,1,1,FALSE,1
"10519",5,"M",3,"White","Middle",4,0,0,0,0,0,0,0,0,0,4,NA,FALSE,0
"10520",6,"M",3,"AI/AN","Middle",3,0,0,0,0,0,0,0,0,0,3,1,FALSE,0
"10521",5,"F",3,"Asian","Middle",4,0,0,0,0,0,0,0,0,0,1,NA,FALSE,1
"10522",6,"M",3,"White","Middle",4,0,0,0,0,0,0,0,0,0,4,NA,FALSE,0
"10523",5,"F",3,"Hispanic","Middle",3,0,0,0,0,0,0,0,0,0,3,1,FALSE,0
"10524",6,"F",3,"Asian","Middle",3,0,0,0,0,0,0,0,0,0,4,1,FALSE,0
"10525",6,"M",3,"Asian","Middle",4,0,0,0,0,0,0,0,0,0,4,1,FALSE,0
"10526",3,"M",1,"White","Middle",4,0,0,0,0,0,0,0,0,0,4,NA,FALSE,0
"10527",4,"M",1,"White","Middle",4,0,0,NA,0,0,0,0,0,0,4,NA,NA,0
"10528",3,"M",1,"Hispanic","Middle",4,0,0,0,NA,NA,NA,NA,NA,0,4,NA,NA,0
"10529",3,"M",1,"White","Middle",4,0,0,0,0,0,0,0,0,0,4,1,FALSE,0
"10530",3,"M",1,"White","Middle",4,0,0,0,0,0,0,0,0,0,4,1,FALSE,0
"10531",4,"M",1,"White","Middle",4,0,0,0,0,0,0,0,0,0,4,1,FALSE,0
"10532",3,"M",1,"Hispanic","Middle",4,0,0,0,0,0,0,0,0,0,4,1,FALSE,0
"10533",3,"M",1,"White","Middle",4,0,0,0,0,0,0,0,0,0,4,NA,FALSE,0
"10534",4,"F",1,NA,"Middle",4,0,0,0,0,0,0,0,0,0,4,NA,FALSE,0
"10535",4,"M",1,"White","Middle",4,0,0,0,0,0,0,0,0,0,4,1,FALSE,0
"10536",3,"M",1,"Asian","Middle",3,0,0,0,0,0,0,0,0,0,3,NA,FALSE,0
"10537",3,"F",1,"Asian","Middle",4,0,0,0,0,0,0,0,0,0,3,1,FALSE,0
"10538",3,"M",1,"Asian","Middle",4,0,0,0,0,0,0,0,0,0,4,1,FALSE,0
"10539",4,"M",1,NA,"Middle",4,0,0,0,0,0,0,0,0,0,4,1,FALSE,0
"10540",3,NA,NA,"White",NA,4,0,0,0,0,0,0,0,0,0,4,1,FALSE,0
"10541",3,"F",1,"Asian","Middle",4,0,0,0,0,0,0,0,0,0,4,1,FALSE,0
"10542",4,"F",1,"Asian","Middle",4,0,0,0,0,0,0,0,0,0,4,1,FALSE,0
"10543",NA,"M",NA,NA,NA,4,0,0,0,0,0,0,0,0,0,4,1,FALSE,0
"10544",3,"M",1,"White","Middle",4,0,0,0,0,0,0,0,0,0,4,1,FALSE,0
"10545",4,"M",1,"White","Middle",4,0,0,0,0,0,0,0,0,0,4,1,FALSE,0
"10546",4,"M",1,"White","Middle",4,0,0,0,0,0,0,0,0,0,4,1,FALSE,0
"10547",4,"M",1,"Asian","Middle",4,0,0,0,0,0,0,0,0,0,4,1,FALSE,0
"10548",4,"M",1,NA,"Middle",4,0,0,0,NA,NA,NA,NA,NA,0,4,1,NA,0
"10549",4,"F",1,"White","Middle",4,0,0,0,0,0,0,0,0,0,3,NA,FALSE,0
"10550",3,"F",1,"White","Middle",4,0,0,0,0,0,0,0,0,0,4,NA,FALSE,0
"10551",5,"F",2,"Hispanic","Middle",4,0,0,0,0,0,0,0,0,0,2,NA,FALSE,1
"10552",4,"F",2,"Hispanic","Middle",2,0,0,0,0,0,0,0,0,0,1,NA,FALSE,1
"10553",4,"F",2,"Hispanic","Middle",4,0,0,0,0,0,0,0,0,0,4,1,FALSE,0
"10554",4,"F",2,"Hispanic","Middle",4,0,NA,NA,NA,NA,NA,NA,NA,NA,4,NA,NA,0
"10555",4,"F",2,"Hispanic","Middle",3,0,0,0,0,0,0,0,0,0,4,1,FALSE,0
"10556",5,"M",2,"Hispanic","Middle",4,0,0,0,0,0,0,0,0,0,2,1,FALSE,1
"10557",5,"M",2,"Hispanic","Middle",1,1,1,0,0,0,1,0,0,1,1,NA,TRUE,1
"10558",5,"F",2,"Black","Middle",3,0,0,0,NA,NA,NA,NA,NA,0,2,NA,NA,1
"10559",4,"F",2,"Hispanic","Middle",3,0,0,0,0,0,0,0,0,0,3,1,FALSE,0
"10560",4,"F",2,NA,"Middle",3,0,0,0,0,0,0,0,0,0,2,1,FALSE,1
"10561",4,"F",2,"Hispanic","Middle",4,0,0,0,0,0,0,0,0,0,4,1,FALSE,0
"10562",4,"F",2,"Hispanic","Middle",4,0,0,0,0,0,0,0,0,0,1,NA,FALSE,1
"10563",4,"M",2,"White","Middle",4,0,0,0,0,0,0,0,0,1,2,NA,TRUE,1
"10564",4,"M",2,"Hispanic","Middle",3,0,0,0,NA,NA,NA,NA,NA,1,2,NA,TRUE,1
"10565",5,"M",2,"Hispanic","Middle",4,0,0,0,0,0,0,0,0,0,4,1,FALSE,0
"10566",5,"M",NA,NA,NA,NA,NA,NA,NA,NA,NA,NA,NA,NA,1,1,NA,TRUE,1
"10567",4,"M",2,"Hispanic","Middle",3,0,0,0,0,0,0,0,0,0,3,1,FALSE,0
"10568",5,"F",2,"Hispanic","Middle",4,0,0,0,0,0,0,0,0,0,4,NA,FALSE,0
"10569",5,"M",2,"Hispanic","Middle",4,0,0,0,NA,NA,NA,NA,NA,1,3,NA,TRUE,0
"10570",4,"F",2,"Hispanic","Middle",4,NA,0,NA,NA,NA,NA,NA,NA,0,4,NA,NA,0
"10571",4,"M",2,"Hispanic","Middle",4,0,0,0,0,0,0,0,0,0,4,1,FALSE,0
"10572",5,"F",2,"Hispanic","Middle",3,NA,0,0,0,0,0,0,0,0,2,1,NA,1
"10573",5,"F",2,"Hispanic","Middle",3,0,0,0,0,0,0,0,0,0,4,NA,FALSE,0
"10574",5,"M",2,"Hispanic","Middle",4,0,0,0,0,0,0,0,0,0,4,NA,FALSE,0
"10575",5,"F",3,"Hispanic","Middle",4,0,0,0,0,0,0,0,0,0,4,1,FALSE,0
"10576",5,"M",3,"Hispanic","Middle",4,0,0,0,0,0,0,0,0,0,4,1,FALSE,0
"10577",5,"M",3,"Hispanic","Middle",4,0,0,0,0,0,0,0,0,0,3,1,FALSE,0
"10578",5,"M",3,"Hispanic","Middle",4,0,0,0,0,0,0,0,0,0,4,1,FALSE,0
"10579",5,"F",3,"White","Middle",4,0,0,0,0,0,0,0,0,0,4,1,FALSE,0
"10580",6,"M",3,"Hispanic","Middle",4,0,0,0,0,0,0,0,0,0,3,1,FALSE,0
"10581",6,"F",3,"Hispanic","Middle",4,0,0,0,0,0,0,0,0,0,2,1,FALSE,1
"10582",5,"F",3,"Hispanic","Middle",3,0,0,0,0,0,0,0,0,0,3,1,FALSE,0
"10583",6,"M",3,"Black","Middle",4,0,0,0,0,0,0,0,0,0,4,NA,FALSE,0
"10584",5,"M",3,"Hispanic","Middle",4,0,0,0,0,0,0,0,0,0,4,1,FALSE,0
"10585",6,"M",3,"Hispanic","Middle",4,0,0,0,0,0,0,0,0,0,4,1,FALSE,0
"10586",6,"M",3,"Black","Middle",4,0,0,0,0,0,0,0,0,0,4,1,FALSE,0
"10587",5,"F",3,"Hispanic","Middle",3,0,0,0,0,0,0,0,0,0,2,1,FALSE,1
"10588",5,"F",3,"Hispanic","Middle",3,0,0,0,0,0,1,0,0,1,2,NA,TRUE,1
"10589",5,"M",3,"NHOPI","Middle",4,0,0,0,0,0,0,0,0,0,4,1,FALSE,0
"10590",6,"F",3,"Hispanic","Middle",3,0,0,0,0,0,1,0,0,1,1,NA,TRUE,1
"10591",6,"M",3,"Black","Middle",2,0,0,0,NA,NA,NA,NA,NA,0,1,1,NA,1
"10592",5,"F",3,"Hispanic","Middle",3,0,0,0,0,0,0,0,0,0,1,NA,FALSE,1
"10593",6,"F",3,"White","Middle",4,0,0,0,0,0,0,0,0,0,4,1,FALSE,0
"10594",5,"F",3,"Hispanic","Middle",4,0,0,0,0,0,0,0,0,0,4,1,FALSE,0
"10595",5,"F",3,"Hispanic","Middle",3,0,0,0,0,0,0,0,0,1,1,1,TRUE,1
"10596",5,"M",3,"Black","Middle",4,0,0,0,0,0,0,0,0,0,2,1,FALSE,1
"10597",6,"M",3,"Hispanic","Middle",3,0,0,0,0,0,0,0,0,0,1,NA,FALSE,1
"10598",5,"M",3,"Hispanic","Middle",2,0,1,0,0,0,1,0,0,1,1,1,TRUE,1
"10599",6,"F",3,"Hispanic","Middle",4,0,0,0,0,0,0,0,0,0,2,1,FALSE,1
"10600",5,"M",3,"Hispanic","Middle",3,0,0,0,0,0,0,0,0,1,1,NA,TRUE,1
"10601",5,"M",3,"Hispanic","Middle",NA,0,NA,NA,NA,NA,NA,NA,NA,NA,NA,NA,NA,NA
"10602",7,"M",3,"Hispanic","Middle",4,0,0,0,0,0,0,0,0,0,2,1,FALSE,1
"10603",5,"M",3,"Black","Middle",4,0,0,0,0,0,0,0,0,0,4,NA,FALSE,0
"10604",6,"F",3,"Hispanic","Middle",NA,0,NA,NA,0,0,1,0,0,NA,NA,1,TRUE,NA
"10605",6,"F",3,"Hispanic","Middle",4,0,0,0,0,0,0,0,0,0,4,1,FALSE,0
"10606",5,"M",3,"White","Middle",2,0,0,0,0,0,0,0,0,0,1,1,FALSE,1
"10607",6,"M",3,"Hispanic","Middle",3,0,0,0,0,0,1,0,0,1,1,NA,TRUE,1
"10608",6,"M",3,"Hispanic","Middle",3,0,0,0,0,0,0,0,0,0,3,1,FALSE,0
"10609",5,"M",3,NA,"Middle",4,1,0,0,0,0,0,0,0,0,4,NA,TRUE,0
"10610",7,"M",3,NA,"Middle",4,0,0,0,0,0,0,0,0,0,4,NA,FALSE,0
"10611",5,"F",3,"Hispanic","Middle",2,0,0,0,0,0,0,0,0,0,2,1,FALSE,1
"10612",6,"F",3,"Hispanic","Middle",4,0,0,0,0,0,0,0,0,0,4,1,FALSE,0
"10613",7,"F",3,"Hispanic","Middle",3,0,0,0,0,0,0,0,0,1,1,1,TRUE,1
"10614",5,"M",3,"Hispanic","Middle",3,0,0,0,0,0,0,0,0,0,2,1,FALSE,1
"10615",6,"M",3,"Hispanic","Middle",4,0,0,0,0,0,0,0,0,0,1,1,FALSE,1
"10616",6,"M",3,"Hispanic","Middle",3,0,0,0,0,0,0,0,0,1,1,1,TRUE,1
"10617",5,"F",3,"Hispanic","Middle",3,0,0,0,0,0,0,0,0,1,2,NA,TRUE,1
"10618",5,"M",3,"Hispanic","Middle",3,NA,0,0,0,0,0,0,0,1,1,NA,TRUE,1
"10619",7,"M",3,NA,"Middle",4,0,0,0,NA,NA,NA,NA,NA,1,1,1,TRUE,1
"10620",6,"M",3,"Hispanic","Middle",4,0,0,0,0,0,0,0,0,0,1,NA,FALSE,1
"10621",6,"F",3,"Hispanic","Middle",4,0,0,0,0,0,0,0,0,0,2,1,FALSE,1
"10622",6,"F",3,"Hispanic","Middle",4,0,0,0,0,0,0,0,0,0,3,NA,FALSE,0
"10623",5,"F",3,"Hispanic","Middle",1,0,0,0,0,0,1,0,0,1,1,NA,TRUE,1
"10624",6,"M",3,"Hispanic","Middle",4,0,0,0,0,0,0,0,0,0,4,1,FALSE,0
"10625",7,"F",3,"Hispanic","Middle",2,NA,NA,0,1,0,1,0,0,1,1,NA,TRUE,1
"10626",6,"F",3,"Hispanic","Middle",3,0,0,0,0,0,0,0,0,1,3,NA,TRUE,0
"10627",5,"F",3,"Hispanic","Middle",4,0,0,0,0,0,0,0,0,0,4,1,FALSE,0
"10628",6,"F",3,"Hispanic","Middle",2,0,0,0,0,0,0,0,0,0,1,NA,FALSE,1
"10629",7,"M",3,"Hispanic","Middle",4,0,0,0,0,0,0,0,0,0,2,1,FALSE,1
"10630",3,"M",1,"Hispanic","Middle",4,0,0,0,0,0,0,0,0,1,1,NA,TRUE,1
"10631",3,"M",1,"Hispanic","Middle",4,0,0,0,NA,NA,NA,NA,NA,0,3,NA,NA,0
"10632",4,"F",1,"Hispanic","Middle",4,0,0,0,0,0,0,0,0,0,4,NA,FALSE,0
"10633",4,"M",1,"Hispanic","Middle",4,0,0,0,0,0,0,0,0,0,3,NA,FALSE,0
"10634",4,"F",1,"Hispanic","Middle",4,0,0,0,0,0,0,0,0,0,4,NA,FALSE,0
"10635",3,"F",1,"Hispanic","Middle",4,0,0,0,0,0,0,0,0,0,4,NA,FALSE,0
"10636",3,"F",1,"Hispanic","Middle",4,0,0,0,0,0,0,0,0,0,4,1,FALSE,0
"10637",4,"F",1,"Hispanic","Middle",4,0,0,0,0,0,0,0,0,0,1,NA,FALSE,1
"10638",4,"M",1,"Hispanic","Middle",4,0,0,0,0,0,0,0,0,0,4,1,FALSE,0
"10639",4,"F",1,"Hispanic","Middle",3,0,0,0,0,0,0,0,0,0,2,1,FALSE,1
"10640",4,"M",1,NA,"Middle",2,0,0,0,0,0,0,0,0,1,2,NA,TRUE,1
"10641",4,"F",1,NA,"Middle",4,0,0,0,0,0,0,0,0,0,4,NA,FALSE,0
"10642",3,"M",1,"White","Middle",3,0,0,0,0,0,0,0,0,0,2,1,FALSE,1
"10643",3,"F",1,"Hispanic","Middle",4,0,0,0,NA,NA,NA,NA,NA,0,4,1,NA,0
"10644",4,"M",1,"Hispanic","Middle",3,0,0,0,0,0,0,0,0,1,2,1,TRUE,1
"10645",3,"F",1,"Hispanic","Middle",4,0,0,0,0,0,0,0,0,0,4,NA,FALSE,0
"10646",4,"F",1,"Hispanic","Middle",4,0,0,0,0,0,0,0,0,0,4,1,FALSE,0
"10647",4,"F",1,"Hispanic","Middle",4,0,0,0,NA,NA,NA,NA,NA,0,4,NA,NA,0
"10648",4,"M",1,NA,"Middle",3,0,0,0,0,0,0,0,0,0,1,1,FALSE,1
"10649",3,"F",1,"Hispanic","Middle",4,0,0,0,0,0,0,0,0,0,4,1,FALSE,0
"10650",4,"F",1,"Hispanic","Middle",4,0,0,0,0,0,0,0,0,1,2,NA,TRUE,1
"10651",4,"F",1,"Hispanic","Middle",2,0,0,0,0,0,0,0,0,0,2,NA,FALSE,1
"10652",4,"F",1,"Hispanic","Middle",3,0,0,0,0,0,0,0,0,0,3,NA,FALSE,0
"10653",4,"F",1,"Hispanic","Middle",3,0,0,0,0,0,0,0,0,0,4,1,FALSE,0
"10654",4,"M",1,"Hispanic","Middle",3,0,0,0,0,0,0,0,0,0,4,1,FALSE,0
"10655",3,"F",1,"Hispanic","Middle",4,0,0,0,0,0,0,0,0,0,3,1,FALSE,0
"10656",3,"M",1,"Hispanic","Middle",4,0,0,0,0,0,0,0,0,0,4,1,FALSE,0
"10657",3,"F",1,"Hispanic","Middle",2,0,0,0,0,0,0,0,0,1,1,NA,TRUE,1
"10658",3,"F",1,"Hispanic","Middle",NA,0,NA,NA,0,0,0,0,0,NA,NA,NA,NA,NA
"10659",3,"F",1,"Hispanic","Middle",4,0,0,0,0,0,0,0,0,0,4,1,FALSE,0
"10660",3,"M",1,"Hispanic","Middle",4,0,0,0,0,0,0,0,0,0,2,1,FALSE,1
"10661",3,"F",1,"Hispanic","Middle",3,0,0,0,NA,NA,NA,NA,NA,0,2,1,NA,1
"10662",4,"M",1,"Hispanic","Middle",2,0,0,0,0,0,1,0,0,0,1,1,TRUE,1
"10663",3,"M",1,"Hispanic","Middle",3,0,0,0,0,0,0,0,0,0,4,1,FALSE,0
"10664",3,"F",1,"Hispanic","Middle",2,0,0,0,0,0,0,0,0,0,1,1,FALSE,1
"10665",3,"F",1,NA,"Middle",4,0,0,0,0,0,0,0,0,0,4,NA,FALSE,0
"10666",3,"M",1,"Hispanic","Middle",4,NA,0,NA,NA,NA,NA,NA,NA,NA,4,NA,NA,0
"10667",3,"M",1,"Hispanic","Middle",4,0,0,0,0,0,0,0,0,0,4,1,FALSE,0
"10668",3,"F",1,"Hispanic","Middle",NA,0,0,0,0,0,0,0,0,0,2,1,FALSE,1
"10669",3,"F",1,"Hispanic","Middle",3,0,0,0,0,0,0,0,0,0,4,1,FALSE,0
"10670",4,"F",1,"Hispanic","Middle",4,0,0,0,0,0,0,0,0,0,2,1,FALSE,1
"10671",4,"F",2,"Hispanic","Middle",3,0,0,0,0,0,0,0,0,0,2,NA,FALSE,1
"10672",4,"F",2,"Hispanic","Middle",4,0,0,0,0,0,0,0,0,0,4,1,FALSE,0
"10673",4,"F",2,"Hispanic","Middle",4,0,0,0,0,0,0,0,0,0,3,1,FALSE,0
"10674",5,"F",2,"Hispanic","Middle",2,0,0,0,0,0,0,0,0,0,1,1,FALSE,1
"10675",5,"F",2,"Hispanic","Middle",3,0,0,0,0,0,0,0,0,1,2,1,TRUE,1
"10676",5,"F",2,NA,"Middle",3,0,0,0,0,0,0,0,0,0,2,NA,FALSE,1
"10677",4,"F",2,"Hispanic","Middle",4,0,0,0,0,0,0,0,0,0,4,1,FALSE,0
"10678",5,"F",2,"White","Middle",2,0,0,0,0,0,0,0,0,0,1,NA,FALSE,1
"10679",4,"F",2,"Hispanic","Middle",4,0,0,0,0,0,0,0,0,0,4,1,FALSE,0
"10680",5,"F",2,"Hispanic","Middle",4,0,0,0,0,0,0,0,0,0,4,1,FALSE,0
"10681",5,"F",2,"Hispanic","Middle",4,0,0,0,0,0,0,0,0,0,3,NA,FALSE,0
"10682",5,"F",2,"Hispanic","Middle",4,0,0,0,0,0,0,0,0,0,4,1,FALSE,0
"10683",5,"F",2,"Hispanic","Middle",4,0,0,0,0,0,0,0,0,0,2,1,FALSE,1
"10684",5,"F",2,"Hispanic","Middle",4,0,0,0,0,0,0,0,0,0,4,1,FALSE,0
"10685",5,"F",2,"Hispanic","Middle",4,0,0,0,0,0,0,0,0,0,2,1,FALSE,1
"10686",6,"F",2,"Hispanic","Middle",2,1,1,1,0,0,0,0,0,0,2,1,TRUE,1
"10687",4,"F",2,"Hispanic","Middle",4,0,0,0,NA,NA,NA,NA,NA,0,4,1,NA,0
"10688",5,"F",2,"Hispanic","Middle",3,0,0,0,NA,NA,NA,NA,NA,0,1,1,NA,1
"10689",5,"F",2,"Hispanic","Middle",3,0,0,0,0,0,0,0,0,0,2,1,FALSE,1
"10690",5,"M",2,"Hispanic","Middle",4,0,0,0,0,0,0,0,0,0,2,1,FALSE,1
"10691",4,"M",2,"Hispanic","Middle",3,0,0,0,0,0,0,0,0,0,2,NA,FALSE,1
"10692",4,"M",2,"Hispanic","Middle",4,0,NA,0,0,0,0,0,0,0,4,1,NA,0
"10693",5,"M",2,"Hispanic","Middle",4,0,0,0,0,0,0,0,0,0,4,NA,FALSE,0
"10694",5,"F",2,"Hispanic","Middle",4,0,0,0,0,0,0,0,0,0,3,NA,FALSE,0
"10695",5,"M",2,"Hispanic","Middle",4,0,0,0,0,0,0,0,0,0,4,NA,FALSE,0
"10696",5,"F",2,"Hispanic","Middle",2,0,0,0,0,0,0,0,0,0,1,1,FALSE,1
"10697",7,"F",5,"White","High",3,0,0,0,0,0,0,0,0,0,4,NA,FALSE,0
"10698",8,"M",5,"White","High",4,0,0,NA,0,0,0,0,0,0,4,1,NA,0
"10699",7,"M",5,"White","High",4,0,0,0,0,0,0,0,0,0,4,1,FALSE,0
"10700",7,"F",5,"White","High",4,0,0,0,0,0,0,0,0,0,1,1,FALSE,1
"10701",8,"F",5,"White","High",4,0,0,0,0,0,0,0,0,0,4,1,FALSE,0
"10702",7,"F",5,"White","High",2,1,1,0,0,0,1,0,0,1,1,NA,TRUE,1
"10703",7,"M",5,"White","High",4,0,0,0,0,0,0,0,0,0,2,NA,FALSE,1
"10704",7,"M",5,"White","High",3,0,0,0,0,0,0,0,0,0,2,NA,FALSE,1
"10705",7,"M",5,"White","High",2,NA,0,0,0,0,1,0,0,1,1,1,TRUE,1
"10706",9,"M",6,"White","High",4,0,0,0,0,0,0,0,0,0,4,1,FALSE,0
"10707",8,"F",5,"White","High",3,0,0,0,0,0,0,0,0,0,3,1,FALSE,0
"10708",7,"F",5,"White","High",3,0,0,0,0,0,0,0,0,0,3,1,FALSE,0
"10709",8,"F",5,"White","High",2,0,0,0,0,0,0,0,0,1,1,1,TRUE,1
"10710",11,"M",8,"White",NA,4,0,0,0,0,0,0,0,0,0,4,1,FALSE,0
"10711",8,"M",6,"White","High",3,0,0,0,0,0,0,0,0,0,2,NA,FALSE,1
"10712",9,"M",6,"Black","High",4,0,0,0,0,0,0,0,0,0,4,1,FALSE,0
"10713",7,"M",5,"White","High",4,0,0,0,0,0,0,0,0,0,4,1,FALSE,0
"10714",9,"F",6,"Hispanic","High",4,0,0,0,0,0,0,0,0,0,4,1,FALSE,0
"10715",8,"M",5,"White","High",4,0,0,0,0,0,0,0,0,0,4,1,FALSE,0
"10716",8,"F",5,NA,"High",4,0,0,0,0,0,0,0,0,0,4,NA,FALSE,0
"10717",7,"M",5,"White","High",4,0,0,0,0,0,0,0,0,0,4,1,FALSE,0
"10718",7,"F",5,"White","High",4,0,0,0,0,0,0,0,0,0,4,NA,FALSE,0
"10719",8,"F",5,"White","High",4,0,0,0,0,0,0,0,0,0,4,1,FALSE,0
"10720",8,"F",5,"Hispanic","High",4,0,0,0,0,0,0,0,0,0,1,NA,FALSE,1
"10721",9,"M",6,"Black","High",4,0,0,0,0,0,0,0,0,0,2,1,FALSE,1
"10722",8,"M",5,"AI/AN","High",1,0,1,1,NA,NA,NA,NA,NA,1,1,NA,TRUE,1
"10723",7,"M",5,"White","High",4,0,0,0,0,0,0,0,0,0,4,1,FALSE,0
"10724",8,"F",6,"White","High",4,0,0,0,0,0,0,0,0,0,2,NA,FALSE,1
"10725",11,"F",7,"White","High",2,1,1,0,0,0,1,0,0,1,2,NA,TRUE,1
"10726",8,"F",6,"White","High",4,0,0,0,0,0,0,0,0,0,4,NA,FALSE,0
"10727",8,"F",6,"Hispanic","High",4,0,0,0,0,0,0,0,0,0,4,NA,FALSE,0
"10728",9,"M",6,"White","High",4,0,0,0,0,0,0,0,0,0,2,1,FALSE,1
"10729",8,"F",5,"White","High",4,0,0,0,0,0,0,0,0,0,4,1,FALSE,0
"10730",9,"F",6,"White","High",4,0,0,0,0,0,0,0,0,0,4,1,FALSE,0
"10731",8,"M",5,"White","High",4,0,0,0,0,0,0,0,0,0,4,1,FALSE,0
"10732",7,"F",5,"White","High",4,0,0,0,0,0,0,0,0,0,4,NA,FALSE,0
"10733",9,"M",6,"White","High",4,0,0,0,0,0,0,0,0,0,3,NA,FALSE,0
"10734",9,"M",6,"Hispanic","High",3,0,0,0,0,0,0,0,0,0,3,1,FALSE,0
"10735",7,"F",5,"Hispanic","High",4,0,0,0,0,0,0,0,0,0,4,1,FALSE,0
"10736",9,"F",7,"Hispanic","High",4,0,0,0,0,0,0,0,0,0,4,1,FALSE,0
"10737",8,"F",5,"White","High",3,1,0,1,0,0,1,1,0,1,1,NA,TRUE,1
"10738",7,"F",5,"White","High",4,0,0,0,0,0,0,0,0,0,2,1,FALSE,1
"10739",7,"F",5,"White","High",4,0,0,0,0,0,0,0,0,0,3,1,FALSE,0
"10740",7,"M",5,"White","High",2,0,0,1,0,0,0,0,0,1,2,1,TRUE,1
"10741",8,"M",5,"White","High",2,0,0,1,0,0,0,0,0,0,1,NA,TRUE,1
"10742",8,"M",5,"Asian","High",3,0,0,0,0,0,0,0,0,0,2,1,FALSE,1
"10743",9,"M",5,"White","High",4,0,0,0,0,0,0,0,0,0,4,1,FALSE,0
"10744",8,"M",5,"Hispanic","High",3,0,0,0,0,0,0,0,0,1,2,1,TRUE,1
"10745",8,"M",5,"White","High",4,0,0,0,0,0,0,0,0,0,4,1,FALSE,0
"10746",8,"M",6,"White","High",4,0,0,0,0,0,0,0,0,0,4,1,FALSE,0
"10747",9,"F",6,"White","High",4,0,0,0,0,0,0,0,0,0,4,NA,FALSE,0
"10748",9,"M",6,"White","High",1,0,1,0,0,0,0,0,0,1,1,NA,TRUE,1
"10749",9,"F",6,"White","High",4,0,0,0,0,0,0,0,0,0,2,NA,FALSE,1
"10750",9,"M",6,"Hispanic","High",4,0,0,0,0,0,0,0,0,0,4,1,FALSE,0
"10751",8,"F",6,"White","High",4,0,0,0,0,0,0,0,0,0,4,1,FALSE,0
"10752",9,"M",6,"Black","High",4,0,0,0,0,0,0,0,0,0,2,1,FALSE,1
"10753",8,"F",6,"Hispanic","High",4,0,0,0,0,0,0,0,0,0,3,1,FALSE,0
"10754",9,"M",6,NA,"High",4,0,0,0,0,0,0,0,0,0,4,1,FALSE,0
"10755",11,"M",8,"Hispanic",NA,1,NA,1,1,NA,NA,NA,NA,NA,0,1,NA,TRUE,1
"10756",8,"F",6,"Hispanic","High",3,0,0,0,0,0,0,0,0,0,2,1,FALSE,1
"10757",9,"M",6,"White","High",2,0,0,0,0,0,0,0,0,0,4,1,FALSE,0
"10758",8,"F",6,"Hispanic","High",4,0,0,0,0,0,0,0,0,0,4,1,FALSE,0
"10759",9,"M",6,"Black","High",2,0,0,0,0,0,0,0,0,0,3,1,FALSE,0
"10760",8,"M",6,"White","High",4,0,0,0,0,0,0,0,0,0,4,1,FALSE,0
"10761",9,"F",6,"White","High",3,0,0,0,0,0,0,0,0,0,2,1,FALSE,1
"10762",9,"M",6,"White","High",2,0,1,0,0,0,0,0,0,0,2,1,TRUE,1
"10763",8,"M",6,"White","High",3,0,0,0,0,0,0,0,0,0,2,1,FALSE,1
"10764",9,"M",6,"White","High",4,0,0,0,0,0,0,0,0,0,4,1,FALSE,0
"10765",8,"M",6,"Hispanic","High",3,0,0,0,0,0,0,0,0,0,3,NA,FALSE,0
"10766",9,"M",6,"White","High",4,0,0,0,0,0,0,0,0,0,4,NA,FALSE,0
"10767",9,"M",6,"White","High",4,0,0,0,0,0,0,0,0,0,4,NA,FALSE,0
"10768",9,"M",6,"White","High",4,0,0,0,0,0,0,0,0,0,4,NA,FALSE,0
"10769",9,"M",6,"White","High",3,0,0,0,0,0,0,0,0,0,4,1,FALSE,0
"10770",9,"F",6,"White","High",4,0,0,0,0,0,0,0,0,0,2,1,FALSE,1
"10771",9,"F",6,"White","High",4,0,0,0,0,0,0,0,0,0,4,1,FALSE,0
"10772",10,"M",7,"White","High",1,1,1,0,1,1,1,0,0,1,1,NA,TRUE,1
"10773",10,"M",7,"White","High",3,1,1,0,0,0,1,0,0,0,2,1,TRUE,1
"10774",10,"M",7,"Hispanic","High",3,0,0,0,0,0,1,0,0,1,1,1,TRUE,1
"10775",10,"F",7,"Black","High",4,0,0,0,0,0,0,0,0,0,4,1,FALSE,0
"10776",10,"F",7,"White","High",4,0,0,0,0,0,0,0,0,0,4,NA,FALSE,0
"10777",10,"M",7,"White","High",3,0,1,0,0,0,0,0,0,0,4,1,TRUE,0
"10778",10,"F",7,"White","High",4,0,0,0,0,0,0,0,0,0,4,1,FALSE,0
"10779",10,"M",7,"Hispanic","High",4,0,0,0,0,0,0,0,0,0,4,NA,FALSE,0
"10780",9,"F",7,"White","High",4,0,0,0,0,0,0,0,0,0,4,1,FALSE,0
"10781",10,"F",7,"White","High",3,0,0,0,0,0,0,0,0,1,2,NA,TRUE,1
"10782",10,"F",7,"White","High",4,0,0,0,0,0,0,0,0,0,4,NA,FALSE,0
"10783",9,"F",7,"White","High",4,1,0,0,0,0,1,0,0,1,1,NA,TRUE,1
"10784",10,"M",7,"White","High",3,0,0,0,0,0,0,0,0,0,3,NA,FALSE,0
"10785",10,"M",7,"White","High",1,0,0,0,0,0,1,0,0,1,1,1,TRUE,1
"10786",9,"F",7,"White","High",4,1,0,0,0,0,0,0,0,1,1,1,TRUE,1
"10787",9,"F",7,"White","High",4,0,0,0,0,0,0,0,0,0,2,NA,FALSE,1
"10788",10,"F",7,"White","High",4,0,0,0,0,0,0,0,0,0,3,1,FALSE,0
"10789",10,"M",7,"White","High",4,0,0,0,0,0,0,0,0,0,4,NA,FALSE,0
"10790",7,"F",4,"Hispanic","High",3,0,0,0,0,0,0,0,0,0,2,1,FALSE,1
"10791",7,"M",4,"White","High",3,0,0,1,0,0,0,0,0,1,1,NA,TRUE,1
"10792",6,"M",4,"Hispanic","High",3,0,0,0,0,0,0,0,0,0,4,NA,FALSE,0
"10793",7,"M",4,"Hispanic","High",4,0,0,0,0,0,0,0,0,0,4,1,FALSE,0
"10794",6,"M",4,"White","High",4,0,0,0,0,0,0,0,0,0,4,1,FALSE,0
"10795",7,"F",4,"Hispanic","High",4,0,0,0,0,0,0,0,0,0,4,NA,FALSE,0
"10796",8,"M",5,"Hispanic","High",3,0,0,0,0,0,0,0,0,1,1,1,TRUE,1
"10797",6,"F",4,"White","High",3,1,1,0,0,0,0,0,0,0,1,NA,TRUE,1
"10798",6,"F",4,"White","High",4,0,0,0,0,0,0,0,0,0,3,NA,FALSE,0
"10799",7,"F",4,"White","High",3,0,0,0,0,0,0,0,0,1,1,NA,TRUE,1
"10800",7,"F",4,"Hispanic","High",1,1,0,0,0,0,1,0,0,1,1,NA,TRUE,1
"10801",6,"M",4,"White","High",3,0,0,0,NA,NA,NA,NA,NA,0,2,1,NA,1
"10802",7,"F",4,"White","High",4,NA,0,0,0,0,1,0,0,0,2,1,TRUE,1
"10803",6,"F",4,"White","High",4,0,0,0,0,0,0,0,0,0,4,1,FALSE,0
"10804",7,"F",4,"Black","High",4,0,0,0,0,0,0,0,0,0,4,1,FALSE,0
"10805",7,"M",4,"White","High",3,0,0,0,0,0,0,0,0,0,3,1,FALSE,0
"10806",7,"M",4,"White","High",4,0,0,0,0,0,0,0,0,0,4,1,FALSE,0
"10807",7,"M",4,"White","High",3,0,0,0,0,0,0,0,0,0,3,1,FALSE,0
"10808",6,"F",4,"Hispanic","High",4,0,0,0,0,0,0,0,0,0,4,1,FALSE,0
"10809",7,"M",4,"White","High",3,0,0,0,0,0,0,0,0,1,2,NA,TRUE,1
"10810",7,"M",4,"Hispanic","High",3,0,0,0,0,0,0,0,0,0,4,1,FALSE,0
"10811",7,"M",4,"Hispanic","High",4,0,0,0,0,0,0,0,0,0,4,1,FALSE,0
"10812",6,"M",4,"White","High",4,0,0,0,0,0,0,0,0,0,3,1,FALSE,0
"10813",7,"M",4,"White","High",4,0,0,0,0,0,0,0,0,0,4,1,FALSE,0
"10814",7,"M",4,"White","High",3,0,0,0,0,0,0,0,0,0,2,1,FALSE,1
"10815",7,"M",4,"Hispanic","High",4,0,NA,0,0,0,0,0,0,0,4,NA,NA,0
"10816",7,"M",4,"White","High",4,0,0,0,0,0,0,0,0,0,3,1,FALSE,0
"10817",7,"M",4,"White","High",4,0,0,0,0,0,0,0,0,0,4,1,FALSE,0
"10818",7,"M",4,"White","High",4,0,0,0,0,0,0,0,0,0,4,1,FALSE,0
"10819",10,"M",7,"White","High",4,0,0,0,0,0,0,0,0,0,4,1,FALSE,0
"10820",10,"M",7,"White","High",4,0,0,0,0,0,0,0,0,0,4,1,FALSE,0
"10821",9,"F",7,"Hispanic","High",4,0,0,0,0,0,0,0,0,0,2,NA,FALSE,1
"10822",10,"F",7,"White","High",1,1,1,0,0,0,1,0,0,1,1,1,TRUE,1
"10823",10,"M",7,"White","High",2,0,0,1,0,0,0,0,0,0,3,NA,TRUE,0
"10824",10,"F",7,"White","High",4,0,0,0,0,0,0,0,0,0,2,1,FALSE,1
"10825",10,"M",7,"White","High",1,0,NA,0,0,0,0,0,0,0,4,NA,NA,0
"10826",10,"F",7,"White","High",4,0,0,0,0,0,0,0,0,0,4,1,FALSE,0
"10827",10,"M",7,"Hispanic","High",2,0,0,1,0,0,0,0,0,0,4,NA,TRUE,0
"10828",10,"M",7,"White","High",1,0,1,0,0,0,0,0,0,0,2,1,TRUE,1
"10829",9,"M",7,"White","High",2,0,1,0,0,0,0,0,0,0,4,1,TRUE,0
"10830",10,"M",7,"White","High",2,0,0,0,0,0,0,0,0,0,4,NA,FALSE,0
"10831",10,"F",7,"White","High",4,NA,0,0,0,0,0,0,0,0,4,1,NA,0
"10832",10,"M",7,"White","High",4,0,0,0,0,0,0,0,0,0,4,1,FALSE,0
"10833",11,"F",7,"White","High",3,0,0,0,0,0,1,0,0,1,1,NA,TRUE,1
"10834",9,"F",7,"White","High",4,0,0,0,0,0,0,0,0,0,4,1,FALSE,0
"10835",10,"M",7,"White","High",1,1,0,0,0,0,0,0,0,0,1,NA,TRUE,1
"10836",9,"M",7,"White","High",3,0,1,0,0,0,0,0,0,0,1,NA,TRUE,1
"10837",9,"M",7,"White","High",4,0,0,1,0,0,0,0,0,0,4,NA,TRUE,0
"10838",9,"M",7,"White","High",4,0,0,0,0,0,0,0,0,0,4,1,FALSE,0
"10839",9,"M",7,"White","High",3,0,0,0,0,0,0,0,0,0,2,1,FALSE,1
"10840",7,"F",4,"White","High",4,0,0,0,0,0,0,0,0,0,4,NA,FALSE,0
"10841",6,"F",4,"White","High",2,0,0,0,0,0,1,0,0,1,2,1,TRUE,1
"10842",7,"F",4,"White","High",4,0,0,0,0,0,0,0,0,0,4,1,FALSE,0
"10843",6,"F",4,"White","High",4,0,0,0,0,0,0,0,0,0,4,1,FALSE,0
"10844",6,"F",4,"Hispanic","High",4,0,0,0,0,0,0,0,0,0,4,1,FALSE,0
"10845",7,"F",4,"White","High",4,0,0,0,0,0,0,0,0,0,4,1,FALSE,0
"10846",6,"F",4,"Asian","High",4,0,0,0,0,0,0,0,0,0,4,1,FALSE,0
"10847",7,"F",4,"White","High",4,0,0,0,0,0,0,0,0,0,4,1,FALSE,0
"10848",7,"F",4,"Hispanic","High",4,0,0,0,0,0,0,0,0,0,2,1,FALSE,1
"10849",7,"M",4,"White","High",3,0,0,0,0,0,0,0,0,0,2,NA,FALSE,1
"10850",7,"F",4,"White","High",3,0,0,0,0,0,0,0,0,0,1,1,FALSE,1
"10851",7,"M",4,"White","High",4,0,0,0,0,0,0,0,0,0,4,1,FALSE,0
"10852",7,"M",4,"White","High",4,0,0,0,0,0,0,0,0,0,1,1,FALSE,1
"10853",7,"F",4,"Asian","High",4,0,0,0,0,0,0,0,0,0,2,1,FALSE,1
"10854",7,"F",4,"White","High",4,0,0,0,0,0,0,0,0,0,4,1,FALSE,0
"10855",7,"F",4,"White","High",4,0,0,0,0,0,0,0,0,0,2,1,FALSE,1
"10856",7,"F",4,"White","High",4,0,0,0,0,0,0,0,0,0,4,1,FALSE,0
"10857",6,"F",4,"Hispanic","High",4,0,0,0,0,0,0,0,0,0,4,1,FALSE,0
"10858",6,"F",4,"White","High",4,0,0,0,0,0,0,0,0,0,4,NA,FALSE,0
"10859",9,"M",6,"Asian","High",4,0,0,0,0,0,0,0,0,0,4,NA,FALSE,0
"10860",8,"M",6,"White","High",4,0,0,0,0,0,0,0,0,0,4,NA,FALSE,0
"10861",9,"M",6,"White","High",2,0,0,0,0,0,0,0,0,0,2,NA,FALSE,1
"10862",10,"F",7,"White","High",2,0,NA,NA,0,1,0,0,0,0,1,NA,TRUE,1
"10863",8,"M",6,"White","High",3,0,0,0,0,0,0,0,0,0,4,NA,FALSE,0
"10864",9,"M",6,"Hispanic","High",3,NA,0,NA,0,0,0,0,0,1,2,NA,TRUE,1
"10865",9,"F",6,"White","High",3,1,0,0,0,0,0,0,0,0,1,NA,TRUE,1
"10866",9,"M",6,"Hispanic","High",4,0,0,0,0,0,0,0,0,0,4,1,FALSE,0
"10867",8,"M",6,"White","High",3,0,0,0,0,0,0,0,0,0,2,NA,FALSE,1
"10868",9,"M",6,"Hispanic","High",1,0,0,0,0,0,0,0,0,0,1,NA,FALSE,1
"10869",9,"M",6,"White","High",4,0,0,0,0,0,0,0,0,0,4,1,FALSE,0
"10870",9,"M",6,"Hispanic","High",1,0,1,0,0,0,0,0,0,NA,4,1,TRUE,0
"10871",8,"F",2,"Black","Middle",4,0,0,0,0,0,0,0,0,0,4,1,FALSE,0
"10872",6,"M",3,"Hispanic","Middle",4,0,0,0,0,0,0,0,0,0,1,1,FALSE,1
"10873",6,"F",3,"Black","Middle",3,0,0,0,0,0,0,0,0,0,3,1,FALSE,0
"10874",6,"F",3,"Hispanic","Middle",2,0,0,1,0,0,1,1,0,1,1,NA,TRUE,1
"10875",6,"M",3,"Hispanic","Middle",4,0,0,0,0,0,0,0,0,0,4,1,FALSE,0
"10876",5,"M",3,"Hispanic","Middle",4,0,0,0,0,0,0,0,0,0,4,1,FALSE,0
"10877",7,"F",3,"Hispanic","Middle",4,0,0,0,0,0,0,0,0,0,4,1,FALSE,0
"10878",6,"F",3,"Hispanic","Middle",3,0,0,0,0,0,1,0,0,1,4,NA,TRUE,0
"10879",7,"F",3,"Hispanic","Middle",3,0,0,0,0,0,0,0,0,0,3,NA,FALSE,0
"10880",6,"F",3,"Hispanic","Middle",4,0,0,0,0,0,0,0,0,0,4,1,FALSE,0
"10881",NA,NA,NA,NA,NA,NA,NA,NA,NA,0,0,0,0,0,NA,NA,1,NA,NA
"10882",7,"M",3,"Hispanic","Middle",4,0,0,0,0,0,0,0,0,0,4,1,FALSE,0
"10883",6,"M",3,"Hispanic","Middle",4,0,0,0,0,0,0,0,0,0,4,1,FALSE,0
"10884",5,"F",3,"Hispanic","Middle",3,0,0,0,0,0,0,0,0,0,2,1,FALSE,1
"10885",6,"F",3,"Hispanic","Middle",4,0,0,0,0,0,0,0,0,0,4,1,FALSE,0
"10886",7,"F",3,"Hispanic","Middle",2,0,0,0,0,0,0,0,0,0,2,NA,FALSE,1
"10887",5,"F",3,"Hispanic","Middle",2,0,0,0,0,0,0,0,0,0,2,NA,FALSE,1
"10888",7,"F",3,"Hispanic","Middle",3,0,0,0,0,0,0,0,0,0,2,NA,FALSE,1
"10889",6,"M",3,"Hispanic","Middle",4,0,0,0,0,0,0,0,0,0,3,1,FALSE,0
"10890",6,"M",3,"Hispanic","Middle",4,0,0,0,0,0,0,0,0,0,3,1,FALSE,0
"10891",5,"F",3,"Hispanic","Middle",4,NA,0,0,0,0,0,0,0,0,3,1,NA,0
"10892",5,"M",3,"Hispanic","Middle",4,0,0,0,0,0,0,0,0,0,3,1,FALSE,0
"10893",7,"F",3,"Hispanic","Middle",2,0,0,0,0,0,0,0,0,0,3,1,FALSE,0
"10894",6,"M",3,"Hispanic","Middle",2,0,1,1,NA,NA,NA,NA,NA,0,2,NA,TRUE,1
"10895",5,"M",2,"Hispanic","Middle",4,0,0,0,0,0,0,0,0,0,4,1,FALSE,0
"10896",5,"M",2,"Hispanic","Middle",4,0,0,0,0,0,0,0,0,0,4,1,FALSE,0
"10897",4,"M",2,"Hispanic","Middle",3,0,0,0,0,0,0,0,0,0,2,NA,FALSE,1
"10898",6,"M",2,"Hispanic","Middle",3,0,0,0,0,0,0,0,0,0,3,1,FALSE,0
"10899",5,"M",2,"Hispanic","Middle",3,0,0,0,0,0,0,0,0,0,1,NA,FALSE,1
"10900",5,"M",2,"Hispanic","Middle",4,0,0,0,0,0,0,0,0,0,4,NA,FALSE,0
"10901",5,"F",2,"Hispanic","Middle",3,0,NA,0,0,0,0,0,0,0,4,1,NA,0
"10902",5,"M",2,"Hispanic","Middle",4,0,0,0,NA,NA,NA,NA,NA,1,2,NA,TRUE,1
"10903",4,"M",2,"Hispanic","Middle",4,0,0,0,0,0,0,0,0,0,3,1,FALSE,0
"10904",5,"F",2,"Hispanic","Middle",3,0,0,0,NA,NA,NA,NA,NA,0,4,NA,NA,0
"10905",4,"F",2,"Hispanic","Middle",4,0,0,0,0,0,0,0,0,0,4,1,FALSE,0
"10906",5,"M",2,"White","Middle",3,0,0,0,0,0,0,0,0,0,1,NA,FALSE,1
"10907",5,"M",2,"Hispanic","Middle",3,0,0,0,0,0,0,0,0,0,4,1,FALSE,0
"10908",4,"F",2,"Hispanic","Middle",4,0,0,0,0,0,0,0,0,0,4,1,FALSE,0
"10909",5,"F",2,"Hispanic","Middle",3,0,0,0,0,0,0,0,0,0,3,NA,FALSE,0
"10910",4,"F",2,"Asian","Middle",4,0,0,0,0,0,0,0,0,0,4,1,FALSE,0
"10911",5,"M",2,"Hispanic","Middle",4,0,0,0,0,0,0,0,0,0,3,1,FALSE,0
"10912",5,"F",2,"Hispanic","Middle",1,1,0,0,NA,NA,NA,NA,NA,1,1,NA,TRUE,1
"10913",5,"M",2,"Hispanic","Middle",4,0,0,0,0,0,0,0,0,0,4,NA,FALSE,0
"10914",5,"F",2,"Hispanic","Middle",1,0,0,0,0,0,0,0,0,0,1,1,FALSE,1
"10915",5,"F",2,"Hispanic","Middle",4,0,0,0,0,0,0,0,0,0,4,1,FALSE,0
"10916",6,"M",2,"Hispanic","Middle",4,0,0,0,0,0,0,0,0,0,4,NA,FALSE,0
"10917",4,"F",2,"Hispanic","Middle",4,0,0,0,0,0,0,0,0,0,2,1,FALSE,1
"10918",5,"F",2,"Hispanic","Middle",4,NA,0,0,0,0,0,0,0,0,2,NA,NA,1
"10919",5,"M",2,NA,"Middle",3,0,NA,0,0,0,0,0,0,0,1,NA,NA,1
"10920",6,"M",2,"Hispanic","Middle",3,0,0,0,0,0,1,0,0,1,2,NA,TRUE,1
"10921",5,"M",2,"Hispanic","Middle",2,0,0,0,0,0,0,0,0,0,1,NA,FALSE,1
"10922",6,"F",2,"Hispanic","Middle",2,0,0,0,0,0,0,0,0,0,4,1,FALSE,0
"10923",4,"F",2,"Hispanic","Middle",2,0,0,0,0,0,1,0,0,1,1,1,TRUE,1
"10924",5,"F",2,"Hispanic","Middle",4,0,0,0,0,0,0,0,0,0,4,1,FALSE,0
"10925",4,"F",2,"Hispanic","Middle",3,0,0,0,0,0,0,0,0,0,2,1,FALSE,1
"10926",5,"M",2,"Hispanic","Middle",3,0,0,0,0,0,0,0,0,0,3,1,FALSE,0
"10927",5,"M",2,"Hispanic","Middle",4,0,0,0,0,0,0,0,0,0,2,NA,FALSE,1
"10928",5,"F",2,"Hispanic","Middle",4,0,0,0,0,0,0,0,0,0,4,1,FALSE,0
"10929",4,"F",2,"Hispanic","Middle",4,0,0,0,0,0,0,0,0,0,4,NA,FALSE,0
"10930",5,"M",2,"Hispanic","Middle",4,0,0,0,0,0,0,0,0,0,4,1,FALSE,0
"10931",5,"M",2,"Hispanic","Middle",4,0,0,0,0,0,0,0,0,0,4,1,FALSE,0
"10932",6,"M",2,"Hispanic","Middle",4,0,0,0,0,0,0,0,0,0,4,1,FALSE,0
"10933",5,"F",2,"Black","Middle",4,0,0,0,0,0,0,0,0,0,4,NA,FALSE,0
"10934",5,"F",2,"AI/AN","Middle",4,0,0,0,0,0,0,0,0,0,3,1,FALSE,0
"10935",4,"F",2,"Hispanic","Middle",4,0,0,0,0,0,0,0,0,0,3,1,FALSE,0
"10936",5,"M",2,"Hispanic","Middle",4,0,0,0,0,0,0,0,0,0,3,NA,FALSE,0
"10937",4,"M",2,"Hispanic","Middle",4,0,0,0,0,0,0,0,0,0,1,NA,FALSE,1
"10938",6,"M",2,"Hispanic","Middle",4,0,0,0,0,0,0,0,0,0,4,1,FALSE,0
"10939",6,"M",2,"Hispanic","Middle",4,0,0,0,0,0,0,0,0,0,4,1,FALSE,0
"10940",5,"F",2,"Hispanic","Middle",3,0,0,0,NA,NA,NA,NA,NA,1,1,NA,TRUE,1
"10941",5,"F",2,NA,"Middle",4,0,0,0,0,0,0,0,0,0,4,NA,FALSE,0
"10942",4,"F",2,NA,"Middle",4,0,0,0,0,0,0,0,0,0,4,NA,FALSE,0
"10943",5,"M",2,"Hispanic","Middle",4,0,0,0,0,0,0,0,0,0,4,1,FALSE,0
"10944",5,"M",2,"Hispanic","Middle",3,0,0,0,0,0,0,0,0,1,1,NA,TRUE,1
"10945",6,"M",2,"Hispanic","Middle",2,NA,1,0,0,0,0,0,0,1,2,1,TRUE,1
"10946",11,"F",8,"Hispanic",NA,1,1,1,1,1,1,1,1,1,1,1,1,TRUE,1
"10947",11,"M",8,"Hispanic",NA,1,1,1,1,1,1,1,1,1,1,1,NA,TRUE,1
"10948",6,"F",3,"Hispanic","Middle",4,0,0,0,0,0,0,0,0,0,2,1,FALSE,1
"10949",6,"M",2,"Hispanic","Middle",4,0,0,0,0,0,0,0,0,0,2,NA,FALSE,1
"10950",6,"M",3,"Hispanic","Middle",3,0,0,0,0,0,0,0,0,0,2,1,FALSE,1
"10951",5,"F",3,"Hispanic","Middle",4,0,0,0,0,0,0,0,0,0,4,NA,FALSE,0
"10952",7,"M",3,"Hispanic","Middle",4,0,0,0,0,0,0,0,0,0,4,NA,FALSE,0
"10953",6,"M",3,"Hispanic","Middle",4,0,0,0,0,0,0,0,0,0,4,1,FALSE,0
"10954",6,"F",3,"Hispanic","Middle",2,0,NA,0,NA,NA,NA,NA,NA,0,1,NA,NA,1
"10955",5,"F",3,"Hispanic","Middle",4,0,0,0,0,0,0,0,0,0,1,1,FALSE,1
"10956",6,"M",3,"Hispanic","Middle",2,0,0,0,0,0,0,0,0,0,1,1,FALSE,1
"10957",6,"M",3,"Hispanic","Middle",4,0,0,0,0,0,0,0,0,0,4,NA,FALSE,0
"10958",6,"M",3,"Hispanic","Middle",1,1,1,1,NA,NA,NA,NA,NA,1,3,NA,TRUE,0
"10959",7,"M",3,"Hispanic","Middle",2,0,0,0,0,0,0,0,0,0,4,NA,FALSE,0
"10960",6,"M",3,"Hispanic","Middle",4,0,0,0,0,0,0,0,0,0,3,NA,FALSE,0
"10961",5,"F",3,"Hispanic","Middle",4,0,0,0,0,0,0,0,0,0,4,NA,FALSE,0
"10962",6,"F",3,"Hispanic","Middle",4,0,0,0,0,0,0,0,0,0,4,NA,FALSE,0
"10963",6,"M",3,"Hispanic","Middle",3,0,0,0,0,0,0,0,0,0,3,1,FALSE,0
"10964",5,"F",3,"Hispanic","Middle",4,0,0,0,0,0,0,0,0,0,4,1,FALSE,0
"10965",5,"F",3,"Hispanic","Middle",4,0,0,0,0,0,0,0,0,0,4,1,FALSE,0
"10966",6,"M",3,"Hispanic","Middle",3,0,0,0,0,0,0,0,0,1,1,NA,TRUE,1
"10967",5,"M",3,"Black","Middle",4,0,0,0,0,0,0,0,0,0,4,1,FALSE,0
"10968",6,"M",3,"Black","Middle",4,0,0,0,0,0,0,0,0,0,4,1,FALSE,0
"10969",7,"M",3,"Hispanic","Middle",4,0,0,0,NA,NA,NA,NA,NA,0,1,NA,NA,1
"10970",6,"M",3,"AI/AN","Middle",NA,0,NA,NA,NA,NA,NA,NA,NA,NA,NA,NA,NA,NA
"10971",9,"F",7,"White","High",4,0,0,0,0,0,0,0,0,0,4,NA,FALSE,0
"10972",9,"M",7,"White","High",4,0,0,0,0,0,0,0,0,0,3,1,FALSE,0
"10973",9,"M",7,"White","High",4,0,0,0,0,0,0,0,0,0,3,1,FALSE,0
"10974",9,"F",7,"White","High",4,0,0,0,0,0,0,0,0,0,1,NA,FALSE,1
"10975",10,"F",7,"White","High",4,0,0,0,0,0,0,0,0,0,4,1,FALSE,0
"10976",9,"F",7,"White","High",4,0,0,0,0,0,0,0,0,0,2,1,FALSE,1
"10977",10,"F",7,"Hispanic","High",4,0,0,0,0,0,0,0,0,0,4,NA,FALSE,0
"10978",10,"F",7,"White","High",4,0,0,0,0,0,0,0,0,0,4,1,FALSE,0
"10979",10,"F",7,"White","High",4,0,0,0,0,0,0,0,0,0,4,1,FALSE,0
"10980",10,"F",7,"White","High",4,0,0,0,0,0,0,0,0,0,4,NA,FALSE,0
"10981",10,"F",7,"White","High",4,0,0,0,0,0,0,0,0,0,4,1,FALSE,0
"10982",10,"F",7,"Hispanic","High",3,0,0,0,0,0,0,0,0,1,2,1,TRUE,1
"10983",10,"M",7,"White","High",4,0,0,0,0,0,0,0,0,0,2,1,FALSE,1
"10984",10,"M",7,"White","High",4,0,0,0,0,0,0,0,0,0,2,1,FALSE,1
"10985",9,"F",7,"White","High",4,0,0,0,0,0,0,0,0,0,3,NA,FALSE,0
"10986",10,"M",7,"White","High",2,0,0,0,0,0,0,0,0,0,4,1,FALSE,0
"10987",10,"M",7,"White","High",2,0,0,0,0,0,0,0,0,0,4,1,FALSE,0
"10988",9,"M",7,"White","High",3,0,0,0,0,0,0,0,0,0,4,1,FALSE,0
"10989",10,"M",7,"Hispanic","High",2,1,NA,1,0,0,0,1,0,1,1,1,TRUE,1
"10990",10,"M",7,"Hispanic","High",2,0,0,1,0,0,0,1,0,0,3,1,TRUE,0
"10991",9,"M",7,"White","High",2,0,0,0,0,0,0,0,0,0,4,1,FALSE,0
"10992",10,"M",7,"White","High",4,0,0,0,0,0,0,0,0,1,2,NA,TRUE,1
"10993",10,"M",7,"White","High",2,0,1,0,0,0,0,0,0,1,1,NA,TRUE,1
"10994",9,"M",7,"White","High",3,NA,NA,0,0,0,0,0,0,0,3,1,NA,0
"10995",9,"M",7,"Asian","High",4,0,0,0,0,0,0,0,0,0,4,1,FALSE,0
"10996",9,"M",7,"Asian","High",4,0,0,0,0,0,0,0,0,0,4,1,FALSE,0
"10997",8,"M",5,"White","High",4,0,0,0,0,0,0,0,0,0,4,1,FALSE,0
"10998",7,"M",5,"White","High",4,0,0,0,0,0,0,0,0,0,3,NA,FALSE,0
"10999",8,"M",5,"White","High",4,0,0,0,0,0,0,0,0,0,4,1,FALSE,0
"11000",8,"M",5,"White","High",3,0,0,0,0,0,0,0,0,1,2,1,TRUE,1
"11001",7,"M",5,"White","High",3,0,0,0,0,0,0,0,0,0,2,1,FALSE,1
"11002",8,"M",5,"White","High",3,0,0,0,0,0,0,0,0,0,4,1,FALSE,0
"11003",7,"M",5,"White","High",4,0,0,0,0,0,0,0,0,0,4,1,FALSE,0
"11004",7,"M",5,"White","High",4,0,0,0,0,0,0,0,0,0,4,1,FALSE,0
"11005",8,"M",5,"Hispanic","High",4,0,0,0,0,0,0,0,0,0,4,1,FALSE,0
"11006",8,"M",5,"White","High",4,0,0,0,0,0,0,0,0,0,4,NA,FALSE,0
"11007",7,"M",5,"White","High",3,0,0,0,0,0,0,0,0,0,2,1,FALSE,1
"11008",8,"M",5,"White","High",3,0,0,0,0,0,0,0,0,0,3,1,FALSE,0
"11009",8,"M",5,"White","High",4,0,0,0,0,0,0,0,0,0,4,1,FALSE,0
"11010",8,"M",5,"White","High",4,0,0,0,0,0,0,0,0,0,4,NA,FALSE,0
"11011",8,"M",5,"White","High",4,0,0,0,0,0,0,0,0,0,4,NA,FALSE,0
"11012",8,"F",5,"White","High",4,0,0,0,0,0,0,0,0,0,4,1,FALSE,0
"11013",8,"F",5,"Hispanic","High",3,0,0,0,0,0,0,0,0,0,1,1,FALSE,1
"11014",7,"F",5,"White","High",3,0,0,0,0,0,0,0,0,0,4,NA,FALSE,0
"11015",8,"F",5,"White","High",4,0,0,0,0,0,0,0,0,0,2,1,FALSE,1
"11016",7,"F",5,"White","High",4,0,0,0,0,0,1,0,0,1,2,1,TRUE,1
"11017",8,"F",5,"White","High",4,0,0,0,0,0,0,0,0,0,1,1,FALSE,1
"11018",8,"M",5,"White","High",2,0,0,0,0,0,0,0,0,0,2,1,FALSE,1
"11019",8,"F",5,"White","High",4,0,0,0,0,0,0,0,0,0,4,1,FALSE,0
"11020",8,"F",5,"White","High",4,0,0,0,0,0,0,0,0,0,4,1,FALSE,0
"11021",8,"F",5,"White","High",4,0,0,0,0,0,0,0,0,0,4,1,FALSE,0
"11022",7,"F",5,"White","High",4,0,0,0,0,0,0,0,0,0,3,NA,FALSE,0
"11023",8,"F",5,"White","High",4,0,0,0,0,0,0,0,0,0,3,NA,FALSE,0
"11024",7,"F",5,"White","High",4,0,0,0,0,0,0,0,0,0,4,1,FALSE,0
"11025",7,"F",5,"White","High",4,0,0,0,0,0,0,0,0,0,1,1,FALSE,1
"11026",7,"M",5,"White","High",4,0,0,0,0,0,0,0,0,0,4,1,FALSE,0
"11027",7,"F",5,"White","High",4,0,0,0,0,0,0,0,0,0,3,NA,FALSE,0
"11028",8,"F",5,"White","High",4,0,0,0,0,0,0,0,0,0,4,1,FALSE,0
"11029",8,"M",5,"White","High",4,0,0,0,0,0,0,0,0,0,2,1,FALSE,1
"11030",8,"M",5,"White","High",3,0,0,0,0,0,0,0,0,0,1,1,FALSE,1
"11031",8,"M",5,"White","High",4,0,0,0,0,0,0,0,0,0,4,1,FALSE,0
"11032",8,"M",5,"White","High",4,0,0,0,0,0,0,0,0,0,4,1,FALSE,0
"11033",8,"M",5,"Hispanic","High",3,0,0,0,0,0,0,0,0,0,4,1,FALSE,0
"11034",8,"F",5,"Asian","High",4,0,0,0,0,0,0,0,0,0,4,1,FALSE,0
"11035",8,"F",5,"White","High",4,0,0,0,0,0,0,0,0,0,4,1,FALSE,0
"11036",8,"F",5,"White","High",4,0,0,0,0,0,0,0,0,0,4,1,FALSE,0
"11037",7,"F",5,"White","High",4,0,0,0,0,0,0,0,0,0,4,1,FALSE,0
"11038",8,"F",5,"White","High",4,0,0,0,0,0,0,0,0,0,2,1,FALSE,1
"11039",8,"M",5,"White","High",3,0,0,0,0,0,0,0,0,0,1,1,FALSE,1
"11040",6,"F",4,"Hispanic","High",4,0,0,0,0,0,0,0,0,0,4,1,FALSE,0
"11041",7,"F",4,"White","High",4,0,0,0,0,0,0,0,0,0,3,1,FALSE,0
"11042",7,"F",4,"White","High",4,0,0,0,0,0,0,0,0,0,3,1,FALSE,0
"11043",6,"F",4,"White","High",4,0,0,0,0,0,0,0,0,0,4,1,FALSE,0
"11044",7,"F",4,"White","High",4,0,0,0,0,0,0,0,0,0,4,1,FALSE,0
"11045",7,"F",4,"White","High",3,0,0,0,0,0,1,0,0,1,1,1,TRUE,1
"11046",7,"F",4,"White","High",3,0,0,0,0,0,0,0,0,0,3,1,FALSE,0
"11047",6,"F",4,"Asian","High",3,0,0,0,NA,NA,NA,NA,NA,0,1,1,NA,1
"11048",6,"F",4,"White","High",4,0,0,0,0,0,0,0,0,0,4,1,FALSE,0
"11049",6,"F",4,"White","High",4,0,0,0,0,0,0,0,0,0,4,1,FALSE,0
"11050",7,"F",4,"White","High",4,0,0,0,0,0,0,0,0,0,4,NA,FALSE,0
"11051",7,"M",4,"White","High",1,0,0,0,0,0,0,0,0,0,4,1,FALSE,0
"11052",7,"F",4,"White","High",4,0,0,0,0,0,0,0,0,0,4,1,FALSE,0
"11053",6,"F",4,"Hispanic","High",4,0,0,0,0,0,0,0,0,0,4,1,FALSE,0
"11054",6,"F",4,"White","High",4,0,0,0,0,0,0,0,0,0,4,1,FALSE,0
"11055",7,"F",4,"White","High",4,0,0,0,0,0,0,0,0,0,3,1,FALSE,0
"11056",7,"F",4,"White","High",4,0,0,0,0,0,0,0,0,0,3,1,FALSE,0
"11057",7,"M",4,"White","High",3,0,0,0,0,0,0,0,0,0,4,NA,FALSE,0
"11058",6,"M",4,"White","High",4,0,0,0,0,0,0,0,0,0,4,NA,FALSE,0
"11059",6,"M",4,"White","High",4,0,0,0,0,0,0,0,0,0,4,1,FALSE,0
"11060",7,"F",4,NA,"High",4,0,0,0,0,0,0,0,0,NA,4,1,NA,0
"11061",7,"M",4,"White","High",4,0,0,0,0,0,0,0,0,0,4,1,FALSE,0
"11062",6,"M",4,"White","High",4,0,0,0,0,0,0,0,0,0,4,1,FALSE,0
"11063",7,"F",4,"White","High",4,0,0,0,0,0,0,0,0,0,4,1,FALSE,0
"11064",6,"M",4,"White","High",4,0,0,0,0,0,0,0,0,0,3,1,FALSE,0
"11065",7,"M",4,"White","High",4,0,0,0,0,0,0,0,0,0,4,1,FALSE,0
"11066",6,"M",4,"White","High",4,0,0,0,0,0,0,0,0,0,4,NA,FALSE,0
"11067",7,"M",4,"White","High",3,0,0,0,0,0,0,0,0,0,4,1,FALSE,0
"11068",6,"M",4,"Hispanic","High",4,0,0,0,0,0,0,0,0,0,4,NA,FALSE,0
"11069",9,"M",6,"Hispanic","High",4,0,0,0,0,0,0,0,0,0,4,1,FALSE,0
"11070",8,"M",6,"Hispanic","High",3,0,0,0,0,0,0,0,0,0,4,NA,FALSE,0
"11071",9,"F",6,"AI/AN","High",4,0,0,0,0,0,0,0,0,0,4,1,FALSE,0
"11072",9,"F",6,"Hispanic","High",1,0,0,0,0,0,1,0,0,1,2,1,TRUE,1
"11073",8,"F",6,"White","High",3,0,0,0,0,0,0,0,0,0,3,1,FALSE,0
"11074",8,"F",6,"White","High",4,0,0,0,0,0,0,0,0,0,3,NA,FALSE,0
"11075",9,"F",6,"Hispanic","High",4,0,0,0,0,0,0,0,0,0,4,1,FALSE,0
"11076",9,"F",6,"White","High",4,0,0,0,0,0,0,0,0,0,4,1,FALSE,0
"11077",9,"M",6,"White","High",3,0,0,1,0,0,0,0,0,0,3,NA,TRUE,0
"11078",9,"M",6,"White","High",3,0,0,0,0,0,0,0,0,0,4,1,FALSE,0
"11079",9,"F",6,"White","High",4,0,0,0,0,0,0,0,0,0,4,1,FALSE,0
"11080",8,"F",6,"White","High",4,0,0,0,0,0,0,0,0,0,4,1,FALSE,0
"11081",9,"F",6,"White","High",3,0,0,0,0,0,0,0,0,0,3,1,FALSE,0
"11082",9,"M",6,"White","High",3,0,0,0,0,0,0,0,0,0,4,1,FALSE,0
"11083",8,"F",6,"Hispanic","High",4,0,0,0,0,0,0,0,0,0,2,NA,FALSE,1
"11084",9,"F",6,"White","High",4,0,0,0,0,0,0,0,0,0,2,NA,FALSE,1
"11085",9,"F",6,"White","High",4,0,0,0,0,0,0,0,0,0,4,1,FALSE,0
"11086",8,"F",6,"White","High",4,0,0,0,0,0,0,0,0,0,4,1,FALSE,0
"11087",9,"F",6,"White","High",4,0,0,0,0,0,0,0,0,0,4,NA,FALSE,0
"11088",9,"F",6,"White","High",4,0,0,0,0,0,0,0,0,0,4,1,FALSE,0
"11089",9,"F",6,"White","High",4,0,0,0,0,0,0,0,0,0,2,1,FALSE,1
"11090",9,"F",6,"Asian","High",4,0,0,0,0,0,0,0,0,0,4,1,FALSE,0
"11091",9,"F",6,"Asian","High",4,0,0,0,0,0,0,0,0,0,4,1,FALSE,0
"11092",9,"M",6,"Asian","High",4,0,0,0,0,0,0,0,0,0,4,1,FALSE,0
"11093",8,"M",6,"Asian","High",4,0,0,0,0,0,0,0,0,0,4,1,FALSE,0
"11094",9,"M",6,"Hispanic","High",1,1,1,0,0,0,1,0,0,1,1,NA,TRUE,1
"11095",8,"M",6,"White","High",3,0,1,0,0,0,0,0,0,0,4,NA,TRUE,0
"11096",9,"M",6,"White","High",3,0,0,0,0,0,0,0,0,0,4,1,FALSE,0
"11097",8,"M",6,NA,"High",4,0,0,0,0,0,0,0,0,0,4,NA,FALSE,0
"11098",8,"M",6,"White","High",4,0,0,0,0,0,0,0,0,0,4,1,FALSE,0
"11099",9,"M",6,"White","High",4,0,0,0,0,0,0,0,0,0,2,1,FALSE,1
"11100",9,"F",6,"White","High",3,0,0,0,0,0,0,0,0,1,2,1,TRUE,1
"11101",8,"M",6,"White","High",2,0,0,0,0,0,0,0,0,1,1,NA,TRUE,1
"11102",9,"M",6,"White","High",4,0,0,0,0,0,0,0,0,0,2,1,FALSE,1
"11103",8,"M",6,"White","High",4,0,0,0,0,0,0,0,0,0,4,1,FALSE,0
"11104",9,"M",6,"White","High",4,0,0,0,0,0,0,0,0,0,4,1,FALSE,0
"11105",10,"M",7,"Hispanic","High",4,0,0,0,0,0,0,0,0,0,4,1,FALSE,0
"11106",9,"F",7,"Hispanic","High",4,0,0,0,0,0,0,0,0,0,1,NA,FALSE,1
"11107",10,"M",6,"Hispanic","High",4,1,1,0,0,0,1,0,0,0,1,NA,TRUE,1
"11108",9,"M",6,"Hispanic","High",4,0,0,0,0,0,0,1,0,0,4,NA,TRUE,0
"11109",8,"M",6,"Black","High",3,0,1,0,0,0,0,0,0,0,4,NA,TRUE,0
"11110",9,"F",6,"Hispanic","High",3,1,0,0,0,0,0,0,0,0,1,1,TRUE,1
"11111",10,"F",5,"Hispanic","High",2,NA,0,0,0,0,0,0,0,0,2,1,NA,1
"11112",9,"F",5,"Black","High",2,1,NA,0,0,0,0,0,0,0,4,NA,TRUE,0
"11113",9,"F",6,"Hispanic","High",4,0,0,0,0,0,0,0,0,0,4,NA,FALSE,0
"11114",8,"F",5,"Hispanic","High",3,1,0,0,0,0,0,0,0,0,4,NA,TRUE,0
"11115",10,"F",6,"Hispanic","High",4,0,0,0,0,0,0,0,0,0,4,1,FALSE,0
"11116",8,"M",6,"Hispanic","High",4,0,0,0,0,0,0,0,0,0,4,1,FALSE,0
"11117",9,"M",6,"Hispanic","High",4,1,0,0,0,0,1,0,0,1,1,1,TRUE,1
"11118",8,"F",NA,"Hispanic",NA,4,0,0,0,0,0,0,0,0,0,2,1,FALSE,1
"11119",10,"M",6,"Black","High",4,0,0,0,0,0,0,0,0,0,4,1,FALSE,0
"11120",9,"F",5,"Black","High",4,0,0,0,0,0,0,0,0,0,3,NA,FALSE,0
"11121",9,"F",5,"Hispanic","High",4,0,0,0,0,0,0,0,0,0,4,1,FALSE,0
"11122",10,"F",7,"Hispanic","High",1,1,1,0,0,0,0,0,0,0,1,1,TRUE,1
"11123",9,"M",6,"Hispanic","High",1,1,NA,NA,0,1,0,0,0,0,1,NA,TRUE,1
"11124",10,"M",6,"Black","High",1,0,1,0,0,0,0,0,0,0,2,NA,TRUE,1
"11125",8,"F",5,"Hispanic","High",4,0,0,0,0,0,0,0,0,0,2,NA,FALSE,1
"11126",10,"M",7,"Hispanic","High",2,0,0,0,0,0,0,0,0,0,1,NA,FALSE,1
"11127",8,"F",6,"Hispanic","High",4,0,0,0,0,0,0,0,0,0,4,NA,FALSE,0
"11128",8,"F",4,"White","High",1,0,1,0,0,0,0,0,0,0,2,NA,TRUE,1
"11129",11,"M",7,"Hispanic","High",4,1,0,0,NA,NA,NA,NA,NA,0,4,1,TRUE,0
"11130",8,"F",5,"Black","High",1,1,1,0,0,0,1,0,0,1,1,NA,TRUE,1
"11131",10,"F",5,"Black","High",3,0,0,0,0,0,0,0,0,0,4,NA,FALSE,0
"11132",11,"F",7,"Hispanic","High",2,1,1,NA,0,0,0,0,0,1,3,NA,TRUE,0
"11133",9,"M",6,"Black","High",NA,0,NA,NA,NA,NA,NA,NA,NA,NA,NA,NA,NA,NA
"11134",8,"M",5,"Black","High",1,0,1,0,0,0,0,0,0,0,4,NA,TRUE,0
"11135",11,"F",7,"Hispanic","High",2,1,1,0,0,0,0,0,0,0,2,NA,TRUE,1
"11136",9,"F",6,"Black","High",1,1,1,0,NA,NA,NA,NA,NA,0,4,NA,TRUE,0
"11137",11,"M",7,"Hispanic","High",1,1,1,0,0,0,0,0,0,0,4,1,TRUE,0
"11138",10,"F",5,"Black","High",3,0,0,0,0,0,1,0,0,0,1,1,TRUE,1
"11139",9,"F",6,"Hispanic","High",1,1,1,0,0,0,0,0,0,1,1,1,TRUE,1
"11140",9,"F",6,"Hispanic","High",2,0,0,0,NA,NA,NA,NA,NA,0,1,NA,NA,1
"11141",8,"F",6,"Hispanic","High",1,1,1,0,0,0,0,0,0,0,1,NA,TRUE,1
"11142",8,"M",5,"Hispanic","High",3,0,0,NA,NA,NA,NA,NA,NA,NA,1,NA,NA,1
"11143",8,"F",6,"Hispanic","High",1,1,1,0,NA,NA,NA,NA,NA,0,1,NA,TRUE,1
"11144",10,"M",7,"Hispanic","High",3,NA,NA,0,NA,NA,NA,NA,NA,0,4,NA,NA,0
"11145",10,"F",6,"Hispanic","High",4,0,0,NA,0,0,0,0,0,0,4,1,NA,0
"11146",9,"M",7,"Hispanic","High",3,0,0,0,0,0,0,0,0,0,4,NA,FALSE,0
"11147",9,"M",6,"Hispanic","High",4,NA,NA,1,0,0,0,0,0,1,2,NA,TRUE,1
"11148",11,"F",8,"Hispanic",NA,4,NA,NA,NA,NA,NA,NA,NA,NA,NA,4,NA,NA,0
"11149",10,"F",7,"Hispanic","High",4,0,0,0,0,0,0,0,0,0,4,1,FALSE,0
"11150",10,"F",7,"Black","High",NA,1,NA,NA,NA,NA,NA,NA,NA,NA,NA,NA,TRUE,NA
"11151",8,"F",5,"Hispanic","High",4,0,0,0,0,0,0,0,0,0,4,NA,FALSE,0
"11152",10,"F",7,"White","High",4,0,0,0,0,0,0,0,0,0,1,NA,FALSE,1
"11153",11,"F",6,"Hispanic","High",1,1,1,0,0,0,1,0,0,0,4,NA,TRUE,0
"11154",10,"F",7,"Black","High",4,1,0,0,0,0,0,0,0,0,4,NA,TRUE,0
"11155",10,"F",6,"Hispanic","High",2,0,0,0,0,0,0,0,0,0,1,1,FALSE,1
"11156",8,"F",5,"Hispanic","High",3,0,0,0,0,0,0,0,0,0,3,NA,FALSE,0
"11157",10,"M",6,NA,"High",1,1,1,0,0,0,0,0,0,0,4,1,TRUE,0
"11158",10,"F",7,"Hispanic","High",4,0,0,0,NA,NA,NA,NA,NA,0,4,NA,NA,0
"11159",9,"M",5,"Hispanic","High",4,1,0,0,0,0,0,0,0,0,4,1,TRUE,0
"11160",10,"M",7,"Black","High",1,1,1,0,0,0,1,0,0,1,1,NA,TRUE,1
"11161",10,"F",7,"White","High",3,0,1,0,0,0,0,0,0,0,4,NA,TRUE,0
"11162",9,NA,NA,"Hispanic",NA,2,0,1,0,0,0,0,0,0,0,2,1,TRUE,1
"11163",11,"M",7,"Asian","High",4,NA,0,0,0,0,0,0,0,0,4,NA,NA,0
"11164",8,"F",5,"Hispanic","High",4,0,0,0,0,0,0,0,0,0,1,NA,FALSE,1
"11165",9,"M",6,"Hispanic","High",4,0,0,0,0,0,0,0,0,0,4,1,FALSE,0
"11166",9,"F",5,"Hispanic","High",1,0,0,0,0,0,0,0,0,0,4,NA,FALSE,0
"11167",8,"F",6,"Hispanic","High",3,0,0,0,0,0,0,0,0,0,2,NA,FALSE,1
"11168",9,"M",6,"Hispanic","High",3,1,1,1,0,0,0,0,0,1,2,NA,TRUE,1
"11169",10,"F",7,"Hispanic","High",2,1,1,0,0,0,0,0,0,0,1,1,TRUE,1
"11170",11,"M",7,"Hispanic","High",3,0,1,0,NA,NA,NA,NA,NA,1,1,NA,TRUE,1
"11171",11,"M",7,"Hispanic","High",2,1,1,0,0,0,0,0,0,0,3,NA,TRUE,0
"11172",11,"F",7,"Hispanic","High",2,1,1,1,0,0,0,0,0,NA,2,NA,TRUE,1
"11173",9,"F",6,"Hispanic","High",3,0,0,0,0,0,0,0,0,0,4,NA,FALSE,0
"11174",10,"M",7,"Hispanic","High",4,1,0,0,0,0,0,0,0,0,2,NA,TRUE,1
"11175",4,"F",1,"White","Middle",4,0,0,0,0,0,0,0,0,0,4,1,FALSE,0
"11176",3,"F",1,"White","Middle",4,0,0,0,0,0,0,0,0,0,4,1,FALSE,0
"11177",3,"F",1,NA,"Middle",4,0,NA,NA,NA,NA,NA,NA,NA,0,4,1,NA,0
"11178",3,"F",1,"White","Middle",4,0,0,0,0,0,0,0,0,0,4,1,FALSE,0
"11179",4,"M",1,"White","Middle",4,0,0,0,0,0,0,0,0,0,4,1,FALSE,0
"11180",3,"M",1,"White","Middle",4,0,0,0,0,0,0,0,0,0,4,1,FALSE,0
"11181",4,"M",1,"White","Middle",4,0,0,0,0,0,0,0,0,0,4,1,FALSE,0
"11182",3,"M",1,"White","Middle",4,0,0,0,0,0,0,0,0,0,4,1,FALSE,0
"11183",3,"M",1,"White","Middle",4,0,0,0,0,0,0,0,0,0,4,1,FALSE,0
"11184",3,"M",1,"White","Middle",4,0,0,0,0,0,0,0,0,0,4,1,FALSE,0
"11185",3,"F",1,"White","Middle",4,0,0,0,0,0,0,0,0,0,4,1,FALSE,0
"11186",4,"F",1,"AI/AN","Middle",4,0,0,0,0,0,0,0,0,0,3,1,FALSE,0
"11187",3,"F",1,"White","Middle",4,0,0,0,0,0,0,0,0,0,4,1,FALSE,0
"11188",4,"F",1,"White","Middle",4,0,0,0,0,0,0,0,0,0,4,1,FALSE,0
"11189",3,"M",1,"White","Middle",4,NA,NA,0,0,0,0,0,0,0,2,1,NA,1
"11190",3,"M",1,"White","Middle",4,0,0,0,0,0,0,0,0,0,4,1,FALSE,0
"11191",3,"F",1,NA,"Middle",4,0,0,0,0,0,0,0,0,0,4,1,FALSE,0
"11192",4,"F",1,"White","Middle",4,0,0,0,0,0,0,0,0,0,4,1,FALSE,0
"11193",3,"F",1,"White","Middle",4,0,0,0,0,0,0,0,0,0,4,1,FALSE,0
"11194",3,"F",1,"White","Middle",4,0,0,0,0,0,0,0,0,0,4,1,FALSE,0
"11195",3,"F",1,NA,"Middle",4,0,0,0,0,0,0,0,0,0,4,1,FALSE,0
"11196",4,"M",1,"White","Middle",4,0,0,0,0,0,0,0,0,0,2,1,FALSE,1
"11197",NA,NA,NA,"AI/AN",NA,4,0,0,0,0,0,0,0,0,0,4,NA,FALSE,0
"11198",4,"M",1,NA,"Middle",3,0,0,0,0,0,0,0,0,0,4,1,FALSE,0
"11199",4,"F",1,"White","Middle",4,0,0,0,0,0,0,0,0,0,4,1,FALSE,0
"11200",4,"F",1,"White","Middle",4,0,0,0,0,0,0,0,0,0,4,1,FALSE,0
"11201",3,"F",1,"White","Middle",4,0,0,0,0,0,0,0,0,0,4,1,FALSE,0
"11202",3,"F",1,"White","Middle",4,0,0,0,0,0,0,0,0,0,4,1,FALSE,0
"11203",4,"M",1,"White","Middle",4,0,0,0,0,0,0,0,0,0,4,NA,FALSE,0
"11204",4,"M",1,"White","Middle",4,0,0,0,0,0,0,0,0,0,4,1,FALSE,0
"11205",3,"F",1,"White","Middle",4,0,0,0,0,0,0,0,0,0,4,1,FALSE,0
"11206",4,"F",1,"White","Middle",4,0,0,0,0,0,0,0,0,0,4,1,FALSE,0
"11207",3,"F",1,"Asian","Middle",4,0,0,0,0,0,0,0,0,0,4,1,FALSE,0
"11208",3,"F",1,"White","Middle",4,0,0,0,0,0,0,0,0,0,4,1,FALSE,0
"11209",3,"F",1,"White","Middle",4,0,0,0,0,0,0,0,0,0,4,1,FALSE,0
"11210",3,"F",1,"White","Middle",4,0,0,0,0,0,0,0,0,0,4,1,FALSE,0
"11211",3,"M",1,"White","Middle",4,0,0,0,0,0,0,0,0,0,4,1,FALSE,0
"11212",4,"M",1,"White","Middle",4,0,0,0,0,0,0,0,0,0,4,1,FALSE,0
"11213",4,"M",1,"Black","Middle",4,0,0,0,0,0,0,0,0,0,4,1,FALSE,0
"11214",4,"M",1,"White","Middle",4,0,0,0,0,0,0,0,0,0,4,1,FALSE,0
"11215",4,"M",1,NA,"Middle",4,0,0,0,0,0,0,0,0,0,4,1,FALSE,0
"11216",3,"M",1,"White","Middle",4,0,0,0,0,0,0,0,0,0,4,1,FALSE,0
"11217",4,"F",1,"White","Middle",4,0,0,0,0,0,0,0,0,0,4,1,FALSE,0
"11218",3,"F",1,"Asian","Middle",4,0,0,0,0,0,0,0,0,0,4,1,FALSE,0
"11219",3,"M",1,"White","Middle",4,0,0,0,0,0,0,0,0,0,4,1,FALSE,0
"11220",3,"M",1,"White","Middle",4,0,0,0,0,0,0,0,0,0,4,1,FALSE,0
"11221",3,"M",1,"White","Middle",4,0,0,0,0,0,0,0,0,0,4,1,FALSE,0
"11222",3,"F",1,"White","Middle",4,0,0,0,0,0,0,0,0,0,4,NA,FALSE,0
"11223",3,"M",1,"White","Middle",4,0,0,0,0,0,0,0,0,0,4,1,FALSE,0
"11224",3,"F",1,"White","Middle",4,0,0,0,0,0,0,0,0,0,4,1,FALSE,0
"11225",5,"M",3,"White","Middle",3,0,0,0,0,0,0,0,0,0,3,1,FALSE,0
"11226",5,"M",3,"White","Middle",4,0,0,0,0,0,0,0,0,0,3,1,FALSE,0
"11227",5,"M",3,"White","Middle",4,0,0,0,0,0,0,0,0,0,3,1,FALSE,0
"11228",5,"M",3,"White","Middle",4,0,0,0,0,0,0,0,0,0,4,1,FALSE,0
"11229",5,"F",2,"White","Middle",4,0,0,0,0,0,0,0,0,0,4,1,FALSE,0
"11230",4,"F",2,"White","Middle",4,0,0,0,0,0,0,0,0,0,4,1,FALSE,0
"11231",4,"F",2,"White","Middle",4,0,0,0,0,0,0,0,0,0,2,1,FALSE,1
"11232",4,"F",2,NA,"Middle",4,0,0,0,0,0,0,0,0,0,4,1,FALSE,0
"11233",5,"F",2,"Asian","Middle",4,0,0,0,0,0,0,0,0,0,4,NA,FALSE,0
"11234",4,"M",2,"Hispanic","Middle",4,0,0,0,0,0,0,0,0,0,4,1,FALSE,0
"11235",5,"M",2,"White","Middle",4,0,0,0,0,0,0,0,0,0,3,1,FALSE,0
"11236",4,"F",2,NA,"Middle",4,0,0,0,0,0,0,0,0,0,4,1,FALSE,0
"11237",4,"F",2,"White","Middle",4,0,0,0,0,0,0,0,0,0,2,1,FALSE,1
"11238",4,"F",2,"Hispanic","Middle",4,0,0,0,0,0,0,0,0,0,4,1,FALSE,0
"11239",4,"M",2,"White","Middle",4,0,0,0,0,0,0,0,0,0,4,NA,FALSE,0
"11240",4,"M",2,"White","Middle",4,0,0,0,0,0,0,0,0,0,4,NA,FALSE,0
"11241",5,"M",2,"White","Middle",4,0,0,0,0,0,0,0,0,0,4,NA,FALSE,0
"11242",5,"F",2,NA,"Middle",4,0,0,0,0,0,0,0,0,0,4,1,FALSE,0
"11243",4,"F",2,"White","Middle",4,0,0,0,0,0,0,0,0,0,4,1,FALSE,0
"11244",5,"M",2,"White","Middle",4,0,0,0,0,0,0,0,0,0,3,NA,FALSE,0
"11245",4,"M",2,"Asian","Middle",4,0,0,0,0,0,0,0,0,0,4,1,FALSE,0
"11246",4,"M",2,NA,"Middle",4,0,NA,0,0,0,0,0,0,0,4,NA,NA,0
"11247",4,"M",2,"AI/AN","Middle",4,0,0,0,0,0,0,0,0,0,4,1,FALSE,0
"11248",4,"M",2,"White","Middle",4,0,0,0,0,0,0,0,0,0,4,1,FALSE,0
"11249",4,"F",2,"White","Middle",4,0,0,0,0,0,0,0,0,0,4,1,FALSE,0
"11250",5,"F",2,"White","Middle",3,0,0,0,0,0,0,0,0,0,4,1,FALSE,0
"11251",4,"F",2,"White","Middle",4,0,0,0,0,0,0,0,0,0,4,1,FALSE,0
"11252",5,"F",2,"White","Middle",4,0,0,0,0,0,0,0,0,0,4,1,FALSE,0
"11253",4,"F",2,"White","Middle",4,0,0,0,0,0,0,0,0,0,4,NA,FALSE,0
"11254",5,"F",2,"Black","Middle",4,0,0,0,0,0,0,0,0,0,4,NA,FALSE,0
"11255",4,"F",2,"White","Middle",4,0,0,0,0,0,0,0,0,0,4,1,FALSE,0
"11256",4,"F",2,"White","Middle",4,0,0,0,0,0,0,0,0,0,4,NA,FALSE,0
"11257",4,"F",2,"White","Middle",4,0,0,0,0,0,0,0,0,0,4,1,FALSE,0
"11258",4,"M",2,"White","Middle",4,0,0,0,NA,NA,NA,NA,NA,0,1,1,NA,1
"11259",5,"M",2,"White","Middle",4,0,NA,0,0,0,0,0,0,0,4,NA,NA,0
"11260",4,"M",2,"White","Middle",4,0,0,0,0,0,0,0,0,0,4,1,FALSE,0
"11261",5,"M",2,NA,"Middle",3,0,0,0,0,0,0,0,0,0,3,1,FALSE,0
"11262",4,"M",2,"White","Middle",4,0,0,0,0,0,0,0,0,0,4,1,FALSE,0
"11263",5,"M",2,"White","Middle",3,0,0,0,0,0,0,0,0,0,4,NA,FALSE,0
"11264",5,"M",2,"White","Middle",4,0,0,0,0,0,0,0,0,0,4,1,FALSE,0
"11265",5,"M",2,"White","Middle",4,0,0,0,0,0,0,0,0,0,4,1,FALSE,0
"11266",5,"M",2,"Hispanic","Middle",4,0,0,0,NA,NA,NA,NA,NA,0,2,1,NA,1
"11267",4,"M",2,"White","Middle",4,0,0,0,0,0,0,0,0,0,4,NA,FALSE,0
"11268",4,"M",2,"White","Middle",4,0,0,0,0,0,0,0,0,0,4,1,FALSE,0
"11269",5,"F",2,"Black","Middle",4,0,0,0,0,0,0,0,0,0,4,NA,FALSE,0
"11270",6,"M",3,"White","Middle",4,0,0,0,0,0,0,0,0,0,4,1,FALSE,0
"11271",6,"M",3,"White","Middle",4,0,0,0,0,0,0,0,0,0,4,NA,FALSE,0
"11272",5,"M",3,"White","Middle",4,0,0,0,0,0,0,0,0,0,4,1,FALSE,0
"11273",5,"M",3,"White","Middle",4,0,0,0,0,0,0,0,0,0,4,1,FALSE,0
"11274",6,"F",3,"White","Middle",3,0,0,0,0,0,0,0,0,0,4,1,FALSE,0
"11275",6,"M",3,"White","Middle",4,0,0,0,0,0,0,0,0,0,4,1,FALSE,0
"11276",5,"F",3,"White","Middle",4,0,0,0,0,0,0,0,0,0,4,1,FALSE,0
"11277",6,"F",3,"Black","Middle",4,0,0,0,0,0,0,0,0,0,4,1,FALSE,0
"11278",6,"M",3,"White","Middle",4,0,0,0,0,0,0,0,0,0,4,1,FALSE,0
"11279",6,"M",3,"White","Middle",4,0,0,0,0,0,0,0,0,0,3,1,FALSE,0
"11280",6,"M",3,"Hispanic","Middle",3,0,0,0,0,0,0,0,0,0,3,1,FALSE,0
"11281",5,"M",3,"White","Middle",4,0,0,0,0,0,0,0,0,0,4,1,FALSE,0
"11282",6,"M",3,NA,"Middle",3,0,0,0,0,0,0,0,0,0,3,NA,FALSE,0
"11283",5,"M",3,"White","Middle",4,0,0,0,0,0,0,0,0,0,4,1,FALSE,0
"11284",5,"M",3,"White","Middle",4,0,0,0,0,0,0,0,0,0,3,1,FALSE,0
"11285",5,"F",3,"White","Middle",3,0,0,0,0,0,0,0,0,0,4,1,FALSE,0
"11286",5,"F",3,"White","Middle",4,0,0,0,0,0,0,0,0,0,4,1,FALSE,0
"11287",5,"F",3,"White","Middle",4,0,0,0,0,0,0,0,0,0,4,1,FALSE,0
"11288",6,"F",3,"White","Middle",4,0,0,0,0,0,0,0,0,0,4,NA,FALSE,0
"11289",5,"F",3,"White","Middle",4,0,0,0,0,0,0,0,0,0,4,1,FALSE,0
"11290",6,"M",3,"White","Middle",2,0,0,0,0,0,0,0,0,0,2,NA,FALSE,1
"11291",5,"M",3,"White","Middle",4,0,0,0,0,0,0,0,0,0,4,1,FALSE,0
"11292",6,"M",3,"White","Middle",4,0,0,0,0,0,0,0,0,0,4,NA,FALSE,0
"11293",6,"M",3,"White","Middle",4,0,0,0,0,0,0,0,0,0,4,1,FALSE,0
"11294",5,"M",3,"White","Middle",4,0,0,0,0,0,0,0,0,0,4,1,FALSE,0
"11295",6,"F",3,"White","Middle",4,0,0,0,0,0,0,0,0,0,4,1,FALSE,0
"11296",5,"F",3,"White","Middle",4,0,0,0,0,0,0,0,0,0,4,1,FALSE,0
"11297",5,"M",3,"White","Middle",3,0,0,0,0,0,0,0,0,0,3,1,FALSE,0
"11298",6,"M",3,"Hispanic","Middle",2,0,0,0,0,0,0,0,0,0,2,1,FALSE,1
"11299",5,"F",3,"Asian","Middle",4,0,0,0,0,0,0,0,0,0,4,1,FALSE,0
"11300",5,"F",3,"White","Middle",4,0,0,0,0,0,0,0,0,0,4,1,FALSE,0
"11301",5,"F",3,"White","Middle",4,0,0,0,0,0,0,0,0,0,4,1,FALSE,0
"11302",6,"F",3,"White","Middle",4,0,0,0,0,0,0,0,0,0,4,1,FALSE,0
"11303",6,"M",3,"White","Middle",3,0,0,0,0,0,0,0,0,0,4,1,FALSE,0
"11304",5,"F",3,"White","Middle",4,0,0,0,0,0,0,0,0,0,2,1,FALSE,1
"11305",6,"F",3,"White","Middle",4,0,0,0,0,0,0,0,0,0,4,NA,FALSE,0
"11306",5,"M",3,"White","Middle",4,0,0,0,0,0,0,0,0,0,2,1,FALSE,1
"11307",6,"M",3,"White","Middle",4,0,0,0,0,0,0,0,0,0,4,1,FALSE,0
"11308",6,"M",3,"White","Middle",4,0,0,0,0,0,0,0,0,0,4,1,FALSE,0
"11309",5,"M",3,"White","Middle",4,0,0,0,0,0,0,0,0,0,4,1,FALSE,0
"11310",5,"M",3,"Black","Middle",4,0,0,0,0,0,0,0,0,0,4,1,FALSE,0
"11311",9,"M",7,"White","High",4,0,0,0,0,0,0,0,0,0,4,1,FALSE,0
"11312",10,"M",7,"Asian","High",3,0,0,0,0,0,0,0,0,0,4,NA,FALSE,0
"11313",10,"F",7,"Asian","High",3,0,0,0,0,0,0,0,0,0,4,1,FALSE,0
"11314",9,"F",7,"Asian","High",4,0,0,0,0,0,0,0,0,0,2,1,FALSE,1
"11315",10,"F",7,"Black","High",3,0,0,0,0,0,0,0,0,0,4,NA,FALSE,0
"11316",9,"F",7,"Black","High",4,0,0,0,0,0,0,0,0,0,4,1,FALSE,0
"11317",9,"F",7,"Black","High",1,0,1,0,0,0,0,0,0,0,4,1,TRUE,0
"11318",10,"M",7,"Black","High",2,1,1,0,0,0,0,0,0,1,2,NA,TRUE,1
"11319",10,"M",7,"Black","High",4,0,0,0,0,0,0,0,0,0,4,1,FALSE,0
"11320",9,"M",7,"Black","High",4,0,0,NA,NA,NA,NA,NA,NA,NA,NA,NA,NA,NA
"11321",10,"M",7,"Hispanic","High",3,0,0,0,NA,NA,NA,NA,NA,NA,2,NA,NA,1
"11322",9,"F",7,"Hispanic","High",4,0,0,0,0,0,0,0,0,0,4,1,FALSE,0
"11323",10,"M",7,"Hispanic","High",1,1,1,0,0,0,0,0,0,1,1,NA,TRUE,1
"11324",10,"F",7,"White","High",4,0,0,0,0,0,0,0,0,0,4,NA,FALSE,0
"11325",11,"F",7,"Black","High",4,0,0,0,0,0,0,0,0,0,4,NA,FALSE,0
"11326",10,"F",7,"Black","High",2,0,0,0,NA,NA,NA,NA,NA,0,1,1,NA,1
"11327",9,"F",7,"Black","High",4,0,0,0,0,0,1,0,0,0,4,NA,TRUE,0
"11328",9,"F",7,"Black","High",2,0,0,0,0,0,0,0,0,0,4,1,FALSE,0
"11329",10,"F",7,"Hispanic","High",2,0,0,0,0,0,0,0,0,0,3,NA,FALSE,0
"11330",10,"M",7,"Hispanic","High",4,1,1,0,NA,NA,NA,NA,NA,1,1,NA,TRUE,1
"11331",10,"M",7,NA,"High",4,0,0,0,0,0,0,0,0,0,4,NA,FALSE,0
"11332",9,"M",7,"Black","High",1,0,NA,0,NA,NA,NA,NA,NA,0,4,NA,NA,0
"11333",11,"F",7,"White","High",4,1,0,0,NA,NA,NA,NA,NA,0,4,NA,TRUE,0
"11334",10,"M",7,"Black","High",4,0,0,0,0,0,0,0,0,0,4,1,FALSE,0
"11335",10,"M",7,"Asian","High",3,1,0,0,0,0,0,0,0,0,2,1,TRUE,1
"11336",10,"F",7,"Black","High",3,0,0,0,0,0,0,0,0,0,2,NA,FALSE,1
"11337",10,"M",7,"Hispanic","High",4,0,0,0,0,0,0,0,0,0,4,1,FALSE,0
"11338",10,"M",7,"Hispanic","High",4,0,0,0,NA,NA,NA,NA,NA,0,4,NA,NA,0
"11339",1,NA,NA,"Hispanic",NA,3,0,0,1,NA,NA,NA,NA,NA,0,1,NA,TRUE,1
"11340",9,"F",7,"Asian","High",3,0,1,0,0,0,1,0,0,0,2,NA,TRUE,1
"11341",9,"M",7,"Hispanic","High",4,0,0,0,0,0,0,0,0,0,4,1,FALSE,0
"11342",9,"F",7,"Hispanic","High",4,0,0,0,0,0,0,0,0,0,4,NA,FALSE,0
"11343",9,"F",7,"Hispanic","High",1,0,0,0,0,0,0,0,0,0,1,NA,FALSE,1
"11344",NA,NA,NA,"Hispanic",NA,1,0,NA,NA,0,0,0,0,0,NA,4,NA,NA,0
"11345",8,"F",6,"Hispanic","High",4,0,0,0,0,0,0,0,0,0,4,1,FALSE,0
"11346",9,"F",6,"NHOPI","High",4,0,0,0,0,0,0,0,0,0,4,NA,FALSE,0
"11347",9,"M",6,"Black","High",4,0,0,0,0,0,0,0,0,0,4,1,FALSE,0
"11348",9,"F",6,"Hispanic","High",4,0,0,0,0,0,0,0,0,0,4,1,FALSE,0
"11349",7,"M",4,"Black","High",4,0,0,0,0,0,0,0,0,0,4,NA,FALSE,0
"11350",10,"F",7,"Hispanic","High",3,1,0,0,0,0,0,0,0,0,2,NA,TRUE,1
"11351",8,"M",6,"Black","High",4,0,0,0,0,0,0,0,0,0,3,1,FALSE,0
"11352",11,"F",7,"Black","High",2,1,1,0,0,0,0,0,0,0,2,NA,TRUE,1
"11353",9,"M",7,"Black","High",4,0,0,0,0,0,0,0,0,0,2,NA,FALSE,1
"11354",8,"F",6,"Black","High",4,0,0,0,0,0,0,0,0,0,4,NA,FALSE,0
"11355",7,"F",5,NA,"High",4,0,0,0,0,0,0,0,0,0,4,1,FALSE,0
"11356",9,"F",7,"Asian","High",4,0,0,0,0,0,0,0,0,0,2,1,FALSE,1
"11357",9,"M",6,"Hispanic","High",3,0,0,0,0,0,0,0,0,0,1,1,FALSE,1
"11358",9,"F",6,"Black","High",4,0,0,0,0,0,0,0,0,0,4,NA,FALSE,0
"11359",8,"F",6,"Black","High",4,0,0,0,0,0,0,0,0,0,4,NA,FALSE,0
"11360",8,"F",6,"White","High",1,1,1,0,0,0,0,0,0,1,1,NA,TRUE,1
"11361",9,"F",7,"Hispanic","High",4,0,0,0,0,0,0,0,0,0,4,NA,FALSE,0
"11362",8,"M",5,"Black","High",4,0,0,0,0,0,0,0,0,0,4,1,FALSE,0
"11363",8,"F",5,"Black","High",3,0,0,0,0,0,0,0,0,0,1,1,FALSE,1
"11364",7,"F",5,"Black","High",NA,0,NA,NA,0,0,0,0,0,NA,NA,NA,NA,NA
"11365",9,"F",6,"White","High",4,0,0,0,0,0,0,0,0,0,1,NA,FALSE,1
"11366",7,"F",5,"Black","High",4,0,0,0,0,0,0,0,0,0,4,NA,FALSE,0
"11367",8,"F",5,"White","High",4,NA,0,0,0,0,0,0,0,0,3,NA,NA,0
"11368",9,"M",6,"Black","High",4,0,0,0,0,0,0,0,0,0,4,1,FALSE,0
"11369",8,"F",5,"Hispanic","High",3,0,0,0,0,0,0,0,0,0,2,NA,FALSE,1
"11370",11,"F",7,"Black","High",4,0,0,0,0,0,0,0,0,0,4,NA,FALSE,0
"11371",9,"M",5,NA,"High",2,0,0,0,0,0,0,0,0,0,2,NA,FALSE,1
"11372",8,"F",5,"Asian","High",4,0,0,0,0,0,0,0,0,0,4,NA,FALSE,0
"11373",7,"F",5,"Black","High",4,0,0,0,0,0,0,0,0,0,4,1,FALSE,0
"11374",7,"F",5,"Black","High",3,0,0,0,NA,NA,NA,NA,NA,0,1,NA,NA,1
"11375",7,"F",5,"White","High",4,0,0,0,0,0,0,0,0,0,4,1,FALSE,0
"11376",7,"M",5,"Black","High",4,0,0,0,0,0,0,0,0,0,3,NA,FALSE,0
"11377",8,"M",5,"White","High",4,0,0,0,0,0,0,0,0,0,4,NA,FALSE,0
"11378",7,"F",5,"Black","High",4,0,0,0,0,0,0,0,0,0,2,1,FALSE,1
"11379",7,"F",5,"AI/AN","High",4,0,0,0,0,0,0,0,0,0,2,NA,FALSE,1
"11380",7,"F",5,"White","High",4,0,0,0,0,0,0,0,0,0,4,1,FALSE,0
"11381",7,"M",5,"AI/AN","High",4,0,0,0,0,0,0,0,0,0,4,NA,FALSE,0
"11382",7,"F",5,"Black","High",3,0,0,0,0,0,0,0,0,0,1,NA,FALSE,1
"11383",7,"F",5,"Black","High",4,0,0,0,0,0,0,0,0,0,4,NA,FALSE,0
"11384",8,"F",5,"Black","High",4,0,0,0,0,0,0,0,0,0,1,NA,FALSE,1
"11385",7,"F",5,"White","High",4,0,0,0,0,0,0,0,0,0,4,NA,FALSE,0
"11386",8,"M",5,"Black","High",4,0,0,0,0,0,0,0,0,0,4,NA,FALSE,0
"11387",8,"F",5,"White","High",4,0,0,0,0,0,0,0,0,0,4,1,FALSE,0
"11388",7,"F",5,"White","High",4,0,0,0,0,0,0,0,0,0,4,NA,FALSE,0
"11389",7,"F",5,"Black","High",2,0,1,0,NA,NA,NA,NA,NA,1,1,NA,TRUE,1
"11390",8,"M",5,"Black","High",3,0,0,0,0,0,0,0,0,0,1,1,FALSE,1
"11391",7,"M",5,"White","High",3,0,0,0,0,0,0,0,0,0,3,1,FALSE,0
"11392",7,"M",5,"White","High",4,0,0,0,0,0,0,0,0,0,4,NA,FALSE,0
"11393",7,"F",5,"Hispanic","High",3,0,0,0,0,0,0,0,0,1,2,1,TRUE,1
"11394",8,"F",5,"White","High",4,0,0,0,0,0,0,0,0,0,4,1,FALSE,0
"11395",7,"M",5,"White","High",3,0,0,0,0,0,0,0,0,0,3,1,FALSE,0
"11396",7,"F",5,"Black","High",4,0,0,0,0,0,0,0,0,0,1,1,FALSE,1
"11397",6,"M",4,"White","High",4,0,0,0,0,0,0,0,0,0,2,NA,FALSE,1
"11398",6,"F",4,"Black","High",4,0,0,0,0,0,0,0,0,0,1,1,FALSE,1
"11399",6,"F",4,"Hispanic","High",2,0,0,0,1,0,1,0,0,0,4,1,TRUE,0
"11400",6,"F",4,NA,"High",4,0,0,0,0,0,0,0,0,0,4,1,FALSE,0
"11401",6,"M",4,"Hispanic","High",4,0,0,0,0,0,0,0,0,0,3,NA,FALSE,0
"11402",6,"M",4,NA,"High",4,0,0,0,0,0,0,0,0,0,4,NA,FALSE,0
"11403",7,"F",4,"White","High",4,0,0,0,0,0,0,0,0,0,2,1,FALSE,1
"11404",7,"M",4,"Black","High",4,0,NA,0,NA,NA,NA,NA,NA,1,1,NA,TRUE,1
"11405",6,"M",4,"White","High",4,0,0,0,0,0,0,0,0,0,3,NA,FALSE,0
"11406",6,"F",4,"Hispanic","High",4,0,0,0,0,0,0,0,0,0,4,1,FALSE,0
"11407",6,"M",4,"Hispanic","High",3,0,0,0,0,0,0,0,0,0,4,1,FALSE,0
"11408",7,"F",4,"Hispanic","High",3,0,0,0,0,0,1,0,0,1,1,1,TRUE,1
"11409",6,"M",4,"Hispanic","High",4,0,0,0,0,0,0,0,0,0,4,NA,FALSE,0
"11410",7,"M",4,"White","High",4,0,0,0,0,0,0,0,0,0,4,1,FALSE,0
"11411",6,"M",4,"White","High",3,0,0,0,0,0,0,0,0,0,2,NA,FALSE,1
"11412",7,"F",4,"Hispanic","High",3,0,0,0,0,0,0,0,0,0,3,NA,FALSE,0
"11413",6,"F",4,"Hispanic","High",3,0,0,0,0,0,0,0,0,0,2,NA,FALSE,1
"11414",6,"M",4,"Hispanic","High",3,0,0,0,0,0,0,0,0,0,2,1,FALSE,1
"11415",7,"M",4,"Asian","High",4,0,0,0,0,0,0,0,0,0,4,1,FALSE,0
"11416",6,"F",4,"Hispanic","High",4,0,0,0,0,0,0,0,0,0,NA,1,FALSE,NA
"11417",6,"M",4,"White","High",4,0,0,0,0,0,0,0,0,0,2,NA,FALSE,1
"11418",6,"F",4,"Hispanic","High",4,0,0,0,0,0,0,0,0,0,2,1,FALSE,1
"11419",7,"M",4,"White","High",4,0,0,0,0,0,0,0,0,0,4,1,FALSE,0
"11420",6,"F",4,NA,"High",3,0,0,0,0,0,0,0,0,0,1,NA,FALSE,1
"11421",6,"M",4,"Hispanic","High",2,0,0,0,0,0,0,0,0,1,2,1,TRUE,1
"11422",7,"F",4,"Hispanic","High",4,0,0,0,0,0,0,0,0,0,3,1,FALSE,0
"11423",6,"F",4,"White","High",3,0,0,0,0,0,0,0,0,0,1,NA,FALSE,1
"11424",6,"F",4,"White","High",3,0,0,0,0,0,0,0,0,0,1,1,FALSE,1
"11425",6,"F",4,"Hispanic","High",3,0,0,0,0,0,0,0,0,0,1,1,FALSE,1
"11426",6,"F",4,"Hispanic","High",3,0,0,0,0,0,0,0,0,0,4,1,FALSE,0
"11427",7,"M",4,"Hispanic","High",3,0,0,0,0,0,1,0,0,1,1,NA,TRUE,1
"11428",6,"F",4,"Hispanic","High",4,0,0,0,0,0,0,0,0,0,4,1,FALSE,0
"11429",6,"F",4,"Hispanic","High",4,0,0,0,0,0,0,0,0,0,4,NA,FALSE,0
"11430",6,"F",4,"White","High",3,1,1,0,0,0,0,0,1,0,1,NA,TRUE,1
"11431",6,"M",4,"Hispanic","High",3,0,0,0,0,0,0,0,0,0,1,1,FALSE,1
"11432",7,"M",4,"Black","High",4,0,0,0,0,0,0,0,0,0,2,1,FALSE,1
"11433",6,"M",4,"Black","High",4,0,0,0,0,0,0,0,0,0,4,1,FALSE,0
"11434",7,"M",4,"Hispanic","High",4,0,0,0,0,0,0,0,0,0,3,NA,FALSE,0
"11435",7,"F",4,"Hispanic","High",4,0,0,0,0,0,0,0,0,0,4,1,FALSE,0
"11436",7,"M",4,"Hispanic","High",4,0,0,0,0,0,0,0,0,0,2,NA,FALSE,1
"11437",8,"M",4,"White","High",4,1,0,0,0,0,0,0,0,1,1,NA,TRUE,1
"11438",8,"F",5,"Hispanic","High",3,0,0,0,0,1,1,1,0,1,1,NA,TRUE,1
"11439",6,"F",4,"Hispanic","High",4,0,0,0,0,0,0,0,0,0,1,NA,FALSE,1
"11440",6,"M",4,"White","High",4,0,0,0,0,0,0,0,0,0,4,1,FALSE,0
"11441",6,"M",4,"White","High",3,0,0,0,0,0,0,0,0,0,4,1,FALSE,0
"11442",6,"F",4,"Hispanic","High",4,0,0,0,0,0,0,0,0,0,4,1,FALSE,0
"11443",6,"F",4,"White","High",3,0,0,0,0,0,0,0,0,0,2,1,FALSE,1
"11444",7,"F",4,"Black","High",4,0,0,0,0,0,0,0,0,0,4,NA,FALSE,0
"11445",7,"F",4,"Hispanic","High",4,0,0,0,0,0,0,0,0,0,4,1,FALSE,0
"11446",6,"F",4,"White","High",2,0,0,0,0,0,1,0,0,1,1,NA,TRUE,1
"11447",7,"M",5,"White","High",4,0,0,0,0,0,0,0,0,0,2,1,FALSE,1
"11448",7,"F",5,"Hispanic","High",4,0,0,0,0,0,0,0,0,0,4,1,FALSE,0
"11449",8,"M",5,"White","High",4,0,0,0,0,0,0,0,0,0,1,1,FALSE,1
"11450",7,"F",5,"Black","High",4,0,0,0,NA,NA,NA,NA,NA,0,2,1,NA,1
"11451",8,"F",5,"Asian","High",2,0,0,0,0,0,0,0,0,1,1,1,TRUE,1
"11452",7,"M",5,"Black","High",4,0,0,0,0,0,0,0,0,0,4,1,FALSE,0
"11453",7,"F",5,"Hispanic","High",4,0,0,0,0,0,0,0,0,0,4,1,FALSE,0
"11454",7,"M",5,"Hispanic","High",3,0,0,0,0,0,0,0,0,0,2,1,FALSE,1
"11455",7,"F",5,"Black","High",4,0,0,0,0,0,0,0,0,0,3,1,FALSE,0
"11456",7,"M",5,"Black","High",3,0,0,0,0,0,0,0,0,0,1,1,FALSE,1
"11457",7,"F",5,"Hispanic","High",4,0,0,0,0,0,0,0,0,0,4,1,FALSE,0
"11458",7,"F",5,"Black","High",3,0,0,0,0,0,0,0,0,0,1,1,FALSE,1
"11459",7,"M",5,"White","High",4,0,0,0,0,0,0,0,0,0,4,1,FALSE,0
"11460",8,"F",4,"Hispanic","High",4,0,0,0,0,0,0,0,0,0,2,1,FALSE,1
"11461",NA,NA,NA,"Hispanic",NA,NA,NA,NA,NA,NA,NA,NA,NA,NA,NA,NA,NA,NA,NA
"11462",8,"M",5,"White","High",1,0,0,1,0,0,1,0,1,1,1,1,TRUE,1
"11463",8,"F",5,"Hispanic","High",3,0,0,0,0,0,0,0,0,0,1,NA,FALSE,1
"11464",8,"F",5,"Hispanic","High",4,0,0,0,0,0,0,0,0,0,2,1,FALSE,1
"11465",7,"F",5,"Hispanic","High",3,0,0,0,0,0,0,0,0,0,1,NA,FALSE,1
"11466",7,"M",5,"White","High",4,0,0,0,0,0,0,0,0,0,4,NA,FALSE,0
"11467",7,"M",5,"White","High",3,0,0,0,0,0,0,0,0,0,2,1,FALSE,1
"11468",7,"M",5,"White","High",3,0,0,0,0,0,0,0,0,0,2,1,FALSE,1
"11469",7,"F",5,"White","High",4,0,0,0,0,0,0,0,0,0,2,NA,FALSE,1
"11470",7,"F",5,"White","High",4,0,0,0,0,0,0,0,0,0,4,NA,FALSE,0
"11471",9,"F",6,"Hispanic","High",4,0,0,0,0,0,0,0,0,0,1,1,FALSE,1
"11472",9,"M",6,"Hispanic","High",2,0,0,0,0,0,0,0,0,0,4,1,FALSE,0
"11473",8,"M",6,"Hispanic","High",4,0,0,0,0,0,0,0,0,0,2,1,FALSE,1
"11474",9,"F",6,"Hispanic","High",4,0,0,0,0,0,0,0,0,0,4,1,FALSE,0
"11475",8,"F",6,"White","High",4,0,0,0,0,0,0,0,0,0,4,1,FALSE,0
"11476",9,"M",6,"Hispanic","High",4,0,0,0,0,0,0,0,0,0,3,1,FALSE,0
"11477",8,"M",6,"White","High",4,0,0,0,0,0,0,0,0,0,4,NA,FALSE,0
"11478",8,"M",6,"Hispanic","High",3,0,0,0,0,0,0,0,0,0,4,1,FALSE,0
"11479",8,"F",6,"Asian","High",4,0,0,0,0,0,0,0,0,0,4,1,FALSE,0
"11480",8,"F",6,"White","High",3,0,0,0,0,0,0,0,0,0,2,1,FALSE,1
"11481",8,"F",6,"Asian","High",4,0,0,0,0,0,0,0,0,0,3,1,FALSE,0
"11482",8,"M",6,"Black","High",3,0,0,0,0,0,0,0,0,1,2,1,TRUE,1
"11483",8,"M",6,"Black","High",4,0,0,0,0,0,0,0,0,0,4,1,FALSE,0
"11484",8,"M",6,"Black","High",4,0,0,0,0,0,0,0,0,0,4,1,FALSE,0
"11485",8,"M",6,"White","High",3,0,0,0,0,0,0,0,0,0,2,NA,FALSE,1
"11486",8,"M",6,"Hispanic","High",4,0,0,0,0,0,0,0,0,0,4,1,FALSE,0
"11487",8,"F",6,"White","High",4,0,0,0,0,0,0,0,0,0,2,NA,FALSE,1
"11488",8,"F",6,"White","High",1,0,0,0,0,0,0,0,0,0,1,NA,FALSE,1
"11489",8,"M",6,"Hispanic","High",4,0,0,0,0,0,0,0,0,0,4,1,FALSE,0
"11490",8,"M",6,"Hispanic","High",4,0,0,0,0,0,0,0,0,0,4,1,FALSE,0
"11491",9,"M",6,"White","High",4,0,0,0,0,0,0,0,0,0,4,1,FALSE,0
"11492",8,"F",6,"Hispanic","High",4,0,0,0,0,0,0,0,0,0,2,1,FALSE,1
"11493",8,"F",6,"Asian","High",4,0,NA,0,0,0,0,0,0,0,4,1,NA,0
"11494",8,"F",6,"Black","High",4,0,0,0,0,0,0,0,0,0,4,1,FALSE,0
"11495",8,"F",6,"White","High",1,1,0,0,0,0,0,0,0,0,1,1,TRUE,1
"11496",8,"F",6,"Hispanic","High",4,0,0,0,0,0,0,0,0,0,4,1,FALSE,0
"11497",10,"F",7,"Asian","High",4,0,0,0,0,0,1,0,0,1,1,1,TRUE,1
"11498",9,"F",7,"White","High",3,0,0,0,0,0,0,0,0,0,4,NA,FALSE,0
"11499",10,"M",7,"Black","High",4,0,0,0,0,0,0,0,0,0,4,1,FALSE,0
"11500",10,"M",7,NA,"High",3,0,1,0,0,0,0,0,0,0,4,NA,TRUE,0
"11501",10,"F",7,"Hispanic","High",4,0,0,0,0,0,0,0,0,0,1,1,FALSE,1
"11502",10,"M",7,"Hispanic","High",4,0,0,0,0,0,0,0,0,0,2,1,FALSE,1
"11503",10,"M",7,"Black","High",4,0,0,0,0,0,0,0,0,0,4,NA,FALSE,0
"11504",10,"M",7,"Black","High",3,0,0,0,0,0,0,0,0,0,4,1,FALSE,0
"11505",9,"F",7,"Hispanic","High",4,0,0,0,0,0,0,0,0,0,2,NA,FALSE,1
"11506",10,"M",7,"Black","High",4,0,0,0,0,0,0,0,0,0,4,1,FALSE,0
"11507",9,"M",7,"White","High",4,0,0,0,0,0,0,0,0,0,4,1,FALSE,0
"11508",9,"M",7,"White","High",3,0,0,0,0,0,0,0,0,0,4,1,FALSE,0
"11509",10,"M",7,"Black","High",4,0,0,0,0,0,0,0,0,0,4,1,FALSE,0
"11510",9,"F",7,"Black","High",4,0,0,0,0,0,0,0,0,0,4,1,FALSE,0
"11511",11,"F",7,"White","High",4,0,0,0,0,0,1,0,0,0,2,NA,TRUE,1
"11512",9,"F",7,"White","High",2,1,1,0,0,0,0,0,0,1,1,NA,TRUE,1
"11513",10,"M",7,"Hispanic","High",3,0,0,0,0,0,0,0,0,0,2,NA,FALSE,1
"11514",11,"M",7,"Hispanic","High",2,0,0,0,0,0,0,0,0,0,4,NA,FALSE,0
"11515",9,"M",7,"Hispanic","High",1,1,0,0,0,0,0,0,0,0,1,NA,TRUE,1
"11516",9,"F",7,"Hispanic","High",3,0,0,0,0,0,0,0,0,0,1,1,FALSE,1
"11517",9,"F",7,"Hispanic","High",4,0,0,0,0,0,0,0,0,0,4,1,FALSE,0
"11518",10,"M",7,"Hispanic","High",2,1,0,0,0,0,0,0,0,1,4,1,TRUE,0
"11519",9,"M",7,"White","High",1,1,1,0,0,0,0,0,0,0,4,NA,TRUE,0
"11520",10,"F",7,"Hispanic","High",3,1,0,0,0,0,0,0,0,0,2,NA,TRUE,1
"11521",7,"M",5,"Hispanic","High",3,0,0,0,0,0,0,0,0,1,2,NA,TRUE,1
"11522",7,"F",5,NA,"High",1,1,1,0,0,0,1,0,0,0,1,NA,TRUE,1
"11523",8,"F",5,"Hispanic","High",4,0,NA,0,0,0,0,0,0,0,2,NA,NA,1
"11524",7,"F",5,"Hispanic","High",3,0,0,0,0,0,0,0,0,0,4,NA,FALSE,0
"11525",8,"F",5,"White","High",4,0,0,0,NA,NA,NA,NA,NA,0,3,NA,NA,0
"11526",9,"F",5,"Hispanic","High",4,0,0,0,0,0,1,0,0,0,2,1,TRUE,1
"11527",8,"M",5,"White","High",2,0,0,0,0,0,0,0,0,0,2,1,FALSE,1
"11528",7,"M",5,"Hispanic","High",4,0,0,0,0,0,0,0,0,0,4,1,FALSE,0
"11529",8,"F",5,"Hispanic","High",4,0,0,0,0,0,0,0,0,0,1,1,FALSE,1
"11530",7,"M",5,"White","High",4,0,0,0,0,0,0,0,0,0,1,1,FALSE,1
"11531",8,"F",5,"Hispanic","High",3,0,0,0,0,0,0,0,0,0,2,1,FALSE,1
"11532",10,"F",6,"Hispanic","High",4,0,0,0,0,0,0,0,0,0,4,NA,FALSE,0
"11533",7,"M",5,"Hispanic","High",4,0,0,0,0,0,0,0,0,0,1,NA,FALSE,1
"11534",8,"F",5,"Hispanic","High",2,0,0,0,0,0,0,0,0,0,1,NA,FALSE,1
"11535",7,"F",5,"Hispanic","High",4,0,0,0,0,0,0,0,0,0,2,1,FALSE,1
"11536",8,"M",4,"Hispanic","High",3,0,0,0,0,0,0,0,0,1,1,1,TRUE,1
"11537",10,"F",7,"Black","High",4,0,0,0,0,0,0,0,0,0,1,1,FALSE,1
"11538",9,"F",7,"AI/AN","High",4,0,0,0,0,0,0,0,0,0,1,1,FALSE,1
"11539",9,"F",7,"NHOPI","High",4,0,0,0,0,0,0,0,0,0,2,1,FALSE,1
"11540",9,"F",7,"Hispanic","High",4,0,0,0,0,0,0,0,0,0,3,1,FALSE,0
"11541",9,"M",7,"Hispanic","High",4,0,0,0,0,0,0,0,0,0,4,1,FALSE,0
"11542",9,"M",7,"Hispanic","High",4,0,0,0,0,0,0,0,0,0,4,1,FALSE,0
"11543",10,"F",7,"White","High",4,0,0,0,0,0,0,0,0,0,1,NA,FALSE,1
"11544",9,"F",7,"Hispanic","High",4,NA,0,0,0,0,0,0,0,0,2,1,NA,1
"11545",9,"F",7,"Hispanic","High",4,0,0,0,0,0,0,0,0,0,2,NA,FALSE,1
"11546",9,"F",7,"Hispanic","High",3,0,0,0,0,0,0,0,0,0,2,1,FALSE,1
"11547",9,"M",7,"Hispanic","High",4,0,0,0,0,0,0,0,0,0,4,1,FALSE,0
"11548",9,"F",7,"Hispanic","High",3,0,0,0,0,0,0,0,0,0,1,1,FALSE,1
"11549",9,"F",7,"White","High",2,1,0,0,0,0,0,0,0,0,1,1,TRUE,1
"11550",9,"F",7,"Hispanic","High",4,0,0,0,0,0,0,0,0,0,2,NA,FALSE,1
"11551",9,"F",7,"Black","High",4,0,0,0,0,0,0,0,0,0,4,NA,FALSE,0
"11552",9,"F",7,"Black","High",4,0,0,0,0,0,0,0,0,0,4,1,FALSE,0
"11553",10,"F",7,"Hispanic","High",4,0,0,0,0,0,0,0,0,0,2,NA,FALSE,1
"11554",9,"M",7,"Black","High",4,0,0,0,0,0,0,0,0,0,4,1,FALSE,0
"11555",9,"M",7,"White","High",1,0,0,0,0,0,0,0,0,0,4,1,FALSE,0
"11556",10,"F",7,"Hispanic","High",4,0,0,0,0,0,0,0,0,0,1,1,FALSE,1
"11557",9,"M",7,"Hispanic","High",4,0,0,0,0,0,0,0,0,0,4,1,FALSE,0
"11558",9,"F",7,"Black","High",4,0,0,0,0,0,0,0,0,0,1,1,FALSE,1
"11559",9,"F",7,"Hispanic","High",4,0,0,0,0,0,0,0,0,0,4,NA,FALSE,0
"11560",9,"M",7,"Black","High",4,NA,0,0,0,0,0,0,0,0,4,1,NA,0
"11561",9,"M",7,"White","High",4,0,0,0,0,0,0,0,0,0,4,1,FALSE,0
"11562",9,"F",7,"Hispanic","High",2,0,1,0,0,0,1,0,0,1,1,1,TRUE,1
"11563",8,"F",7,"Hispanic","High",4,0,0,0,0,0,0,0,0,0,2,NA,FALSE,1
"11564",8,"F",6,"Hispanic","High",3,0,0,0,0,0,0,0,0,0,3,NA,FALSE,0
"11565",9,"M",6,"Black","High",4,0,0,0,0,0,0,0,0,0,4,NA,FALSE,0
"11566",8,"M",6,"Hispanic","High",2,NA,0,1,0,0,0,0,0,1,1,NA,TRUE,1
"11567",8,"M",6,"White","High",2,1,1,0,0,0,0,0,0,0,1,1,TRUE,1
"11568",7,"M",6,"Hispanic","High",4,0,0,0,0,0,0,0,0,0,4,1,FALSE,0
"11569",8,"F",6,"Black","High",2,0,1,0,0,0,0,0,0,0,2,NA,TRUE,1
"11570",9,"M",6,"Hispanic","High",4,0,0,0,0,0,0,0,0,0,4,1,FALSE,0
"11571",8,"F",6,"Hispanic","High",4,0,0,0,0,0,0,0,0,0,4,1,FALSE,0
"11572",8,"F",6,"White","High",3,0,0,0,0,0,0,0,0,0,2,1,FALSE,1
"11573",8,"M",6,NA,"High",4,0,0,0,0,0,0,0,0,0,4,1,FALSE,0
"11574",6,"M",3,"Hispanic","Middle",4,0,0,0,0,0,0,0,0,0,3,1,FALSE,0
"11575",5,"M",3,"Hispanic","Middle",3,0,0,0,0,0,0,0,0,0,2,1,FALSE,1
"11576",5,"F",3,"Hispanic","Middle",3,0,0,0,0,0,0,0,0,0,3,1,FALSE,0
"11577",NA,NA,NA,NA,NA,3,0,0,0,0,0,0,0,0,0,3,1,FALSE,0
"11578",5,"F",3,"Hispanic","Middle",4,0,0,0,0,0,0,0,0,0,2,1,FALSE,1
"11579",6,"M",3,"Hispanic","Middle",4,0,0,0,0,0,0,0,0,0,4,1,FALSE,0
"11580",6,"M",3,"Hispanic","Middle",4,0,0,0,0,0,0,0,0,0,2,NA,FALSE,1
"11581",5,"F",3,"Hispanic","Middle",4,0,0,0,0,0,0,0,0,0,4,NA,FALSE,0
"11582",6,"M",3,"White","Middle",4,0,0,0,0,0,0,0,0,0,4,NA,FALSE,0
"11583",6,"F",3,"White","Middle",3,0,0,0,0,0,0,0,0,0,2,1,FALSE,1
"11584",5,"M",3,"White","Middle",4,0,0,0,0,0,0,0,0,0,4,1,FALSE,0
"11585",6,"F",3,"White","Middle",4,0,0,0,0,0,0,0,0,0,4,1,FALSE,0
"11586",5,"F",3,"Hispanic","Middle",3,0,0,0,0,0,0,0,0,0,2,1,FALSE,1
"11587",6,"M",3,"Asian","Middle",4,0,0,0,0,0,0,0,0,0,4,1,FALSE,0
"11588",6,"F",3,"Asian","Middle",4,0,0,0,0,0,0,0,0,0,4,1,FALSE,0
"11589",6,"F",3,"Asian","Middle",4,0,0,0,0,0,0,0,0,0,4,1,FALSE,0
"11590",4,"F",2,"Hispanic","Middle",4,0,0,0,0,0,0,0,0,0,4,NA,FALSE,0
"11591",5,"F",2,"Asian","Middle",4,0,0,0,0,0,0,0,0,0,4,1,FALSE,0
"11592",5,"M",3,"Hispanic","Middle",4,0,0,0,0,0,0,0,0,0,4,1,FALSE,0
"11593",5,"M",3,"Asian","Middle",3,0,0,0,0,0,0,0,0,0,4,1,FALSE,0
"11594",5,"M",3,"Hispanic","Middle",2,0,0,0,0,0,1,0,0,1,1,1,TRUE,1
"11595",5,"M",3,"Hispanic","Middle",4,0,0,0,0,0,0,0,0,0,4,1,FALSE,0
"11596",5,"M",3,"Asian","Middle",2,1,0,0,0,0,0,0,0,0,NA,NA,TRUE,NA
"11597",6,"M",3,NA,"Middle",4,0,0,0,0,0,0,0,0,0,4,NA,FALSE,0
"11598",5,"M",3,"White","Middle",4,0,0,0,0,0,0,0,0,1,1,1,TRUE,1
"11599",6,"F",3,"Asian","Middle",4,0,0,0,0,0,0,0,0,0,4,1,FALSE,0
"11600",5,"F",3,"Hispanic","Middle",4,0,0,0,0,0,1,0,0,1,1,NA,TRUE,1
"11601",5,"F",3,"Hispanic","Middle",4,0,0,0,0,0,0,0,0,0,1,NA,FALSE,1
"11602",6,"F",3,"Hispanic","Middle",4,0,0,0,0,0,0,0,0,0,4,1,FALSE,0
"11603",6,"M",3,"Black","Middle",4,0,0,0,0,0,0,0,0,0,4,1,FALSE,0
"11604",5,"M",3,"Asian","Middle",4,0,0,0,0,0,0,0,0,0,4,1,FALSE,0
"11605",7,"F",3,"White","Middle",4,0,NA,0,0,0,0,0,0,0,4,1,NA,0
"11606",3,"F",3,"Asian","Middle",4,0,0,0,0,0,0,0,0,0,4,1,FALSE,0
"11607",5,"M",3,"Hispanic","Middle",3,0,0,0,0,0,0,0,0,1,2,NA,TRUE,1
"11608",6,"F",3,"White","Middle",4,0,0,0,0,0,0,0,0,0,4,1,FALSE,0
"11609",5,"M",3,"White","Middle",4,0,0,0,0,0,0,0,0,0,4,NA,FALSE,0
"11610",6,"M",3,"Hispanic","Middle",4,0,0,0,0,0,0,0,0,0,4,1,FALSE,0
"11611",5,"F",3,"Asian","Middle",4,0,0,0,0,0,0,0,0,0,4,1,FALSE,0
"11612",5,"M",3,"White","Middle",4,0,0,0,0,0,0,0,0,0,3,1,FALSE,0
"11613",5,"F",3,"Hispanic","Middle",1,1,0,0,0,0,0,0,0,0,1,NA,TRUE,1
"11614",5,"M",3,"White","Middle",4,0,0,0,0,0,0,0,0,0,4,1,FALSE,0
"11615",7,"M",3,"Hispanic","Middle",4,0,0,0,0,0,1,0,0,0,3,NA,TRUE,0
"11616",5,"M",3,"White","Middle",4,0,0,0,0,0,0,0,0,0,1,1,FALSE,1
"11617",6,"F",3,"Asian","Middle",4,0,0,0,0,0,0,0,0,0,4,1,FALSE,0
"11618",5,"M",3,"Asian","Middle",4,0,0,0,0,0,0,0,0,0,4,NA,FALSE,0
"11619",5,"M",3,"White","Middle",4,0,0,0,0,0,0,0,0,0,4,1,FALSE,0
"11620",6,"F",3,"Asian","Middle",4,0,0,0,0,0,0,0,0,0,4,1,FALSE,0
"11621",5,"M",3,"AI/AN","Middle",4,0,0,0,0,0,0,0,0,0,1,1,FALSE,1
"11622",6,"M",3,"Asian","Middle",4,0,0,0,0,0,0,0,0,0,4,1,FALSE,0
"11623",6,"F",3,"Hispanic","Middle",4,0,0,0,0,0,0,0,0,0,3,1,FALSE,0
"11624",4,"M",2,"Hispanic","Middle",3,0,0,0,0,0,0,0,0,0,2,NA,FALSE,1
"11625",5,"F",2,"Hispanic","Middle",4,0,0,0,0,0,0,0,0,0,4,1,FALSE,0
"11626",4,"M",2,"Asian","Middle",4,0,0,0,0,0,0,0,0,0,4,NA,FALSE,0
"11627",4,"F",2,"Asian","Middle",4,0,0,0,0,0,0,0,0,0,2,1,FALSE,1
"11628",4,"M",2,"Asian","Middle",4,0,0,0,0,0,0,0,0,0,3,1,FALSE,0
"11629",5,"F",2,"Asian","Middle",4,0,0,0,0,0,0,0,0,0,4,1,FALSE,0
"11630",4,"M",2,"Asian","Middle",4,0,0,0,0,0,0,0,0,0,4,1,FALSE,0
"11631",5,"F",2,"Hispanic","Middle",4,0,0,0,0,0,0,0,0,0,3,1,FALSE,0
"11632",4,"F",2,"Asian","Middle",4,0,0,0,0,0,0,0,0,0,3,NA,FALSE,0
"11633",4,"F",2,"White","Middle",4,0,0,0,0,0,0,0,0,0,4,1,FALSE,0
"11634",4,"F",2,"White","Middle",4,0,0,0,0,0,0,0,0,0,4,NA,FALSE,0
"11635",5,"F",2,"White","Middle",4,0,0,0,0,0,0,0,0,0,4,1,FALSE,0
"11636",4,"M",2,"Asian","Middle",4,0,0,0,0,0,0,0,0,0,3,1,FALSE,0
"11637",4,"M",2,"Asian","Middle",3,0,0,0,0,0,0,0,0,0,1,1,FALSE,1
"11638",5,"M",2,"Asian","Middle",3,0,0,0,0,0,0,0,0,0,1,1,FALSE,1
"11639",4,"F",2,"White","Middle",4,0,0,0,NA,NA,NA,NA,NA,0,4,1,NA,0
"11640",4,"F",2,"Asian","Middle",4,0,0,0,0,0,0,0,0,0,4,1,FALSE,0
"11641",5,"M",2,"Asian","Middle",4,0,0,0,0,0,0,0,0,0,4,1,FALSE,0
"11642",5,"M",2,"Asian","Middle",4,0,0,0,0,0,0,0,0,0,4,1,FALSE,0
"11643",4,"F",2,"Asian","Middle",4,0,0,0,0,0,0,0,0,0,4,1,FALSE,0
"11644",4,"M",2,"White","Middle",4,0,0,0,0,0,0,0,0,0,4,NA,FALSE,0
"11645",5,"F",2,"Asian","Middle",4,0,0,0,0,0,0,0,0,0,4,NA,FALSE,0
"11646",4,"F",2,"White","Middle",4,0,0,0,0,0,0,0,0,0,4,1,FALSE,0
"11647",5,"F",2,"Hispanic","Middle",3,0,0,0,0,0,0,0,0,0,3,1,FALSE,0
"11648",4,"F",2,"Asian","Middle",4,0,0,0,0,0,0,0,0,0,4,1,FALSE,0
"11649",5,"F",2,"Asian","Middle",4,0,0,0,0,0,0,0,0,0,2,1,FALSE,1
"11650",4,"F",2,"Asian","Middle",4,0,0,0,0,0,0,0,0,0,4,1,FALSE,0
"11651",4,"M",2,"White","Middle",4,0,0,0,0,0,0,0,0,0,4,NA,FALSE,0
"11652",4,"F",2,"White","Middle",4,0,0,0,0,0,0,0,0,0,4,1,FALSE,0
"11653",5,"M",2,"Asian","Middle",4,0,0,0,0,0,0,0,0,0,4,NA,FALSE,0
"11654",5,"F",2,"Asian","Middle",4,0,0,0,0,0,0,0,0,0,4,1,FALSE,0
"11655",4,"F",2,"Asian","Middle",4,0,0,0,0,0,0,0,0,0,4,1,FALSE,0
"11656",5,"M",2,"White","Middle",4,0,0,0,0,0,0,0,0,0,4,NA,FALSE,0
"11657",4,"M",2,"White","Middle",4,0,0,0,0,0,0,0,0,0,4,1,FALSE,0
"11658",6,"M",3,"Asian","Middle",4,0,0,0,0,0,0,0,0,0,4,NA,FALSE,0
"11659",6,"F",3,"Asian","Middle",4,0,0,0,0,0,0,0,0,0,2,NA,FALSE,1
"11660",6,"M",3,"White","Middle",3,0,0,0,0,0,0,0,0,0,3,NA,FALSE,0
"11661",6,"F",3,"White","Middle",4,0,0,0,0,0,0,0,0,0,2,NA,FALSE,1
"11662",5,"F",3,"White","Middle",4,0,0,0,0,0,0,0,0,0,4,1,FALSE,0
"11663",5,"F",3,"White","Middle",4,0,0,0,0,0,0,0,0,0,3,NA,FALSE,0
"11664",5,"F",3,"Hispanic","Middle",4,0,0,0,0,0,0,0,0,0,4,NA,FALSE,0
"11665",6,"M",3,"White","Middle",4,0,0,0,0,0,0,0,0,0,4,NA,FALSE,0
"11666",6,"M",3,"White","Middle",4,0,0,NA,NA,NA,NA,NA,NA,0,4,1,NA,0
"11667",5,"F",3,"White","Middle",4,0,0,0,0,0,0,0,0,0,4,NA,FALSE,0
"11668",6,"F",3,"Hispanic","Middle",4,0,0,0,0,0,0,0,0,0,4,1,FALSE,0
"11669",6,"F",3,"Asian","Middle",4,0,0,0,0,0,0,0,0,0,2,1,FALSE,1
"11670",6,"F",3,"Asian","Middle",3,0,0,0,0,0,0,0,0,0,2,NA,FALSE,1
"11671",5,"F",3,"Asian","Middle",4,0,0,0,0,0,0,0,0,0,4,1,FALSE,0
"11672",6,"M",3,"Hispanic","Middle",4,0,0,0,0,0,0,0,0,0,4,1,FALSE,0
"11673",5,"M",3,"White","Middle",4,0,0,0,0,0,0,0,0,0,4,1,FALSE,0
"11674",5,"M",2,"Asian","Middle",4,0,0,0,0,0,0,0,0,0,4,NA,FALSE,0
"11675",4,"M",2,"Black","Middle",4,0,0,0,0,0,0,0,0,0,3,1,FALSE,0
"11676",6,"M",2,"NHOPI","Middle",4,0,0,0,0,0,0,0,0,0,3,NA,FALSE,0
"11677",5,"F",2,"White","Middle",4,0,0,0,0,0,0,0,0,0,4,NA,FALSE,0
"11678",4,"M",2,"Asian","Middle",4,0,0,0,0,0,0,0,0,0,4,1,FALSE,0
"11679",5,"M",2,"Asian","Middle",4,0,0,0,0,0,0,0,0,0,4,NA,FALSE,0
"11680",4,"M",2,"Asian","Middle",4,0,0,0,0,0,0,0,0,0,4,1,FALSE,0
"11681",4,"M",2,"Asian","Middle",4,0,NA,0,0,0,0,0,0,0,4,NA,NA,0
"11682",5,"M",2,"Hispanic","Middle",4,1,1,1,0,0,0,0,0,0,4,1,TRUE,0
"11683",4,"F",2,"Hispanic","Middle",4,0,0,0,0,0,0,0,0,0,4,1,FALSE,0
"11684",5,"F",2,"White","Middle",3,0,0,0,0,0,0,0,0,0,2,1,FALSE,1
"11685",5,"F",2,"Hispanic","Middle",4,0,0,0,0,0,0,0,0,0,4,NA,FALSE,0
"11686",5,"F",2,"Asian","Middle",4,0,0,0,0,0,0,0,0,0,4,1,FALSE,0
"11687",4,"F",2,"Hispanic","Middle",4,0,0,0,0,0,0,0,0,0,4,NA,FALSE,0
"11688",5,"M",2,NA,"Middle",3,0,0,0,0,0,0,0,0,0,3,1,FALSE,0
"11689",4,"M",2,"White","Middle",3,0,0,0,0,0,0,0,0,0,4,NA,FALSE,0
"11690",4,"F",2,"Asian","Middle",3,0,0,0,0,0,0,0,0,0,2,NA,FALSE,1
"11691",4,"F",2,"Asian","Middle",4,0,0,0,0,0,0,0,0,0,4,1,FALSE,0
"11692",5,"F",2,"Hispanic","Middle",4,0,0,0,0,0,0,0,0,0,4,1,FALSE,0
"11693",5,"F",2,"Asian","Middle",4,0,0,0,0,0,0,0,0,0,4,NA,FALSE,0
"11694",5,"F",2,"Hispanic","Middle",3,0,0,0,NA,NA,NA,NA,NA,0,2,NA,NA,1
"11695",4,"F",2,"Asian","Middle",4,0,0,0,0,0,0,0,0,0,4,NA,FALSE,0
"11696",4,"M",2,NA,"Middle",4,0,0,0,0,0,0,0,0,0,4,1,FALSE,0
"11697",4,"M",2,NA,"Middle",4,0,0,0,0,0,0,0,0,0,2,1,FALSE,1
"11698",4,"F",2,"Asian","Middle",4,0,0,0,0,0,0,0,0,0,4,1,FALSE,0
"11699",4,"F",2,"White","Middle",4,0,0,0,0,0,0,0,0,0,4,NA,FALSE,0
"11700",5,"F",2,"Asian","Middle",4,0,0,0,0,0,0,0,0,0,2,1,FALSE,1
"11701",4,"M",2,"Hispanic","Middle",2,0,0,0,0,0,0,0,0,0,2,NA,FALSE,1
"11702",4,"M",2,"Asian","Middle",3,0,0,0,0,0,0,0,0,0,4,NA,FALSE,0
"11703",4,"M",2,"Asian","Middle",4,0,0,0,0,0,0,0,0,0,4,NA,FALSE,0
"11704",5,"F",2,"Asian","Middle",4,0,0,0,0,0,0,0,0,0,2,NA,FALSE,1
"11705",5,"M",2,"Hispanic","Middle",4,0,0,0,0,0,0,0,0,0,4,1,FALSE,0
"11706",3,"M",1,"Black","Middle",4,0,0,0,0,0,0,0,0,0,2,NA,FALSE,1
"11707",3,"M",1,"Black","Middle",4,0,0,0,0,0,0,0,0,0,2,1,FALSE,1
"11708",4,"M",1,"Hispanic","Middle",4,0,0,0,0,0,0,0,0,0,4,NA,FALSE,0
"11709",4,"F",1,"Black","Middle",4,0,0,0,0,0,0,0,0,0,4,1,FALSE,0
"11710",3,"F",1,"Black","Middle",4,0,0,0,0,0,0,0,0,0,4,1,FALSE,0
"11711",4,"F",1,"Hispanic","Middle",4,0,0,0,0,0,0,0,0,0,4,1,FALSE,0
"11712",3,"F",1,"Black","Middle",4,0,0,0,0,0,0,0,0,0,4,1,FALSE,0
"11713",3,"F",1,"Black","Middle",4,0,0,0,0,0,0,0,0,0,4,1,FALSE,0
"11714",3,"F",1,"Black","Middle",4,0,0,0,0,0,0,0,0,0,4,1,FALSE,0
"11715",3,"F",1,"Hispanic","Middle",4,0,0,0,0,0,0,0,0,0,2,NA,FALSE,1
"11716",3,"F",1,"Black","Middle",4,0,0,0,0,0,0,0,0,0,3,NA,FALSE,0
"11717",4,"M",1,"Black","Middle",4,0,0,0,0,0,0,0,0,0,4,1,FALSE,0
"11718",4,"F",1,"Black","Middle",3,0,0,0,0,0,0,0,0,0,2,NA,FALSE,1
"11719",4,"F",1,"Hispanic","Middle",4,0,0,0,0,0,0,0,0,0,4,1,FALSE,0
"11720",3,"F",1,"Hispanic","Middle",4,0,0,0,0,0,0,0,0,0,4,NA,FALSE,0
"11721",3,"F",1,"Hispanic","Middle",4,0,0,0,0,0,0,0,0,0,4,1,FALSE,0
"11722",3,"F",1,"Hispanic","Middle",4,0,0,0,0,0,0,0,0,0,4,NA,FALSE,0
"11723",3,"M",1,NA,"Middle",4,0,0,0,0,0,0,0,0,0,4,1,FALSE,0
"11724",3,"F",1,NA,"Middle",4,0,0,0,0,0,0,0,0,0,4,NA,FALSE,0
"11725",3,"F",1,NA,"Middle",4,0,0,0,0,0,0,0,0,0,4,NA,FALSE,0
"11726",4,"M",1,"Black","Middle",4,0,0,NA,0,0,0,0,0,0,4,NA,NA,0
"11727",3,"F",1,"Black","Middle",NA,0,0,0,0,0,0,0,0,0,NA,NA,FALSE,NA
"11728",3,"M",1,"Black","Middle",4,0,0,0,0,0,0,0,0,0,4,1,FALSE,0
"11729",4,"M",1,"Black","Middle",4,0,0,0,NA,NA,NA,NA,NA,0,4,NA,NA,0
"11730",4,"M",1,"Black","Middle",4,0,0,0,0,0,0,0,0,0,4,1,FALSE,0
"11731",3,"F",1,"Black","Middle",4,0,0,0,NA,NA,NA,NA,NA,0,3,1,NA,0
"11732",3,"M",1,"Black","Middle",4,0,0,0,0,0,0,0,0,0,4,NA,FALSE,0
"11733",3,"F",1,"Black","Middle",4,0,0,0,0,0,0,0,0,0,4,1,FALSE,0
"11734",4,"M",1,"Black","Middle",4,0,0,0,0,0,0,0,0,0,4,1,FALSE,0
"11735",4,"M",1,"Black","Middle",4,0,0,0,0,0,0,0,0,0,4,1,FALSE,0
"11736",3,"M",1,"Black","Middle",4,0,0,NA,0,0,0,0,0,0,4,1,NA,0
"11737",4,"F",1,NA,"Middle",3,0,0,0,0,0,0,0,0,0,1,NA,FALSE,1
"11738",3,"M",1,"Black","Middle",4,0,0,0,0,0,0,0,0,0,2,1,FALSE,1
"11739",4,"F",1,"Black","Middle",4,0,0,0,0,0,0,0,0,0,4,NA,FALSE,0
"11740",4,"F",1,"Hispanic","Middle",3,0,0,0,0,0,0,0,0,1,2,NA,TRUE,1
"11741",3,"M",1,"White","Middle",4,0,0,0,0,0,0,0,0,0,4,1,FALSE,0
"11742",4,"M",1,"White","Middle",4,0,0,0,0,0,0,0,0,0,4,1,FALSE,0
"11743",4,"M",1,"White","Middle",4,0,0,0,0,0,0,0,0,0,2,1,FALSE,1
"11744",3,"F",1,"White","Middle",4,0,0,0,0,0,0,0,0,0,4,1,FALSE,0
"11745",3,"M",1,"White","Middle",4,0,0,0,0,0,0,0,0,0,4,1,FALSE,0
"11746",3,"F",1,"White","Middle",4,0,0,0,0,0,0,0,0,0,4,1,FALSE,0
"11747",4,"F",1,"White","Middle",4,0,0,0,0,0,0,0,0,0,4,1,FALSE,0
"11748",3,"M",1,"White","Middle",2,0,0,0,0,0,0,0,0,0,1,1,FALSE,1
"11749",3,"F",1,NA,"Middle",4,0,0,0,0,0,0,0,0,0,4,1,FALSE,0
"11750",3,"M",1,"White","Middle",4,0,0,0,0,0,0,0,0,0,4,1,FALSE,0
"11751",3,"F",1,"White","Middle",4,0,0,0,0,0,0,0,0,0,4,1,FALSE,0
"11752",3,"F",1,"White","Middle",4,0,0,0,0,0,0,0,0,0,4,1,FALSE,0
"11753",3,"M",1,"White","Middle",4,0,0,0,0,0,0,0,0,0,3,1,FALSE,0
"11754",4,"M",1,"White","Middle",4,0,0,0,0,0,0,0,0,0,4,NA,FALSE,0
"11755",3,"F",1,"White","Middle",4,0,0,0,0,0,0,0,0,0,4,1,FALSE,0
"11756",3,"M",1,"White","Middle",3,0,0,0,0,0,0,0,0,0,2,NA,FALSE,1
"11757",3,"M",1,"White","Middle",4,0,0,0,0,0,0,0,0,0,4,1,FALSE,0
"11758",3,"M",1,"White","Middle",3,0,0,0,0,0,0,0,0,0,3,NA,FALSE,0
"11759",4,"F",1,"Hispanic","Middle",4,0,0,0,0,0,0,0,0,0,4,1,FALSE,0
"11760",3,"F",1,"White","Middle",4,0,0,0,0,0,0,0,0,0,3,1,FALSE,0
"11761",4,"M",1,"Hispanic","Middle",4,0,0,0,0,0,0,0,0,0,4,1,FALSE,0
"11762",3,"M",1,"White","Middle",4,0,0,0,0,0,0,0,0,0,4,1,FALSE,0
"11763",3,"M",1,NA,"Middle",4,0,0,0,0,0,0,0,0,0,4,1,FALSE,0
"11764",4,"M",1,"White","Middle",4,0,0,0,0,0,0,0,0,0,3,1,FALSE,0
"11765",5,"M",3,"White","Middle",3,0,0,0,0,0,0,0,0,0,3,NA,FALSE,0
"11766",6,"F",3,"White","Middle",4,0,0,0,0,0,0,0,0,0,4,1,FALSE,0
"11767",5,"F",3,"White","Middle",4,0,0,0,0,0,0,0,0,0,4,1,FALSE,0
"11768",5,"F",3,"White","Middle",4,0,0,0,0,0,0,0,0,0,4,NA,FALSE,0
"11769",6,"M",3,"White","Middle",4,0,0,0,0,0,0,0,0,0,2,1,FALSE,1
"11770",6,"F",3,"White","Middle",4,0,0,0,0,0,0,0,0,0,4,1,FALSE,0
"11771",5,"F",3,"White","Middle",4,0,0,0,0,0,0,0,0,0,3,NA,FALSE,0
"11772",NA,NA,NA,NA,NA,NA,NA,NA,NA,NA,NA,NA,NA,NA,NA,NA,NA,NA,NA
"11773",5,"M",3,"White","Middle",2,0,0,0,0,0,0,0,0,0,2,NA,FALSE,1
"11774",5,"M",3,"White","Middle",4,0,0,0,0,0,0,0,0,0,4,1,FALSE,0
"11775",5,"F",3,"White","Middle",4,0,0,0,0,0,0,0,0,0,4,1,FALSE,0
"11776",5,"M",3,NA,"Middle",4,0,0,0,0,0,0,0,0,0,3,1,FALSE,0
"11777",5,"F",3,"White","Middle",4,0,0,0,0,0,0,0,0,0,4,1,FALSE,0
"11778",5,"M",3,"Asian","Middle",4,0,0,0,0,0,0,0,0,0,4,1,FALSE,0
"11779",6,"F",3,"White","Middle",4,0,0,0,0,0,0,0,0,0,2,1,FALSE,1
"11780",6,"F",3,"White","Middle",4,0,0,0,0,0,0,0,0,0,1,NA,FALSE,1
"11781",6,"F",3,"White","Middle",4,0,0,0,0,0,0,0,0,0,4,1,FALSE,0
"11782",5,"F",3,"White","Middle",3,0,0,0,0,0,0,0,0,0,4,1,FALSE,0
"11783",5,"F",3,"White","Middle",4,0,0,0,0,0,0,0,0,0,3,NA,FALSE,0
"11784",6,"M",3,"White","Middle",4,0,0,0,0,0,0,0,0,0,4,1,FALSE,0
"11785",5,"M",3,"White","Middle",4,0,0,0,0,0,0,0,0,0,4,1,FALSE,0
"11786",5,"F",3,"White","Middle",3,0,0,0,0,0,0,0,0,0,3,1,FALSE,0
"11787",6,"F",3,"White","Middle",4,0,0,0,0,0,0,0,0,0,2,NA,FALSE,1
"11788",5,"F",3,"White","Middle",4,0,0,0,0,0,0,0,0,0,4,NA,FALSE,0
"11789",6,"F",3,"White","Middle",4,0,0,0,0,0,0,0,0,0,4,1,FALSE,0
"11790",5,"F",3,"White","Middle",4,0,0,0,0,0,0,0,0,0,4,1,FALSE,0
"11791",6,"M",3,"White","Middle",2,0,0,0,0,0,0,0,0,0,3,1,FALSE,0
"11792",6,"M",3,"White","Middle",4,0,0,0,0,0,0,0,0,0,1,NA,FALSE,1
"11793",6,"M",3,"White","Middle",4,0,0,0,0,0,0,0,0,0,2,NA,FALSE,1
"11794",6,"F",3,"White","Middle",4,0,0,0,0,0,0,0,0,0,4,1,FALSE,0
"11795",6,"F",3,"White","Middle",4,0,0,0,0,0,0,0,0,0,4,1,FALSE,0
"11796",5,"F",3,"White","Middle",4,0,0,0,0,0,0,0,0,0,3,1,FALSE,0
"11797",6,"F",3,"White","Middle",4,0,0,0,0,0,0,0,0,0,4,1,FALSE,0
"11798",5,"F",3,"White","Middle",4,0,0,0,0,0,0,0,0,0,4,1,FALSE,0
"11799",6,"F",3,"White","Middle",4,0,0,0,0,0,0,0,0,0,4,1,FALSE,0
"11800",5,"F",3,"White","Middle",4,0,0,0,0,0,0,0,0,0,4,1,FALSE,0
"11801",6,"F",3,"White","Middle",4,0,0,0,0,0,0,0,0,0,3,1,FALSE,0
"11802",5,"F",3,"White","Middle",4,0,0,0,0,0,0,0,0,0,2,NA,FALSE,1
"11803",5,"F",3,"White","Middle",4,0,0,0,0,0,0,0,0,0,4,1,FALSE,0
"11804",5,"F",3,"White","Middle",4,0,0,0,0,0,0,0,0,0,4,1,FALSE,0
"11805",5,"M",3,"White","Middle",4,0,0,0,0,0,0,0,0,0,4,1,FALSE,0
"11806",5,"F",3,"White","Middle",4,0,0,0,0,0,0,0,0,0,4,1,FALSE,0
"11807",5,"M",2,"White","Middle",4,0,0,0,0,0,0,0,0,0,3,1,FALSE,0
"11808",5,"M",2,NA,"Middle",4,NA,0,0,NA,NA,NA,NA,NA,0,4,1,NA,0
"11809",4,"M",2,"White","Middle",1,0,0,0,0,0,0,0,0,0,2,1,FALSE,1
"11810",5,"F",2,"White","Middle",4,0,0,0,0,0,0,0,0,0,4,1,FALSE,0
"11811",5,"F",2,"White","Middle",3,0,0,0,0,0,0,0,0,0,2,1,FALSE,1
"11812",5,"M",2,"White","Middle",4,0,0,0,0,0,0,0,0,0,2,1,FALSE,1
"11813",4,"M",2,"White","Middle",4,0,0,0,0,0,0,0,0,0,4,1,FALSE,0
"11814",4,"F",2,"White","Middle",3,0,0,0,0,0,0,0,0,0,4,1,FALSE,0
"11815",4,"M",2,"Hispanic","Middle",4,0,0,0,0,0,0,0,0,0,4,1,FALSE,0
"11816",5,"F",2,"White","Middle",4,0,0,0,0,0,0,0,0,0,4,1,FALSE,0
"11817",4,"F",2,"White","Middle",4,0,0,0,0,0,0,0,0,0,4,1,FALSE,0
"11818",4,"F",2,"White","Middle",4,0,0,0,0,0,0,0,0,0,4,1,FALSE,0
"11819",4,"F",2,"White","Middle",4,0,0,0,0,0,0,0,0,0,3,NA,FALSE,0
"11820",5,"M",2,"White","Middle",4,0,0,0,0,0,0,0,0,0,4,1,FALSE,0
"11821",4,"F",2,"White","Middle",4,0,0,0,0,0,0,0,0,0,4,1,FALSE,0
"11822",5,"M",2,"White","Middle",4,0,0,0,0,0,0,0,0,0,4,NA,FALSE,0
"11823",4,"M",2,"White","Middle",4,0,0,0,0,0,0,0,0,0,2,1,FALSE,1
"11824",4,"F",2,"White","Middle",4,0,0,0,0,0,0,0,0,0,4,1,FALSE,0
"11825",5,"M",2,"White","Middle",4,0,0,0,0,0,0,0,0,0,4,1,FALSE,0
"11826",5,"F",2,"White","Middle",4,0,0,0,0,0,0,0,0,0,3,NA,FALSE,0
"11827",5,"M",2,"White","Middle",3,0,0,0,0,0,0,0,0,1,1,NA,TRUE,1
"11828",4,"F",2,"White","Middle",4,0,0,0,0,0,0,0,0,0,2,NA,FALSE,1
"11829",4,"F",2,"White","Middle",4,0,0,0,0,0,0,0,0,0,4,1,FALSE,0
"11830",5,"M",2,"White","Middle",3,0,0,0,0,0,0,0,0,0,4,1,FALSE,0
"11831",4,"F",2,"White","Middle",4,0,0,0,0,0,0,0,0,0,4,1,FALSE,0
"11832",5,"F",2,"White","Middle",2,0,0,0,0,0,0,0,0,0,1,NA,FALSE,1
"11833",5,"M",2,"Hispanic","Middle",4,0,0,0,0,0,0,0,0,0,4,1,FALSE,0
"11834",4,"F",2,"Hispanic","Middle",4,0,0,0,0,0,0,0,0,0,4,NA,FALSE,0
"11835",5,"F",2,"White","Middle",4,0,0,0,0,0,0,0,0,0,4,1,FALSE,0
"11836",5,"F",2,"White","Middle",4,0,0,0,0,0,0,0,0,0,4,1,FALSE,0
"11837",5,"F",2,"White","Middle",4,0,0,0,0,0,0,0,0,0,4,1,FALSE,0
"11838",5,"M",2,"White","Middle",4,0,0,0,0,0,0,0,0,0,3,NA,FALSE,0
"11839",4,"M",2,"White","Middle",4,0,0,0,0,0,0,0,0,0,3,1,FALSE,0
"11840",4,"F",2,"White","Middle",3,0,0,0,0,0,0,0,0,0,3,1,FALSE,0
"11841",4,"M",2,"White","Middle",4,0,0,0,0,0,0,0,0,0,4,1,FALSE,0
"11842",4,"F",2,"Hispanic","Middle",4,0,0,0,0,0,0,0,0,0,4,1,FALSE,0
"11843",4,"F",2,"White","Middle",4,0,0,0,0,0,0,0,0,0,4,1,FALSE,0
"11844",4,"F",2,"White","Middle",4,0,0,0,0,0,0,0,0,0,4,NA,FALSE,0
"11845",5,"M",2,"White","Middle",4,0,0,0,0,0,0,0,0,0,4,1,FALSE,0
"11846",5,"F",2,"Hispanic","Middle",4,0,0,0,0,0,0,0,0,0,4,1,FALSE,0
"11847",4,"M",2,"White","Middle",4,0,0,0,0,0,0,0,0,0,4,1,FALSE,0
"11848",8,NA,5,"White","High",4,0,0,0,0,0,0,0,0,0,4,1,FALSE,0
"11849",8,"F",5,"White","High",4,0,0,0,0,0,0,0,0,0,4,1,FALSE,0
"11850",8,"F",5,"Hispanic","High",4,0,0,0,0,0,0,0,0,0,2,NA,FALSE,1
"11851",7,"F",5,"Hispanic","High",3,0,0,0,0,0,0,0,0,0,2,NA,FALSE,1
"11852",8,"F",5,"White","High",3,0,0,0,0,0,0,0,0,0,2,1,FALSE,1
"11853",8,"F",5,"White","High",4,0,0,0,NA,NA,NA,NA,NA,0,2,1,NA,1
"11854",7,"F",5,"White","High",4,0,0,0,0,0,0,0,0,0,2,NA,FALSE,1
"11855",7,"F",5,"White","High",4,0,0,0,0,0,0,0,0,0,4,1,FALSE,0
"11856",8,"F",5,"Hispanic","High",3,0,0,0,0,0,0,0,0,0,2,1,FALSE,1
"11857",8,"M",6,"Asian","High",3,0,0,0,0,0,1,0,0,1,1,1,TRUE,1
"11858",8,"M",6,"Hispanic","High",4,0,0,0,0,0,0,0,0,0,4,1,FALSE,0
"11859",9,"M",6,"White","High",3,0,0,0,NA,NA,NA,NA,NA,1,1,1,TRUE,1
"11860",8,"F",6,"White","High",3,0,0,0,0,0,0,0,0,1,1,1,TRUE,1
"11861",8,"F",6,"White","High",3,0,0,0,0,0,0,0,0,0,3,1,FALSE,0
"11862",8,"M",6,"White","High",3,0,0,0,0,0,0,0,0,0,4,NA,FALSE,0
"11863",9,"F",6,"White","High",3,0,0,0,0,0,0,0,0,1,2,NA,TRUE,1
"11864",8,"F",6,"White","High",4,0,0,0,0,0,0,0,0,0,3,1,FALSE,0
"11865",8,"F",6,"White","High",4,0,0,0,0,0,0,0,0,0,2,1,FALSE,1
"11866",8,"M",6,"White","High",3,0,0,1,0,0,0,0,0,1,1,1,TRUE,1
"11867",8,"M",6,"White","High",4,0,0,0,0,0,1,0,0,1,1,NA,TRUE,1
"11868",8,"M",6,"White","High",3,0,0,1,0,0,1,0,0,1,1,NA,TRUE,1
"11869",8,"F",6,"Hispanic","High",4,0,0,0,0,0,0,0,0,0,3,1,FALSE,0
"11870",9,"F",5,"White","High",4,0,0,0,0,0,0,0,0,0,4,NA,FALSE,0
"11871",9,"M",6,"White","High",4,0,0,0,0,0,0,0,0,0,4,NA,FALSE,0
"11872",8,"F",6,"White","High",4,0,0,0,0,0,0,0,0,0,3,1,FALSE,0
"11873",9,"M",6,"White","High",4,0,0,0,0,0,0,0,0,0,3,1,FALSE,0
"11874",9,"M",6,"White","High",1,1,0,0,0,0,0,0,0,1,1,1,TRUE,1
"11875",8,"F",6,"White","High",3,0,0,0,0,0,0,0,0,0,2,1,FALSE,1
"11876",8,"M",6,"Hispanic","High",1,0,0,0,0,0,0,0,0,0,4,1,FALSE,0
"11877",9,"M",6,"White","High",3,0,0,0,0,0,0,0,0,0,1,1,FALSE,1
"11878",9,"F",6,"White","High",4,0,0,0,0,0,0,0,0,0,4,1,FALSE,0
"11879",9,"M",6,"White","High",2,0,1,0,0,0,1,0,0,0,1,1,TRUE,1
"11880",8,"M",6,"White","High",4,0,0,0,0,0,0,0,0,0,4,1,FALSE,0
"11881",9,"M",6,"White","High",4,0,0,0,0,0,0,0,0,0,4,1,FALSE,0
"11882",8,"M",6,"White","High",4,0,0,0,0,0,0,0,0,0,3,1,FALSE,0
"11883",8,"F",5,"White","High",4,0,0,0,0,0,0,0,0,0,2,NA,FALSE,1
"11884",7,"F",5,"White","High",3,0,0,0,0,0,0,0,0,0,1,NA,FALSE,1
"11885",7,"F",5,"White","High",4,0,0,0,0,0,1,0,0,1,1,NA,TRUE,1
"11886",8,"F",5,"Hispanic","High",2,0,0,0,0,0,0,0,0,0,3,1,FALSE,0
"11887",7,"F",5,"White","High",4,0,0,0,0,0,0,0,0,0,2,NA,FALSE,1
"11888",7,"F",5,"White","High",4,0,0,0,0,0,0,0,0,0,1,1,FALSE,1
"11889",8,"F",5,"White","High",4,0,0,0,0,0,0,0,0,0,3,1,FALSE,0
"11890",7,"F",5,"White","High",4,0,0,0,0,0,1,0,0,1,1,1,TRUE,1
"11891",8,"F",5,"White","High",4,0,0,0,0,0,0,0,0,1,2,1,TRUE,1
"11892",7,"F",5,"White","High",4,0,0,0,0,0,0,0,0,0,4,NA,FALSE,0
"11893",7,"F",5,"White","High",4,0,0,0,0,0,0,0,0,0,4,1,FALSE,0
"11894",7,"F",5,"White","High",3,0,0,0,0,0,0,0,0,0,1,1,FALSE,1
"11895",8,"F",5,"Hispanic","High",4,0,0,0,0,0,0,0,0,0,3,NA,FALSE,0
"11896",7,"M",4,"White","High",4,0,0,0,0,0,0,0,0,0,4,1,FALSE,0
"11897",7,"M",4,"White","High",4,0,0,0,0,0,0,0,0,0,4,1,FALSE,0
"11898",6,"M",4,"Hispanic","High",4,0,0,0,NA,NA,NA,NA,NA,0,4,1,NA,0
"11899",6,"M",4,"White","High",4,0,0,0,0,0,0,0,0,0,4,1,FALSE,0
"11900",7,"M",4,"White","High",4,0,0,0,0,0,0,0,0,0,4,1,FALSE,0
"11901",6,"M",4,"White","High",4,0,0,0,0,0,0,0,0,0,2,NA,FALSE,1
"11902",7,"F",5,"White","High",4,0,0,0,0,0,0,0,0,0,4,1,FALSE,0
"11903",8,"F",5,"White","High",4,0,0,0,0,0,0,0,0,0,4,NA,FALSE,0
"11904",8,"F",5,"White","High",4,0,0,0,0,0,0,0,0,0,3,1,FALSE,0
"11905",7,"F",5,"White","High",4,0,0,0,0,0,0,0,0,0,3,1,FALSE,0
"11906",7,"F",5,"Hispanic","High",4,0,0,0,0,0,0,0,0,0,1,NA,FALSE,1
"11907",7,"F",5,"White","High",1,0,1,0,0,0,1,0,0,1,1,NA,TRUE,1
"11908",7,"F",5,"White","High",3,0,0,0,0,0,0,0,0,0,2,1,FALSE,1
"11909",7,"M",4,"White","High",3,0,0,0,0,0,0,0,0,0,3,NA,FALSE,0
"11910",6,"M",4,"White","High",4,0,0,0,0,0,0,0,0,0,3,1,FALSE,0
"11911",7,"M",4,"Hispanic","High",2,NA,0,1,0,0,0,0,0,0,2,1,TRUE,1
"11912",7,"M",4,"White","High",3,0,0,0,0,0,0,0,0,0,3,1,FALSE,0
"11913",6,"M",4,"White","High",1,1,1,1,0,0,0,0,0,1,1,1,TRUE,1
"11914",7,"M",4,"White","High",1,0,0,0,0,0,0,0,0,0,4,NA,FALSE,0
"11915",6,"M",4,"White","High",4,0,0,0,0,0,0,0,0,1,1,NA,TRUE,1
"11916",7,"M",4,"White","High",3,0,0,1,0,0,0,0,0,1,2,NA,TRUE,1
"11917",6,"M",4,"White","High",3,0,0,1,0,0,0,0,0,0,2,1,TRUE,1
"11918",6,"M",4,"Hispanic","High",4,0,0,0,0,0,0,0,0,0,1,1,FALSE,1
"11919",8,"M",5,"Hispanic","High",4,0,0,0,0,0,0,0,0,0,2,1,FALSE,1
"11920",7,"M",5,"White","High",4,0,0,0,0,0,0,0,0,0,4,NA,FALSE,0
"11921",8,"M",5,"White","High",4,0,0,0,0,0,0,0,0,0,4,1,FALSE,0
"11922",7,"M",5,"White","High",4,0,0,0,0,0,0,0,0,0,3,1,FALSE,0
"11923",7,"M",5,"White","High",3,0,0,0,0,0,0,0,0,0,2,NA,FALSE,1
"11924",8,"M",5,"White","High",3,0,0,0,0,0,0,0,0,1,1,NA,TRUE,1
"11925",8,"M",5,"Black","High",3,0,0,0,0,0,0,0,0,0,1,1,FALSE,1
"11926",7,"M",5,"White","High",4,0,0,0,0,0,0,0,0,0,4,1,FALSE,0
"11927",7,"M",5,"White","High",4,0,0,0,0,0,1,0,0,1,2,NA,TRUE,1
"11928",7,"M",5,"White","High",4,0,0,0,0,0,0,0,0,0,4,NA,FALSE,0
"11929",7,"M",5,"Asian","High",4,0,0,0,0,0,0,0,0,0,2,1,FALSE,1
"11930",8,"M",5,"Black","High",4,0,0,0,0,0,0,0,0,0,4,1,FALSE,0
"11931",7,"M",5,"White","High",4,0,0,0,0,0,0,0,0,0,4,1,FALSE,0
"11932",7,"M",5,"White","High",4,0,0,0,0,0,0,0,0,0,4,1,FALSE,0
"11933",7,"M",5,"White","High",3,0,0,0,0,0,1,0,0,1,2,NA,TRUE,1
"11934",8,"M",5,"White","High",2,0,0,0,0,0,0,0,0,1,2,1,TRUE,1
"11935",7,"M",5,"White","High",1,0,0,0,0,0,1,0,0,1,1,1,TRUE,1
"11936",8,"M",5,NA,"High",NA,NA,NA,NA,NA,NA,NA,NA,NA,NA,NA,NA,NA,NA
"11937",8,"M",5,"White","High",NA,NA,NA,NA,NA,NA,NA,NA,NA,NA,NA,NA,NA,NA
"11938",8,"M",5,"White","High",1,0,1,0,NA,NA,NA,NA,NA,1,1,NA,TRUE,1
"11939",7,"M",5,"White","High",4,0,0,0,0,0,0,0,0,0,1,1,FALSE,1
"11940",7,"M",5,"White","High",3,0,0,0,0,0,0,0,0,0,3,1,FALSE,0
"11941",7,"M",5,"White","High",4,0,0,0,0,0,0,0,0,0,4,1,FALSE,0
"11942",7,"M",5,"Hispanic","High",2,0,NA,0,0,0,0,0,0,0,2,NA,NA,1
"11943",8,"M",5,"Hispanic","High",3,0,0,0,0,0,1,0,0,1,1,1,TRUE,1
"11944",8,"M",5,"Hispanic","High",4,0,0,0,0,0,0,0,0,0,4,1,FALSE,0
"11945",7,"M",4,"White","High",4,0,0,0,0,0,0,0,0,0,4,1,FALSE,0
"11946",7,"M",4,NA,"High",NA,NA,0,NA,0,0,0,0,0,0,2,NA,NA,1
"11947",6,"M",4,"White","High",3,0,0,0,0,0,0,0,0,0,3,1,FALSE,0
"11948",7,"M",4,"White","High",4,0,0,0,0,0,0,0,0,0,3,1,FALSE,0
"11949",7,"M",4,"White","High",4,0,0,0,0,0,0,0,0,0,4,1,FALSE,0
"11950",6,"M",4,"Hispanic","High",4,0,0,0,0,0,0,0,0,0,3,1,FALSE,0
"11951",6,"M",4,"White","High",4,0,0,0,0,0,0,0,0,0,4,1,FALSE,0
"11952",6,"M",4,"White","High",4,0,0,0,0,0,0,0,0,0,4,1,FALSE,0
"11953",7,"M",4,"White","High",3,0,0,0,0,0,0,0,0,0,2,NA,FALSE,1
"11954",7,"M",4,"Hispanic","High",3,0,0,0,0,0,0,0,0,0,3,NA,FALSE,0
"11955",7,"M",4,"Hispanic","High",4,0,0,0,0,0,0,0,0,0,4,1,FALSE,0
"11956",7,"M",4,"White","High",3,0,0,0,0,0,0,0,0,0,3,1,FALSE,0
"11957",6,"M",4,"White","High",4,0,0,0,0,0,0,0,0,0,4,1,FALSE,0
"11958",7,"M",5,"White","High",4,0,0,0,0,0,0,0,0,0,2,NA,FALSE,1
"11959",8,"F",5,"White","High",4,0,0,0,0,0,0,0,0,0,4,1,FALSE,0
"11960",7,"F",5,"Hispanic","High",4,0,0,0,0,0,0,0,0,0,4,1,FALSE,0
"11961",7,"F",5,"White","High",3,0,0,0,0,0,0,0,0,0,2,1,FALSE,1
"11962",7,"F",5,"Hispanic","High",3,0,0,0,0,0,0,0,0,0,3,NA,FALSE,0
"11963",8,"F",5,"White","High",4,0,0,0,0,0,0,0,0,0,3,NA,FALSE,0
"11964",7,"F",4,"White","High",4,0,0,0,0,0,0,0,0,0,2,1,FALSE,1
"11965",6,"F",4,"White","High",4,0,0,0,0,0,0,0,0,0,4,1,FALSE,0
"11966",7,"F",4,"White","High",4,0,0,0,0,0,0,0,0,0,4,1,FALSE,0
"11967",6,"F",4,"White","High",3,0,0,0,0,0,0,0,0,0,2,1,FALSE,1
"11968",7,"F",4,"White","High",4,0,0,0,0,0,0,0,0,0,4,NA,FALSE,0
"11969",7,"F",4,"Hispanic","High",4,0,0,0,0,0,0,0,0,0,4,NA,FALSE,0
"11970",6,"F",4,"Hispanic","High",3,0,0,0,0,0,0,0,0,0,3,1,FALSE,0
"11971",6,"F",4,"White","High",4,0,NA,NA,NA,NA,NA,NA,NA,NA,4,1,NA,0
"11972",6,"F",4,"White","High",4,0,0,0,0,0,0,0,0,0,4,1,FALSE,0
"11973",6,"F",4,"White","High",3,0,0,0,0,0,0,0,0,1,2,NA,TRUE,1
"11974",7,"F",4,"White","High",4,0,0,0,0,0,0,0,0,0,4,NA,FALSE,0
"11975",6,"F",4,"White","High",4,0,0,0,0,0,0,0,0,0,4,1,FALSE,0
"11976",7,"F",4,"White","High",4,0,0,0,0,0,0,0,0,0,4,1,FALSE,0
"11977",6,"F",4,"White","High",3,0,0,0,0,0,0,0,0,0,2,1,FALSE,1
"11978",7,"F",4,"White","High",4,1,0,0,NA,NA,NA,NA,NA,1,2,NA,TRUE,1
"11979",NA,"F",4,"White","High",4,0,0,0,0,0,0,0,0,0,4,1,FALSE,0
"11980",6,"F",4,"White","High",4,0,0,0,0,0,0,0,0,0,4,1,FALSE,0
"11981",7,"F",4,"White","High",3,0,0,0,0,0,0,0,0,0,3,1,FALSE,0
"11982",6,"F",4,"White","High",4,0,0,0,0,0,0,0,0,0,3,NA,FALSE,0
"11983",7,"F",4,"White","High",3,0,0,0,0,0,0,0,0,0,3,1,FALSE,0
"11984",6,"F",4,"Hispanic","High",4,0,0,0,0,0,0,0,0,0,4,1,FALSE,0
"11985",6,"F",4,"White","High",4,0,0,0,0,0,0,0,0,0,4,NA,FALSE,0
"11986",6,"F",4,"White","High",4,0,0,0,0,0,0,0,0,0,4,1,FALSE,0
"11987",7,"F",4,"White","High",4,0,0,0,0,0,0,0,0,0,4,NA,FALSE,0
"11988",6,"F",4,"Hispanic","High",3,0,0,0,0,0,0,0,0,0,2,NA,FALSE,1
"11989",7,"F",4,"White","High",4,0,0,0,0,0,0,0,0,0,4,1,FALSE,0
"11990",6,"F",4,"White","High",4,0,0,0,0,0,0,0,0,0,4,1,FALSE,0
"11991",7,"F",4,"White","High",3,0,0,0,0,0,0,0,0,0,4,1,FALSE,0
"11992",7,"F",4,"White","High",4,0,0,0,0,0,0,0,0,0,4,1,FALSE,0
"11993",6,"F",4,NA,"High",4,0,0,0,0,0,0,0,0,0,4,1,FALSE,0
"11994",7,"F",4,"White","High",4,0,0,0,0,0,0,0,0,0,4,NA,FALSE,0
"11995",8,"M",6,"White","High",3,0,0,0,0,0,0,0,0,1,2,1,TRUE,1
"11996",9,"M",4,"Hispanic","High",4,1,0,1,0,0,0,0,0,0,1,1,TRUE,1
"11997",9,"F",6,"White","High",4,0,0,0,0,0,0,0,0,0,1,1,FALSE,1
"11998",9,"F",6,"White","High",4,0,0,0,0,0,0,0,0,0,1,NA,FALSE,1
"11999",9,"F",6,"Hispanic","High",2,1,0,0,0,0,1,0,0,1,1,1,TRUE,1
"12000",8,"F",6,"White","High",4,0,0,0,0,0,0,0,0,0,4,NA,FALSE,0
"12001",8,"M",6,"Hispanic","High",4,0,0,0,0,0,0,0,0,0,4,1,FALSE,0
"12002",9,"F",6,"Hispanic","High",4,0,0,0,0,0,0,0,0,0,4,1,FALSE,0
"12003",9,"F",6,"White","High",3,0,0,0,0,0,0,0,0,0,2,1,FALSE,1
"12004",8,"M",6,"White","High",2,0,0,1,0,0,0,0,0,1,2,NA,TRUE,1
"12005",NA,"M",6,"White","High",4,0,0,0,0,0,0,0,0,0,4,NA,FALSE,0
"12006",8,"M",6,"White","High",3,0,0,0,0,0,0,0,0,0,2,NA,FALSE,1
"12007",9,"F",6,"White","High",4,0,0,0,0,0,0,0,0,0,4,1,FALSE,0
"12008",9,"F",6,"White","High",4,0,0,0,0,0,0,0,0,0,4,1,FALSE,0
"12009",9,"F",6,"White","High",4,0,0,0,0,0,0,0,0,0,4,NA,FALSE,0
"12010",9,"M",6,"White","High",2,0,0,0,0,0,1,0,0,1,1,1,TRUE,1
"12011",9,"M",6,"White","High",2,0,1,0,0,0,1,0,0,1,2,NA,TRUE,1
"12012",8,"M",6,"Hispanic","High",4,0,0,0,0,0,0,0,0,0,2,1,FALSE,1
"12013",1,"M",8,"Hispanic",NA,3,1,1,0,0,0,0,0,0,NA,3,NA,TRUE,0
"12014",5,"M",5,"Hispanic","High",1,1,1,1,1,1,1,1,1,1,1,NA,TRUE,1
"12015",9,"F",6,"White","High",4,0,0,0,0,0,0,0,0,0,4,1,FALSE,0
"12016",9,"M",6,"White","High",4,0,0,0,0,0,0,0,0,0,3,NA,FALSE,0
"12017",9,"M",6,"White","High",3,0,0,0,0,0,0,0,0,1,1,NA,TRUE,1
"12018",8,"F",6,"White","High",3,0,0,0,0,0,1,0,0,1,1,1,TRUE,1
"12019",9,"M",6,"White","High",4,0,0,0,0,0,0,0,0,0,4,1,FALSE,0
"12020",7,"M",4,"Hispanic","High",3,0,NA,0,0,0,0,0,0,0,3,1,NA,0
"12021",7,"M",4,"Hispanic","High",2,0,0,0,0,0,0,0,0,0,1,NA,FALSE,1
"12022",7,"M",4,"Hispanic","High",4,0,0,0,0,0,0,0,0,0,1,1,FALSE,1
"12023",8,"F",4,"Hispanic","High",2,0,0,0,0,0,1,0,0,1,2,1,TRUE,1
"12024",7,"F",4,"Hispanic","High",4,0,0,0,0,0,0,0,0,0,2,1,FALSE,1
"12025",6,"F",4,"Hispanic","High",4,0,0,0,0,0,1,0,0,0,1,1,TRUE,1
"12026",6,"M",4,"White","High",4,0,0,0,0,0,0,0,0,0,4,1,FALSE,0
"12027",7,"F",4,"White","High",4,0,0,0,0,0,0,0,0,0,4,1,FALSE,0
"12028",6,"M",4,"White","High",4,0,0,0,0,0,0,0,0,0,2,1,FALSE,1
"12029",6,"F",4,"Hispanic","High",3,0,0,0,0,0,0,0,0,0,4,NA,FALSE,0
"12030",6,"M",4,"White","High",4,0,0,0,0,0,0,0,0,0,4,NA,FALSE,0
"12031",6,"F",4,"Hispanic","High",4,0,0,0,0,0,0,0,0,0,4,1,FALSE,0
"12032",9,"M",7,"White","High",4,0,0,0,0,0,0,0,0,0,4,NA,FALSE,0
"12033",7,"M",5,"White","High",3,0,0,0,0,0,0,0,0,0,4,NA,FALSE,0
"12034",8,"M",5,"Hispanic","High",1,1,1,0,0,0,0,0,0,1,1,NA,TRUE,1
"12035",8,"M",5,"White","High",2,0,0,0,0,0,0,0,0,0,1,1,FALSE,1
"12036",7,"F",5,"Hispanic","High",4,0,0,0,0,0,0,0,0,0,2,NA,FALSE,1
"12037",7,"M",5,"Hispanic","High",4,0,0,0,0,0,0,0,0,0,2,1,FALSE,1
"12038",7,"M",5,"Hispanic","High",2,0,0,0,0,0,0,0,0,0,1,1,FALSE,1
"12039",8,"F",5,"Hispanic","High",4,0,0,0,0,0,0,0,0,0,1,NA,FALSE,1
"12040",7,"F",5,"Hispanic","High",4,0,0,0,0,0,0,0,0,0,2,1,FALSE,1
"12041",7,"F",4,"Hispanic","High",2,0,0,0,0,0,1,0,0,1,1,NA,TRUE,1
"12042",6,"F",4,"Hispanic","High",4,0,0,0,0,0,0,0,0,0,2,1,FALSE,1
"12043",6,"M",4,"White","High",4,0,0,0,0,0,0,0,0,0,2,1,FALSE,1
"12044",7,"M",4,"Hispanic","High",4,0,0,0,0,0,0,0,0,0,4,1,FALSE,0
"12045",6,"M",4,"White","High",4,0,0,0,0,0,0,0,0,0,2,1,FALSE,1
"12046",7,"F",4,"White","High",4,0,0,0,0,0,0,0,0,0,4,1,FALSE,0
"12047",9,"M",7,"AI/AN","High",2,1,0,0,0,0,0,0,0,1,1,NA,TRUE,1
"12048",6,"F",4,"Hispanic","High",4,0,0,0,0,0,0,0,0,0,2,1,FALSE,1
"12049",7,"F",4,"Hispanic","High",3,0,0,0,0,0,1,0,0,1,1,NA,TRUE,1
"12050",8,"M",4,"Hispanic","High",3,0,0,0,0,0,0,0,0,1,1,NA,TRUE,1
"12051",7,"F",4,"Hispanic","High",4,0,0,0,0,0,0,0,0,0,4,1,FALSE,0
"12052",7,"M",4,"Hispanic","High",4,0,0,0,0,0,0,0,0,0,4,1,FALSE,0
"12053",6,"F",4,"White","High",4,0,0,0,0,0,0,0,0,0,4,1,FALSE,0
"12054",6,"F",4,"White","High",4,0,0,0,0,0,0,0,0,0,4,NA,FALSE,0
"12055",9,"M",7,"White","High",1,0,0,0,0,0,0,0,0,1,1,NA,TRUE,1
"12056",9,"F",7,"Hispanic","High",1,0,1,0,0,0,1,0,0,1,1,1,TRUE,1
"12057",10,"F",7,"Hispanic","High",2,0,0,0,0,0,0,0,0,0,1,1,FALSE,1
"12058",9,"M",7,"White","High",1,0,1,0,NA,NA,NA,NA,NA,1,1,NA,TRUE,1
"12059",10,"F",7,"Hispanic","High",4,0,0,0,0,0,0,0,0,0,2,1,FALSE,1
"12060",9,"M",7,"Hispanic","High",3,0,0,0,0,0,0,0,0,0,3,1,FALSE,0
"12061",10,"M",7,"White","High",4,0,0,0,0,0,0,0,0,0,4,1,FALSE,0
"12062",10,"F",7,"Hispanic","High",4,0,0,0,0,0,0,0,0,0,2,1,FALSE,1
"12063",9,"M",7,"Hispanic","High",3,0,0,0,0,0,1,0,0,0,4,NA,TRUE,0
"12064",10,"F",7,"White","High",4,0,0,0,0,0,0,0,0,0,4,1,FALSE,0
"12065",10,"F",7,"White","High",3,0,0,0,0,0,0,0,0,0,1,1,FALSE,1
"12066",10,"F",7,"White","High",3,0,0,0,0,0,0,0,0,0,2,NA,FALSE,1
"12067",10,"M",7,"White","High",1,0,1,0,0,0,0,0,0,1,2,NA,TRUE,1
"12068",10,"M",7,"Hispanic","High",3,0,0,0,NA,NA,NA,NA,NA,1,1,1,TRUE,1
"12069",7,"F",5,"Hispanic","High",3,0,0,0,0,0,0,0,0,0,2,NA,FALSE,1
"12070",8,"M",5,"Hispanic","High",4,0,0,0,0,0,1,0,1,1,1,1,TRUE,1
"12071",8,"M",5,"White","High",4,0,0,0,0,0,0,0,0,0,4,1,FALSE,0
"12072",7,"F",5,"Hispanic","High",4,0,0,0,0,0,0,0,0,0,2,NA,FALSE,1
"12073",7,"F",5,"Hispanic","High",4,0,0,0,0,0,0,0,0,0,4,1,FALSE,0
"12074",7,"F",5,"Black","High",4,0,0,0,0,0,0,0,0,0,4,NA,FALSE,0
"12075",7,"M",5,"White","High",4,0,0,0,NA,NA,NA,NA,NA,1,1,NA,TRUE,1
"12076",7,"F",5,"White","High",1,0,1,0,0,0,1,0,0,1,1,NA,TRUE,1
"12077",6,"F",5,"Hispanic","High",1,1,1,1,0,0,1,0,0,1,4,NA,TRUE,0
"12078",7,"M",5,"White","High",4,0,0,0,0,0,0,0,0,0,4,1,FALSE,0
"12079",7,"F",5,"Hispanic","High",2,0,0,0,0,0,0,0,0,0,1,1,FALSE,1
"12080",8,"F",5,"Hispanic","High",4,0,0,0,0,0,0,0,0,0,1,1,FALSE,1
"12081",7,"F",5,"White","High",4,0,0,0,0,0,0,0,0,0,4,NA,FALSE,0
"12082",7,"F",5,"Hispanic","High",2,0,0,0,0,0,1,0,0,1,1,NA,TRUE,1
"12083",8,"F",5,"Hispanic","High",2,0,0,0,0,0,0,0,0,1,2,NA,TRUE,1
"12084",8,"M",5,"White","High",4,0,0,0,0,0,0,0,0,0,4,NA,FALSE,0
"12085",7,"M",5,"Hispanic","High",1,0,0,0,0,0,0,0,0,0,1,1,FALSE,1
"12086",7,"M",5,"Hispanic","High",4,0,0,0,0,0,0,0,0,0,2,1,FALSE,1
"12087",7,"F",5,"Hispanic","High",4,0,0,0,0,0,0,0,0,0,4,1,FALSE,0
"12088",7,"M",5,"Hispanic","High",4,0,0,0,0,0,0,0,0,0,4,1,FALSE,0
"12089",8,"F",5,"White","High",4,0,0,0,0,0,0,0,0,0,4,1,FALSE,0
"12090",7,"F",5,"White","High",4,0,0,0,0,0,0,0,0,0,4,1,FALSE,0
"12091",7,"F",5,"White","High",4,0,0,0,0,0,0,0,0,0,4,1,FALSE,0
"12092",7,"F",5,"Hispanic","High",4,0,0,0,0,0,0,0,0,0,2,NA,FALSE,1
"12093",8,"M",5,NA,"High",4,0,0,0,0,0,0,0,0,0,4,1,FALSE,0
"12094",7,"M",5,"White","High",4,0,0,0,0,0,0,0,0,1,1,1,TRUE,1
"12095",8,"M",5,"Hispanic","High",4,0,0,0,0,0,0,0,0,0,NA,1,FALSE,NA
"12096",7,"M",5,NA,"High",4,0,0,0,0,0,0,0,0,0,4,NA,FALSE,0
"12097",7,"M",5,"Hispanic","High",4,0,0,0,0,0,0,0,0,0,2,1,FALSE,1
"12098",7,"F",5,"White","High",4,0,0,0,0,0,0,0,0,0,2,NA,FALSE,1
"12099",7,"M",5,"White","High",4,0,0,0,0,0,0,0,0,0,4,1,FALSE,0
"12100",8,"F",5,"White","High",4,0,0,0,0,0,0,0,0,0,4,1,FALSE,0
"12101",7,"F",5,"White","High",4,0,0,0,0,0,0,0,0,0,4,1,FALSE,0
"12102",7,"F",5,"Hispanic","High",4,0,0,0,0,0,0,0,0,0,2,NA,FALSE,1
"12103",7,"F",5,"Hispanic","High",3,0,0,0,0,0,0,0,0,0,1,1,FALSE,1
"12104",8,"F",5,"Hispanic","High",4,0,0,0,0,0,0,0,0,0,2,NA,FALSE,1
"12105",9,"F",5,"Hispanic","High",4,0,0,0,0,0,0,0,0,0,4,NA,FALSE,0
"12106",7,"F",5,"White","High",4,0,0,0,0,0,0,0,0,0,1,NA,FALSE,1
"12107",7,"M",5,"Hispanic","High",3,NA,0,0,0,0,0,0,0,0,4,NA,NA,0
"12108",8,"F",5,"Black","High",4,0,0,0,0,0,0,0,0,0,4,NA,FALSE,0
"12109",8,"M",5,"Hispanic","High",2,0,0,0,0,0,0,0,0,1,1,NA,TRUE,1
"12110",7,"M",5,"Hispanic","High",4,0,0,0,0,0,0,0,0,0,1,1,FALSE,1
"12111",8,"M",5,"Hispanic","High",3,0,0,0,0,0,0,0,0,0,3,1,FALSE,0
"12112",8,"F",5,"Black","High",4,0,0,0,0,0,0,0,0,0,4,1,FALSE,0
"12113",7,"M",5,"Hispanic","High",4,0,0,0,0,0,0,0,0,0,4,1,FALSE,0
"12114",8,"M",5,"Hispanic","High",4,0,0,0,0,0,0,0,0,1,1,NA,TRUE,1
"12115",8,"M",5,"White","High",3,0,0,0,0,0,0,0,0,0,2,NA,FALSE,1
"12116",7,"F",5,"Hispanic","High",3,0,0,0,0,0,1,0,0,1,1,NA,TRUE,1
"12117",8,"M",5,"Hispanic","High",2,0,0,0,0,0,0,0,0,0,1,1,FALSE,1
"12118",7,"F",5,"White","High",3,0,0,0,0,0,0,0,0,0,1,1,FALSE,1
"12119",3,"M",1,NA,"Middle",4,0,0,0,0,0,0,0,0,0,4,1,FALSE,0
"12120",3,"F",1,NA,"Middle",4,0,0,0,NA,NA,NA,NA,NA,0,4,NA,NA,0
"12121",4,"M",1,"Black","Middle",4,0,0,0,0,0,0,0,0,0,4,1,FALSE,0
"12122",4,"M",1,"Black","Middle",4,0,0,0,0,0,0,0,0,0,4,NA,FALSE,0
"12123",3,"F",1,"White","Middle",4,0,0,0,0,0,0,0,0,0,3,1,FALSE,0
"12124",4,"F",1,"White","Middle",4,0,0,0,0,0,0,0,0,0,4,1,FALSE,0
"12125",3,"M",1,"White","Middle",4,0,0,0,0,0,0,0,0,0,4,1,FALSE,0
"12126",3,"F",1,"White","Middle",4,0,0,0,0,0,0,0,0,0,3,NA,FALSE,0
"12127",3,"F",1,"Asian","Middle",4,0,0,0,0,0,0,0,0,0,4,NA,FALSE,0
"12128",4,"M",1,"Black","Middle",4,0,0,0,0,0,0,0,0,0,2,1,FALSE,1
"12129",3,"F",1,"White","Middle",4,0,0,NA,0,0,0,0,0,0,4,NA,NA,0
"12130",5,"M",1,"Hispanic","Middle",3,0,0,0,0,0,0,0,0,0,2,1,FALSE,1
"12131",3,"F",1,"Black","Middle",4,0,0,0,0,0,0,0,0,0,4,NA,FALSE,0
"12132",3,"M",1,"White","Middle",4,0,0,0,0,0,0,0,0,0,4,1,FALSE,0
"12133",4,"F",1,"White","Middle",4,0,0,0,0,0,0,0,0,0,4,1,FALSE,0
"12134",4,"F",1,"White","Middle",4,0,0,0,0,0,0,0,0,0,4,NA,FALSE,0
"12135",3,"M",1,"White","Middle",4,0,0,0,0,0,0,0,0,0,4,1,FALSE,0
"12136",3,"M",1,"White","Middle",4,0,0,0,0,0,0,0,0,0,4,NA,FALSE,0
"12137",3,"F",1,"Hispanic","Middle",4,0,0,0,0,0,0,0,0,0,3,NA,FALSE,0
"12138",3,"M",1,NA,"Middle",4,0,0,0,0,0,0,0,0,0,4,1,FALSE,0
"12139",4,"M",1,"Black","Middle",4,0,0,0,0,0,0,0,0,0,4,1,FALSE,0
"12140",4,"M",1,NA,"Middle",4,0,0,0,0,0,0,0,0,0,4,1,FALSE,0
"12141",3,"M",1,"White","Middle",4,0,0,0,0,0,0,0,0,0,4,1,FALSE,0
"12142",4,"F",1,"White","Middle",4,0,0,0,0,0,0,0,0,0,4,1,FALSE,0
"12143",3,"F",1,"White","Middle",4,0,0,0,0,0,0,0,0,0,4,NA,FALSE,0
"12144",4,"M",1,"White","Middle",4,0,0,0,0,0,0,0,0,0,4,NA,FALSE,0
"12145",3,"F",1,"White","Middle",4,0,0,0,0,0,0,0,0,0,4,NA,FALSE,0
"12146",4,"F",1,"AI/AN","Middle",2,0,0,0,0,0,0,0,0,0,2,NA,FALSE,1
"12147",3,"F",1,"White","Middle",4,0,0,0,0,0,0,0,0,0,4,1,FALSE,0
"12148",NA,"M",1,"Black","Middle",4,0,0,0,0,0,0,0,0,0,4,1,FALSE,0
"12149",4,"M",1,"White","Middle",4,0,0,0,0,0,0,0,0,0,4,1,FALSE,0
"12150",4,"M",1,"White","Middle",4,0,0,0,0,0,0,0,0,0,4,1,FALSE,0
"12151",4,"F",1,"Hispanic","Middle",4,0,0,0,0,0,0,0,0,0,4,NA,FALSE,0
"12152",3,"F",1,"White","Middle",4,0,0,0,0,0,0,0,0,0,3,NA,FALSE,0
"12153",3,"F",1,"White","Middle",4,0,0,0,0,0,0,0,0,0,4,NA,FALSE,0
"12154",3,"M",1,"Hispanic","Middle",4,0,0,0,0,0,0,0,0,0,4,NA,FALSE,0
"12155",4,"F",1,"Hispanic","Middle",4,0,0,0,0,0,0,0,0,0,4,1,FALSE,0
"12156",3,"F",1,"White","Middle",4,0,0,0,0,0,0,0,0,0,4,1,FALSE,0
"12157",3,"F",1,"Hispanic","Middle",4,0,0,0,0,0,0,0,0,0,4,1,FALSE,0
"12158",3,"F",1,"Black","Middle",4,0,0,0,0,0,0,0,0,0,4,1,FALSE,0
"12159",4,"M",1,"Hispanic","Middle",4,0,0,0,0,0,0,0,0,0,4,NA,FALSE,0
"12160",3,"F",1,"Hispanic","Middle",4,0,0,0,NA,NA,NA,NA,NA,0,4,NA,NA,0
"12161",3,"M",1,"AI/AN","Middle",4,0,0,NA,0,0,0,0,0,0,4,1,NA,0
"12162",3,"F",1,"White","Middle",4,0,0,0,0,0,0,0,0,0,4,1,FALSE,0
"12163",3,"M",1,"White","Middle",4,0,0,0,NA,NA,NA,NA,NA,1,1,1,TRUE,1
"12164",4,"M",1,"White","Middle",4,0,0,0,0,0,0,0,0,0,4,1,FALSE,0
"12165",4,"M",1,"White","Middle",4,0,0,0,0,0,0,0,0,0,4,1,FALSE,0
"12166",4,"F",1,"White","Middle",4,0,0,0,0,0,0,0,0,0,4,1,FALSE,0
"12167",3,"F",1,"White","Middle",4,0,0,0,0,0,0,0,0,0,3,NA,FALSE,0
"12168",3,"M",1,NA,"Middle",4,0,0,0,0,0,0,0,0,0,4,1,FALSE,0
"12169",6,"M",3,"Hispanic","Middle",4,0,0,0,0,0,0,0,0,0,4,1,FALSE,0
"12170",4,"M",2,"Hispanic","Middle",4,0,0,0,NA,NA,NA,NA,NA,0,4,1,NA,0
"12171",5,"M",2,"Hispanic","Middle",4,0,0,0,NA,NA,NA,NA,NA,0,4,NA,NA,0
"12172",4,"M",2,"Black","Middle",NA,0,0,0,0,0,0,0,0,0,4,NA,FALSE,0
"12173",5,"M",2,"White","Middle",4,0,0,0,0,0,0,0,0,0,4,NA,FALSE,0
"12174",5,"M",2,NA,"Middle",4,0,0,0,0,0,0,0,0,0,4,1,FALSE,0
"12175",5,"M",2,"White","Middle",4,0,0,0,0,0,0,0,0,0,2,1,FALSE,1
"12176",5,"M",2,"White","Middle",4,0,0,0,0,0,0,0,0,0,4,NA,FALSE,0
"12177",4,"M",2,"White","Middle",4,0,0,0,0,0,0,0,0,0,4,NA,FALSE,0
"12178",4,"M",2,NA,"Middle",3,0,0,0,0,0,0,0,0,0,3,1,FALSE,0
"12179",4,"M",2,NA,"Middle",4,0,0,0,NA,NA,NA,NA,NA,0,4,NA,NA,0
"12180",5,"M",2,"White","Middle",3,0,0,0,0,0,0,0,0,0,3,NA,FALSE,0
"12181",4,"M",2,"White","Middle",4,0,0,0,0,0,0,0,0,0,4,1,FALSE,0
"12182",6,"M",3,NA,"Middle",3,0,0,0,0,0,0,0,0,0,2,1,FALSE,1
"12183",5,"M",3,"White","Middle",4,0,0,0,0,0,0,0,0,0,3,1,FALSE,0
"12184",6,"M",3,"White","Middle",4,0,0,0,0,0,0,0,0,0,1,1,FALSE,1
"12185",5,"M",3,"White","Middle",4,0,0,0,0,0,0,0,0,0,2,1,FALSE,1
"12186",5,"M",3,"White","Middle",4,0,0,0,0,0,0,0,0,0,4,NA,FALSE,0
"12187",6,"M",3,"Hispanic","Middle",4,0,0,0,0,0,0,0,0,0,4,NA,FALSE,0
"12188",6,"M",3,"Hispanic","Middle",2,0,0,0,0,0,1,0,0,1,1,NA,TRUE,1
"12189",6,"M",3,"Hispanic","Middle",3,0,0,0,0,0,0,0,0,0,2,1,FALSE,1
"12190",5,"M",3,"White","Middle",4,0,0,0,0,0,0,0,0,0,4,1,FALSE,0
"12191",4,"M",2,"Hispanic","Middle",4,0,0,0,0,0,0,0,0,0,3,1,FALSE,0
"12192",5,"M",3,"White","Middle",4,0,0,0,0,0,0,0,0,0,4,NA,FALSE,0
"12193",5,"M",3,NA,"Middle",3,0,0,0,0,0,0,0,0,0,4,1,FALSE,0
"12194",4,"M",2,"Black","Middle",4,0,0,0,0,0,0,0,0,0,4,NA,FALSE,0
"12195",5,"M",2,"Black","Middle",4,NA,NA,NA,NA,NA,NA,NA,NA,NA,4,NA,NA,0
"12196",5,"M",2,"Hispanic","Middle",4,0,0,0,0,0,0,0,0,0,4,1,FALSE,0
"12197",5,"M",2,"Black","Middle",4,0,0,0,0,0,0,0,0,0,4,1,FALSE,0
"12198",5,"M",3,"Hispanic","Middle",4,0,0,0,0,0,0,0,0,0,2,1,FALSE,1
"12199",5,"F",2,"Hispanic","Middle",4,0,0,0,0,0,0,0,0,0,2,NA,FALSE,1
"12200",5,"F",3,"White","Middle",4,0,0,0,0,0,0,0,0,0,4,1,FALSE,0
"12201",5,"F",3,"White","Middle",4,0,0,0,0,0,1,0,0,1,1,NA,TRUE,1
"12202",5,"F",3,"White","Middle",3,0,0,0,0,0,0,0,0,0,2,1,FALSE,1
"12203",5,"F",3,"White","Middle",3,0,0,0,0,0,0,0,0,0,1,1,FALSE,1
"12204",6,"F",3,"Hispanic","Middle",4,0,0,0,0,0,0,0,0,1,2,1,TRUE,1
"12205",5,"F",3,"White","Middle",4,0,0,0,0,0,0,0,0,0,4,1,FALSE,0
"12206",5,"F",3,"White","Middle",3,0,0,0,0,0,0,0,0,0,3,1,FALSE,0
"12207",6,"F",3,"Asian","Middle",4,0,0,0,0,0,0,0,0,0,4,1,FALSE,0
"12208",5,"F",3,"White","Middle",3,0,0,0,0,0,0,0,0,0,2,NA,FALSE,1
"12209",5,"F",2,"White","Middle",4,0,0,0,0,0,0,0,0,0,4,NA,FALSE,0
"12210",4,"M",3,"White","Middle",4,0,0,0,0,0,0,0,0,0,3,NA,FALSE,0
"12211",4,"F",2,"White","Middle",4,0,0,0,0,0,0,0,0,0,4,NA,FALSE,0
"12212",5,"F",2,"Hispanic","Middle",4,0,0,0,0,0,0,0,0,0,2,NA,FALSE,1
"12213",5,"F",3,"White","Middle",3,0,0,0,NA,NA,NA,NA,NA,0,1,NA,NA,1
"12214",5,"F",3,"Hispanic","Middle",4,0,0,0,0,0,0,0,0,0,1,1,FALSE,1
"12215",6,"F",3,"White","Middle",4,0,0,0,0,0,0,0,0,0,4,1,FALSE,0
"12216",5,NA,3,"White","Middle",4,0,NA,NA,0,0,0,0,0,0,1,NA,NA,1
"12217",5,"F",3,"Hispanic","Middle",4,0,0,0,0,0,0,0,0,0,4,1,FALSE,0
"12218",5,"F",3,"Hispanic","Middle",4,0,0,0,0,0,0,0,0,0,4,1,FALSE,0
"12219",5,"F",3,"White","Middle",4,0,0,0,0,0,0,0,0,0,4,NA,FALSE,0
"12220",5,"F",3,"White","Middle",4,0,0,0,0,0,0,0,0,0,4,NA,FALSE,0
"12221",4,"F",2,"White","Middle",4,0,0,0,0,0,0,0,0,0,4,NA,FALSE,0
"12222",4,"F",2,"Hispanic","Middle",4,0,0,0,0,0,0,0,0,0,2,1,FALSE,1
"12223",5,"F",2,"White","Middle",4,0,0,0,0,0,0,0,0,0,2,NA,FALSE,1
"12224",5,"F",3,"Black","Middle",4,0,0,0,0,0,0,0,0,0,4,NA,FALSE,0
"12225",5,"F",3,"White","Middle",3,0,0,0,0,0,0,0,0,1,1,NA,TRUE,1
"12226",5,"F",2,"White","Middle",4,0,0,0,0,0,0,0,0,0,4,NA,FALSE,0
"12227",4,"F",2,"White","Middle",4,0,0,0,0,0,0,0,0,0,4,NA,FALSE,0
"12228",4,"F",2,"White","Middle",3,0,0,0,0,0,0,0,0,0,2,NA,FALSE,1
"12229",4,"F",2,"White","Middle",4,0,0,0,0,0,0,0,0,0,3,1,FALSE,0
"12230",4,"F",2,"White","Middle",4,0,0,0,0,0,0,0,0,0,4,NA,FALSE,0
"12231",4,"F",2,"White","Middle",4,0,0,0,0,0,0,0,0,0,4,NA,FALSE,0
"12232",4,"F",2,"Hispanic","Middle",3,0,0,0,0,0,0,0,0,0,3,1,FALSE,0
"12233",5,"F",2,"Black","Middle",4,0,0,0,0,0,0,0,0,0,4,NA,FALSE,0
"12234",4,"F",2,"White","Middle",4,0,0,0,0,0,0,0,0,0,2,NA,FALSE,1
"12235",4,"F",2,"Black","Middle",4,0,0,0,0,0,0,0,0,0,3,1,FALSE,0
"12236",4,"F",2,"White","Middle",4,0,0,0,0,0,0,0,0,0,4,1,FALSE,0
"12237",4,"F",2,NA,"Middle",4,0,0,0,0,0,0,0,0,0,4,1,FALSE,0
"12238",4,"F",2,"White","Middle",4,0,0,0,0,0,0,0,0,0,4,NA,FALSE,0
"12239",6,"M",4,NA,"High",4,0,0,0,0,0,0,0,0,0,4,1,FALSE,0
"12240",6,"M",4,"Hispanic","High",3,0,0,0,0,0,0,0,0,0,1,1,FALSE,1
"12241",6,"M",4,"Hispanic","High",3,0,0,0,0,0,0,0,0,0,3,1,FALSE,0
"12242",7,"M",4,"Hispanic","High",4,0,0,1,0,0,1,0,0,1,1,NA,TRUE,1
"12243",6,"F",4,"Hispanic","High",4,0,0,0,0,0,0,0,0,0,1,NA,FALSE,1
"12244",6,"F",4,"Hispanic","High",4,0,0,0,0,0,0,0,0,0,4,1,FALSE,0
"12245",7,"F",4,"Black","High",4,0,0,0,0,0,0,0,0,0,4,NA,FALSE,0
"12246",7,"M",4,"Hispanic","High",4,0,0,0,0,0,0,0,0,0,4,1,FALSE,0
"12247",7,"F",4,"White","High",3,0,0,0,0,0,0,0,0,0,4,1,FALSE,0
"12248",6,"M",4,"Hispanic","High",3,0,0,0,0,0,1,0,0,1,1,NA,TRUE,1
"12249",7,"F",5,"Hispanic","High",4,0,0,0,0,0,0,0,0,0,4,1,FALSE,0
"12250",7,"M",4,"Hispanic","High",4,0,0,0,0,0,0,0,0,0,4,1,FALSE,0
"12251",6,"M",4,"Hispanic","High",3,0,0,0,0,0,0,0,0,0,4,NA,FALSE,0
"12252",7,"M",4,"Hispanic","High",4,0,0,0,0,0,0,0,0,0,4,NA,FALSE,0
"12253",7,"F",4,"Hispanic","High",3,NA,0,0,0,0,0,0,0,0,1,1,NA,1
"12254",7,"M",4,"Hispanic","High",4,0,0,0,0,0,1,0,0,1,2,1,TRUE,1
"12255",6,"F",4,"Asian","High",3,0,0,0,0,0,0,0,0,0,4,1,FALSE,0
"12256",7,"F",4,"Hispanic","High",4,0,0,0,0,0,1,0,0,0,2,1,TRUE,1
"12257",8,"F",6,"Hispanic","High",4,0,0,0,0,0,0,0,0,0,2,1,FALSE,1
"12258",7,"M",5,"White","High",4,0,0,0,0,0,0,0,0,0,3,1,FALSE,0
"12259",7,"M",5,"Hispanic","High",4,0,0,0,0,0,0,0,0,0,4,1,FALSE,0
"12260",8,"M",5,"Hispanic","High",4,0,0,0,0,0,0,0,0,0,3,1,FALSE,0
"12261",7,"M",5,"Hispanic","High",4,0,0,0,0,0,0,0,0,0,4,NA,FALSE,0
"12262",8,"F",5,"White","High",4,0,0,0,0,0,0,0,0,0,4,1,FALSE,0
"12263",7,"M",5,"White","High",4,0,0,0,0,0,0,0,0,0,4,NA,FALSE,0
"12264",9,"M",6,"Asian","High",2,NA,0,0,0,0,0,0,0,0,1,NA,NA,1
"12265",9,"F",6,"White","High",3,0,0,0,0,0,0,0,0,0,3,NA,FALSE,0
"12266",9,"F",7,"White","High",2,0,1,0,0,0,0,0,0,0,1,1,TRUE,1
"12267",7,"F",5,"Hispanic","High",2,0,0,0,0,0,0,0,0,0,2,1,FALSE,1
"12268",9,"F",6,"Black","High",3,0,0,0,0,0,0,0,0,0,1,NA,FALSE,1
"12269",7,"F",5,"Hispanic","High",3,0,0,0,0,0,0,0,0,0,1,1,FALSE,1
"12270",7,"F",5,"Hispanic","High",4,0,0,0,0,0,1,0,0,1,2,1,TRUE,1
"12271",8,"M",5,"Black","High",2,0,0,0,0,0,0,0,0,0,2,NA,FALSE,1
"12272",7,"F",5,"Black","High",4,0,0,0,0,0,0,0,0,0,1,1,FALSE,1
"12273",7,"F",5,"White","High",4,0,0,0,0,0,1,0,0,0,1,NA,TRUE,1
"12274",8,"M",6,"Hispanic","High",4,0,0,0,0,0,0,0,0,0,2,NA,FALSE,1
"12275",7,"F",5,"Hispanic","High",3,0,0,0,0,0,0,0,0,0,3,1,FALSE,0
"12276",8,"F",5,"Hispanic","High",2,0,0,0,0,0,0,0,0,0,1,NA,FALSE,1
"12277",7,"F",5,"Hispanic","High",4,1,0,0,0,0,0,0,0,0,2,NA,TRUE,1
"12278",8,"F",5,"Hispanic","High",3,0,0,0,0,0,0,0,0,0,1,1,FALSE,1
"12279",8,"F",5,"Hispanic","High",3,1,0,0,0,0,0,0,0,0,4,1,TRUE,0
"12280",10,"M",6,"Hispanic","High",1,1,1,0,0,0,0,0,0,1,1,1,TRUE,1
"12281",7,"F",5,"Hispanic","High",4,0,0,0,0,0,0,0,0,0,3,NA,FALSE,0
"12282",7,"F",5,"Hispanic","High",4,1,0,0,0,0,0,0,0,0,2,1,TRUE,1
"12283",8,"M",6,"White","High",4,0,0,0,0,0,0,0,0,0,4,1,FALSE,0
"12284",8,"F",6,"Hispanic","High",1,0,0,0,0,0,0,0,0,0,2,NA,FALSE,1
"12285",9,"M",7,"Hispanic","High",3,0,0,0,0,0,0,0,0,0,4,1,FALSE,0
"12286",9,"M",7,"White","High",1,1,0,0,0,0,0,0,0,0,2,NA,TRUE,1
"12287",8,"F",6,"White","High",4,0,0,0,0,0,0,0,0,0,2,1,FALSE,1
"12288",9,"F",7,"Asian","High",2,0,0,0,NA,NA,NA,NA,NA,0,1,1,NA,1
"12289",8,"M",6,"Hispanic","High",4,0,0,0,0,0,0,0,0,0,4,1,FALSE,0
"12290",8,"M",6,"Hispanic","High",4,0,0,0,0,0,0,0,0,0,2,1,FALSE,1
"12291",8,"M",6,"Hispanic","High",4,0,0,0,0,0,0,0,0,0,4,1,FALSE,0
"12292",10,"F",7,"Hispanic","High",3,0,0,0,0,0,0,0,0,0,2,1,FALSE,1
"12293",7,"M",5,"Hispanic","High",4,0,0,0,0,0,0,0,0,0,4,1,FALSE,0
"12294",8,"M",6,"White","High",1,0,1,1,0,0,0,0,0,0,3,1,TRUE,0
"12295",8,"M",6,"White","High",2,0,0,0,0,0,0,0,0,0,4,1,FALSE,0
"12296",9,"M",7,"Hispanic","High",4,0,0,0,0,0,0,0,0,0,3,NA,FALSE,0
"12297",8,"F",6,"Hispanic","High",3,0,0,0,0,0,1,0,0,1,1,1,TRUE,1
"12298",8,"M",5,"White","High",4,0,0,0,0,0,0,0,0,0,4,NA,FALSE,0
"12299",7,"F",5,"White","High",4,0,0,0,NA,NA,NA,NA,NA,0,1,1,NA,1
"12300",7,"F",5,"Black","High",4,0,0,0,0,0,0,0,0,0,2,1,FALSE,1
"12301",7,"F",5,"Black","High",4,0,0,0,0,0,0,0,0,0,2,NA,FALSE,1
"12302",10,"F",7,"Black","High",1,0,1,0,0,0,0,0,0,0,2,1,TRUE,1
"12303",8,"F",5,"Hispanic","High",4,0,0,0,0,0,0,0,0,0,3,NA,FALSE,0
"12304",9,"F",7,"Hispanic","High",4,0,0,0,NA,NA,NA,NA,NA,1,2,1,TRUE,1
"12305",10,"F",7,"White","High",4,0,0,0,0,0,0,0,0,0,2,1,FALSE,1
"12306",9,"M",7,"Hispanic","High",4,1,0,0,0,0,0,0,0,1,1,1,TRUE,1
"12307",7,"F",5,"White","High",4,0,0,0,0,0,0,0,0,0,4,1,FALSE,0
"12308",8,"F",6,"Hispanic","High",1,0,0,0,0,0,0,0,0,0,1,1,FALSE,1
"12309",7,"M",5,"Hispanic","High",3,0,0,0,0,0,0,0,0,0,3,1,FALSE,0
"12310",8,"F",6,"Hispanic","High",4,0,0,0,0,0,0,0,0,0,1,1,FALSE,1
"12311",8,"M",6,"Black","High",1,0,0,0,0,0,0,0,0,0,4,1,FALSE,0
"12312",9,"F",7,"Hispanic","High",4,0,0,0,0,0,0,0,0,0,4,1,FALSE,0
"12313",8,"M",6,"White","High",4,0,0,0,0,0,0,0,0,0,4,1,FALSE,0
"12314",8,"M",6,"White","High",3,0,0,0,0,0,0,0,0,0,2,1,FALSE,1
"12315",8,"M",6,"Hispanic","High",2,0,0,0,0,0,0,0,0,0,4,1,FALSE,0
"12316",8,"M",6,"Hispanic","High",4,0,0,0,0,0,0,0,0,0,3,1,FALSE,0
"12317",9,"M",6,"White","High",3,0,0,0,0,0,0,0,0,0,3,1,FALSE,0
"12318",9,"M",6,"Hispanic","High",4,0,0,0,0,0,0,0,0,0,4,1,FALSE,0
"12319",9,"M",7,"White","High",4,0,0,0,0,0,0,0,0,0,4,1,FALSE,0
"12320",9,"M",7,"Hispanic","High",3,NA,0,0,0,0,0,0,0,0,2,1,NA,1
"12321",11,"M",7,"Hispanic","High",4,NA,NA,NA,0,0,0,0,1,1,3,NA,TRUE,0
"12322",10,"M",7,"Hispanic","High",2,1,1,0,1,0,1,1,0,1,2,1,TRUE,1
"12323",9,"F",6,"Hispanic","High",3,0,0,0,0,0,0,0,0,1,2,1,TRUE,1
"12324",7,"M",5,"Hispanic","High",4,0,0,0,0,0,0,0,0,0,3,1,FALSE,0
"12325",7,"M",5,"Hispanic","High",2,0,0,0,0,0,0,0,0,1,1,1,TRUE,1
"12326",8,"F",5,"Hispanic","High",4,0,0,0,0,0,0,0,0,0,4,1,FALSE,0
"12327",7,"F",5,"White","High",2,1,0,0,0,0,1,0,0,1,1,NA,TRUE,1
"12328",8,"M",5,"Asian","High",4,0,0,0,0,0,1,0,0,0,1,1,TRUE,1
"12329",11,"M",7,"Hispanic","High",4,0,0,0,0,0,0,0,0,0,3,1,FALSE,0
"12330",8,"M",5,"Hispanic","High",4,0,0,0,0,0,0,0,0,0,2,1,FALSE,1
"12331",8,"F",5,"Hispanic","High",3,0,0,0,0,0,0,0,0,0,2,1,FALSE,1
"12332",7,"M",6,"Hispanic","High",4,0,0,0,0,0,0,0,0,0,4,NA,FALSE,0
"12333",7,"M",5,"Black","High",4,0,0,0,0,0,0,0,0,0,4,NA,FALSE,0
"12334",9,"F",6,"Hispanic","High",3,0,0,0,0,0,0,0,0,0,2,1,FALSE,1
"12335",9,"M",6,"White","High",4,1,0,0,0,0,0,0,0,0,4,1,TRUE,0
"12336",8,"F",6,"Hispanic","High",4,0,0,0,0,0,0,0,0,0,4,1,FALSE,0
"12337",6,"F",4,"Hispanic","High",3,0,0,0,0,0,0,0,0,0,2,1,FALSE,1
"12338",6,"F",4,"White","High",4,0,0,0,0,0,0,0,0,0,2,1,FALSE,1
"12339",8,"M",5,"Hispanic","High",3,NA,0,0,0,0,0,0,0,0,2,1,NA,1
"12340",7,"M",5,"Asian","High",3,0,0,0,0,0,0,0,0,0,4,NA,FALSE,0
"12341",7,"M",5,"White","High",3,0,0,0,0,0,0,0,0,0,4,1,FALSE,0
"12342",7,"M",5,"Hispanic","High",4,0,0,0,0,0,0,0,0,0,3,1,FALSE,0
"12343",10,"F",7,"White","High",3,0,0,0,0,0,0,0,0,0,2,1,FALSE,1
"12344",6,"M",4,"Asian","High",4,0,0,0,0,0,0,0,0,0,4,1,FALSE,0
"12345",6,"F",4,NA,"High",4,0,0,0,0,0,0,0,0,0,4,1,FALSE,0
"12346",9,"F",7,"Black","High",4,0,0,0,0,0,0,0,0,0,2,1,FALSE,1
"12347",8,"F",5,"White","High",4,0,0,0,0,0,0,0,0,0,4,1,FALSE,0
"12348",8,"M",6,"Hispanic","High",4,0,0,0,0,0,0,0,0,0,2,1,FALSE,1
"12349",9,"F",7,"Black","High",2,0,NA,0,0,0,0,0,0,1,1,NA,TRUE,1
"12350",7,"F",5,"Hispanic","High",2,0,0,0,0,0,0,0,0,0,2,NA,FALSE,1
"12351",7,"M",5,"Hispanic","High",3,0,0,0,0,0,0,0,0,0,3,1,FALSE,0
"12352",6,"F",4,"Hispanic","High",4,0,0,0,0,0,0,0,0,0,1,1,FALSE,1
"12353",8,"M",5,"White","High",2,0,0,0,0,0,0,0,0,0,4,NA,FALSE,0
"12354",6,"F",4,"Hispanic","High",4,0,0,0,0,0,0,0,0,0,4,1,FALSE,0
"12355",7,"M",5,"Black","High",3,0,0,0,0,0,0,0,0,0,2,NA,FALSE,1
"12356",7,"M",4,"Hispanic","High",4,0,0,0,0,0,0,0,0,0,4,1,FALSE,0
"12357",6,"M",4,"White","High",4,0,0,0,0,0,0,0,0,0,4,1,FALSE,0
"12358",8,"F",6,"Black","High",4,0,0,0,0,0,0,0,0,0,2,1,FALSE,1
"12359",8,"M",5,"White","High",4,0,0,0,0,0,0,0,0,0,1,1,FALSE,1
"12360",7,"F",5,"White","High",3,0,0,0,0,0,0,0,0,0,4,1,FALSE,0
"12361",8,"M",6,"Hispanic","High",4,0,0,0,0,0,0,0,0,0,1,NA,FALSE,1
"12362",8,"F",6,"Hispanic","High",2,1,NA,0,0,0,0,0,0,0,2,NA,TRUE,1
"12363",8,"F",5,"White","High",4,0,0,0,0,0,0,0,0,0,4,1,FALSE,0
"12364",7,"F",4,"White","High",4,0,0,0,0,0,0,0,0,0,4,1,FALSE,0
"12365",8,"M",6,"Hispanic","High",4,0,0,0,0,0,0,0,0,0,3,1,FALSE,0
"12366",8,"F",6,"Hispanic","High",3,1,0,0,0,0,1,0,0,0,1,1,TRUE,1
"12367",7,"M",5,"Hispanic","High",4,0,0,0,0,0,0,0,0,0,2,1,FALSE,1
"12368",9,"F",6,"Hispanic","High",4,0,0,0,0,0,0,0,0,0,4,1,FALSE,0
"12369",9,"M",7,"Black","High",4,0,0,0,0,0,0,0,0,0,4,1,FALSE,0
"12370",10,"M",7,"White","High",4,0,0,0,0,0,0,0,0,0,2,1,FALSE,1
"12371",9,"M",7,"Black","High",4,0,0,0,0,0,0,0,0,0,4,1,FALSE,0
"12372",10,"M",7,"Black","High",2,0,0,0,0,0,0,0,0,0,2,1,FALSE,1
"12373",9,"F",7,"Black","High",4,0,0,0,0,0,0,0,0,0,3,NA,FALSE,0
"12374",9,"M",7,"Asian","High",2,0,1,0,0,0,0,0,0,0,2,1,TRUE,1
"12375",9,"M",7,"White","High",4,0,0,0,0,0,0,0,0,0,4,1,FALSE,0
"12376",10,"M",7,"Black","High",4,0,0,0,0,0,0,0,0,0,1,1,FALSE,1
"12377",11,"F",7,"Black","High",4,0,0,0,0,0,0,0,0,0,1,NA,FALSE,1
"12378",10,"F",7,"Hispanic","High",3,0,0,0,0,0,0,0,0,0,1,1,FALSE,1
"12379",10,"F",7,"Black","High",4,0,0,0,0,0,0,0,0,0,2,1,FALSE,1
"12380",10,"F",7,"Black","High",4,0,0,0,0,0,0,0,0,0,4,NA,FALSE,0
"12381",9,"F",7,"Hispanic","High",1,1,1,0,0,0,1,0,0,0,3,1,TRUE,0
"12382",9,"M",7,"Hispanic","High",4,0,0,0,0,0,0,0,0,0,2,1,FALSE,1
"12383",8,"M",6,"Hispanic","High",1,1,0,0,0,0,0,0,0,0,1,NA,TRUE,1
"12384",9,"F",6,"Black","High",2,0,0,0,0,0,0,0,0,0,4,NA,FALSE,0
"12385",10,"F",6,"Black","High",4,0,0,0,0,0,0,0,0,1,1,NA,TRUE,1
"12386",10,"F",6,"Black","High",4,0,0,0,0,0,0,0,0,0,4,1,FALSE,0
"12387",9,"F",6,"White","High",2,1,0,0,0,0,1,1,0,0,1,NA,TRUE,1
"12388",9,"M",6,"Hispanic","High",3,0,0,0,0,0,0,0,0,0,2,1,FALSE,1
"12389",8,"F",6,"White","High",4,0,0,0,0,0,0,0,0,0,4,NA,FALSE,0
"12390",9,"F",6,"White","High",NA,0,NA,NA,0,0,0,0,0,NA,NA,NA,NA,NA
"12391",8,"M",6,"Black","High",4,0,0,0,0,0,0,0,0,0,4,1,FALSE,0
"12392",9,"M",6,"White","High",3,1,0,1,0,0,1,0,0,1,1,NA,TRUE,1
"12393",8,"M",5,"AI/AN","High",1,0,1,0,0,0,1,0,0,1,1,NA,TRUE,1
"12394",9,"M",6,"Black","High",4,0,0,0,0,0,0,0,0,1,1,NA,TRUE,1
"12395",9,"M",6,"White","High",3,1,0,0,0,0,0,0,0,0,1,1,TRUE,1
"12396",8,"M",6,"Black","High",4,0,0,0,0,0,0,0,0,0,4,1,FALSE,0
"12397",9,"F",6,"AI/AN","High",1,1,1,0,1,0,1,0,0,0,1,NA,TRUE,1
"12398",9,"M",6,"White","High",3,0,0,0,0,0,1,0,0,1,2,1,TRUE,1
"12399",9,"M",6,"Black","High",4,0,0,0,0,0,0,0,0,0,2,1,FALSE,1
"12400",9,"F",6,"White","High",1,1,1,0,0,0,0,0,0,0,1,NA,TRUE,1
"12401",9,"M",6,"Black","High",4,0,0,0,0,0,0,0,0,0,4,1,FALSE,0
"12402",8,"M",6,"Black","High",4,0,0,0,0,0,0,0,0,0,4,1,FALSE,0
"12403",9,"M",6,"White","High",4,0,0,0,0,0,0,0,0,0,4,1,FALSE,0
"12404",8,"F",5,"Black","High",4,0,0,0,0,0,0,0,0,0,4,1,FALSE,0
"12405",7,"F",5,"White","High",4,0,0,0,0,0,0,0,0,0,2,NA,FALSE,1
"12406",7,"F",5,"Black","High",3,0,0,0,0,0,0,0,0,0,1,1,FALSE,1
"12407",8,"M",5,"Asian","High",3,0,0,0,0,0,0,0,0,1,1,1,TRUE,1
"12408",8,"M",5,"Black","High",4,0,0,0,0,0,0,0,0,0,3,NA,FALSE,0
"12409",8,"M",5,"White","High",2,0,0,0,0,0,0,0,0,0,4,1,FALSE,0
"12410",8,"F",5,"Black","High",4,0,0,0,0,0,0,0,0,0,4,NA,FALSE,0
"12411",8,"F",5,"Hispanic","High",4,0,0,0,0,0,0,0,0,0,2,NA,FALSE,1
"12412",8,"F",5,"Asian","High",4,0,0,0,0,0,0,0,0,0,4,1,FALSE,0
"12413",7,"F",5,"Black","High",2,0,0,0,0,0,0,0,0,0,4,NA,FALSE,0
"12414",7,"M",5,"Hispanic","High",2,0,0,0,0,0,0,0,0,0,1,1,FALSE,1
"12415",8,"F",5,"Black","High",4,0,0,0,0,0,0,0,0,0,2,NA,FALSE,1
"12416",8,"M",5,"White","High",4,0,0,0,0,0,0,0,0,0,4,1,FALSE,0
"12417",7,"F",5,"Black","High",2,0,0,0,0,0,0,0,0,0,1,NA,FALSE,1
"12418",8,"M",5,"White","High",4,0,0,0,0,0,0,0,0,0,4,NA,FALSE,0
"12419",7,"F",5,"Black","High",2,0,1,0,0,0,0,0,0,0,1,NA,TRUE,1
"12420",8,"M",5,"White","High",4,0,0,0,0,0,0,0,0,0,4,NA,FALSE,0
"12421",8,"F",5,"Hispanic","High",4,0,0,0,0,0,0,0,0,0,4,1,FALSE,0
"12422",7,"F",5,"Black","High",4,0,0,0,0,0,0,0,0,0,2,1,FALSE,1
"12423",7,"M",5,"Hispanic","High",4,0,0,0,0,0,0,0,0,0,4,1,FALSE,0
"12424",9,"F",6,"Black","High",2,0,1,0,0,0,0,0,0,0,4,NA,TRUE,0
"12425",8,"F",6,"Black","High",3,0,1,0,0,0,0,0,0,0,4,NA,TRUE,0
"12426",8,"F",6,"Black","High",1,0,1,0,0,0,0,0,0,1,1,NA,TRUE,1
"12427",9,"F",6,"Hispanic","High",3,0,0,0,0,0,0,0,0,0,3,1,FALSE,0
"12428",8,"F",5,"White","High",4,0,0,0,NA,NA,NA,NA,NA,0,4,1,NA,0
"12429",8,"F",5,"White","High",4,0,0,0,0,0,0,0,0,0,4,1,FALSE,0
"12430",7,"F",5,"Asian","High",3,0,0,0,0,0,0,0,0,0,3,NA,FALSE,0
"12431",9,"M",7,"Black","High",1,0,0,0,0,0,0,0,0,0,2,NA,FALSE,1
"12432",7,"M",5,"White","High",4,0,0,0,0,0,0,0,0,0,4,1,FALSE,0
"12433",8,"F",5,"Black","High",3,0,0,0,0,0,0,0,0,0,4,NA,FALSE,0
"12434",7,"M",5,"White","High",3,0,0,0,0,0,0,0,0,1,2,NA,TRUE,1
"12435",6,"F",4,"White","High",4,0,0,0,0,0,0,0,0,0,3,NA,FALSE,0
"12436",6,"M",4,"White","High",4,0,0,0,0,0,0,0,0,0,4,NA,FALSE,0
"12437",6,"F",4,"White","High",4,0,0,0,0,0,0,0,0,0,2,NA,FALSE,1
"12438",9,"F",7,"White","High",3,0,0,0,0,0,0,0,0,1,1,1,TRUE,1
"12439",10,"M",7,"Black","High",2,0,1,0,0,0,0,0,0,0,4,1,TRUE,0
"12440",9,"F",7,"Black","High",2,0,1,0,0,0,0,0,0,0,1,1,TRUE,1
"12441",10,"F",7,"White","High",4,0,0,0,0,0,0,0,0,0,4,1,FALSE,0
"12442",9,"M",7,"Hispanic","High",2,0,1,0,0,0,0,0,0,0,2,NA,TRUE,1
"12443",11,"M",7,"Asian","High",4,0,0,0,0,0,0,0,0,0,4,1,FALSE,0
"12444",9,"F",7,"Black","High",3,0,0,0,0,0,0,0,0,0,4,1,FALSE,0
"12445",10,"F",7,"Black","High",4,0,0,0,0,0,0,0,0,0,4,1,FALSE,0
"12446",6,"M",4,"Asian","High",3,0,0,0,0,0,0,0,0,0,3,NA,FALSE,0
"12447",6,"F",4,"White","High",3,0,0,0,0,0,0,0,0,0,3,1,FALSE,0
"12448",6,"F",4,"Black","High",4,0,0,0,0,0,0,0,0,0,4,NA,FALSE,0
"12449",6,"F",4,"Black","High",3,0,0,0,0,0,0,0,0,0,1,1,FALSE,1
"12450",7,"M",4,"White","High",4,0,0,0,0,0,0,0,0,0,4,1,FALSE,0
"12451",7,"F",4,"Black","High",2,0,0,0,0,0,0,0,0,0,2,1,FALSE,1
"12452",7,"M",4,"Hispanic","High",4,0,0,0,0,0,0,0,0,0,2,1,FALSE,1
"12453",6,"F",4,"White","High",4,0,0,0,0,0,0,0,0,0,4,1,FALSE,0
"12454",6,"M",4,"Hispanic","High",4,0,0,0,0,0,0,0,0,0,3,NA,FALSE,0
"12455",6,"F",4,"White","High",4,0,0,0,0,0,0,0,0,0,4,1,FALSE,0
"12456",7,"M",4,"Black","High",4,0,0,0,0,0,0,0,0,0,4,1,FALSE,0
"12457",8,"F",4,"Hispanic","High",4,0,0,0,0,0,0,0,0,0,4,1,FALSE,0
"12458",6,"F",4,"Black","High",2,0,0,0,0,0,1,0,0,1,1,1,TRUE,1
"12459",6,"M",4,"White","High",3,0,0,0,0,0,1,0,0,1,2,1,TRUE,1
"12460",7,"F",4,"Black","High",4,0,0,0,0,0,0,0,0,0,2,1,FALSE,1
"12461",7,"F",4,"Asian","High",4,0,0,0,0,0,0,0,0,0,2,1,FALSE,1
"12462",7,"M",4,"Hispanic","High",4,0,0,0,0,0,0,0,0,0,1,1,FALSE,1
"12463",6,"F",4,"Asian","High",4,0,0,0,0,0,0,0,0,0,4,1,FALSE,0
"12464",7,"F",4,"White","High",4,0,0,0,NA,NA,NA,NA,NA,0,3,1,NA,0
"12465",6,"M",4,"Black","High",4,0,0,0,0,0,0,0,0,0,4,NA,FALSE,0
"12466",7,"F",4,"Black","High",2,0,0,0,0,0,0,0,0,0,4,NA,FALSE,0
"12467",7,"M",4,"White","High",4,0,0,0,0,0,0,0,0,0,4,NA,FALSE,0
"12468",6,"M",4,"White","High",4,0,0,0,0,0,0,0,0,0,4,1,FALSE,0
"12469",6,"F",4,"Black","High",4,0,0,0,0,0,0,0,0,0,4,NA,FALSE,0
"12470",6,"F",4,NA,"High",4,1,0,0,0,0,1,0,0,1,1,1,TRUE,1
"12471",6,"M",4,"White","High",2,0,0,0,0,0,0,0,0,1,1,1,TRUE,1
"12472",7,"F",4,"Black","High",4,0,0,0,0,0,0,0,0,0,4,1,FALSE,0
"12473",6,"F",4,"Hispanic","High",2,0,0,0,0,0,0,0,0,1,1,1,TRUE,1
"12474",7,"M",4,"White","High",3,0,0,1,0,0,0,0,0,1,2,1,TRUE,1
"12475",6,"F",4,"White","High",4,0,0,0,0,0,0,0,0,0,3,NA,FALSE,0
"12476",6,"F",4,"White","High",4,0,0,0,0,0,0,0,0,0,4,1,FALSE,0
"12477",7,"M",4,"Black","High",3,0,0,0,0,0,1,0,0,0,3,NA,TRUE,0
"12478",8,"F",5,"Hispanic","High",3,0,0,0,0,0,1,0,0,1,2,NA,TRUE,1
"12479",7,"F",5,"Black","High",4,0,0,0,0,0,0,0,0,0,2,1,FALSE,1
"12480",7,"M",5,"White","High",4,0,0,0,0,0,0,0,0,0,3,1,FALSE,0
"12481",8,"F",5,"White","High",4,0,0,0,0,0,0,0,0,0,4,1,FALSE,0
"12482",8,"M",5,"White","High",2,0,1,0,0,0,0,0,0,1,1,NA,TRUE,1
"12483",8,"M",5,"Black","High",1,0,0,0,0,0,0,0,0,NA,1,1,NA,1
"12484",7,"F",5,"Black","High",2,0,0,0,0,0,0,0,0,0,4,NA,FALSE,0
"12485",4,"F",1,"Hispanic","Middle",4,0,0,0,0,0,0,0,0,0,4,1,FALSE,0
"12486",4,"M",1,NA,"Middle",4,0,0,0,0,0,0,0,0,0,4,NA,FALSE,0
"12487",4,"M",1,"White","Middle",4,0,0,0,0,0,0,0,0,0,4,NA,FALSE,0
"12488",4,"M",1,"Hispanic","Middle",3,0,0,0,0,0,0,0,0,0,3,NA,FALSE,0
"12489",3,"F",1,"Hispanic","Middle",4,0,0,0,0,0,0,0,0,0,4,1,FALSE,0
"12490",3,"M",1,"White","Middle",4,0,0,0,0,0,0,0,0,0,4,1,FALSE,0
"12491",4,"M",1,"White","Middle",4,0,0,0,0,0,0,0,0,0,4,1,FALSE,0
"12492",4,"F",1,"White","Middle",4,0,0,0,0,0,0,0,0,0,4,1,FALSE,0
"12493",4,"M",1,NA,"Middle",4,0,0,0,0,0,0,0,0,0,4,NA,FALSE,0
"12494",3,"F",1,"White","Middle",3,0,0,0,0,0,0,0,0,0,1,NA,FALSE,1
"12495",3,"F",1,"White","Middle",3,0,0,0,0,0,0,0,0,0,2,NA,FALSE,1
"12496",4,"M",1,"Asian","Middle",4,0,0,0,0,0,0,0,0,0,4,1,FALSE,0
"12497",4,"F",1,"White","Middle",4,0,0,0,0,0,0,0,0,0,4,1,FALSE,0
"12498",4,"M",1,"White","Middle",4,0,0,0,0,0,0,0,0,0,4,1,FALSE,0
"12499",3,"F",1,"White","Middle",4,0,0,0,0,0,0,0,0,0,4,1,FALSE,0
"12500",3,"M",1,"White","Middle",4,0,0,0,0,0,0,0,0,0,4,NA,FALSE,0
"12501",4,"M",1,"White","Middle",4,0,0,0,NA,NA,NA,NA,NA,0,4,1,NA,0
"12502",4,"F",1,"White","Middle",4,0,0,0,0,0,0,0,0,0,4,1,FALSE,0
"12503",3,"M",1,NA,"Middle",4,0,0,0,0,0,0,0,0,0,4,1,FALSE,0
"12504",4,"M",1,"White","Middle",4,0,0,0,0,0,0,0,0,0,4,NA,FALSE,0
"12505",3,"F",1,"White","Middle",4,0,0,0,0,0,0,0,0,0,4,1,FALSE,0
"12506",4,"F",1,"White","Middle",4,0,0,0,0,0,0,0,0,0,4,1,FALSE,0
"12507",3,"F",1,"Asian","Middle",4,0,0,0,0,0,0,0,0,0,3,1,FALSE,0
"12508",3,"M",1,"White","Middle",4,0,0,0,0,0,0,0,0,0,4,NA,FALSE,0
"12509",4,"F",1,"White","Middle",4,0,0,0,0,0,0,0,0,0,4,1,FALSE,0
"12510",3,"M",1,"White","Middle",3,0,0,0,0,0,0,0,0,0,3,1,FALSE,0
"12511",4,"M",1,"Black","Middle",4,0,0,0,0,0,0,0,0,0,3,NA,FALSE,0
"12512",4,"F",1,NA,"Middle",4,0,0,0,0,0,0,0,0,0,4,1,FALSE,0
"12513",3,"M",1,"White","Middle",4,0,NA,0,0,0,0,0,0,0,3,NA,NA,0
"12514",4,"M",1,"White","Middle",3,0,0,0,0,0,0,0,0,0,3,NA,FALSE,0
"12515",4,"M",1,"White","Middle",4,0,0,0,0,0,0,0,0,0,3,1,FALSE,0
"12516",4,"M",1,"White","Middle",4,0,0,0,0,0,0,0,0,0,3,1,FALSE,0
"12517",3,"F",1,"White","Middle",4,0,0,0,0,0,0,0,0,0,4,NA,FALSE,0
"12518",4,"M",1,"White","Middle",4,0,0,0,0,0,1,0,0,1,2,NA,TRUE,1
"12519",5,"F",3,"White","Middle",3,0,0,0,0,0,1,0,0,1,1,1,TRUE,1
"12520",5,"M",3,"Hispanic","Middle",4,0,0,0,0,0,0,0,0,0,4,NA,FALSE,0
"12521",5,"M",3,"White","Middle",4,0,0,0,0,0,0,0,0,0,4,1,FALSE,0
"12522",5,"F",3,"Black","Middle",2,0,0,0,0,0,0,0,0,0,2,NA,FALSE,1
"12523",6,"F",3,"Black","Middle",4,0,0,0,0,0,0,0,0,0,2,NA,FALSE,1
"12524",6,"F",3,"White","Middle",4,0,0,0,0,0,0,0,0,0,4,1,FALSE,0
"12525",5,"F",3,NA,"Middle",4,0,0,0,0,0,0,0,0,0,4,1,FALSE,0
"12526",6,"F",3,"Black","Middle",3,0,0,0,0,0,0,0,0,0,1,1,FALSE,1
"12527",5,"F",3,"Black","Middle",4,0,0,0,0,0,0,0,0,0,1,NA,FALSE,1
"12528",6,"M",3,"White","Middle",4,0,0,0,0,0,0,0,0,0,1,1,FALSE,1
"12529",6,"M",3,"White","Middle",4,0,0,0,0,0,0,0,0,0,3,1,FALSE,0
"12530",6,"M",3,"Black","Middle",3,0,0,0,0,0,0,0,0,0,4,NA,FALSE,0
"12531",6,"M",3,"Hispanic","Middle",4,0,0,0,0,0,0,0,0,0,4,NA,FALSE,0
"12532",6,"M",3,"Black","Middle",3,0,0,0,0,0,0,0,0,0,3,NA,FALSE,0
"12533",6,"M",3,"White","Middle",4,0,0,0,0,0,0,0,0,0,4,1,FALSE,0
"12534",6,"M",3,"White","Middle",4,0,0,0,0,0,0,0,0,0,2,NA,FALSE,1
"12535",6,"M",3,"Hispanic","Middle",4,0,0,0,0,0,0,0,0,0,4,1,FALSE,0
"12536",5,"M",3,"White","Middle",3,0,0,0,0,0,0,0,0,0,4,1,FALSE,0
"12537",5,"M",3,"White","Middle",4,0,0,0,0,0,0,0,0,0,4,1,FALSE,0
"12538",6,"F",3,"White","Middle",4,0,0,0,0,0,0,0,0,0,4,1,FALSE,0
"12539",5,"M",3,"White","Middle",4,0,0,0,0,0,0,0,0,0,3,1,FALSE,0
"12540",5,"M",3,"White","Middle",4,0,0,0,0,0,0,0,0,0,4,1,FALSE,0
"12541",6,"F",3,"White","Middle",3,0,0,0,0,0,0,0,0,0,2,1,FALSE,1
"12542",6,"F",3,"White","Middle",4,0,0,0,0,0,0,0,0,0,4,1,FALSE,0
"12543",6,"F",3,"Black","Middle",4,0,0,0,0,0,0,0,0,0,2,1,FALSE,1
"12544",6,"M",3,"Asian","Middle",3,0,0,0,0,0,0,0,0,0,2,1,FALSE,1
"12545",5,"M",3,"Asian","Middle",4,0,0,0,0,0,0,0,0,0,4,1,FALSE,0
"12546",6,"F",3,"Hispanic","Middle",4,0,0,0,0,0,0,0,0,0,4,1,FALSE,0
"12547",6,"F",3,"White","Middle",4,0,0,0,0,0,0,0,0,0,2,1,FALSE,1
"12548",6,"M",3,"White","Middle",2,0,0,0,0,0,1,0,0,1,1,NA,TRUE,1
"12549",6,"F",3,"White","Middle",4,0,0,0,0,0,0,0,0,0,2,1,FALSE,1
"12550",5,"M",3,"Black","Middle",3,0,0,0,0,0,0,0,0,0,4,1,FALSE,0
"12551",5,"F",3,"White","Middle",3,0,0,0,0,0,0,0,0,0,2,NA,FALSE,1
"12552",5,"M",3,"White","Middle",4,0,0,0,0,0,0,0,0,0,4,1,FALSE,0
"12553",5,"M",3,"Hispanic","Middle",4,0,0,0,0,0,0,0,0,0,1,1,FALSE,1
"12554",5,"M",3,"White","Middle",4,0,0,NA,0,0,0,0,0,0,4,1,NA,0
"12555",6,"F",3,"Black","Middle",4,0,0,0,0,0,0,0,0,0,3,1,FALSE,0
"12556",6,"F",3,"White","Middle",4,0,0,0,0,0,0,0,0,0,2,NA,FALSE,1
"12557",6,"M",3,"Asian","Middle",4,0,0,0,0,0,0,0,0,0,4,1,FALSE,0
"12558",6,"F",3,"Asian","Middle",4,0,0,0,0,0,0,0,0,0,4,1,FALSE,0
"12559",5,"F",3,"Black","Middle",4,0,0,0,0,0,0,0,0,0,4,1,FALSE,0
"12560",6,"F",3,"White","Middle",4,0,0,0,0,0,0,0,0,0,4,1,FALSE,0
"12561",5,"F",3,"Asian","Middle",4,0,0,0,0,0,0,0,0,0,3,1,FALSE,0
"12562",6,"F",3,"White","Middle",4,0,0,0,0,0,0,0,0,0,4,1,FALSE,0
"12563",5,"F",3,"White","Middle",4,0,0,0,0,0,0,0,0,0,4,1,FALSE,0
"12564",4,"M",2,"White","Middle",4,0,0,0,0,0,0,0,0,0,4,NA,FALSE,0
"12565",5,"M",2,"Black","Middle",4,0,0,0,0,0,0,0,0,0,4,1,FALSE,0
"12566",5,"F",2,"Black","Middle",3,0,0,0,0,0,0,0,0,0,2,1,FALSE,1
"12567",5,"M",2,"White","Middle",4,0,0,0,0,0,0,0,0,0,2,1,FALSE,1
"12568",4,"F",2,"Black","Middle",2,0,0,0,0,0,0,0,0,0,1,1,FALSE,1
"12569",5,"F",2,"Black","Middle",3,0,0,0,0,0,0,0,0,0,4,1,FALSE,0
"12570",5,"M",2,"White","Middle",3,0,0,0,0,0,0,0,0,0,NA,1,FALSE,NA
"12571",5,"F",2,"Asian","Middle",4,0,0,0,0,0,0,0,0,0,4,1,FALSE,0
"12572",5,"M",2,"Asian","Middle",4,0,0,0,0,0,0,0,0,0,4,1,FALSE,0
"12573",4,"F",2,"White","Middle",4,0,0,0,0,0,0,0,0,0,4,NA,FALSE,0
"12574",4,"F",2,"White","Middle",4,0,0,0,0,0,0,0,0,0,4,NA,FALSE,0
"12575",5,"M",2,"White","Middle",4,0,0,0,0,0,0,0,0,0,4,1,FALSE,0
"12576",4,"F",2,"White","Middle",4,0,0,0,0,0,0,0,0,0,4,1,FALSE,0
"12577",4,"M",2,"White","Middle",4,0,0,0,0,0,0,0,0,0,2,1,FALSE,1
"12578",5,"M",2,"White","Middle",4,0,0,0,0,0,0,0,0,0,4,1,FALSE,0
"12579",4,"F",2,"Black","Middle",3,0,0,0,0,0,0,0,0,0,4,1,FALSE,0
"12580",5,"F",2,"White","Middle",4,0,0,0,0,0,0,0,0,0,4,1,FALSE,0
"12581",4,"F",2,"White","Middle",4,0,0,0,0,0,0,0,0,0,2,NA,FALSE,1
"12582",5,"F",2,"White","Middle",4,0,0,0,0,0,0,0,0,0,1,NA,FALSE,1
"12583",4,"F",2,"White","Middle",4,0,0,0,0,0,0,0,0,0,2,NA,FALSE,1
"12584",5,"M",2,"White","Middle",4,0,0,0,0,0,0,0,0,0,4,1,FALSE,0
"12585",4,"F",2,"Asian","Middle",4,0,0,0,0,0,0,0,0,0,4,1,FALSE,0
"12586",5,"F",2,"Asian","Middle",4,0,0,0,0,0,0,0,0,0,4,1,FALSE,0
"12587",6,"M",2,"Asian","Middle",4,0,0,0,0,0,0,0,0,0,1,1,FALSE,1
"12588",5,"F",2,"Asian","Middle",4,0,0,0,0,0,0,0,0,0,4,1,FALSE,0
"12589",4,"F",2,NA,"Middle",4,0,0,0,0,0,0,0,0,0,4,1,FALSE,0
"12590",5,"F",2,"White","Middle",4,0,0,0,0,0,0,0,0,0,4,1,FALSE,0
"12591",5,"F",2,"White","Middle",4,0,0,0,0,0,0,0,0,0,3,1,FALSE,0
"12592",5,"F",2,"White","Middle",4,0,0,0,0,0,0,0,0,0,4,1,FALSE,0
"12593",5,"F",2,"Asian","Middle",4,0,0,0,0,0,0,0,0,0,4,NA,FALSE,0
"12594",5,"F",2,"Asian","Middle",4,0,0,0,0,0,0,0,0,0,4,NA,FALSE,0
"12595",4,"F",2,"Asian","Middle",4,0,0,0,0,0,0,0,0,0,4,1,FALSE,0
"12596",4,"M",2,"White","Middle",3,0,0,0,0,0,0,0,0,0,2,NA,FALSE,1
"12597",5,"M",2,"White","Middle",4,0,0,0,0,0,0,0,0,0,4,1,FALSE,0
"12598",4,"M",2,"White","Middle",4,0,0,0,0,0,0,0,0,0,4,1,FALSE,0
"12599",5,"M",2,"White","Middle",4,0,0,0,0,0,0,0,0,0,1,1,FALSE,1
"12600",5,"M",2,"White","Middle",4,0,0,0,0,0,0,0,0,0,4,1,FALSE,0
"12601",5,"M",2,"White","Middle",4,0,0,0,0,0,0,0,0,0,4,1,FALSE,0
"12602",4,"M",2,"White","Middle",4,0,0,0,0,0,0,0,0,0,4,1,FALSE,0
"12603",5,"M",2,"White","Middle",4,0,0,0,0,0,0,0,0,0,4,1,FALSE,0
"12604",4,"M",1,"Black","Middle",4,0,0,0,0,0,0,0,0,0,4,NA,FALSE,0
"12605",4,"M",1,"White","Middle",4,0,0,0,0,0,0,0,0,0,2,NA,FALSE,1
"12606",3,"M",1,"White","Middle",4,0,0,0,0,0,0,0,0,0,2,1,FALSE,1
"12607",3,"M",1,"White","Middle",4,0,0,0,0,0,0,0,0,0,4,1,FALSE,0
"12608",5,"M",1,"Black","Middle",3,0,0,0,0,0,0,0,0,0,3,NA,FALSE,0
"12609",3,"M",1,"White","Middle",4,0,0,0,0,0,0,0,0,0,4,1,FALSE,0
"12610",4,"F",1,NA,"Middle",4,0,0,0,0,0,0,0,0,0,4,NA,FALSE,0
"12611",4,"M",1,"White","Middle",3,0,0,0,0,0,0,0,0,0,2,NA,FALSE,1
"12612",4,"F",1,"White","Middle",4,0,0,0,0,0,0,0,0,0,4,NA,FALSE,0
"12613",4,"M",1,NA,"Middle",4,0,0,0,0,0,0,0,0,0,3,1,FALSE,0
"12614",3,"F",1,"White","Middle",4,0,0,0,0,0,0,0,0,0,4,1,FALSE,0
"12615",4,"F",1,"Hispanic","Middle",4,0,0,0,0,0,0,0,0,0,4,NA,FALSE,0
"12616",3,"F",1,"Black","Middle",4,0,0,0,0,0,0,0,0,0,3,1,FALSE,0
"12617",4,"F",1,"White","Middle",4,0,0,0,0,0,0,0,0,0,4,1,FALSE,0
"12618",3,"M",1,"Black","Middle",4,0,0,0,0,0,0,0,0,0,4,NA,FALSE,0
"12619",4,"F",1,"Hispanic","Middle",4,0,0,0,0,0,0,0,0,0,4,1,FALSE,0
"12620",3,"M",1,NA,"Middle",4,0,0,0,0,0,0,0,0,0,4,1,FALSE,0
"12621",4,"M",1,"Black","Middle",4,0,0,0,0,0,0,0,0,0,3,NA,FALSE,0
"12622",4,"M",1,"Hispanic","Middle",4,0,0,0,0,0,0,0,0,0,3,NA,FALSE,0
"12623",4,"F",1,"Black","Middle",NA,0,NA,NA,0,0,0,0,0,NA,NA,1,NA,NA
"12624",3,"F",1,"Black","Middle",4,0,0,0,0,0,0,0,0,0,4,1,FALSE,0
"12625",4,"F",1,"White","Middle",4,0,0,0,0,0,0,0,0,0,4,1,FALSE,0
"12626",4,"F",1,"White","Middle",4,0,0,0,0,0,0,0,0,0,4,1,FALSE,0
"12627",3,"F",1,"Black","Middle",4,0,0,0,0,0,0,0,0,0,4,1,FALSE,0
"12628",4,"F",1,"White","Middle",4,0,NA,0,0,0,0,0,0,0,4,1,NA,0
"12629",4,"F",1,"Hispanic","Middle",4,0,0,0,0,0,0,0,0,0,4,1,FALSE,0
"12630",4,"F",1,"White","Middle",3,0,0,0,0,0,0,0,0,0,4,1,FALSE,0
"12631",3,"F",1,"Hispanic","Middle",4,0,0,0,0,0,0,0,0,0,2,NA,FALSE,1
"12632",3,"F",1,"White","Middle",4,0,0,0,0,0,0,0,0,0,4,1,FALSE,0
"12633",4,"F",1,"White","Middle",4,0,0,0,0,0,0,0,0,0,4,1,FALSE,0
"12634",6,"M",3,"Hispanic","Middle",3,0,0,0,0,0,0,0,0,0,1,NA,FALSE,1
"12635",4,"M",1,"Black","Middle",4,0,0,0,0,0,0,0,0,0,4,NA,FALSE,0
"12636",3,"M",1,"Black","Middle",4,0,0,0,0,0,0,0,0,0,4,NA,FALSE,0
"12637",4,"M",1,"Black","Middle",4,0,0,0,0,0,0,0,0,0,2,NA,FALSE,1
"12638",3,"F",1,"Hispanic","Middle",4,0,0,0,0,0,0,0,0,0,4,1,FALSE,0
"12639",4,"F",1,"Black","Middle",4,0,0,0,0,0,0,0,0,0,4,1,FALSE,0
"12640",5,"M",1,"Black","Middle",4,0,0,0,0,0,0,0,0,0,4,1,FALSE,0
"12641",4,"F",1,"Hispanic","Middle",4,0,0,0,0,0,0,0,0,0,4,1,FALSE,0
"12642",4,"M",1,"Asian","Middle",4,0,0,0,0,0,0,0,0,0,4,1,FALSE,0
"12643",4,"M",1,"White","Middle",4,0,0,0,0,0,0,0,0,0,4,1,FALSE,0
"12644",3,"M",1,"Hispanic","Middle",4,0,0,0,0,0,0,0,0,0,4,1,FALSE,0
"12645",4,"F",1,"White","Middle",4,0,0,0,0,0,0,0,0,0,4,1,FALSE,0
"12646",4,"M",1,"White","Middle",4,0,0,0,0,0,0,0,0,0,4,1,FALSE,0
"12647",3,"F",1,"Hispanic","Middle",4,0,0,0,0,0,0,0,0,0,3,1,FALSE,0
"12648",3,"F",1,"Asian","Middle",4,0,0,0,0,0,0,0,0,0,4,NA,FALSE,0
"12649",3,"F",1,"Hispanic","Middle",4,0,0,0,0,0,0,0,0,0,3,1,FALSE,0
"12650",4,"F",1,"Black","Middle",4,0,0,0,0,0,0,0,0,0,4,1,FALSE,0
"12651",3,"M",1,"White","Middle",4,0,0,0,0,0,0,0,0,0,4,1,FALSE,0
"12652",3,"F",1,"Black","Middle",4,0,0,0,0,0,0,0,0,0,4,1,FALSE,0
"12653",5,"F",2,"White","Middle",4,0,0,0,0,0,0,0,0,0,3,1,FALSE,0
"12654",5,"F",2,"White","Middle",4,0,0,0,0,0,0,0,0,0,4,1,FALSE,0
"12655",5,"M",2,"Hispanic","Middle",3,0,0,0,0,0,0,0,0,0,2,NA,FALSE,1
"12656",5,"M",2,"Hispanic","Middle",3,0,0,0,0,0,0,0,0,0,2,1,FALSE,1
"12657",5,"F",2,"Black","Middle",4,0,0,0,0,0,0,0,0,0,3,1,FALSE,0
"12658",5,"F",2,"Black","Middle",3,0,0,0,0,0,0,0,0,0,2,1,FALSE,1
"12659",5,"F",2,"White","Middle",4,0,0,0,0,0,0,0,0,1,2,NA,TRUE,1
"12660",4,"F",2,"Black","Middle",4,0,0,0,0,0,0,0,0,0,3,1,FALSE,0
"12661",4,"M",2,"Black","Middle",3,0,0,0,0,0,0,0,0,0,3,1,FALSE,0
"12662",5,"M",2,"Black","Middle",4,0,NA,0,0,0,0,0,0,0,3,NA,NA,0
"12663",5,"M",2,NA,"Middle",4,0,0,0,0,0,0,0,0,0,4,1,FALSE,0
"12664",5,"M",2,"Hispanic","Middle",4,0,0,0,0,0,0,0,0,0,4,1,FALSE,0
"12665",4,"M",2,"Hispanic","Middle",3,0,0,0,0,0,0,0,0,0,4,1,FALSE,0
"12666",4,"M",2,"White","Middle",4,0,0,0,0,0,0,0,0,0,1,1,FALSE,1
"12667",5,"M",2,"Hispanic","Middle",4,0,0,0,0,0,0,0,0,0,4,1,FALSE,0
"12668",5,"F",2,"Black","Middle",4,0,0,0,0,0,0,0,0,0,4,NA,FALSE,0
"12669",4,"F",2,"Hispanic","Middle",4,0,0,0,0,0,0,0,0,0,4,1,FALSE,0
"12670",5,"M",2,"White","Middle",4,0,0,0,0,0,0,0,0,0,4,1,FALSE,0
"12671",4,"M",2,"Hispanic","Middle",4,0,0,0,NA,NA,NA,NA,NA,0,1,NA,NA,1
"12672",5,"M",2,"Hispanic","Middle",4,0,0,0,0,0,0,0,0,0,NA,1,FALSE,NA
"12673",5,"M",2,"Hispanic","Middle",4,NA,0,0,0,0,0,0,0,0,4,1,NA,0
"12674",5,"F",2,"Asian","Middle",4,0,0,0,0,0,0,0,0,0,4,NA,FALSE,0
"12675",5,"F",2,"White","Middle",4,0,0,0,0,0,0,0,0,0,4,1,FALSE,0
"12676",4,"F",2,"White","Middle",4,0,0,0,0,0,0,0,0,0,3,1,FALSE,0
"12677",4,"F",2,"White","Middle",4,0,0,0,0,0,0,0,0,0,4,1,FALSE,0
"12678",4,"F",2,"Hispanic","Middle",2,1,1,0,0,1,1,1,0,1,1,NA,TRUE,1
"12679",4,"F",2,"Asian","Middle",4,0,0,0,0,0,0,0,0,0,3,NA,FALSE,0
"12680",5,"M",2,"White","Middle",2,0,0,0,0,0,0,0,0,0,1,1,FALSE,1
"12681",5,"F",2,"White","Middle",4,0,0,0,0,0,0,0,0,0,2,NA,FALSE,1
"12682",5,"F",2,"White","Middle",4,0,0,0,0,0,0,0,0,0,4,NA,FALSE,0
"12683",5,"M",2,"Hispanic","Middle",2,0,0,0,0,0,0,0,0,0,3,NA,FALSE,0
"12684",4,"M",2,"Hispanic","Middle",4,0,0,0,0,0,0,0,0,0,NA,1,FALSE,NA
"12685",4,"F",2,"Asian","Middle",4,0,0,0,0,0,0,0,0,0,4,1,FALSE,0
"12686",4,"F",2,"White","Middle",4,0,0,0,0,0,0,0,0,0,3,1,FALSE,0
"12687",6,"F",3,"White","Middle",4,0,0,0,0,0,0,0,0,0,4,1,FALSE,0
"12688",6,"M",3,"Asian","Middle",3,0,0,0,0,0,0,0,0,0,3,1,FALSE,0
"12689",6,"F",3,"White","Middle",3,0,0,0,0,0,0,0,0,0,2,1,FALSE,1
"12690",6,"M",3,"Hispanic","Middle",3,0,0,0,0,0,0,0,0,0,3,NA,FALSE,0
"12691",5,"F",3,"White","Middle",4,0,0,0,0,0,0,0,0,0,4,1,FALSE,0
"12692",5,"M",3,"White","Middle",4,0,0,0,0,0,0,0,0,0,4,1,FALSE,0
"12693",5,"F",3,"Black","Middle",3,0,0,0,0,0,0,0,0,0,4,1,FALSE,0
"12694",6,"F",3,"Black","Middle",4,0,0,0,0,0,0,0,0,0,2,NA,FALSE,1
"12695",6,"M",3,"Hispanic","Middle",4,0,0,0,0,0,0,0,0,0,4,1,FALSE,0
"12696",5,"F",3,"Hispanic","Middle",3,0,0,0,0,0,0,0,0,0,3,1,FALSE,0
"12697",5,"M",3,"White","Middle",4,0,0,0,0,0,0,0,0,0,NA,NA,FALSE,NA
"12698",6,"M",3,"White","Middle",3,0,0,0,0,0,0,0,0,0,3,1,FALSE,0
"12699",5,"M",3,"White","Middle",4,0,0,0,0,0,0,0,0,0,2,1,FALSE,1
"12700",5,"M",3,"Black","Middle",4,0,0,0,0,0,0,0,0,0,4,NA,FALSE,0
"12701",5,"F",3,"Hispanic","Middle",4,0,0,0,0,0,0,0,0,0,4,1,FALSE,0
"12702",5,"F",3,"Black","Middle",4,0,0,0,0,0,0,0,0,0,2,1,FALSE,1
"12703",6,"F",3,"White","Middle",3,0,0,0,0,0,0,0,0,0,3,NA,FALSE,0
"12704",6,"M",3,"White","Middle",4,0,0,0,0,0,0,0,0,0,4,NA,FALSE,0
"12705",5,"F",3,"Hispanic","Middle",3,0,0,0,0,0,0,0,0,0,2,1,FALSE,1
"12706",5,"F",3,"White","Middle",4,0,0,0,0,0,0,0,0,0,4,1,FALSE,0
"12707",5,"F",3,"Black","Middle",4,0,0,0,0,0,0,0,0,0,4,1,FALSE,0
"12708",6,"F",3,"Black","Middle",4,0,0,0,0,0,0,0,0,0,4,1,FALSE,0
"12709",5,"F",3,"White","Middle",4,0,0,0,0,0,0,0,0,0,2,1,FALSE,1
"12710",5,"F",3,"White","Middle",4,0,0,0,0,0,0,0,0,0,4,1,FALSE,0
"12711",5,"M",3,NA,"Middle",1,0,0,0,0,0,0,0,0,0,3,NA,FALSE,0
"12712",6,"M",3,"White","Middle",4,0,0,0,0,0,0,0,0,0,4,NA,FALSE,0
"12713",5,"F",3,"Hispanic","Middle",3,0,0,0,0,0,1,0,0,1,1,1,TRUE,1
"12714",5,"F",3,"White","Middle",4,0,0,0,0,0,0,0,0,0,3,NA,FALSE,0
"12715",5,"F",3,"Hispanic","Middle",4,0,0,0,0,0,0,0,0,0,2,NA,FALSE,1
"12716",5,"M",3,"Black","Middle",4,0,0,0,0,0,0,0,0,0,4,1,FALSE,0
"12717",5,"M",3,"Black","Middle",4,0,0,0,0,0,0,0,0,0,4,1,FALSE,0
"12718",5,"M",3,"Hispanic","Middle",4,0,0,0,0,0,0,0,0,0,4,1,FALSE,0
"12719",6,"F",3,"Asian","Middle",4,0,0,0,0,0,0,0,0,0,1,1,FALSE,1
"12720",6,"F",3,"Asian","Middle",4,0,0,0,0,0,0,0,0,0,4,1,FALSE,0
"12721",5,"F",3,"Asian","Middle",4,0,0,0,0,0,0,0,0,0,4,1,FALSE,0
"12722",6,"F",3,"White","Middle",4,0,0,0,0,0,0,0,0,0,4,NA,FALSE,0
"12723",6,"F",3,"White","Middle",4,0,0,0,NA,NA,NA,NA,NA,0,4,1,NA,0
"12724",6,"M",3,"White","Middle",4,0,0,0,0,0,0,0,0,0,4,1,FALSE,0
"12725",5,"F",3,"White","Middle",4,0,0,0,0,0,0,0,0,NA,4,1,NA,0
"12726",5,"F",3,"Asian","Middle",4,0,0,0,0,0,0,0,0,0,4,1,FALSE,0
"12727",6,"M",3,"White","Middle",4,0,0,0,0,0,0,0,0,0,2,NA,FALSE,1
"12728",6,"F",3,"Black","Middle",3,0,0,0,0,0,0,0,0,0,1,1,FALSE,1
"12729",6,"F",3,"White","Middle",4,0,0,0,0,0,0,0,0,0,1,NA,FALSE,1
"12730",6,"F",3,"Black","Middle",4,0,0,0,0,0,1,0,0,1,1,NA,TRUE,1
"12731",6,"F",3,"Black","Middle",2,0,0,0,0,0,0,0,0,0,1,NA,FALSE,1
"12732",5,"M",3,"White","Middle",NA,0,0,0,0,0,0,0,0,0,4,1,FALSE,0
"12733",6,"M",3,"White","Middle",4,0,0,0,0,0,0,0,0,0,4,1,FALSE,0
"12734",6,"M",3,"Black","Middle",4,0,0,0,0,0,0,0,0,0,2,1,FALSE,1
"12735",5,"M",3,"White","Middle",3,0,0,0,0,0,0,0,0,0,4,NA,FALSE,0
"12736",11,"M",7,"Black","High",4,0,0,0,0,0,0,0,0,0,3,NA,FALSE,0
"12737",10,"M",7,"Hispanic","High",4,0,0,0,0,0,0,0,0,0,4,1,FALSE,0
"12738",10,"M",7,"Black","High",4,0,0,0,0,0,0,0,0,0,4,1,FALSE,0
"12739",9,"M",7,"Black","High",4,0,0,0,0,0,0,0,0,0,4,1,FALSE,0
"12740",10,"M",7,"Black","High",3,0,1,0,0,0,1,0,0,1,1,NA,TRUE,1
"12741",9,"M",7,"Black","High",3,0,0,0,0,0,0,0,0,0,4,1,FALSE,0
"12742",9,"M",7,NA,"High",4,0,0,0,0,0,0,0,0,0,4,1,FALSE,0
"12743",10,"M",7,"Black","High",4,0,0,0,0,0,0,0,0,0,4,1,FALSE,0
"12744",9,"M",7,"Black","High",NA,0,NA,NA,NA,NA,NA,NA,NA,NA,NA,NA,NA,NA
"12745",9,"M",7,"Black","High",4,0,0,0,0,0,0,0,0,0,4,1,FALSE,0
"12746",9,"F",7,"Black","High",4,0,0,0,0,0,0,0,0,0,1,1,FALSE,1
"12747",9,"F",7,"Black","High",4,0,0,0,0,0,0,0,0,0,4,1,FALSE,0
"12748",9,"F",7,"Black","High",2,0,1,0,0,0,0,0,0,0,4,1,TRUE,0
"12749",9,"M",6,"Black","High",2,0,NA,0,0,0,0,0,0,0,4,NA,NA,0
"12750",9,"F",6,"Hispanic","High",3,0,0,0,0,0,0,0,0,0,4,1,FALSE,0
"12751",9,"F",6,"Black","High",1,0,0,0,0,0,1,0,0,0,3,NA,TRUE,0
"12752",9,"F",6,"Black","High",2,0,1,0,0,0,0,0,0,0,1,1,TRUE,1
"12753",8,"M",6,"Black","High",2,0,0,0,0,0,0,0,0,0,1,NA,FALSE,1
"12754",10,"M",6,"Black","High",1,0,NA,0,0,0,0,0,0,1,1,NA,TRUE,1
"12755",10,NA,6,"Black","High",3,0,0,0,0,0,0,0,0,0,1,1,FALSE,1
"12756",9,"F",6,"Black","High",3,0,0,0,0,0,0,0,0,0,1,NA,FALSE,1
"12757",8,"M",6,"White","High",4,0,0,0,0,0,0,0,0,0,4,1,FALSE,0
"12758",8,"M",6,"Black","High",2,0,0,0,0,0,0,0,0,0,1,1,FALSE,1
"12759",9,"M",6,"Hispanic","High",1,1,1,0,0,0,0,0,0,0,1,NA,TRUE,1
"12760",9,"M",6,"Black","High",2,0,1,0,0,0,1,0,0,0,4,1,TRUE,0
"12761",9,"F",6,"Black","High",2,0,1,0,NA,NA,NA,NA,NA,0,4,1,TRUE,0
"12762",6,"F",4,"White","High",3,0,0,0,NA,NA,NA,NA,NA,1,2,NA,TRUE,1
"12763",6,"F",4,"Black","High",4,0,0,0,0,0,0,0,0,0,2,NA,FALSE,1
"12764",6,"F",4,"Black","High",4,0,0,0,0,0,0,0,0,0,2,1,FALSE,1
"12765",7,"F",4,"White","High",4,0,0,0,0,0,0,0,0,0,2,NA,FALSE,1
"12766",6,"F",4,"Black","High",4,0,0,0,0,0,0,0,0,0,4,1,FALSE,0
"12767",7,"M",4,"Black","High",4,0,0,0,0,0,0,0,0,0,3,1,FALSE,0
"12768",7,"M",4,"White","High",4,0,0,0,0,0,0,0,0,0,4,1,FALSE,0
"12769",6,"M",4,"White","High",4,0,0,0,0,0,0,0,0,0,4,NA,FALSE,0
"12770",6,"F",4,"Black","High",3,0,0,0,0,0,0,0,0,0,1,NA,FALSE,1
"12771",7,"M",4,"Hispanic","High",4,0,0,0,NA,NA,NA,NA,NA,1,1,NA,TRUE,1
"12772",7,"M",4,"Black","High",4,0,0,0,0,0,0,0,0,0,4,1,FALSE,0
"12773",7,"F",4,"Black","High",4,0,0,0,0,0,0,0,0,0,2,NA,FALSE,1
"12774",7,"F",4,"Hispanic","High",3,0,0,0,NA,NA,NA,NA,NA,0,1,1,NA,1
"12775",7,"M",4,NA,"High",4,0,0,0,0,0,0,0,0,0,2,1,FALSE,1
"12776",8,"M",4,"Black","High",3,0,0,0,0,0,0,0,0,0,3,NA,FALSE,0
"12777",8,"M",5,NA,"High",2,0,1,0,NA,NA,NA,NA,NA,1,2,NA,TRUE,1
"12778",7,"F",4,"White","High",4,0,0,0,NA,NA,NA,NA,NA,0,4,1,NA,0
"12779",6,"F",4,"White","High",3,0,0,0,0,0,0,0,0,0,2,NA,FALSE,1
"12780",7,"F",4,"AI/AN","High",4,0,0,0,0,0,0,0,0,0,2,NA,FALSE,1
"12781",8,"M",5,NA,"High",4,0,0,0,0,0,0,0,0,0,1,1,FALSE,1
"12782",8,"F",5,"Hispanic","High",4,0,0,0,0,0,0,0,0,1,2,1,TRUE,1
"12783",7,"F",5,"White","High",3,0,0,0,0,0,0,0,0,0,4,NA,FALSE,0
"12784",8,"M",5,"White","High",4,0,0,0,0,0,0,0,0,0,4,NA,FALSE,0
"12785",7,"M",5,"White","High",4,0,0,0,0,0,0,0,0,0,4,1,FALSE,0
"12786",8,"M",5,"Black","High",3,0,0,0,0,0,0,0,0,0,2,1,FALSE,1
"12787",8,"M",5,"Hispanic","High",2,0,1,0,0,0,0,0,0,0,1,1,TRUE,1
"12788",8,"M",5,"Black","High",4,0,0,0,0,0,0,0,0,0,4,NA,FALSE,0
"12789",8,"M",5,"Asian","High",4,0,0,0,0,0,0,0,0,0,4,NA,FALSE,0
"12790",8,"F",5,"White","High",4,0,0,0,0,0,0,0,0,0,2,NA,FALSE,1
"12791",7,"M",5,"White","High",3,0,0,0,0,0,0,0,0,0,3,1,FALSE,0
"12792",8,"F",5,"White","High",4,0,0,0,0,0,0,0,0,0,4,NA,FALSE,0
"12793",8,"M",6,"White","High",1,0,0,0,0,0,0,0,0,0,4,NA,FALSE,0
"12794",8,"F",5,"White","High",4,0,0,0,0,0,0,0,0,0,2,1,FALSE,1
"12795",7,"F",5,"White","High",4,0,0,0,0,0,0,0,0,0,2,1,FALSE,1
"12796",6,"F",4,"White","High",3,0,0,0,0,0,0,0,0,0,4,1,FALSE,0
"12797",7,"M",4,"Black","High",4,0,0,0,0,0,0,0,0,0,1,NA,FALSE,1
"12798",7,"M",4,"Black","High",4,0,0,0,0,0,0,0,0,0,4,NA,FALSE,0
"12799",7,"M",4,"Black","High",4,0,0,0,0,0,0,0,0,0,4,1,FALSE,0
"12800",7,"F",4,NA,"High",2,0,0,0,0,0,0,0,0,0,1,NA,FALSE,1
"12801",7,"M",4,"Black","High",2,0,1,0,0,0,1,0,0,1,1,NA,TRUE,1
"12802",6,"F",4,"White","High",4,0,0,0,0,0,0,0,0,0,4,1,FALSE,0
"12803",6,"M",4,"Hispanic","High",4,0,0,0,0,0,0,0,0,0,4,NA,FALSE,0
"12804",9,"M",6,"Hispanic","High",4,0,0,0,0,0,0,0,0,0,4,1,FALSE,0
"12805",6,"M",4,"White","High",4,0,0,0,0,0,0,0,0,0,2,NA,FALSE,1
"12806",6,"M",4,"Asian","High",3,0,0,0,0,0,0,0,0,0,2,1,FALSE,1
"12807",8,"M",5,"Hispanic","High",2,NA,NA,0,0,0,0,0,1,NA,2,NA,TRUE,1
"12808",7,"F",4,"White","High",4,0,0,0,0,0,0,0,0,0,4,1,FALSE,0
"12809",6,"M",4,"Black","High",4,0,0,0,0,0,0,0,0,0,4,1,FALSE,0
"12810",7,"F",4,"Black","High",3,0,0,0,0,0,0,0,0,0,4,1,FALSE,0
"12811",7,"M",4,"Hispanic","High",3,0,0,0,0,0,0,0,0,0,1,1,FALSE,1
"12812",6,"F",4,"NHOPI","High",4,0,0,0,0,0,0,0,0,0,3,NA,FALSE,0
"12813",6,"F",4,"Black","High",2,0,0,0,0,0,0,0,0,0,2,1,FALSE,1
"12814",7,"F",4,"Black","High",NA,0,0,0,0,0,0,0,0,0,4,1,FALSE,0
"12815",9,"F",7,"Black","High",4,0,0,0,0,0,0,0,0,0,4,1,FALSE,0
"12816",9,"M",7,"Hispanic","High",3,0,0,0,0,0,1,0,0,1,1,NA,TRUE,1
"12817",9,"F",6,"Hispanic","High",4,0,0,0,0,0,0,0,0,0,4,NA,FALSE,0
"12818",10,"F",7,"Black","High",4,0,0,0,0,0,0,0,0,0,4,1,FALSE,0
"12819",9,"M",7,"Hispanic","High",2,0,1,0,0,0,0,0,0,0,4,1,TRUE,0
"12820",9,"M",7,"Black","High",3,1,0,0,0,0,0,0,0,0,1,NA,TRUE,1
"12821",9,"M",7,"Black","High",4,0,0,0,0,0,0,0,0,0,4,1,FALSE,0
"12822",9,"M",7,"Asian","High",3,0,0,0,0,0,0,0,0,1,2,NA,TRUE,1
"12823",9,"M",7,"White","High",4,0,0,0,0,0,0,0,0,0,NA,NA,FALSE,NA
"12824",9,"F",6,"Black","High",4,0,0,0,0,0,0,0,0,0,4,1,FALSE,0
"12825",9,"F",7,"Black","High",4,0,0,0,0,0,0,0,0,0,4,1,FALSE,0
"12826",9,"F",7,"Black","High",4,0,0,0,0,0,0,0,0,0,4,1,FALSE,0
"12827",9,"F",7,"White","High",2,0,1,0,0,0,0,0,0,0,2,1,TRUE,1
"12828",10,"F",7,"Hispanic","High",4,0,0,0,0,0,0,0,0,0,2,1,FALSE,1
"12829",9,"F",7,"Asian","High",3,0,0,0,0,0,0,0,0,0,4,1,FALSE,0
"12830",9,"M",7,"Black","High",4,0,0,0,0,0,0,0,0,0,4,1,FALSE,0
"12831",9,"F",6,"Black","High",3,0,0,0,0,0,0,0,0,1,1,1,TRUE,1
"12832",10,"M",7,"White","High",2,1,1,1,0,0,1,0,0,1,4,NA,TRUE,0
"12833",9,"F",7,"Black","High",3,0,0,0,0,0,0,0,0,0,2,1,FALSE,1
"12834",10,"F",7,"Hispanic","High",3,0,0,0,0,0,0,0,0,1,1,NA,TRUE,1
"12835",8,"F",6,"White","High",3,0,0,0,0,0,1,0,0,0,4,NA,TRUE,0
"12836",8,"M",5,"Hispanic","High",4,1,NA,0,NA,NA,NA,NA,NA,NA,NA,NA,TRUE,NA
"12837",8,"F",5,"White","High",4,0,0,0,0,0,0,0,0,0,4,1,FALSE,0
"12838",7,"M",5,"Hispanic","High",3,0,0,0,0,0,0,0,0,0,2,1,FALSE,1
"12839",8,"M",5,"NHOPI","High",2,0,0,0,0,0,0,0,0,1,1,1,TRUE,1
"12840",8,"M",6,"Black","High",2,0,0,0,0,0,0,0,0,0,4,NA,FALSE,0
"12841",8,"M",5,"Black","High",3,0,0,0,0,0,0,0,0,0,2,NA,FALSE,1
"12842",8,"F",5,"White","High",3,0,0,0,0,0,0,0,0,0,1,NA,FALSE,1
"12843",8,"M",5,"Hispanic","High",3,0,0,0,0,0,0,0,0,1,1,1,TRUE,1
"12844",8,"M",5,"White","High",3,0,0,0,0,0,0,0,0,0,4,1,FALSE,0
"12845",8,"F",5,"Black","High",4,0,0,0,0,0,0,0,0,0,4,NA,FALSE,0
"12846",7,"M",5,"Black","High",4,0,0,0,0,0,0,0,0,1,1,1,TRUE,1
"12847",8,"F",5,"Black","High",2,0,NA,0,0,0,1,0,0,0,2,NA,TRUE,1
"12848",7,"F",5,"Black","High",4,0,0,0,0,0,1,0,0,1,1,NA,TRUE,1
"12849",9,"M",6,"Black","High",4,0,0,0,0,0,0,0,0,0,4,NA,FALSE,0
"12850",8,"F",5,"Black","High",4,0,0,0,0,0,0,0,0,0,4,NA,FALSE,0
"12851",9,"M",6,"Black","High",3,0,0,0,0,0,0,0,0,0,3,NA,FALSE,0
"12852",7,"M",5,"Black","High",4,0,0,0,0,0,0,0,0,0,4,NA,FALSE,0
"12853",9,"M",6,"Black","High",4,0,0,0,0,0,0,0,0,0,4,1,FALSE,0
"12854",10,"M",7,"Hispanic","High",3,0,0,0,0,0,1,0,0,0,1,1,TRUE,1
"12855",9,"M",6,"Black","High",3,0,0,0,0,0,0,0,0,0,3,1,FALSE,0
"12856",8,"M",6,"Black","High",3,0,0,0,0,0,0,0,0,0,2,1,FALSE,1
"12857",10,"M",6,"Black","High",3,0,1,0,0,0,0,0,0,0,2,NA,TRUE,1
"12858",8,"F",6,"Black","High",2,0,0,0,0,0,0,0,0,1,1,NA,TRUE,1
"12859",11,"M",6,"Hispanic","High",3,0,0,0,0,0,0,0,0,0,3,1,FALSE,0
"12860",8,"F",6,"Black","High",4,0,0,0,0,0,0,0,0,0,4,1,FALSE,0
"12861",9,"F",6,"Black","High",3,0,0,0,0,0,0,0,0,0,2,NA,FALSE,1
"12862",8,"F",6,"Hispanic","High",3,0,0,0,0,0,0,0,0,0,4,1,FALSE,0
"12863",9,"M",6,"White","High",3,0,0,0,0,0,0,0,0,0,2,NA,FALSE,1
"12864",10,"M",6,"Black","High",4,0,0,0,0,0,0,0,0,0,4,1,FALSE,0
"12865",9,"M",6,"Black","High",4,0,0,0,0,0,0,0,0,0,4,1,FALSE,0
"12866",8,"M",6,"Black","High",4,0,0,0,0,0,0,0,0,0,4,NA,FALSE,0
"12867",9,"F",6,"Black","High",2,0,0,0,0,0,0,0,0,0,4,NA,FALSE,0
"12868",9,"M",6,"Black","High",4,0,0,0,0,0,0,0,0,1,2,NA,TRUE,1
"12869",7,"F",5,"Black","High",4,0,0,0,0,0,0,0,0,0,1,NA,FALSE,1
"12870",9,"F",6,"Black","High",4,0,0,0,0,0,0,0,0,1,2,1,TRUE,1
"12871",9,"F",6,"Black","High",2,0,1,0,0,0,0,0,0,0,4,1,TRUE,0
"12872",8,"M",6,"Black","High",4,0,0,0,0,0,0,0,0,0,4,1,FALSE,0
"12873",9,"F",6,"Hispanic","High",4,0,0,0,0,0,0,0,0,0,4,1,FALSE,0
"12874",9,"F",6,NA,"High",4,0,0,0,0,0,0,0,0,0,4,1,FALSE,0
"12875",9,"F",6,"Black","High",3,0,1,0,0,0,0,0,0,0,4,1,TRUE,0
"12876",9,"F",6,NA,"High",4,0,0,0,0,0,1,0,0,0,4,1,TRUE,0
"12877",7,"F",4,"Black","High",3,0,0,0,0,0,0,0,0,0,4,NA,FALSE,0
"12878",8,"M",5,"White","High",3,0,0,0,0,0,0,0,0,0,3,1,FALSE,0
"12879",10,"M",7,"Hispanic","High",4,0,0,0,0,0,0,0,0,0,4,1,FALSE,0
"12880",9,"M",6,"Black","High",4,0,0,0,0,0,0,0,0,0,1,NA,FALSE,1
"12881",8,"M",6,"Black","High",3,0,0,0,0,0,0,0,0,0,4,1,FALSE,0
"12882",9,"F",6,"Black","High",4,0,0,0,0,0,0,0,0,0,4,NA,FALSE,0
"12883",8,"M",5,"Asian","High",4,0,0,0,0,0,0,0,0,0,4,NA,FALSE,0
"12884",7,"M",5,"Black","High",2,0,NA,0,0,0,0,0,0,0,2,NA,NA,1
"12885",8,"F",5,"Black","High",3,0,0,0,0,0,0,0,0,0,1,1,FALSE,1
"12886",9,"M",5,NA,"High",NA,0,NA,NA,NA,NA,NA,NA,NA,NA,NA,NA,NA,NA
"12887",8,"F",NA,"Black",NA,4,0,0,0,0,0,0,0,0,0,4,1,FALSE,0
"12888",9,"F",5,"Black","High",4,0,0,0,0,0,0,0,0,0,4,1,FALSE,0
"12889",8,"F",5,"Black","High",4,0,0,0,0,0,0,0,0,0,4,NA,FALSE,0
"12890",7,"M",5,NA,"High",1,0,0,0,0,0,0,0,0,0,1,1,FALSE,1
"12891",8,"M",5,"Asian","High",4,0,0,0,0,0,0,0,0,0,3,1,FALSE,0
"12892",8,"M",5,"Hispanic","High",4,0,0,0,0,0,0,0,0,0,4,1,FALSE,0
"12893",8,"F",5,"Hispanic","High",4,0,0,0,0,0,0,0,0,0,4,1,FALSE,0
"12894",7,"M",5,"Black","High",4,0,0,0,0,0,0,0,0,0,4,NA,FALSE,0
"12895",8,"M",5,"Black","High",2,0,1,0,0,0,0,0,0,1,1,NA,TRUE,1
"12896",7,"M",5,"Black","High",4,0,0,0,0,0,0,0,0,0,4,1,FALSE,0
"12897",8,"M",5,"White","High",4,0,0,0,0,0,0,0,0,0,4,NA,FALSE,0
"12898",8,"M",5,"White","High",4,NA,0,0,0,0,0,0,0,0,3,1,NA,0
"12899",8,"F",5,"White","High",4,0,0,0,NA,NA,NA,NA,NA,0,2,NA,NA,1
"12900",8,"F",5,"White","High",3,1,0,0,0,0,0,0,0,0,2,NA,TRUE,1
"12901",8,"F",5,"White","High",4,0,0,0,0,0,0,0,0,0,4,NA,FALSE,0
"12902",8,"F",5,"White","High",4,0,0,0,0,0,0,0,0,0,4,1,FALSE,0
"12903",7,"M",5,"White","High",4,0,0,0,0,0,0,0,0,0,4,1,FALSE,0
"12904",8,"M",5,"White","High",4,0,0,0,0,0,0,0,0,0,4,1,FALSE,0
"12905",8,"M",5,"White","High",3,1,0,1,0,0,0,0,0,1,1,NA,TRUE,1
"12906",7,"M",5,"White","High",4,0,0,1,0,0,0,0,0,0,4,NA,TRUE,0
"12907",9,"M",5,"White","High",3,1,0,0,0,0,0,0,0,0,1,NA,TRUE,1
"12908",7,"M",5,"White","High",3,0,0,1,0,0,0,0,0,0,3,NA,TRUE,0
"12909",8,"M",5,"White","High",4,0,0,0,0,0,0,0,0,0,2,1,FALSE,1
"12910",8,"M",5,"White","High",4,0,0,1,NA,NA,NA,NA,NA,0,3,NA,TRUE,0
"12911",9,"F",5,"White","High",4,0,0,0,0,0,0,0,0,0,4,NA,FALSE,0
"12912",8,"F",5,"White","High",4,0,0,0,0,0,0,0,0,0,4,1,FALSE,0
"12913",7,"F",5,"White","High",4,0,0,0,0,0,0,0,0,0,4,1,FALSE,0
"12914",8,"F",5,"White","High",4,0,0,0,0,0,0,0,0,1,2,NA,TRUE,1
"12915",8,"F",5,NA,"High",3,0,0,0,0,0,0,0,0,0,4,1,FALSE,0
"12916",8,"M",5,"White","High",3,0,0,0,0,0,0,0,0,0,4,1,FALSE,0
"12917",8,"M",5,"White","High",4,0,0,1,0,0,0,0,0,0,4,NA,TRUE,0
"12918",7,"M",5,"White","High",3,0,0,0,0,0,0,0,0,0,3,NA,FALSE,0
"12919",8,"M",5,"White","High",2,0,1,1,NA,NA,NA,NA,NA,0,3,NA,TRUE,0
"12920",8,"M",6,"White","High",1,1,0,1,1,0,0,1,0,1,1,NA,TRUE,1
"12921",9,NA,6,"White","High",2,1,1,1,0,0,0,1,0,1,1,NA,TRUE,1
"12922",7,"M",4,"White","High",3,0,0,0,0,0,0,0,0,0,2,1,FALSE,1
"12923",6,"F",4,NA,"High",3,0,0,0,NA,NA,NA,NA,NA,0,4,NA,NA,0
"12924",7,"M",4,"White","High",3,0,0,1,NA,NA,NA,NA,NA,0,2,NA,TRUE,1
"12925",7,"M",4,"White","High",4,0,0,0,0,0,0,0,0,0,4,NA,FALSE,0
"12926",7,"F",4,"White","High",4,0,0,0,NA,NA,NA,NA,NA,0,2,NA,NA,1
"12927",6,"F",4,"White","High",4,0,0,0,0,0,0,0,0,0,4,NA,FALSE,0
"12928",8,"F",5,"Hispanic","High",4,0,0,0,0,0,0,0,0,0,3,1,FALSE,0
"12929",8,"F",5,"White","High",4,0,0,0,0,0,0,0,0,0,1,NA,FALSE,1
"12930",10,"F",7,"White","High",4,0,0,0,0,0,0,0,0,0,4,NA,FALSE,0
"12931",7,"M",5,"White","High",4,0,0,0,NA,NA,NA,NA,NA,0,4,NA,NA,0
"12932",9,"M",5,"White","High",4,0,0,1,0,0,0,1,0,1,1,NA,TRUE,1
"12933",9,"M",5,"White","High",4,0,0,0,0,0,0,0,0,0,4,1,FALSE,0
"12934",8,"M",5,"White","High",2,0,0,1,0,0,0,0,0,0,1,NA,TRUE,1
"12935",7,"M",4,"White","High",4,0,0,0,0,0,0,0,0,0,4,NA,FALSE,0
"12936",6,"F",4,"White","High",4,0,0,0,0,0,0,0,0,0,2,1,FALSE,1
"12937",6,"F",4,"White","High",3,0,0,0,0,0,0,0,0,0,2,NA,FALSE,1
"12938",7,"M",4,"White","High",4,0,0,0,0,0,0,0,0,0,3,NA,FALSE,0
"12939",7,"M",4,"White","High",3,0,0,0,0,0,0,0,0,0,3,NA,FALSE,0
"12940",6,"F",4,NA,"High",4,0,0,0,0,0,0,0,0,0,4,NA,FALSE,0
"12941",8,"F",4,"Hispanic","High",3,1,0,1,NA,NA,NA,NA,NA,1,2,1,TRUE,1
"12942",7,"F",4,"White","High",4,0,0,0,0,0,0,0,0,0,4,1,FALSE,0
"12943",9,"F",4,"White","High",3,0,0,0,0,0,0,0,0,0,2,1,FALSE,1
"12944",7,"M",4,"White","High",4,0,0,0,0,0,0,0,0,0,4,NA,FALSE,0
"12945",7,"M",4,"White","High",4,0,0,0,0,0,0,0,0,0,4,NA,FALSE,0
"12946",7,"M",4,"White","High",4,0,0,0,0,0,0,0,0,0,4,1,FALSE,0
"12947",7,"F",4,"White","High",4,0,0,0,0,0,0,0,0,0,3,NA,FALSE,0
"12948",7,"F",4,"White","High",4,0,0,0,0,0,0,0,0,0,1,1,FALSE,1
"12949",6,"M",4,"White","High",4,0,0,0,0,0,0,0,0,0,4,1,FALSE,0
"12950",6,"F",4,"White","High",4,0,0,0,0,0,0,0,0,0,4,NA,FALSE,0
"12951",7,"F",4,"White","High",4,0,0,0,0,0,0,0,0,1,3,NA,TRUE,0
"12952",6,"F",4,"White","High",4,0,0,0,0,0,0,0,0,0,2,NA,FALSE,1
"12953",6,"M",4,"White","High",4,0,0,0,0,0,0,0,0,0,4,NA,FALSE,0
"12954",7,"M",4,"White","High",2,0,0,1,0,0,0,1,0,1,3,NA,TRUE,0
"12955",7,"F",4,"White","High",4,0,0,0,0,0,0,0,0,0,4,1,FALSE,0
"12956",8,"M",4,"White","High",4,1,0,1,0,0,0,0,0,1,1,NA,TRUE,1
"12957",8,"M",5,"White","High",4,0,0,0,0,0,0,0,0,0,4,NA,FALSE,0
"12958",8,"F",5,"White","High",3,0,0,0,0,0,0,0,0,0,2,NA,FALSE,1
"12959",8,"M",5,"White","High",2,0,0,1,0,0,0,1,0,1,2,1,TRUE,1
"12960",11,"M",7,"White","High",1,NA,1,1,1,1,1,1,1,1,1,NA,TRUE,1
"12961",9,"F",7,"White","High",4,0,0,0,0,0,0,0,0,0,4,NA,FALSE,0
"12962",9,"F",7,"White","High",4,0,0,0,0,0,0,0,0,0,4,NA,FALSE,0
"12963",9,"F",7,"White","High",4,0,0,0,0,0,0,0,0,0,4,NA,FALSE,0
"12964",10,"F",7,"White","High",4,0,0,0,0,0,0,0,0,0,4,1,FALSE,0
"12965",10,"M",7,"White","High",3,1,0,0,0,0,0,0,0,1,1,NA,TRUE,1
"12966",8,"M",6,"White","High",3,1,0,1,0,0,0,1,0,0,3,NA,TRUE,0
"12967",9,"M",6,"White","High",3,0,0,1,0,0,0,0,0,0,4,NA,TRUE,0
"12968",8,"M",6,"Hispanic","High",3,0,0,1,0,0,0,0,0,0,2,NA,TRUE,1
"12969",8,"M",5,"White","High",3,0,0,0,0,0,0,0,0,0,4,1,FALSE,0
"12970",7,"F",4,"White","High",4,1,0,0,0,0,0,0,0,0,2,NA,TRUE,1
"12971",10,"F",7,"White","High",4,0,0,0,0,0,0,0,0,0,4,NA,FALSE,0
"12972",1,"M",7,"White","High",4,0,0,0,0,0,0,0,0,0,4,NA,FALSE,0
"12973",9,"F",7,"White","High",4,0,0,0,0,0,0,0,0,0,4,NA,FALSE,0
"12974",9,"F",6,"White","High",3,0,0,0,0,0,0,0,0,0,3,NA,FALSE,0
"12975",9,"M",6,"White","High",3,NA,0,0,0,0,0,0,0,0,1,NA,NA,1
"12976",9,"M",7,"Hispanic","High",2,1,1,1,0,1,0,0,0,1,2,NA,TRUE,1
"12977",9,"M",6,"White","High",1,1,NA,1,0,0,0,0,0,1,2,NA,TRUE,1
"12978",8,"F",6,"White","High",2,0,0,0,0,0,0,0,0,1,1,NA,TRUE,1
"12979",9,"M",6,"White","High",4,0,0,0,0,0,0,0,0,0,4,NA,FALSE,0
"12980",8,"M",6,"White","High",3,1,0,1,0,0,0,0,0,0,1,NA,TRUE,1
"12981",9,"M",6,"White","High",1,1,1,1,0,0,0,0,0,1,1,NA,TRUE,1
"12982",8,"M",6,"White","High",3,0,0,0,0,0,0,1,0,1,1,NA,TRUE,1
"12983",9,"M",6,NA,"High",3,1,1,1,0,0,0,1,0,1,1,NA,TRUE,1
"12984",9,"F",6,"White","High",4,0,0,0,0,0,0,0,0,0,4,1,FALSE,0
"12985",10,"M",7,"Hispanic","High",2,1,1,1,0,0,1,0,0,1,2,NA,TRUE,1
"12986",9,"F",6,"White","High",3,0,0,0,0,0,0,0,0,0,1,NA,FALSE,1
"12987",9,"M",6,"White","High",4,0,0,0,0,0,0,0,0,0,4,1,FALSE,0
"12988",8,"M",6,"White","High",4,0,0,0,0,0,0,0,0,0,4,NA,FALSE,0
"12989",8,"M",5,"White","High",3,0,0,0,0,0,0,0,0,0,2,NA,FALSE,1
"12990",8,"M",5,"White","High",3,1,0,1,0,0,0,0,0,1,1,NA,TRUE,1
"12991",NA,NA,NA,"Hispanic",NA,1,1,0,1,1,1,1,1,1,1,1,NA,TRUE,1
"12992",7,"F",5,"White","High",3,0,0,0,0,0,0,0,0,0,3,NA,FALSE,0
"12993",8,"F",5,"Asian","High",4,0,0,0,0,0,0,0,0,0,2,1,FALSE,1
"12994",8,"M",5,"White","High",2,1,0,1,0,0,0,1,0,0,4,NA,TRUE,0
"12995",8,"M",5,"White","High",4,0,0,0,0,0,0,0,0,0,2,1,FALSE,1
"12996",9,"M",5,"White","High",4,0,0,1,0,0,0,0,0,0,3,1,TRUE,0
"12997",8,"F",5,"White","High",3,0,0,1,0,0,0,0,0,0,2,1,TRUE,1
"12998",7,"M",5,"White","High",3,0,0,1,0,0,0,1,0,0,2,NA,TRUE,1
"12999",8,"M",5,"White","High",4,0,0,1,0,0,0,0,0,0,4,NA,TRUE,0
"13000",9,"M",5,"White","High",3,1,0,0,0,0,0,0,0,1,2,NA,TRUE,1
"13001",7,"M",5,"White","High",4,1,0,1,0,0,0,0,0,0,1,1,TRUE,1
"13002",9,"F",5,"White","High",3,0,0,0,1,0,1,0,0,1,2,NA,TRUE,1
"13003",8,"F",5,"White","High",4,1,0,0,0,0,0,0,0,0,2,NA,TRUE,1
"13004",7,"M",5,"White","High",4,0,0,0,0,0,0,0,0,0,1,NA,FALSE,1
"13005",7,"M",5,"Hispanic","High",4,0,0,1,0,0,0,1,0,1,1,NA,TRUE,1
"13006",8,"F",5,"White","High",3,1,0,0,0,0,0,0,0,1,1,1,TRUE,1
"13007",7,"F",5,"White","High",3,0,0,0,0,0,0,0,0,1,1,NA,TRUE,1
"13008",8,"M",5,"White","High",4,0,0,1,0,0,0,0,0,0,2,NA,TRUE,1
"13009",8,"M",5,"White","High",3,0,0,0,0,0,0,0,0,1,1,NA,TRUE,1
"13010",7,"M",5,"White","High",4,1,0,1,0,0,0,0,0,0,2,NA,TRUE,1
"13011",9,"F",6,"White","High",2,0,1,0,0,0,1,0,0,0,1,NA,TRUE,1
"13012",7,"F",5,"White","High",4,0,0,0,0,0,0,0,0,0,4,1,FALSE,0
"13013",7,"M",5,"White","High",1,1,1,1,0,0,0,1,0,1,2,NA,TRUE,1
"13014",8,"M",5,"White","High",2,1,0,1,0,0,1,1,0,1,1,NA,TRUE,1
"13015",7,"M",5,"White","High",2,1,0,1,0,0,0,0,0,1,1,NA,TRUE,1
"13016",7,"F",4,"White","High",3,0,0,0,0,0,0,0,0,0,3,NA,FALSE,0
"13017",7,"F",4,"White","High",4,0,0,0,0,0,0,0,0,0,2,NA,FALSE,1
"13018",6,"F",4,"White","High",4,0,0,0,0,0,0,0,0,1,2,NA,TRUE,1
"13019",7,"F",4,"White","High",4,0,0,0,0,0,0,0,0,1,2,1,TRUE,1
"13020",6,"F",4,"White","High",4,0,0,0,0,0,0,0,0,0,4,1,FALSE,0
"13021",7,"M",4,"White","High",4,0,0,0,0,0,0,0,0,0,4,1,FALSE,0
"13022",7,"M",4,"White","High",4,0,0,0,0,0,0,0,0,0,4,NA,FALSE,0
"13023",7,"M",4,"White","High",4,0,0,0,0,0,0,0,0,0,4,NA,FALSE,0
"13024",7,"F",4,"White","High",3,0,0,0,0,0,0,0,0,0,2,NA,FALSE,1
"13025",7,"F",4,"White","High",2,1,0,1,1,0,1,0,0,1,1,NA,TRUE,1
"13026",7,"F",4,"White","High",4,1,0,0,1,0,0,0,0,0,4,NA,TRUE,0
"13027",7,"F",4,"White","High",4,0,0,0,0,0,0,0,0,0,4,1,FALSE,0
"13028",7,"F",4,"White","High",4,0,0,0,0,0,0,0,0,0,4,1,FALSE,0
"13029",6,"F",4,"White","High",4,0,0,0,0,0,0,0,0,0,4,NA,FALSE,0
"13030",7,"F",4,"White","High",4,0,0,0,0,0,0,0,0,0,4,NA,FALSE,0
"13031",7,"F",4,NA,"High",4,0,0,0,0,0,0,0,0,0,4,NA,FALSE,0
"13032",7,"F",4,"White","High",4,0,0,0,0,0,0,0,0,0,4,NA,FALSE,0
"13033",6,"F",4,"White","High",4,0,0,0,0,0,0,0,0,0,4,NA,FALSE,0
"13034",8,"M",4,"White","High",2,1,1,1,0,0,0,0,0,1,1,NA,TRUE,1
"13035",6,"F",4,"White","High",3,0,0,0,0,0,0,0,0,0,2,NA,FALSE,1
"13036",7,"F",4,"White","High",4,0,0,0,0,0,0,0,0,0,4,NA,FALSE,0
"13037",7,"F",4,"White","High",2,0,0,0,0,0,1,0,0,0,4,NA,TRUE,0
"13038",7,"F",4,"White","High",3,0,0,0,0,0,0,0,0,0,1,1,FALSE,1
"13039",6,"F",4,"White","High",3,0,0,0,0,0,0,0,0,0,3,1,FALSE,0
"13040",6,"F",4,"White","High",3,0,0,0,0,0,0,0,0,0,3,NA,FALSE,0
"13041",7,"F",4,"White","High",3,0,0,0,0,0,0,0,0,0,3,NA,FALSE,0
"13042",6,"F",4,"White","High",4,0,0,0,0,0,0,0,0,0,3,1,FALSE,0
"13043",7,"F",4,"White","High",3,0,0,0,0,0,0,0,0,0,2,1,FALSE,1
"13044",10,"F",7,"White","High",3,0,0,0,0,0,0,0,0,0,4,1,FALSE,0
"13045",10,"M",7,"White","High",2,0,0,1,0,0,0,0,0,0,2,1,TRUE,1
"13046",10,"M",7,"White","High",3,0,0,1,0,0,0,0,0,0,2,1,TRUE,1
"13047",11,"M",7,"White","High",2,NA,1,1,0,0,0,0,0,1,2,1,TRUE,1
"13048",9,"F",7,"White","High",2,1,0,0,0,0,1,0,0,1,1,NA,TRUE,1
"13049",9,"F",7,"White","High",3,1,0,0,0,0,0,0,0,1,1,1,TRUE,1
"13050",11,"F",7,"White","High",4,0,0,0,0,0,0,0,0,0,4,NA,FALSE,0
"13051",10,"M",7,"White","High",2,0,0,0,0,0,0,0,0,0,4,1,FALSE,0
"13052",9,"F",7,"White","High",3,1,0,0,0,0,0,0,0,1,1,1,TRUE,1
"13053",11,"F",7,NA,"High",3,0,0,0,0,0,0,0,0,0,2,NA,FALSE,1
"13054",10,"M",7,"White","High",2,0,0,0,0,0,0,0,0,0,2,NA,FALSE,1
"13055",9,"M",7,"White","High",4,0,0,0,0,0,0,0,0,0,2,1,FALSE,1
"13056",10,"M",7,"White","High",2,0,0,0,0,0,0,0,0,0,2,NA,FALSE,1
"13057",5,"M",2,"White","Middle",4,0,0,0,0,0,0,0,0,0,4,NA,FALSE,0
"13058",5,"F",2,"Black","Middle",4,0,0,0,0,0,0,0,0,0,4,NA,FALSE,0
"13059",5,"M",2,"White","Middle",2,0,0,0,0,0,0,0,0,0,3,NA,FALSE,0
"13060",5,"M",2,"White","Middle",3,0,0,0,0,0,0,0,0,0,4,NA,FALSE,0
"13061",5,"M",2,"White","Middle",4,0,0,0,0,0,0,0,0,0,4,NA,FALSE,0
"13062",4,"M",2,"White","Middle",3,0,0,0,0,0,0,0,0,0,2,NA,FALSE,1
"13063",5,"M",2,"White","Middle",4,0,0,0,0,0,0,0,0,0,4,1,FALSE,0
"13064",4,"M",2,"White","Middle",4,0,0,0,0,0,0,0,0,0,4,NA,FALSE,0
"13065",5,"M",2,"Black","Middle",4,0,0,0,0,0,0,0,0,0,4,1,FALSE,0
"13066",5,"M",2,"White","Middle",4,0,0,0,0,0,0,0,0,0,4,1,FALSE,0
"13067",5,"F",2,"White","Middle",3,0,0,0,0,0,0,0,0,0,2,NA,FALSE,1
"13068",5,"F",2,"White","Middle",3,0,0,0,0,0,0,0,0,0,3,NA,FALSE,0
"13069",5,"M",2,"White","Middle",3,0,0,0,0,0,0,0,0,0,1,NA,FALSE,1
"13070",5,"M",2,"White","Middle",4,0,0,0,0,0,0,0,0,0,4,NA,FALSE,0
"13071",4,"M",2,"Black","Middle",4,0,0,0,0,0,0,0,0,0,4,1,FALSE,0
"13072",4,"M",2,"White","Middle",4,0,0,0,0,0,0,0,0,0,4,NA,FALSE,0
"13073",4,"M",2,"White","Middle",4,0,0,0,0,0,0,0,0,0,4,NA,FALSE,0
"13074",5,"F",2,"White","Middle",4,0,0,0,0,0,0,0,0,0,2,NA,FALSE,1
"13075",5,"F",2,"Black","Middle",4,0,0,0,0,0,0,0,0,1,2,1,TRUE,1
"13076",4,"F",2,"White","Middle",3,0,0,0,0,0,0,0,0,0,2,NA,FALSE,1
"13077",5,"F",2,"White","Middle",4,0,0,0,0,0,0,0,0,0,4,1,FALSE,0
"13078",5,"F",2,"White","Middle",3,0,0,0,0,0,0,0,0,0,1,1,FALSE,1
"13079",4,"M",2,"White","Middle",3,0,0,0,0,0,0,0,0,0,3,1,FALSE,0
"13080",5,"M",2,"White","Middle",4,0,0,0,0,0,0,0,0,0,4,1,FALSE,0
"13081",5,"M",2,"White","Middle",3,1,0,0,0,0,0,0,0,1,1,NA,TRUE,1
"13082",5,"M",2,"White","Middle",4,0,0,0,0,0,0,0,0,0,4,NA,FALSE,0
"13083",5,"M",1,"White","Middle",4,0,0,0,0,0,0,0,0,0,4,1,FALSE,0
"13084",5,"F",2,"White","Middle",4,0,0,0,0,0,0,0,0,0,2,1,FALSE,1
"13085",4,"F",2,"White","Middle",3,0,0,0,0,0,0,0,0,1,2,NA,TRUE,1
"13086",4,"F",2,"White","Middle",3,0,0,0,0,0,0,0,0,0,2,NA,FALSE,1
"13087",3,"F",1,"White","Middle",3,1,0,0,0,0,0,0,0,0,3,NA,TRUE,0
"13088",1,"M",2,"White","Middle",3,0,0,0,0,0,0,0,0,0,3,1,FALSE,0
"13089",4,"M",1,"White","Middle",3,0,0,0,0,0,0,0,0,0,3,1,FALSE,0
"13090",4,"F",1,"White","Middle",3,0,0,0,0,0,0,0,0,0,2,NA,FALSE,1
"13091",4,"F",1,"White","Middle",4,0,0,0,0,0,0,0,0,0,4,NA,FALSE,0
"13092",3,"F",1,"White","Middle",4,0,0,0,0,0,0,0,0,0,4,1,FALSE,0
"13093",4,"M",1,"White","Middle",4,0,0,0,0,0,0,0,0,1,1,NA,TRUE,1
"13094",3,"F",1,"White","Middle",4,0,0,0,0,0,0,0,0,1,2,NA,TRUE,1
"13095",4,"M",1,"White","Middle",4,0,0,0,0,0,0,0,0,0,4,1,FALSE,0
"13096",4,"M",1,"White","Middle",4,0,0,0,0,0,0,0,0,0,4,1,FALSE,0
"13097",5,"M",1,"White","Middle",2,0,0,0,0,0,0,0,0,0,2,NA,FALSE,1
"13098",4,"F",1,"AI/AN","Middle",4,0,0,0,0,0,0,0,0,0,4,NA,FALSE,0
"13099",3,"F",1,"White","Middle",4,0,0,0,0,0,0,0,0,0,4,1,FALSE,0
"13100",4,"F",1,"White","Middle",4,0,0,0,0,0,0,0,0,0,4,1,FALSE,0
"13101",4,"M",1,"White","Middle",4,0,0,0,0,0,0,0,0,0,4,NA,FALSE,0
"13102",3,"F",1,NA,"Middle",3,0,0,0,0,0,0,0,0,0,NA,1,FALSE,NA
"13103",4,"F",1,"White","Middle",3,0,0,0,0,0,0,0,0,0,3,NA,FALSE,0
"13104",4,"F",1,"White","Middle",4,0,0,0,0,0,0,0,0,0,2,NA,FALSE,1
"13105",4,"F",1,"White","Middle",4,0,0,0,0,0,0,0,0,0,4,NA,FALSE,0
"13106",6,"M",3,"White","Middle",4,0,0,0,0,0,0,0,0,0,4,1,FALSE,0
"13107",6,"M",3,"Hispanic","Middle",2,0,0,1,0,0,0,0,0,0,3,NA,TRUE,0
"13108",5,"F",3,"White","Middle",4,0,0,0,0,0,0,0,0,0,4,1,FALSE,0
"13109",6,"M",3,"White","Middle",4,0,0,0,0,0,0,0,0,0,4,NA,FALSE,0
"13110",5,"M",3,"White","Middle",3,0,0,0,0,0,0,0,0,0,3,NA,FALSE,0
"13111",6,"M",3,"White","Middle",4,0,0,0,0,0,0,0,0,0,4,1,FALSE,0
"13112",5,"F",3,"White","Middle",4,0,0,0,0,0,0,0,0,0,4,NA,FALSE,0
"13113",5,"M",3,"White","Middle",4,0,0,0,0,0,0,0,0,0,4,1,FALSE,0
"13114",6,"F",3,"White","Middle",4,0,0,0,0,0,0,0,0,0,4,1,FALSE,0
"13115",7,"F",3,"White","Middle",2,0,0,0,0,0,0,0,0,0,3,NA,FALSE,0
"13116",6,"M",3,"AI/AN","Middle",1,0,1,1,1,0,1,0,0,1,1,NA,TRUE,1
"13117",6,"F",3,"White","Middle",2,0,0,0,0,0,0,0,0,1,1,1,TRUE,1
"13118",6,"F",3,"AI/AN","Middle",4,0,0,0,0,0,0,0,0,0,2,NA,FALSE,1
"13119",5,"F",3,"White","Middle",3,0,0,0,0,0,0,0,0,1,2,NA,TRUE,1
"13120",6,"M",3,"White","Middle",4,0,0,0,0,0,0,0,0,0,4,NA,FALSE,0
"13121",6,"M",3,"White","Middle",4,0,0,0,0,0,0,0,0,0,4,NA,FALSE,0
"13122",6,"F",3,"White","Middle",4,0,0,0,0,0,0,0,0,0,4,NA,FALSE,0
"13123",6,"M",3,"White","Middle",4,0,0,0,0,0,0,0,0,0,1,NA,FALSE,1
"13124",6,"M",3,"White","Middle",4,0,0,0,0,0,0,0,0,0,4,1,FALSE,0
"13125",6,"F",3,"White","Middle",4,0,0,0,0,0,0,0,0,0,4,NA,FALSE,0
"13126",6,"F",3,"White","Middle",4,0,0,0,0,0,0,0,0,0,2,1,FALSE,1
"13127",7,"M",3,"White","Middle",4,0,0,0,0,0,0,0,0,0,4,NA,FALSE,0
"13128",5,"M",3,"White","Middle",4,0,0,0,0,0,0,0,0,0,4,NA,FALSE,0
"13129",6,"M",3,"Hispanic","Middle",4,0,0,0,0,0,0,0,0,0,4,1,FALSE,0
"13130",6,"M",3,"White","Middle",4,0,0,0,0,0,0,0,0,0,4,1,FALSE,0
"13131",8,"M",5,"White","High",3,0,0,0,0,0,0,0,0,0,4,NA,FALSE,0
"13132",7,"M",5,"White","High",3,0,0,0,0,0,0,0,0,0,4,1,FALSE,0
"13133",7,"F",5,"White","High",4,0,0,0,0,0,0,0,0,0,4,NA,FALSE,0
"13134",8,"F",5,"White","High",4,0,0,0,0,0,0,0,0,0,4,1,FALSE,0
"13135",8,"M",5,"White","High",2,1,1,0,0,0,1,0,0,0,2,NA,TRUE,1
"13136",8,"M",5,"White","High",4,0,0,0,0,0,0,0,0,0,3,NA,FALSE,0
"13137",7,"M",5,"Black","High",4,0,0,0,0,0,0,0,0,0,4,NA,FALSE,0
"13138",8,"M",5,"White","High",4,0,0,0,0,0,0,0,0,1,1,NA,TRUE,1
"13139",7,"M",5,"White","High",4,0,0,0,0,0,0,0,0,0,4,NA,FALSE,0
"13140",7,"M",5,"White","High",3,0,0,0,0,0,0,0,0,0,2,1,FALSE,1
"13141",7,"M",5,"White","High",3,0,0,0,0,0,0,0,0,0,1,NA,FALSE,1
"13142",8,"M",5,"White","High",3,0,0,0,0,0,0,0,0,0,1,NA,FALSE,1
"13143",7,"M",5,"White","High",3,0,0,0,0,0,1,0,0,0,1,1,TRUE,1
"13144",8,"M",5,"White","High",3,0,0,0,0,0,0,0,0,0,3,NA,FALSE,0
"13145",7,"M",5,"White","High",2,0,1,0,0,0,0,0,0,1,1,1,TRUE,1
"13146",8,"M",5,"White","High",1,0,0,0,0,0,0,0,0,0,2,1,FALSE,1
"13147",8,"M",5,"White","High",3,1,0,0,0,0,0,0,0,1,1,1,TRUE,1
"13148",8,"F",5,"White","High",4,0,0,0,0,0,0,0,0,0,2,NA,FALSE,1
"13149",8,"M",5,"White","High",2,0,0,0,0,0,0,0,0,1,1,1,TRUE,1
"13150",8,"F",5,"White","High",4,0,0,0,0,0,0,0,0,0,4,1,FALSE,0
"13151",8,"F",5,"Black","High",4,0,0,0,0,0,0,0,0,1,1,NA,TRUE,1
"13152",8,"M",5,"White","High",3,1,0,0,0,0,0,0,0,0,2,1,TRUE,1
"13153",7,"F",5,"White","High",4,0,0,0,0,0,0,0,0,0,2,1,FALSE,1
"13154",7,"F",5,"White","High",4,0,0,0,0,0,0,0,0,0,2,1,FALSE,1
"13155",8,"M",5,"White","High",4,0,0,0,0,0,0,0,0,0,4,1,FALSE,0
"13156",7,"F",5,"White","High",4,0,0,0,0,0,0,0,0,0,4,1,FALSE,0
"13157",7,"F",4,"White","High",3,0,0,0,0,0,0,0,0,0,2,NA,FALSE,1
"13158",8,"M",5,"White","High",4,0,0,0,0,0,0,0,0,0,4,1,FALSE,0
"13159",8,"F",5,"White","High",2,0,0,0,0,0,0,0,0,0,1,NA,FALSE,1
"13160",8,"M",5,"Asian","High",4,0,0,0,0,0,0,0,0,0,4,1,FALSE,0
"13161",8,"M",5,"White","High",4,0,0,0,0,0,0,0,0,0,2,1,FALSE,1
"13162",7,"F",4,"White","High",4,0,0,0,0,0,0,0,0,0,3,1,FALSE,0
"13163",7,"M",5,"White","High",4,0,0,0,0,0,0,0,0,0,4,1,FALSE,0
"13164",8,"F",5,"White","High",4,0,0,0,0,0,0,0,0,0,4,1,FALSE,0
"13165",7,"F",5,"White","High",4,0,0,0,0,0,0,0,0,0,3,1,FALSE,0
"13166",7,"F",5,"White","High",4,0,0,0,0,0,0,0,0,0,2,1,FALSE,1
"13167",8,"M",5,"White","High",3,0,0,0,0,0,0,0,0,0,4,1,FALSE,0
"13168",7,"F",5,"White","High",4,0,0,0,0,0,0,0,0,0,4,NA,FALSE,0
"13169",7,"M",4,"White","High",4,0,0,0,0,0,0,0,0,0,4,1,FALSE,0
"13170",7,"M",4,"Black","High",4,0,0,0,0,0,0,0,0,0,2,1,FALSE,1
"13171",7,"F",4,"Hispanic","High",4,0,0,0,0,0,0,0,0,0,2,1,FALSE,1
"13172",6,"F",4,"White","High",4,0,0,0,0,0,0,0,0,0,4,1,FALSE,0
"13173",6,"F",4,"White","High",4,0,0,0,0,0,0,0,0,0,3,1,FALSE,0
"13174",7,"F",4,"White","High",4,0,0,0,0,0,0,0,0,0,4,1,FALSE,0
"13175",7,"M",4,"White","High",4,0,0,0,0,0,0,0,0,0,3,1,FALSE,0
"13176",7,"F",4,"White","High",4,0,0,0,0,0,0,0,0,0,4,1,FALSE,0
"13177",7,"F",4,"White","High",4,0,0,0,0,0,0,0,0,0,4,NA,FALSE,0
"13178",7,"F",4,"White","High",4,0,0,0,0,0,0,0,0,0,2,1,FALSE,1
"13179",6,"M",4,"White","High",2,0,1,0,0,0,1,0,0,1,1,NA,TRUE,1
"13180",7,"F",4,"White","High",4,0,0,0,0,0,0,0,0,0,2,NA,FALSE,1
"13181",7,"M",4,"White","High",4,0,0,0,0,0,0,0,0,0,4,1,FALSE,0
"13182",6,"F",4,"White","High",4,0,0,0,0,0,0,0,0,0,4,1,FALSE,0
"13183",7,"F",4,"Hispanic","High",4,0,0,0,0,0,0,0,0,0,4,1,FALSE,0
"13184",7,"F",4,NA,"High",4,0,0,0,0,0,0,0,0,0,2,NA,FALSE,1
"13185",7,"F",4,"White","High",2,0,0,0,0,0,0,0,0,0,1,1,FALSE,1
"13186",7,"M",4,"White","High",4,0,0,0,0,0,0,0,0,0,2,1,FALSE,1
"13187",7,"M",4,"White","High",4,0,0,0,0,0,0,0,0,0,1,1,FALSE,1
"13188",7,"F",4,"Hispanic","High",4,0,0,0,0,0,0,0,0,0,2,1,FALSE,1
"13189",7,"M",4,"White","High",3,0,0,0,0,0,0,0,0,0,1,1,FALSE,1
"13190",7,"M",4,"White","High",4,0,0,0,0,0,0,0,0,0,4,1,FALSE,0
"13191",7,"M",4,"White","High",4,0,0,0,0,0,0,0,0,0,3,1,FALSE,0
"13192",7,"M",4,"White","High",3,0,0,0,0,0,0,0,0,0,3,1,FALSE,0
"13193",7,"M",4,"White","High",3,0,0,0,0,0,0,0,0,0,3,1,FALSE,0
"13194",6,"M",4,"White","High",4,0,0,0,0,0,0,0,0,0,4,1,FALSE,0
"13195",7,"F",4,"White","High",4,0,0,0,0,0,0,0,0,0,2,1,FALSE,1
"13196",6,"M",4,"White","High",4,0,0,0,0,0,0,0,0,0,4,1,FALSE,0
"13197",6,"M",4,"White","High",4,0,0,0,0,0,0,0,0,0,2,1,FALSE,1
"13198",7,"M",4,"White","High",2,0,0,0,0,0,0,0,0,1,1,NA,TRUE,1
"13199",7,"F",4,"White","High",4,0,0,0,0,0,0,0,0,0,2,1,FALSE,1
"13200",7,"F",4,"White","High",4,0,0,0,0,0,0,0,0,0,4,1,FALSE,0
"13201",7,"F",4,"White","High",3,0,0,0,0,0,0,0,0,0,4,1,FALSE,0
"13202",7,"F",4,"White","High",3,0,0,0,0,0,0,0,0,0,2,1,FALSE,1
"13203",7,"F",4,"White","High",4,0,0,0,0,0,0,0,0,0,4,1,FALSE,0
"13204",10,"M",7,"Hispanic","High",4,0,0,0,0,0,0,0,0,0,4,1,FALSE,0
"13205",10,"M",7,"Black","High",4,0,0,0,0,0,0,0,0,0,4,1,FALSE,0
"13206",10,"M",7,"White","High",4,0,0,0,0,0,0,0,0,0,4,NA,FALSE,0
"13207",10,"F",7,"White","High",4,0,0,0,0,0,0,0,0,0,4,1,FALSE,0
"13208",9,"F",7,"White","High",4,0,0,0,0,0,0,0,0,0,4,1,FALSE,0
"13209",10,"F",7,"White","High",4,0,0,0,0,0,0,0,0,0,4,1,FALSE,0
"13210",10,"F",7,"White","High",3,0,0,0,0,0,0,0,0,1,1,NA,TRUE,1
"13211",9,"F",7,"White","High",3,0,0,0,0,0,0,0,0,1,1,NA,TRUE,1
"13212",9,"F",7,"White","High",4,0,0,0,0,0,0,0,0,1,1,NA,TRUE,1
"13213",10,"F",7,"White","High",4,0,0,0,0,0,0,0,0,0,3,1,FALSE,0
"13214",10,"M",7,"White","High",4,0,0,0,0,0,0,0,0,0,4,1,FALSE,0
"13215",10,"F",7,"White","High",4,0,0,0,0,0,0,0,0,1,2,1,TRUE,1
"13216",9,"M",7,"White","High",4,0,0,0,0,0,0,0,0,0,4,1,FALSE,0
"13217",9,"F",7,"White","High",4,0,0,0,0,0,0,0,0,0,1,NA,FALSE,1
"13218",10,"F",7,"White","High",4,0,0,0,0,0,0,0,0,0,4,1,FALSE,0
"13219",10,"M",7,"White","High",4,0,0,0,0,0,0,0,0,0,4,NA,FALSE,0
"13220",9,"F",7,NA,"High",3,0,0,0,0,0,0,0,0,0,3,1,FALSE,0
"13221",10,"M",7,"White","High",4,0,0,0,0,0,0,0,0,0,4,1,FALSE,0
"13222",10,"M",7,"White","High",4,0,0,0,0,0,0,0,0,0,4,NA,FALSE,0
"13223",9,"M",7,"White","High",2,0,0,0,0,0,0,0,0,0,2,NA,FALSE,1
"13224",10,"M",7,NA,"High",4,0,0,0,NA,NA,NA,NA,NA,0,3,NA,NA,0
"13225",9,"F",7,"Black","High",1,0,0,0,0,0,0,0,0,0,1,NA,FALSE,1
"13226",9,"M",6,"White","High",4,0,0,0,0,0,0,0,0,0,1,NA,FALSE,1
"13227",9,"M",7,"Black","High",3,0,0,0,0,0,0,0,0,0,3,1,FALSE,0
"13228",10,"F",7,"Black","High",2,0,1,0,0,0,0,0,0,1,1,1,TRUE,1
"13229",10,"F",7,"Black","High",2,0,1,0,0,0,1,0,0,0,2,NA,TRUE,1
"13230",10,"F",7,"Black","High",NA,0,NA,NA,NA,NA,NA,NA,NA,NA,NA,NA,NA,NA
"13231",10,"M",7,"White","High",2,0,0,0,0,0,0,0,0,0,1,NA,FALSE,1
"13232",10,"M",7,"White","High",4,0,0,0,0,0,1,0,0,1,1,1,TRUE,1
"13233",10,"F",7,"White","High",3,1,0,0,0,0,0,0,0,1,1,NA,TRUE,1
"13234",11,"M",7,"Black","High",4,0,0,0,0,0,0,0,0,0,4,1,FALSE,0
"13235",9,"F",6,NA,"High",4,0,0,0,0,0,0,0,0,0,4,1,FALSE,0
"13236",10,"F",6,"Black","High",3,0,0,0,0,0,0,0,0,0,4,NA,FALSE,0
"13237",9,"F",7,"White","High",4,0,0,0,0,0,0,0,0,0,4,NA,FALSE,0
"13238",10,"F",7,"White","High",4,0,0,0,0,0,0,0,0,0,4,1,FALSE,0
"13239",10,"F",7,"White","High",4,0,0,0,0,0,0,0,0,0,4,1,FALSE,0
"13240",9,"M",7,"White","High",4,0,0,0,0,0,0,0,0,0,4,NA,FALSE,0
"13241",4,"F",1,"White","Middle",4,0,0,0,0,0,0,0,0,0,3,1,FALSE,0
"13242",4,"F",1,NA,"Middle",4,0,0,0,0,0,0,0,0,0,4,NA,FALSE,0
"13243",3,"M",1,"White","Middle",4,0,0,0,0,0,0,0,0,0,4,NA,FALSE,0
"13244",3,"M",1,"AI/AN","Middle",2,1,0,0,0,0,0,0,0,0,2,NA,TRUE,1
"13245",4,"F",1,NA,"Middle",4,1,0,0,0,0,0,0,0,0,4,NA,TRUE,0
"13246",4,"M",1,NA,"Middle",4,0,0,0,0,0,0,0,0,0,4,1,FALSE,0
"13247",3,"F",1,"White","Middle",4,0,0,0,0,0,0,0,0,0,4,NA,FALSE,0
"13248",4,"M",1,"White","Middle",4,0,0,0,0,0,0,0,0,0,2,1,FALSE,1
"13249",4,"F",1,"White","Middle",4,0,0,0,0,0,0,0,0,0,3,1,FALSE,0
"13250",4,"M",1,"Black","Middle",4,0,0,0,0,0,0,0,0,0,4,1,FALSE,0
"13251",3,"F",1,"White","Middle",4,0,0,0,0,0,0,0,0,0,4,NA,FALSE,0
"13252",5,"F",1,NA,"Middle",4,1,0,0,0,0,0,0,0,1,2,NA,TRUE,1
"13253",4,"F",1,"AI/AN","Middle",4,0,0,0,0,0,0,0,0,0,4,NA,FALSE,0
"13254",4,"F",1,"White","Middle",4,0,0,0,0,0,0,0,0,0,4,NA,FALSE,0
"13255",4,"F",1,"White","Middle",4,0,0,0,0,0,0,0,0,0,4,NA,FALSE,0
"13256",4,"F",1,"White","Middle",4,0,0,0,0,0,0,0,0,0,4,1,FALSE,0
"13257",3,"M",1,"White","Middle",4,0,0,0,0,0,0,0,0,0,4,NA,FALSE,0
"13258",4,NA,NA,NA,NA,4,0,0,0,0,0,0,0,0,0,4,NA,FALSE,0
"13259",5,"M",1,"White","Middle",4,0,0,0,0,0,0,0,0,0,4,1,FALSE,0
"13260",3,"F",1,"Black","Middle",4,0,0,0,0,0,0,0,0,0,4,NA,FALSE,0
"13261",4,"F",1,"White","Middle",4,0,0,0,0,0,0,0,0,0,4,1,FALSE,0
"13262",4,"M",1,"White","Middle",4,0,0,0,0,0,0,0,0,0,1,NA,FALSE,1
"13263",4,"M",1,"Asian","Middle",3,0,NA,NA,0,0,0,0,0,0,4,NA,NA,0
"13264",4,"M",1,"White","Middle",4,0,0,0,0,0,0,0,0,0,3,1,FALSE,0
"13265",5,"F",3,"White","Middle",4,0,0,0,0,0,0,0,0,0,2,NA,FALSE,1
"13266",6,"M",3,"White","Middle",4,0,0,0,0,0,0,0,0,0,4,1,FALSE,0
"13267",6,"F",3,"White","Middle",4,0,0,0,0,0,0,0,0,0,4,1,FALSE,0
"13268",6,"F",3,"White","Middle",4,0,0,0,0,0,0,0,0,0,4,NA,FALSE,0
"13269",6,"M",3,"White","Middle",4,0,0,0,0,0,0,0,0,0,4,1,FALSE,0
"13270",6,"M",3,"Hispanic","Middle",4,0,0,0,0,0,0,0,0,0,4,1,FALSE,0
"13271",6,"M",3,"White","Middle",4,0,0,0,0,0,0,0,0,0,4,1,FALSE,0
"13272",6,"M",3,"White","Middle",3,0,0,0,0,0,0,0,0,0,2,1,FALSE,1
"13273",6,"F",3,"White","Middle",4,0,0,0,0,0,0,0,0,0,2,NA,FALSE,1
"13274",6,"F",3,"White","Middle",4,0,0,0,0,0,0,0,0,0,4,NA,FALSE,0
"13275",6,"M",3,"White","Middle",4,0,0,0,0,0,0,0,0,0,4,1,FALSE,0
"13276",6,"F",3,"Hispanic","Middle",4,0,0,0,0,0,0,0,0,0,4,1,FALSE,0
"13277",5,"M",3,"White","Middle",4,0,0,0,0,0,0,0,0,0,4,NA,FALSE,0
"13278",6,"M",3,"White","Middle",4,0,0,0,0,0,0,0,0,0,4,1,FALSE,0
"13279",6,"M",3,"White","Middle",3,NA,0,0,0,0,0,0,0,0,2,1,NA,1
"13280",5,"F",3,"White","Middle",4,0,0,0,0,0,0,0,0,0,4,1,FALSE,0
"13281",5,"F",3,"AI/AN","Middle",4,0,0,0,0,0,0,0,0,0,2,NA,FALSE,1
"13282",5,"M",2,NA,"Middle",4,0,0,0,NA,NA,NA,NA,NA,0,4,NA,NA,0
"13283",6,"M",2,NA,"Middle",4,0,0,0,0,0,0,0,0,0,4,NA,FALSE,0
"13284",5,"M",2,"White","Middle",4,0,0,0,0,0,0,0,0,0,4,NA,FALSE,0
"13285",5,"M",2,"AI/AN","Middle",4,0,0,0,0,0,0,0,0,0,4,NA,FALSE,0
"13286",5,"M",2,"White","Middle",4,0,0,0,0,0,0,0,0,NA,4,NA,NA,0
"13287",5,"F",2,"AI/AN","Middle",4,0,0,0,0,0,0,0,0,0,3,1,FALSE,0
"13288",5,"F",2,"White","Middle",4,0,0,0,0,0,0,0,0,0,4,1,FALSE,0
"13289",5,"F",2,"White","Middle",4,0,0,0,0,0,0,0,0,0,4,NA,FALSE,0
"13290",5,"F",2,"White","Middle",4,0,0,0,0,0,0,0,0,0,4,NA,FALSE,0
"13291",4,"F",2,"White","Middle",4,0,0,0,0,0,0,0,0,0,4,1,FALSE,0
"13292",6,"F",2,"AI/AN","Middle",4,0,0,0,0,0,0,0,0,0,4,1,FALSE,0
"13293",5,"F",2,"White","Middle",4,0,0,0,0,0,0,0,0,0,3,NA,FALSE,0
"13294",5,"F",2,"White","Middle",4,0,0,0,0,0,0,0,0,0,4,1,FALSE,0
"13295",5,"F",2,"White","Middle",4,0,0,0,0,0,0,0,0,0,4,1,FALSE,0
"13296",5,"F",2,"White","Middle",4,0,0,0,0,0,0,0,0,0,4,1,FALSE,0
"13297",4,"F",2,"White","Middle",4,0,0,0,0,0,0,0,0,0,4,1,FALSE,0
"13298",5,"F",2,"White","Middle",4,0,0,0,0,0,0,0,0,0,4,NA,FALSE,0
"13299",5,"F",2,"AI/AN","Middle",4,0,0,0,0,0,0,0,0,0,3,NA,FALSE,0
"13300",3,"M",1,"AI/AN","Middle",4,0,0,0,0,0,0,0,0,0,4,1,FALSE,0
"13301",3,"M",1,"Hispanic","Middle",4,0,0,0,0,0,0,0,0,0,4,1,FALSE,0
"13302",4,"F",1,"White","Middle",4,0,0,0,0,0,0,0,0,0,4,NA,FALSE,0
"13303",4,"F",1,"Hispanic","Middle",4,0,0,0,0,0,0,0,0,0,4,NA,FALSE,0
"13304",3,"F",1,"White","Middle",4,0,0,0,0,0,0,0,0,0,4,NA,FALSE,0
"13305",4,"F",1,"White","Middle",4,0,0,0,NA,NA,NA,NA,NA,0,4,1,NA,0
"13306",4,"F",1,"White","Middle",4,0,0,0,0,0,0,0,0,0,4,NA,FALSE,0
"13307",3,"F",1,"White","Middle",4,0,0,0,0,0,0,0,0,0,4,1,FALSE,0
"13308",4,"M",1,"White","Middle",4,0,0,0,0,0,0,0,0,0,4,1,FALSE,0
"13309",4,"M",1,"White","Middle",4,0,0,0,0,0,0,0,0,0,3,1,FALSE,0
"13310",4,"F",1,"White","Middle",3,0,0,1,0,0,0,0,0,1,1,NA,TRUE,1
"13311",4,"F",1,"White","Middle",4,0,0,0,0,0,0,0,0,0,4,NA,FALSE,0
"13312",4,"M",1,"White","Middle",4,NA,0,0,0,0,0,0,0,0,2,NA,NA,1
"13313",4,"F",1,"White","Middle",4,0,0,0,0,0,0,0,0,0,2,1,FALSE,1
"13314",4,"M",1,"White","Middle",4,0,0,0,0,0,0,0,0,0,4,NA,FALSE,0
"13315",3,"F",1,NA,"Middle",3,0,0,0,0,0,0,0,0,0,1,NA,FALSE,1
"13316",4,"F",1,"Hispanic","Middle",4,0,0,0,NA,NA,NA,NA,NA,0,4,NA,NA,0
"13317",4,"F",1,"White","Middle",4,0,0,0,0,0,0,0,0,0,4,NA,FALSE,0
"13318",3,"M",1,"Asian","Middle",3,0,0,0,0,0,0,0,0,0,4,NA,FALSE,0
"13319",4,"M",1,NA,"Middle",4,0,0,0,0,0,0,0,0,0,4,1,FALSE,0
"13320",4,"F",1,"White","Middle",4,0,0,0,0,0,0,0,0,0,4,1,FALSE,0
"13321",4,"M",1,"White","Middle",4,0,0,0,0,0,0,0,0,0,4,NA,FALSE,0
"13322",4,"F",1,"White","Middle",4,0,0,0,0,0,0,0,0,0,4,1,FALSE,0
"13323",6,"F",3,"White","Middle",4,0,0,0,0,0,0,0,0,0,3,1,FALSE,0
"13324",6,"M",3,"White","Middle",3,0,0,0,0,0,0,0,0,0,1,NA,FALSE,1
"13325",7,"F",3,"White","Middle",4,0,0,0,0,0,0,0,0,0,1,NA,FALSE,1
"13326",6,"F",3,"White","Middle",4,1,0,0,0,0,0,0,0,0,2,NA,TRUE,1
"13327",7,"M",3,"White","Middle",4,0,0,0,0,0,0,0,0,0,4,1,FALSE,0
"13328",7,"M",3,"White","Middle",3,0,0,0,0,0,0,0,0,0,4,NA,FALSE,0
"13329",5,"F",3,"White","Middle",3,0,0,0,0,0,0,0,0,0,2,1,FALSE,1
"13330",6,"F",3,"White","Middle",4,0,0,0,0,0,0,0,0,0,4,NA,FALSE,0
"13331",7,"F",3,"White","Middle",3,0,0,0,0,0,0,0,0,0,3,1,FALSE,0
"13332",7,"M",3,"White","Middle",2,1,1,1,0,0,0,1,0,0,4,NA,TRUE,0
"13333",6,"F",3,"White","Middle",4,0,0,0,0,0,0,0,0,0,3,1,FALSE,0
"13334",6,"F",3,"White","Middle",4,0,0,0,0,0,0,0,0,0,3,NA,FALSE,0
"13335",6,"F",3,"White","Middle",4,0,0,0,0,0,0,0,0,0,2,NA,FALSE,1
"13336",5,"M",3,"White","Middle",4,0,0,0,0,0,0,0,0,0,4,1,FALSE,0
"13337",4,"F",2,"White","Middle",4,0,0,0,0,0,0,0,0,0,3,NA,FALSE,0
"13338",6,"M",2,"White","Middle",4,0,0,1,0,0,0,0,0,NA,2,NA,TRUE,1
"13339",5,"M",2,"White","Middle",4,0,0,0,0,0,0,0,0,0,4,NA,FALSE,0
"13340",6,"M",2,"White","Middle",4,0,0,0,0,0,0,0,0,0,4,NA,FALSE,0
"13341",5,"M",2,"Hispanic","Middle",4,0,0,0,0,0,0,0,0,0,4,1,FALSE,0
"13342",5,"F",2,"Hispanic","Middle",4,0,0,0,0,0,0,0,0,0,4,1,FALSE,0
"13343",4,"M",2,"Hispanic","Middle",4,0,0,0,0,0,0,0,0,0,4,NA,FALSE,0
"13344",6,"M",2,"AI/AN","Middle",2,0,0,0,0,0,0,0,0,0,2,NA,FALSE,1
"13345",4,"M",2,"Hispanic","Middle",3,1,NA,NA,0,1,1,1,0,1,3,NA,TRUE,0
"13346",5,"M",2,"Black","Middle",4,0,0,0,0,0,0,0,0,0,4,NA,FALSE,0
"13347",5,"F",2,"Hispanic","Middle",4,0,0,0,0,0,0,0,0,0,4,1,FALSE,0
"13348",4,"F",2,"White","Middle",4,0,0,0,0,0,0,0,0,0,4,1,FALSE,0
"13349",4,"F",2,"White","Middle",4,1,0,0,1,0,0,0,0,0,1,NA,TRUE,1
"13350",5,"M",2,"AI/AN","Middle",3,0,0,0,0,0,0,0,0,0,3,NA,FALSE,0
"13351",5,"F",2,"White","Middle",3,0,0,0,0,0,0,0,0,0,2,1,FALSE,1
"13352",5,NA,2,NA,"Middle",4,0,0,0,0,0,0,0,0,0,4,1,FALSE,0
"13353",6,"M",2,"White","Middle",4,0,0,0,0,0,0,0,0,0,4,1,FALSE,0
"13354",4,"M",2,"White","Middle",4,0,0,0,0,0,0,0,0,0,4,NA,FALSE,0
"13355",4,"F",2,"White","Middle",4,0,0,0,0,0,0,0,0,0,4,1,FALSE,0
"13356",5,"M",2,NA,"Middle",4,0,0,0,0,0,0,0,0,0,4,NA,FALSE,0
"13357",6,"M",2,"Hispanic","Middle",2,1,NA,1,0,0,0,0,0,1,3,NA,TRUE,0
"13358",5,"M",2,"White","Middle",3,0,0,1,0,0,0,0,0,0,4,NA,TRUE,0
"13359",4,"F",2,"Hispanic","Middle",4,0,0,0,0,0,0,0,0,0,4,NA,FALSE,0
"13360",5,"F",2,"White","Middle",4,0,0,0,0,0,0,0,0,0,4,NA,FALSE,0
"13361",5,"M",2,"AI/AN","Middle",4,0,0,0,0,0,0,0,0,0,4,1,FALSE,0
"13362",4,"M",1,"White","Middle",3,0,0,0,0,0,0,0,0,0,4,NA,FALSE,0
"13363",4,"M",1,"White","Middle",4,0,0,0,0,0,0,0,0,0,4,1,FALSE,0
"13364",5,"M",1,"White","Middle",4,0,0,0,NA,NA,NA,NA,NA,0,4,NA,NA,0
"13365",4,"F",1,"White","Middle",4,0,0,0,0,0,0,0,0,0,4,NA,FALSE,0
"13366",4,"M",1,"Hispanic","Middle",4,0,0,NA,0,0,0,0,0,0,4,NA,NA,0
"13367",5,"F",1,"White","Middle",4,0,0,0,0,0,0,0,0,0,4,NA,FALSE,0
"13368",3,"M",1,"AI/AN","Middle",4,0,0,0,0,0,0,0,0,0,4,NA,FALSE,0
"13369",4,"M",1,"White","Middle",3,0,0,0,0,0,0,0,0,1,2,1,TRUE,1
"13370",5,"M",1,"White","Middle",3,0,0,0,0,0,0,0,0,0,3,NA,FALSE,0
"13371",4,"M",1,"Hispanic","Middle",4,0,0,0,0,0,0,0,0,0,4,1,FALSE,0
"13372",5,"F",1,"White","Middle",4,0,0,0,0,0,0,0,0,0,4,NA,FALSE,0
"13373",4,"F",1,"White","Middle",4,0,0,0,0,0,0,0,0,0,3,NA,FALSE,0
"13374",3,"F",1,"Hispanic","Middle",3,0,0,NA,0,0,0,0,0,0,2,1,NA,1
"13375",4,"M",1,"Hispanic","Middle",4,0,0,0,0,0,0,0,0,0,4,NA,FALSE,0
"13376",5,"M",1,"White","Middle",4,0,0,0,0,0,0,0,0,0,4,1,FALSE,0
"13377",4,"F",1,"White","Middle",4,0,0,0,0,0,0,0,0,0,4,1,FALSE,0
"13378",4,"F",1,"White","Middle",4,0,0,0,0,0,0,0,0,0,4,1,FALSE,0
"13379",4,"F",1,"White","Middle",4,0,0,0,0,0,0,0,0,0,3,NA,FALSE,0
"13380",3,"F",1,"Hispanic","Middle",4,0,0,0,0,0,0,0,0,0,2,NA,FALSE,1
"13381",5,"M",1,"White","Middle",3,0,0,0,0,0,0,0,0,0,3,NA,FALSE,0
"13382",3,"F",1,"White","Middle",4,0,0,0,0,0,0,0,0,0,4,NA,FALSE,0
"13383",4,"M",1,"White","Middle",3,0,0,0,0,0,0,0,0,0,2,NA,FALSE,1
"13384",4,"M",1,"White","Middle",4,0,0,1,0,0,0,0,0,0,4,NA,TRUE,0
"13385",4,"M",1,"AI/AN","Middle",3,0,0,0,0,0,0,0,0,0,3,NA,FALSE,0
"13386",5,"F",1,"White","Middle",3,1,1,1,0,0,0,0,0,0,4,NA,TRUE,0
"13387",4,"M",1,"White","Middle",4,0,0,0,0,0,0,0,0,0,4,NA,FALSE,0
"13388",4,"M",1,"AI/AN","Middle",4,0,0,0,0,0,0,0,0,0,4,1,FALSE,0
"13389",7,"F",4,"White","High",2,1,1,0,0,0,0,0,0,0,1,NA,TRUE,1
"13390",7,"M",4,"White","High",3,0,0,1,0,0,0,0,0,1,1,NA,TRUE,1
"13391",8,"F",4,"White","High",4,0,0,1,0,0,0,0,0,0,4,NA,TRUE,0
"13392",7,"F",4,"AI/AN","High",3,0,0,0,0,0,0,0,0,0,3,NA,FALSE,0
"13393",7,"M",4,"White","High",2,1,1,1,0,0,0,0,1,1,3,NA,TRUE,0
"13394",7,"M",4,"Hispanic","High",3,1,0,1,0,0,0,0,0,0,3,NA,TRUE,0
"13395",8,"M",5,"White","High",3,0,0,0,0,0,0,0,0,0,3,1,FALSE,0
"13396",7,"M",4,"Black","High",4,0,0,1,0,0,0,0,0,0,4,NA,TRUE,0
"13397",7,"F",4,"White","High",3,1,0,0,0,0,0,0,0,1,1,NA,TRUE,1
"13398",7,"M",4,"White","High",4,0,0,0,0,0,0,0,0,0,4,NA,FALSE,0
"13399",8,"M",4,"White","High",4,0,0,0,0,0,0,0,0,0,4,1,FALSE,0
"13400",6,"F",4,"White","High",3,0,0,0,0,0,0,0,0,1,1,NA,TRUE,1
"13401",8,"F",5,"White","High",4,0,0,0,0,0,0,0,0,0,4,NA,FALSE,0
"13402",8,"M",5,"White","High",3,0,0,0,0,0,0,0,0,0,2,NA,FALSE,1
"13403",7,"F",5,"Hispanic","High",3,0,0,0,0,0,0,0,0,0,2,NA,FALSE,1
"13404",8,"F",5,"Hispanic","High",2,0,0,0,0,0,0,0,0,0,1,NA,FALSE,1
"13405",8,"M",6,"White","High",4,0,0,1,0,0,0,0,0,0,2,1,TRUE,1
"13406",11,"M",7,"White","High",4,0,0,0,0,0,0,0,0,0,4,NA,FALSE,0
"13407",8,"M",5,"Hispanic","High",3,0,0,1,0,0,0,0,0,0,4,NA,TRUE,0
"13408",8,"M",5,"White","High",3,1,0,0,0,0,0,0,0,1,1,1,TRUE,1
"13409",8,"F",5,"White","High",4,0,0,0,0,0,0,0,0,0,4,NA,FALSE,0
"13410",8,"M",5,"AI/AN","High",4,NA,0,1,0,0,0,0,0,0,4,NA,TRUE,0
"13411",8,"F",5,"White","High",4,0,0,0,0,0,0,0,0,0,4,NA,FALSE,0
"13412",8,"F",5,"Hispanic","High",4,0,0,0,0,0,0,0,0,0,4,1,FALSE,0
"13413",8,"F",5,"White","High",4,0,0,0,0,0,0,0,0,0,4,NA,FALSE,0
"13414",8,"F",5,"White","High",4,0,0,0,0,0,0,0,0,0,4,1,FALSE,0
"13415",7,"F",5,"White","High",4,0,0,0,0,0,0,0,0,1,2,NA,TRUE,1
"13416",10,"F",7,"White","High",2,1,0,1,0,0,0,0,0,0,1,NA,TRUE,1
"13417",10,"F",7,"White","High",4,0,0,0,0,0,0,0,0,0,4,NA,FALSE,0
"13418",10,"F",7,"White","High",2,NA,0,0,0,0,0,0,0,0,3,NA,NA,0
"13419",9,"F",7,"White","High",2,1,1,1,0,0,1,0,0,1,1,NA,TRUE,1
"13420",10,"F",7,"White","High",4,0,0,0,0,0,0,0,0,0,2,1,FALSE,1
"13421",10,"F",7,"Hispanic","High",3,0,0,0,0,0,0,0,0,0,2,NA,FALSE,1
"13422",10,"F",7,"White","High",2,0,0,0,0,0,0,0,0,1,2,1,TRUE,1
"13423",10,"F",7,"White","High",4,0,0,0,0,0,0,0,0,0,4,NA,FALSE,0
"13424",11,"M",7,"White","High",3,0,0,0,0,0,0,0,0,0,2,1,FALSE,1
"13425",10,"M",7,"White","High",2,0,1,1,0,0,0,0,0,1,2,NA,TRUE,1
"13426",10,"F",7,"White","High",4,0,0,0,0,0,0,0,0,0,4,NA,FALSE,0
"13427",10,"F",7,"White","High",2,1,1,1,0,0,0,0,0,0,1,NA,TRUE,1
"13428",10,"F",7,"White","High",1,0,NA,0,0,0,0,0,0,0,2,1,NA,1
"13429",10,"F",7,"White","High",2,1,0,1,0,0,0,0,0,0,2,1,TRUE,1
"13430",9,"M",7,"Hispanic","High",3,1,0,0,0,0,0,0,0,0,2,NA,TRUE,1
"13431",10,"M",7,"White","High",1,1,1,1,0,0,0,1,0,0,1,NA,TRUE,1
"13432",8,"F",5,"AI/AN","High",4,0,0,0,0,0,0,0,0,0,4,NA,FALSE,0
"13433",9,"M",6,"White","High",3,0,0,0,0,0,0,0,0,0,2,NA,FALSE,1
"13434",10,"M",6,"Hispanic","High",1,0,1,0,0,0,0,0,0,0,2,1,TRUE,1
"13435",9,"M",6,"White","High",3,0,0,1,0,0,0,0,0,0,3,1,TRUE,0
"13436",9,"M",6,"White","High",3,0,0,0,0,0,0,0,0,0,4,NA,FALSE,0
"13437",9,"M",6,"White","High",4,NA,0,0,0,0,0,0,0,1,1,1,TRUE,1
"13438",10,"F",6,"White","High",3,0,0,0,0,0,0,0,0,0,4,NA,FALSE,0
"13439",9,"M",6,"White","High",4,0,0,0,0,0,0,0,0,0,4,NA,FALSE,0
"13440",7,"F",4,"Hispanic","High",4,0,0,0,0,0,0,0,0,0,4,NA,FALSE,0
"13441",8,"F",4,"Hispanic","High",4,0,0,0,0,0,0,0,0,0,4,1,FALSE,0
"13442",7,"F",4,"White","High",4,0,0,0,0,0,0,0,0,0,1,NA,FALSE,1
"13443",7,"F",4,"Hispanic","High",3,0,0,0,0,0,0,0,0,0,3,1,FALSE,0
"13444",8,"M",4,NA,"High",2,1,1,0,NA,NA,NA,NA,NA,0,3,NA,TRUE,0
"13445",10,"F",7,"AI/AN","High",4,1,0,0,0,0,0,0,0,0,1,1,TRUE,1
"13446",8,"M",5,"AI/AN","High",3,0,0,0,0,0,0,0,0,1,2,1,TRUE,1
"13447",7,"M",4,"AI/AN","High",4,0,0,0,0,0,0,0,0,0,1,NA,FALSE,1
"13448",7,"M",4,"White","High",3,0,0,0,0,0,0,0,0,0,3,1,FALSE,0
"13449",8,"M",4,"AI/AN","High",3,0,0,1,NA,NA,NA,NA,NA,0,4,NA,TRUE,0
"13450",7,"F",4,"Hispanic","High",2,0,0,0,0,0,0,0,0,0,1,1,FALSE,1
"13451",8,"F",4,"Hispanic","High",4,1,0,0,0,0,0,0,0,1,1,1,TRUE,1
"13452",7,"M",4,"Black","High",3,0,0,0,0,0,0,0,0,0,3,1,FALSE,0
"13453",7,"M",4,"Hispanic","High",4,0,0,0,0,0,0,0,0,0,4,1,FALSE,0
"13454",6,"M",4,"Hispanic","High",3,0,1,0,0,0,0,0,0,1,2,NA,TRUE,1
"13455",7,"M",4,"Hispanic","High",3,0,0,0,0,0,0,0,0,0,4,1,FALSE,0
"13456",8,"M",4,"Hispanic","High",4,0,0,0,0,0,0,0,0,1,3,1,TRUE,0
"13457",7,"F",4,"Hispanic","High",3,0,0,0,0,0,0,0,0,0,1,1,FALSE,1
"13458",7,"F",4,"White","High",4,0,0,0,0,0,0,0,0,0,2,NA,FALSE,1
"13459",7,"F",4,"Hispanic","High",4,0,0,0,0,0,0,0,0,0,1,NA,FALSE,1
"13460",7,"F",4,"Hispanic","High",4,0,0,0,0,0,0,0,0,0,4,1,FALSE,0
"13461",8,"M",5,"White","High",4,0,NA,0,0,0,0,0,0,0,4,NA,NA,0
"13462",8,"M",5,"Hispanic","High",3,0,0,0,0,0,0,0,0,0,1,NA,FALSE,1
"13463",8,"M",5,"White","High",1,1,NA,1,0,0,0,0,0,0,4,NA,TRUE,0
"13464",7,"F",5,"White","High",4,0,0,0,0,0,0,0,0,0,2,NA,FALSE,1
"13465",9,"M",5,"Hispanic","High",4,0,0,0,0,0,0,0,0,0,4,NA,FALSE,0
"13466",8,"F",5,"Hispanic","High",4,0,0,0,0,0,0,0,0,0,3,NA,FALSE,0
"13467",8,"F",5,"Hispanic","High",3,0,0,0,0,0,0,0,0,0,3,NA,FALSE,0
"13468",8,"M",5,"Hispanic","High",4,0,0,0,0,0,0,0,0,0,2,1,FALSE,1
"13469",7,"M",5,"Hispanic","High",3,0,0,0,0,0,0,0,0,0,2,1,FALSE,1
"13470",8,"F",5,"Black","High",2,0,0,0,0,0,0,0,0,0,1,NA,FALSE,1
"13471",8,"F",5,"Hispanic","High",4,0,0,0,0,0,0,0,0,0,1,1,FALSE,1
"13472",10,"F",6,NA,"High",4,0,0,0,NA,NA,NA,NA,NA,0,4,NA,NA,0
"13473",8,"M",5,"White","High",1,1,0,1,0,0,0,0,0,0,4,NA,TRUE,0
"13474",8,"F",5,"Hispanic","High",4,0,0,0,0,0,0,0,0,0,2,1,FALSE,1
"13475",7,"F",5,"Hispanic","High",4,0,0,0,0,0,0,0,0,0,4,NA,FALSE,0
"13476",8,"M",5,"Hispanic","High",4,0,0,0,0,0,0,0,0,0,4,1,FALSE,0
"13477",8,"M",5,"Hispanic","High",2,1,1,0,0,0,0,0,0,0,2,NA,TRUE,1
"13478",8,"M",5,"White","High",2,1,1,0,1,1,0,0,0,1,1,NA,TRUE,1
"13479",8,"F",6,"Hispanic","High",3,0,0,0,0,0,0,0,0,0,3,NA,FALSE,0
"13480",8,"M",6,"White","High",4,0,0,0,0,0,0,0,0,0,4,1,FALSE,0
"13481",9,"M",6,"White","High",3,0,0,0,0,0,0,0,0,0,3,1,FALSE,0
"13482",9,"M",6,"White","High",4,0,0,0,0,0,0,0,0,0,3,NA,FALSE,0
"13483",9,"F",6,"AI/AN","High",4,0,0,0,0,0,0,0,0,0,2,NA,FALSE,1
"13484",10,"M",6,"White","High",2,1,1,1,0,0,0,0,0,1,2,NA,TRUE,1
"13485",9,"M",6,"Hispanic","High",NA,0,NA,NA,0,0,0,0,0,NA,NA,1,NA,NA
"13486",10,"M",6,"White","High",2,1,0,1,0,0,0,0,0,0,1,NA,TRUE,1
"13487",8,"F",6,"White","High",4,0,0,0,0,0,0,0,0,0,4,NA,FALSE,0
"13488",8,"F",6,"White","High",4,0,0,0,0,0,0,0,0,0,3,NA,FALSE,0
"13489",9,"F",6,"White","High",4,0,0,0,0,0,0,0,0,0,4,1,FALSE,0
"13490",10,"F",6,"Hispanic","High",4,0,0,0,0,0,0,0,0,0,3,NA,FALSE,0
"13491",9,"M",6,"Hispanic","High",4,0,0,0,0,0,0,0,0,0,2,1,FALSE,1
"13492",8,"M",6,"Hispanic","High",4,0,0,0,0,0,0,0,0,0,4,1,FALSE,0
"13493",9,"F",6,"AI/AN","High",2,0,0,0,0,0,0,0,0,0,2,NA,FALSE,1
"13494",9,"F",6,"AI/AN","High",2,0,0,0,0,0,0,0,0,0,1,1,FALSE,1
"13495",9,"F",6,"Black","High",3,0,0,0,NA,NA,NA,NA,NA,0,4,NA,NA,0
"13496",9,"M",6,"White","High",4,0,0,0,0,0,0,0,0,1,1,1,TRUE,1
"13497",9,"M",6,"White","High",4,0,0,0,0,0,0,0,0,0,1,1,FALSE,1
"13498",8,"M",6,"Asian","High",3,0,0,0,0,0,0,0,0,0,2,NA,FALSE,1
"13499",9,"M",6,"Black","High",2,1,NA,NA,0,0,0,0,0,NA,2,NA,TRUE,1
"13500",9,"M",7,"Hispanic","High",2,0,0,0,0,0,0,0,0,0,1,1,FALSE,1
"13501",9,"F",7,"Hispanic","High",4,0,0,0,0,0,0,0,0,0,2,1,FALSE,1
"13502",10,"M",7,"White","High",1,1,1,1,0,1,0,0,0,1,1,NA,TRUE,1
"13503",10,"M",7,"White","High",1,0,1,1,1,0,0,0,0,0,3,NA,TRUE,0
"13504",10,"M",7,"White","High",2,1,1,1,0,0,0,0,0,0,2,NA,TRUE,1
"13505",10,"F",7,"Black","High",4,0,0,0,0,0,0,0,0,0,2,1,FALSE,1
"13506",11,"M",7,"Hispanic","High",4,0,0,0,0,0,0,0,0,0,4,1,FALSE,0
"13507",11,"F",7,"Hispanic","High",4,0,0,0,0,0,0,0,0,0,2,NA,FALSE,1
"13508",9,"M",7,"Hispanic","High",3,0,0,0,0,0,0,0,0,0,1,1,FALSE,1
"13509",10,"F",7,"Hispanic","High",4,0,0,0,0,0,0,0,0,0,4,1,FALSE,0
"13510",10,"F",7,"Hispanic","High",4,0,0,0,0,0,0,0,0,0,4,1,FALSE,0
"13511",10,"F",7,"Hispanic","High",4,0,0,0,0,0,0,0,0,0,2,NA,FALSE,1
"13512",9,"F",7,"Hispanic","High",3,0,1,0,0,0,0,0,0,1,1,1,TRUE,1
"13513",9,"F",7,"Hispanic","High",3,1,0,0,0,0,0,0,0,0,3,NA,TRUE,0
"13514",9,"M",7,"White","High",1,1,1,1,0,0,0,1,0,1,1,NA,TRUE,1
"13515",10,"M",7,"Hispanic","High",3,0,0,0,0,0,0,0,0,0,4,1,FALSE,0
"13516",10,"M",7,"Hispanic","High",3,1,0,0,0,0,0,0,0,0,2,NA,TRUE,1
"13517",10,"M",7,"Hispanic","High",3,0,0,0,0,0,0,0,0,0,1,1,FALSE,1
"13518",10,"F",7,"White","High",4,0,0,0,0,0,0,0,0,0,3,NA,FALSE,0
"13519",NA,NA,NA,NA,NA,4,NA,0,0,0,0,0,0,0,1,1,NA,TRUE,1
"13520",11,"F",7,"White","High",4,0,0,0,0,0,0,0,0,0,4,1,FALSE,0
"13521",9,"F",7,"Hispanic","High",3,0,0,0,0,0,0,0,0,1,2,NA,TRUE,1
"13522",10,"F",7,"Hispanic","High",4,0,0,0,0,0,0,0,0,0,4,1,FALSE,0
"13523",11,"F",7,"Hispanic","High",4,0,0,0,0,0,0,0,0,0,2,1,FALSE,1
"13524",10,"F",7,"Black","High",4,0,0,0,0,0,0,0,0,0,4,1,FALSE,0
"13525",9,"F",7,"Hispanic","High",4,0,0,0,0,0,0,0,0,0,2,1,FALSE,1
"13526",9,"F",7,"AI/AN","High",4,0,0,0,0,0,0,0,0,0,4,NA,FALSE,0
"13527",5,"F",1,"Hispanic","Middle",4,0,0,0,NA,NA,NA,NA,NA,0,4,1,NA,0
"13528",5,"F",3,"Hispanic","Middle",3,0,0,0,0,0,0,0,0,0,4,1,FALSE,0
"13529",3,"M",1,"Hispanic","Middle",4,0,0,0,0,0,0,0,0,0,4,1,FALSE,0
"13530",NA,NA,NA,NA,NA,4,NA,0,0,0,0,0,0,0,0,4,1,NA,0
"13531",4,"F",1,"White","Middle",4,0,0,0,0,0,0,0,0,0,4,NA,FALSE,0
"13532",4,"M",1,"Hispanic","Middle",4,0,0,0,NA,NA,NA,NA,NA,0,3,NA,NA,0
"13533",4,"M",1,"Hispanic","Middle",4,0,0,0,0,0,0,0,0,0,4,1,FALSE,0
"13534",4,"F",1,"Hispanic","Middle",4,0,0,0,0,0,0,0,0,0,3,NA,FALSE,0
"13535",4,"F",1,"White","Middle",4,0,0,0,0,0,0,0,0,0,4,NA,FALSE,0
"13536",4,"M",1,"Black","Middle",4,0,0,0,0,0,0,0,0,0,4,1,FALSE,0
"13537",4,"F",1,"White","Middle",4,0,0,0,0,0,0,0,0,0,4,1,FALSE,0
"13538",3,"F",1,"AI/AN","Middle",4,0,0,0,0,0,0,0,0,0,2,NA,FALSE,1
"13539",5,"M",1,"Hispanic","Middle",3,0,0,0,0,0,0,0,0,NA,1,1,NA,1
"13540",4,"F",1,"Hispanic","Middle",3,0,0,0,0,0,0,0,0,0,1,NA,FALSE,1
"13541",3,"F",1,"Hispanic","Middle",4,0,0,0,0,0,0,0,0,0,4,1,FALSE,0
"13542",3,"M",1,"Hispanic","Middle",4,0,0,0,0,0,0,0,0,0,3,NA,FALSE,0
"13543",4,"M",1,"White","Middle",4,0,0,0,0,0,0,0,0,0,1,NA,FALSE,1
"13544",3,"F",1,"Hispanic","Middle",4,0,0,0,0,0,0,0,0,0,4,1,FALSE,0
"13545",3,"F",1,"Hispanic","Middle",4,0,0,0,0,0,0,0,0,0,4,1,FALSE,0
"13546",4,"F",1,"Hispanic","Middle",4,0,0,0,0,0,0,0,0,0,4,1,FALSE,0
"13547",6,"M",3,"Hispanic","Middle",2,0,0,0,0,0,0,0,0,0,2,1,FALSE,1
"13548",6,"M",3,"Hispanic","Middle",3,0,0,0,0,0,0,0,0,1,2,1,TRUE,1
"13549",6,"M",3,"White","Middle",2,0,0,0,0,0,0,0,0,0,2,NA,FALSE,1
"13550",5,"F",3,"Hispanic","Middle",3,0,0,0,0,0,0,0,0,0,2,1,FALSE,1
"13551",6,"F",3,"AI/AN","Middle",4,0,0,0,0,0,0,1,0,1,2,NA,TRUE,1
"13552",7,"F",3,"Hispanic","Middle",4,0,0,0,0,0,0,0,0,0,2,NA,FALSE,1
"13553",6,"M",3,"AI/AN","Middle",4,1,0,0,0,0,0,0,0,0,1,NA,TRUE,1
"13554",5,"F",3,"Hispanic","Middle",3,0,0,0,0,0,0,0,0,0,2,1,FALSE,1
"13555",6,"F",3,"Hispanic","Middle",3,0,0,0,0,0,0,0,0,0,3,NA,FALSE,0
"13556",5,"M",3,"Hispanic","Middle",4,0,0,0,0,0,0,0,0,0,4,1,FALSE,0
"13557",6,"M",3,"White","Middle",4,0,0,0,0,0,0,0,0,0,4,1,FALSE,0
"13558",8,"F",3,"White","Middle",4,NA,0,0,0,0,0,0,0,1,2,NA,TRUE,1
"13559",6,NA,3,"Black","Middle",3,0,0,0,0,0,0,0,0,0,4,1,FALSE,0
"13560",5,"F",3,NA,"Middle",3,0,0,1,0,0,0,0,0,0,1,NA,TRUE,1
"13561",5,"F",3,"White","Middle",4,0,0,0,0,0,0,0,0,0,4,1,FALSE,0
"13562",6,"F",3,"Hispanic","Middle",4,0,0,0,0,0,0,0,0,0,4,NA,FALSE,0
"13563",6,"M",3,"Black","Middle",4,0,0,0,0,0,0,0,0,0,3,1,FALSE,0
"13564",7,"M",3,"White","Middle",2,0,0,0,0,0,0,0,0,1,1,NA,TRUE,1
"13565",7,"F",3,"White","Middle",4,1,0,0,0,0,0,0,0,1,1,NA,TRUE,1
"13566",7,"F",3,"White","Middle",4,0,0,0,0,0,0,0,0,0,4,1,FALSE,0
"13567",6,"F",3,"AI/AN","Middle",2,NA,1,0,NA,NA,NA,NA,NA,1,2,NA,TRUE,1
"13568",4,"M",2,"AI/AN","Middle",3,0,0,0,0,0,0,0,0,1,1,NA,TRUE,1
"13569",4,"M",2,"Hispanic","Middle",3,0,0,0,0,0,0,0,0,0,1,1,FALSE,1
"13570",5,"M",2,"AI/AN","Middle",4,0,0,0,0,0,0,0,0,0,1,NA,FALSE,1
"13571",5,"M",2,"Hispanic","Middle",2,0,0,1,0,0,0,1,0,1,2,NA,TRUE,1
"13572",5,"M",2,"White","Middle",4,0,0,0,0,0,0,0,0,0,4,NA,FALSE,0
"13573",5,"M",2,"White","Middle",4,0,0,0,0,0,0,0,0,0,2,NA,FALSE,1
"13574",5,"F",2,"Black","Middle",4,0,0,NA,0,0,0,0,0,0,4,1,NA,0
"13575",5,"F",2,"Hispanic","Middle",3,0,0,0,0,0,0,0,0,0,3,1,FALSE,0
"13576",5,"F",2,"AI/AN","Middle",4,0,0,0,0,0,0,0,0,1,3,1,TRUE,0
"13577",6,"M",2,"Hispanic","Middle",3,0,0,0,0,0,0,0,0,1,3,NA,TRUE,0
"13578",5,"M",2,"Hispanic","Middle",4,0,0,NA,0,0,0,0,0,0,2,1,NA,1
"13579",6,"F",3,"Hispanic","Middle",3,1,1,0,0,0,0,0,0,1,1,NA,TRUE,1
"13580",7,"M",3,"White","Middle",1,1,NA,1,0,0,0,1,0,1,1,NA,TRUE,1
"13581",7,"M",3,"Hispanic","Middle",1,1,1,0,0,0,0,0,0,0,1,NA,TRUE,1
"13582",6,"M",3,"Hispanic","Middle",3,0,0,0,0,0,0,0,0,0,3,1,FALSE,0
"13583",5,"M",3,"Hispanic","Middle",3,0,0,0,0,0,0,0,0,0,2,1,FALSE,1
"13584",9,"F",7,"White","High",4,1,0,0,0,0,1,0,0,1,1,NA,TRUE,1
"13585",10,"M",7,"White","High",3,1,1,1,0,0,0,0,0,1,2,NA,TRUE,1
"13586",9,"M",7,"White","High",3,0,0,1,0,0,0,0,0,1,1,1,TRUE,1
"13587",10,"M",7,"Black","High",2,1,1,0,0,0,0,0,0,1,1,NA,TRUE,1
"13588",10,"M",7,"Black","High",3,1,0,0,0,0,0,0,0,1,1,1,TRUE,1
"13589",2,"M",8,"Asian",NA,NA,NA,NA,NA,NA,NA,NA,NA,NA,NA,NA,NA,NA,NA
"13590",10,"M",7,"White","High",2,1,0,1,1,0,0,1,0,1,1,NA,TRUE,1
"13591",10,"M",7,"Hispanic","High",2,1,1,0,0,0,1,0,0,1,1,1,TRUE,1
"13592",9,"F",7,"White","High",4,0,0,0,0,0,0,0,0,1,2,1,TRUE,1
"13593",9,"F",7,"White","High",4,0,0,0,0,0,0,0,0,0,2,NA,FALSE,1
"13594",9,"F",7,"Black","High",3,0,0,0,0,0,0,0,0,0,2,1,FALSE,1
"13595",10,"F",7,"White","High",1,1,1,0,0,0,1,0,0,1,1,1,TRUE,1
"13596",10,"M",7,"AI/AN","High",3,0,0,1,0,0,0,1,0,1,3,1,TRUE,0
"13597",9,"M",5,NA,"High",2,0,0,0,NA,NA,NA,NA,NA,0,4,NA,NA,0
"13598",8,"F",6,"White","High",4,0,0,0,0,0,0,0,0,0,2,NA,FALSE,1
"13599",9,"M",6,"Hispanic","High",2,1,1,1,0,0,0,0,0,1,1,NA,TRUE,1
"13600",9,"M",7,"AI/AN","High",NA,1,0,0,NA,NA,NA,NA,NA,1,1,NA,TRUE,1
"13601",NA,NA,NA,NA,NA,4,NA,0,0,0,0,0,0,0,1,1,1,TRUE,1
"13602",9,"M",5,"Hispanic","High",3,1,0,1,0,0,0,0,0,1,1,NA,TRUE,1
"13603",8,"F",6,"White","High",1,1,1,0,0,0,0,0,0,1,1,NA,TRUE,1
"13604",7,"M",5,"Black","High",1,1,1,0,0,0,0,0,0,1,1,1,TRUE,1
"13605",9,"M",7,"Hispanic","High",1,1,1,0,0,0,1,0,0,1,1,NA,TRUE,1
"13606",8,"M",6,NA,"High",4,0,0,0,0,0,0,0,0,0,4,NA,FALSE,0
"13607",9,"M",6,"White","High",2,1,1,0,0,0,1,0,1,0,3,NA,TRUE,0
"13608",9,"F",6,"White","High",4,1,NA,0,0,0,0,0,0,0,1,1,TRUE,1
"13609",9,"M",6,"AI/AN","High",2,0,0,0,0,0,0,0,0,0,2,1,FALSE,1
"13610",9,"F",7,"Hispanic","High",4,0,0,0,0,0,0,0,0,0,4,1,FALSE,0
"13611",9,"F",6,"White","High",1,1,1,0,0,0,0,0,0,1,1,1,TRUE,1
"13612",9,"M",5,"White","High",1,1,1,0,1,0,1,0,0,1,1,1,TRUE,1
"13613",11,"M",6,"Black","High",3,1,1,0,0,0,0,0,0,1,1,NA,TRUE,1
"13614",9,"M",6,"White","High",4,0,0,0,0,0,0,0,0,1,2,NA,TRUE,1
"13615",9,"F",6,"White","High",1,1,1,1,0,0,0,0,0,1,1,1,TRUE,1
"13616",10,"M",6,"Hispanic","High",2,1,1,0,0,0,0,0,0,1,1,NA,TRUE,1
"13617",10,"M",7,"White","High",4,0,0,0,0,0,0,0,0,0,4,1,FALSE,0
"13618",9,"F",6,"White","High",4,0,0,0,0,0,0,0,0,0,4,NA,FALSE,0
"13619",9,"F",6,"Black","High",4,0,NA,0,0,0,0,0,0,0,4,NA,NA,0
"13620",9,"M",7,"Asian","High",3,0,NA,0,0,0,0,0,0,0,1,1,NA,1
"13621",10,"F",7,"Hispanic","High",4,0,0,0,0,0,0,0,0,0,2,1,FALSE,1
"13622",1,NA,1,"Hispanic","Middle",1,1,1,1,1,1,1,1,1,1,1,NA,TRUE,1
"13623",10,"F",7,"White","High",1,1,1,0,0,0,0,0,0,0,4,NA,TRUE,0
"13624",9,"F",7,"Black","High",4,0,0,0,0,0,0,0,0,0,4,1,FALSE,0
"13625",9,"M",7,"White","High",4,0,0,0,0,0,0,0,0,0,4,NA,FALSE,0
"13626",9,"M",7,"White","High",4,0,0,0,0,0,0,0,0,0,4,1,FALSE,0
"13627",10,"M",7,"White","High",3,1,NA,0,0,0,0,0,0,0,1,1,TRUE,1
"13628",10,"M",7,"White","High",3,0,0,0,0,0,0,0,0,0,4,1,FALSE,0
"13629",10,"M",7,"Hispanic","High",4,0,0,0,0,0,0,0,0,0,4,1,FALSE,0
"13630",10,"F",7,"White","High",1,1,1,0,NA,NA,NA,NA,NA,0,2,NA,TRUE,1
"13631",9,"M",6,"White","High",4,0,0,1,0,0,0,0,0,0,1,1,TRUE,1
"13632",9,"M",6,NA,"High",3,NA,0,0,0,0,0,0,0,0,2,NA,NA,1
"13633",9,"M",6,"White","High",4,0,0,0,0,0,0,0,0,0,4,1,FALSE,0
"13634",9,"F",6,"Hispanic","High",2,0,0,0,0,0,1,0,0,0,1,NA,TRUE,1
"13635",9,"M",6,"White","High",2,1,0,1,0,0,0,0,0,1,1,NA,TRUE,1
"13636",9,"M",6,"White","High",2,0,1,1,0,0,1,1,0,1,1,NA,TRUE,1
"13637",8,"M",6,"White","High",3,0,0,0,0,0,0,0,0,0,1,1,FALSE,1
"13638",9,"M",6,"White","High",3,0,0,0,0,0,0,0,0,0,3,1,FALSE,0
"13639",9,"F",6,"White","High",4,0,0,0,0,0,0,0,0,1,1,NA,TRUE,1
"13640",8,"F",6,"Hispanic","High",4,0,0,0,0,0,0,0,0,1,2,NA,TRUE,1
"13641",8,"M",6,"White","High",4,0,0,0,0,0,0,0,0,0,4,NA,FALSE,0
"13642",9,"M",6,"White","High",4,0,0,0,0,0,0,0,0,0,2,NA,FALSE,1
"13643",9,"F",6,"White","High",4,0,0,0,0,0,0,0,0,0,4,1,FALSE,0
"13644",8,"M",6,"Hispanic","High",4,0,0,0,0,0,0,0,0,1,1,1,TRUE,1
"13645",8,"F",6,"White","High",4,0,0,0,0,0,0,0,0,0,4,1,FALSE,0
"13646",9,"F",6,"Black","High",4,0,0,0,0,0,0,0,0,0,4,NA,FALSE,0
"13647",8,"F",6,"White","High",3,0,1,0,0,0,1,0,0,0,2,NA,TRUE,1
"13648",8,"F",6,"White","High",2,0,1,0,0,0,0,0,0,0,2,NA,TRUE,1
"13649",8,"M",6,"White","High",4,0,0,0,0,0,0,0,0,0,4,1,FALSE,0
"13650",9,"F",6,"White","High",4,0,0,0,0,0,0,0,0,0,4,NA,FALSE,0
"13651",9,"M",6,"Hispanic","High",4,0,0,0,0,0,0,0,0,0,4,1,FALSE,0
"13652",9,"F",6,"White","High",2,0,1,0,0,0,0,0,0,1,1,1,TRUE,1
"13653",9,"M",6,NA,"High",4,0,0,0,0,0,0,0,0,0,4,1,FALSE,0
"13654",8,"F",6,"White","High",4,0,0,0,0,0,0,0,0,0,2,1,FALSE,1
"13655",10,"M",7,"White","High",3,1,0,0,0,0,1,0,0,0,1,NA,TRUE,1
"13656",9,"M",6,"White","High",3,0,0,0,0,0,0,0,0,0,1,1,FALSE,1
"13657",8,"F",6,"White","High",3,0,0,0,0,0,0,0,0,0,2,NA,FALSE,1
"13658",9,"F",6,"Hispanic","High",4,0,0,0,0,0,0,0,0,0,2,NA,FALSE,1
"13659",8,"F",6,"Hispanic","High",3,0,0,0,0,0,0,0,0,0,2,1,FALSE,1
"13660",9,"F",7,"Hispanic","High",2,0,1,0,0,0,0,0,0,1,1,1,TRUE,1
"13661",9,"M",7,"White","High",1,1,1,0,0,0,0,1,0,0,1,NA,TRUE,1
"13662",9,"F",7,"White","High",2,0,0,0,0,0,0,0,0,0,4,1,FALSE,0
"13663",10,"F",7,"White","High",3,0,0,0,0,0,0,0,0,0,1,NA,FALSE,1
"13664",10,"F",7,"White","High",1,0,1,1,0,0,0,0,0,1,1,NA,TRUE,1
"13665",10,"M",7,"White","High",3,0,0,0,0,0,0,0,0,0,4,1,FALSE,0
"13666",10,"M",7,"White","High",4,0,0,0,0,0,0,0,0,0,4,NA,FALSE,0
"13667",10,"F",7,"White","High",3,0,0,0,0,0,0,0,0,0,2,1,FALSE,1
"13668",10,"F",7,"Hispanic","High",3,0,0,0,0,0,0,0,0,0,2,1,FALSE,1
"13669",9,"F",7,NA,"High",4,0,0,0,0,0,0,0,0,0,2,1,FALSE,1
"13670",10,"F",7,"White","High",4,0,0,0,0,0,0,0,0,0,4,NA,FALSE,0
"13671",9,"F",7,"White","High",4,0,0,0,0,0,0,0,0,0,4,1,FALSE,0
"13672",9,"M",7,"Hispanic","High",3,0,0,0,0,0,0,0,0,0,2,1,FALSE,1
"13673",9,"F",6,"White","High",3,0,0,0,0,0,0,0,0,0,2,NA,FALSE,1
"13674",8,"M",5,"White","High",4,0,0,0,0,0,0,0,0,0,4,1,FALSE,0
"13675",8,"F",5,"White","High",4,0,0,0,0,0,0,0,0,0,2,1,FALSE,1
"13676",7,"M",5,"White","High",4,0,0,0,0,0,0,0,0,0,4,1,FALSE,0
"13677",7,"M",5,"White","High",4,0,0,0,0,0,0,0,0,0,4,NA,FALSE,0
"13678",8,"M",5,"Hispanic","High",4,0,0,0,0,0,0,0,0,1,2,NA,TRUE,1
"13679",10,"M",7,"Hispanic","High",4,0,0,0,0,0,0,0,0,0,4,1,FALSE,0
"13680",8,"M",5,"Hispanic","High",2,0,1,1,NA,NA,NA,NA,NA,1,1,1,TRUE,1
"13681",8,"M",5,"Hispanic","High",3,0,0,0,0,0,0,0,0,0,2,1,FALSE,1
"13682",6,"M",4,"White","High",NA,0,0,0,0,0,0,0,0,0,4,1,FALSE,0
"13683",6,"M",4,"Hispanic","High",3,0,0,0,0,0,0,0,0,0,4,NA,FALSE,0
"13684",6,"M",4,"White","High",4,0,0,0,0,0,0,0,0,0,4,NA,FALSE,0
"13685",7,"M",4,"Hispanic","High",NA,0,0,0,0,0,0,0,0,0,2,1,FALSE,1
"13686",7,"F",4,NA,"High",4,0,0,0,0,0,0,0,0,0,3,1,FALSE,0
"13687",7,NA,4,"White","High",4,0,0,0,0,0,0,0,0,0,4,1,FALSE,0
"13688",9,"M",6,"White","High",4,0,0,0,0,0,0,0,0,0,2,NA,FALSE,1
"13689",6,"M",4,"White","High",NA,0,0,0,0,0,0,0,0,0,3,1,FALSE,0
"13690",7,"F",4,"White","High",4,0,0,0,0,0,0,0,0,0,2,NA,FALSE,1
"13691",7,"F",4,"White","High",4,0,0,0,0,0,0,0,0,0,3,NA,FALSE,0
"13692",6,"M",4,"White","High",4,0,0,0,0,0,0,0,0,0,4,1,FALSE,0
"13693",7,"M",4,"White","High",4,0,0,0,0,0,0,0,0,0,4,1,FALSE,0
"13694",7,"M",4,"White","High",3,0,0,0,0,0,0,0,0,1,1,NA,TRUE,1
"13695",7,"M",4,"White","High",4,0,0,0,0,0,0,0,0,0,4,NA,FALSE,0
"13696",6,"M",4,"White","High",4,0,0,0,0,0,0,0,0,0,4,1,FALSE,0
"13697",6,"M",4,"White","High",4,0,0,0,0,0,0,0,0,0,4,NA,FALSE,0
"13698",7,"M",4,"White","High",4,0,0,0,0,0,0,0,0,0,4,NA,FALSE,0
"13699",7,"M",4,"White","High",4,0,0,0,0,0,0,0,0,0,3,NA,FALSE,0
"13700",7,"M",4,"White","High",3,0,0,0,1,0,0,0,0,0,1,NA,TRUE,1
"13701",8,"F",5,"White","High",4,0,0,0,0,0,0,0,0,0,4,1,FALSE,0
"13702",7,"F",5,"AI/AN","High",3,0,1,0,0,0,0,0,0,0,2,NA,TRUE,1
"13703",8,"M",5,"White","High",3,0,0,1,NA,NA,NA,NA,NA,0,4,NA,TRUE,0
"13704",8,"F",5,"Hispanic","High",4,0,0,0,0,0,0,0,0,0,4,1,FALSE,0
"13705",9,"F",6,"White","High",3,1,0,NA,NA,NA,NA,NA,NA,1,1,NA,TRUE,1
"13706",6,"M",4,"White","High",4,0,0,0,0,0,0,0,0,0,4,NA,FALSE,0
"13707",4,"M",4,"NHOPI","High",1,1,1,1,0,0,0,1,0,1,1,NA,TRUE,1
"13708",7,"F",4,"White","High",3,0,0,0,0,0,0,0,0,0,2,1,FALSE,1
"13709",10,"M",7,"White","High",4,0,0,0,NA,NA,NA,NA,NA,0,2,1,NA,1
"13710",7,"F",4,"Hispanic","High",2,0,0,0,0,0,0,0,0,0,1,1,FALSE,1
"13711",7,"M",4,"White","High",4,0,0,1,0,0,0,0,0,0,1,1,TRUE,1
"13712",6,"M",4,"White","High",NA,0,0,0,0,0,0,0,0,0,1,NA,FALSE,1
"13713",6,"M",4,"AI/AN","High",4,0,0,0,0,0,0,0,0,0,2,NA,FALSE,1
"13714",7,"F",4,"Asian","High",4,0,0,0,0,0,0,0,0,0,4,NA,FALSE,0
"13715",8,"F",5,NA,"High",4,0,0,0,0,0,0,0,0,0,3,NA,FALSE,0
"13716",7,"M",5,"Hispanic","High",4,0,0,0,0,0,0,0,0,0,3,1,FALSE,0
"13717",6,"F",4,"Hispanic","High",4,0,0,0,0,0,0,0,0,0,4,NA,FALSE,0
"13718",7,"F",5,"White","High",4,0,0,0,0,0,0,0,0,0,4,1,FALSE,0
"13719",7,"M",4,"White","High",4,0,0,0,0,0,0,0,0,0,NA,1,FALSE,NA
"13720",6,"F",4,"White","High",4,0,0,0,0,0,0,0,0,0,4,1,FALSE,0
"13721",6,"M",4,"White","High",4,0,0,0,0,0,0,0,0,0,4,1,FALSE,0
"13722",7,"M",4,"White","High",3,0,0,0,0,0,0,0,0,0,2,NA,FALSE,1
"13723",7,"F",4,"White","High",3,0,0,0,0,0,0,0,0,0,3,1,FALSE,0
"13724",7,"M",4,"Hispanic","High",4,0,0,0,0,0,0,0,0,0,4,1,FALSE,0
"13725",9,"M",6,"White","High",4,0,0,0,0,0,0,0,0,0,3,NA,FALSE,0
"13726",4,"F",1,"White","Middle",4,0,0,0,0,0,0,0,0,0,4,1,FALSE,0
"13727",4,"M",1,"White","Middle",4,0,0,0,0,0,0,0,0,0,4,1,FALSE,0
"13728",3,"F",1,"White","Middle",4,0,0,0,0,0,0,0,0,0,4,1,FALSE,0
"13729",4,"M",1,"White","Middle",4,0,0,0,0,0,0,0,0,0,4,1,FALSE,0
"13730",4,"F",1,"White","Middle",4,0,0,0,0,0,0,0,0,0,4,1,FALSE,0
"13731",3,"M",1,"White","Middle",4,0,0,0,0,0,0,0,0,0,4,NA,FALSE,0
"13732",4,"F",1,"White","Middle",4,0,0,0,0,0,0,0,0,0,4,1,FALSE,0
"13733",4,"M",1,"White","Middle",4,0,0,0,0,0,0,0,0,0,4,1,FALSE,0
"13734",4,"F",1,"AI/AN","Middle",4,0,0,0,0,0,0,0,0,0,4,1,FALSE,0
"13735",3,"M",1,NA,"Middle",4,0,0,0,0,0,0,0,0,0,4,1,FALSE,0
"13736",4,"M",1,NA,"Middle",3,0,0,0,0,0,0,0,0,0,4,1,FALSE,0
"13737",4,"F",1,"White","Middle",4,0,0,0,0,0,0,0,0,0,4,NA,FALSE,0
"13738",4,"M",1,"White","Middle",4,0,0,0,0,0,0,0,0,0,3,NA,FALSE,0
"13739",4,"F",1,"White","Middle",4,0,0,0,0,0,0,0,0,0,1,NA,FALSE,1
"13740",4,"M",1,"White","Middle",3,0,0,0,0,0,0,0,0,0,2,NA,FALSE,1
"13741",4,"M",1,"White","Middle",3,0,0,0,0,0,0,0,0,0,3,NA,FALSE,0
"13742",4,"F",1,"White","Middle",4,0,0,0,0,0,0,0,0,0,3,NA,FALSE,0
"13743",3,"M",1,"White","Middle",3,0,0,0,0,0,0,0,0,0,4,NA,FALSE,0
"13744",6,"F",3,"White","Middle",3,0,0,0,0,0,0,0,0,1,2,NA,TRUE,1
"13745",5,"M",3,"White","Middle",4,0,0,0,0,0,0,0,0,0,2,NA,FALSE,1
"13746",6,"M",3,"Hispanic","Middle",3,0,0,0,0,0,0,0,0,0,1,1,FALSE,1
"13747",6,"F",3,"White","Middle",4,0,0,0,0,0,0,0,0,0,2,1,FALSE,1
"13748",5,"M",3,"Hispanic","Middle",4,0,0,0,0,0,0,0,0,0,2,NA,FALSE,1
"13749",5,"M",3,"White","Middle",3,0,0,0,0,0,0,0,0,1,2,1,TRUE,1
"13750",6,"M",3,"White","Middle",3,0,0,0,0,0,0,0,0,0,4,NA,FALSE,0
"13751",6,"F",3,"White","Middle",4,0,0,0,0,0,0,0,0,1,2,NA,TRUE,1
"13752",6,"M",3,"White","Middle",4,0,0,0,0,0,0,0,0,1,2,1,TRUE,1
"13753",6,"F",3,"Hispanic","Middle",4,NA,0,0,0,0,0,0,0,1,1,NA,TRUE,1
"13754",5,"F",3,"White","Middle",4,0,0,0,0,0,0,0,0,0,4,NA,FALSE,0
"13755",5,"F",3,"White","Middle",3,0,0,0,0,0,0,0,0,0,2,NA,FALSE,1
"13756",6,"M",3,"White","Middle",4,0,0,0,0,0,0,0,0,0,4,NA,FALSE,0
"13757",5,"F",3,"White","Middle",4,0,0,0,0,0,0,0,0,0,4,1,FALSE,0
"13758",5,"F",3,"White","Middle",3,0,0,0,0,0,0,0,0,0,1,1,FALSE,1
"13759",6,"M",3,"White","Middle",4,0,0,0,0,0,0,0,0,0,2,1,FALSE,1
"13760",6,"M",3,"White","Middle",1,0,0,0,0,0,1,0,0,1,1,NA,TRUE,1
"13761",6,"M",3,"White","Middle",4,0,0,0,0,0,0,0,0,0,4,1,FALSE,0
"13762",6,"F",3,"White","Middle",4,0,0,0,0,0,0,0,0,0,4,1,FALSE,0
"13763",5,"M",3,"White","Middle",4,0,0,0,0,0,0,0,0,0,4,1,FALSE,0
"13764",5,"F",3,"White","Middle",4,0,0,0,0,0,0,0,0,0,4,1,FALSE,0
"13765",6,"F",3,"White","Middle",3,0,0,0,0,0,0,0,0,0,3,1,FALSE,0
"13766",5,"M",3,"White","Middle",4,0,0,0,0,0,0,0,0,0,3,1,FALSE,0
"13767",7,"M",4,"White","High",4,0,0,0,0,0,0,0,0,0,4,1,FALSE,0
"13768",4,"F",2,"White","Middle",4,0,0,0,0,0,0,0,0,0,3,1,FALSE,0
"13769",5,"F",2,"White","Middle",3,0,0,0,0,0,0,0,0,0,2,NA,FALSE,1
"13770",5,"M",2,"White","Middle",3,0,0,0,0,0,0,0,0,0,3,1,FALSE,0
"13771",5,"F",2,"White","Middle",4,0,0,0,0,0,0,0,0,0,4,1,FALSE,0
"13772",5,"F",2,"White","Middle",4,0,0,0,0,0,0,0,0,0,4,1,FALSE,0
"13773",5,"F",2,"White","Middle",4,0,0,0,0,0,0,0,0,0,4,1,FALSE,0
"13774",4,"M",2,"White","Middle",4,0,0,0,0,0,0,0,0,0,4,NA,FALSE,0
"13775",5,"F",2,"White","Middle",4,0,0,0,0,0,0,0,0,0,3,1,FALSE,0
"13776",5,"M",2,"White","Middle",4,0,0,0,0,0,0,0,0,0,4,NA,FALSE,0
"13777",5,"F",2,"White","Middle",4,0,0,0,0,0,0,0,0,0,4,1,FALSE,0
"13778",5,"F",2,"White","Middle",4,0,0,0,0,0,0,0,0,0,4,1,FALSE,0
"13779",5,"M",2,"White","Middle",4,0,0,0,0,0,0,0,0,0,4,1,FALSE,0
"13780",5,"F",2,"White","Middle",3,0,0,0,0,0,0,0,0,1,1,1,TRUE,1
"13781",5,"M",2,"White","Middle",4,0,0,0,0,0,0,0,0,0,4,1,FALSE,0
"13782",4,"F",2,NA,"Middle",4,0,0,0,0,0,0,0,0,0,1,NA,FALSE,1
"13783",5,"M",2,"White","Middle",4,0,0,0,0,0,0,0,0,0,3,NA,FALSE,0
"13784",5,"F",2,"White","Middle",3,0,0,0,0,0,0,0,0,0,2,NA,FALSE,1
"13785",4,"M",2,"White","Middle",4,0,0,0,0,0,0,0,0,0,4,NA,FALSE,0
"13786",5,"F",2,"White","Middle",4,0,0,0,0,0,0,0,0,0,3,1,FALSE,0
"13787",4,"F",2,"White","Middle",4,0,0,0,0,0,0,0,0,0,1,NA,FALSE,1
"13788",5,"F",2,NA,"Middle",4,0,0,0,0,0,0,0,0,0,4,1,FALSE,0
"13789",3,"F",1,"White","Middle",3,0,0,0,0,0,0,0,0,0,4,1,FALSE,0
"13790",4,"M",1,"White","Middle",4,0,0,0,0,0,0,0,0,0,4,1,FALSE,0
"13791",3,"M",1,NA,"Middle",3,0,0,0,0,0,0,0,0,0,3,NA,FALSE,0
"13792",3,"M",1,"White","Middle",4,0,0,0,0,0,0,0,0,0,4,NA,FALSE,0
"13793",3,"F",1,"White","Middle",4,0,0,0,0,0,0,0,0,0,4,NA,FALSE,0
"13794",3,"M",1,"White","Middle",4,0,0,0,0,0,0,0,0,0,4,1,FALSE,0
"13795",4,"M",1,"Hispanic","Middle",4,0,0,0,0,0,0,0,0,0,4,1,FALSE,0
"13796",4,"M",1,"White","Middle",4,0,0,0,0,0,0,0,0,0,4,NA,FALSE,0
"13797",3,"M",1,"Hispanic","Middle",4,0,0,0,0,0,0,0,0,0,4,NA,FALSE,0
"13798",4,"M",1,NA,"Middle",3,0,0,0,0,0,0,0,0,0,2,NA,FALSE,1
"13799",4,"M",1,"White","Middle",4,0,0,0,0,0,0,0,0,0,4,NA,FALSE,0
"13800",4,"M",1,"White","Middle",4,0,0,0,0,0,0,0,0,0,4,1,FALSE,0
"13801",3,"M",1,"White","Middle",4,0,0,0,0,0,0,0,0,0,4,1,FALSE,0
"13802",4,"F",1,"White","Middle",4,0,0,0,0,0,0,0,0,0,4,1,FALSE,0
"13803",4,"F",1,"White","Middle",4,0,0,0,0,0,0,0,0,0,4,1,FALSE,0
"13804",4,"F",1,"White","Middle",4,0,0,0,0,0,0,0,0,0,4,NA,FALSE,0
"13805",3,"F",1,"White","Middle",4,0,0,0,0,0,0,0,0,0,4,NA,FALSE,0
"13806",4,"M",1,NA,"Middle",4,0,0,0,0,0,0,0,0,0,4,1,FALSE,0
"13807",4,"F",1,"White","Middle",4,0,0,0,0,0,0,0,0,0,4,NA,FALSE,0
"13808",10,"F",7,"White","High",4,0,0,0,0,0,0,0,0,0,4,1,FALSE,0
"13809",9,"M",7,"White","High",4,0,0,0,0,0,0,0,0,0,4,1,FALSE,0
"13810",10,"M",7,"NHOPI","High",1,0,0,0,0,0,0,0,0,0,4,1,FALSE,0
"13811",9,"F",7,"White","High",2,0,1,0,0,0,0,0,0,0,2,1,TRUE,1
"13812",10,"M",2,"Black","Middle",4,0,0,0,0,0,0,0,0,0,3,1,FALSE,0
"13813",10,"M",7,"White","High",2,0,1,0,0,0,0,0,0,0,3,NA,TRUE,0
"13814",9,"F",7,"White","High",4,0,0,0,0,0,0,0,0,0,4,NA,FALSE,0
"13815",9,"F",7,"White","High",4,0,0,0,0,0,0,0,0,0,4,NA,FALSE,0
"13816",9,"F",7,"White","High",4,0,0,0,0,0,0,0,0,0,4,1,FALSE,0
"13817",9,"F",7,"White","High",4,0,0,0,0,0,0,0,0,1,2,1,TRUE,1
"13818",10,"M",7,"White","High",3,0,0,0,0,0,0,0,0,0,3,NA,FALSE,0
"13819",10,"F",7,"White","High",3,1,0,0,0,0,0,0,0,1,2,1,TRUE,1
"13820",11,"F",8,"Hispanic",NA,1,1,1,1,NA,NA,NA,NA,NA,1,1,NA,TRUE,1
"13821",9,"F",5,"White","High",1,1,1,0,0,0,0,0,0,1,1,NA,TRUE,1
"13822",8,"M",5,"White","High",4,0,0,0,0,0,0,0,0,0,4,1,FALSE,0
"13823",8,"F",5,"White","High",4,0,0,0,0,0,0,0,0,0,4,NA,FALSE,0
"13824",7,"M",5,"White","High",3,0,0,0,0,0,0,0,0,1,1,NA,TRUE,1
"13825",8,"F",5,"White","High",4,0,0,0,0,0,0,0,0,0,4,1,FALSE,0
"13826",6,"F",4,"White","High",4,0,0,0,0,0,0,0,0,0,2,1,FALSE,1
"13827",8,"M",5,NA,"High",4,0,0,0,0,0,0,0,0,0,4,1,FALSE,0
"13828",8,"M",5,"White","High",4,0,0,0,0,0,0,0,0,0,2,NA,FALSE,1
"13829",8,"F",5,"White","High",4,0,0,0,0,0,0,0,0,0,2,NA,FALSE,1
"13830",8,"F",5,"White","High",4,0,0,0,0,0,0,0,0,0,2,NA,FALSE,1
"13831",8,"F",5,"White","High",4,0,0,0,0,0,0,0,0,0,3,1,FALSE,0
"13832",8,"F",5,"White","High",4,0,0,0,0,0,0,0,0,1,3,NA,TRUE,0
"13833",8,"F",5,"White","High",3,0,0,0,0,0,0,0,0,0,4,NA,FALSE,0
"13834",8,"M",5,"White","High",4,0,0,0,0,0,0,0,0,0,4,NA,FALSE,0
"13835",7,"F",5,"White","High",3,0,0,0,0,0,0,0,0,0,2,1,FALSE,1
"13836",8,"F",5,NA,"High",3,0,0,0,0,0,0,0,0,0,3,1,FALSE,0
"13837",7,"M",5,"Black","High",1,0,1,0,0,0,1,0,0,0,2,NA,TRUE,1
"13838",8,"F",5,"White","High",4,1,0,0,0,1,1,0,0,1,1,NA,TRUE,1
"13839",8,"M",5,"White","High",4,1,NA,0,NA,NA,NA,NA,NA,NA,4,NA,TRUE,0
"13840",7,"F",4,"White","High",4,0,0,0,0,0,0,0,0,0,4,1,FALSE,0
"13841",1,"M",1,"Hispanic","Middle",1,1,1,1,0,0,1,0,1,1,1,NA,TRUE,1
"13842",8,"M",5,"White","High",3,0,0,0,0,0,0,0,0,0,2,NA,FALSE,1
"13843",7,"M",5,"White","High",4,0,0,0,0,0,0,0,0,0,3,NA,FALSE,0
"13844",9,"F",6,"White","High",4,0,0,0,0,0,0,0,0,0,4,1,FALSE,0
"13845",7,"M",5,"White","High",3,0,0,0,0,0,0,0,0,0,3,NA,FALSE,0
"13846",8,"M",5,"White","High",4,0,0,0,0,0,0,0,0,0,4,1,FALSE,0
"13847",8,"M",5,"White","High",4,0,0,0,0,0,0,0,0,0,3,1,FALSE,0
"13848",8,"F",5,"White","High",4,0,0,0,0,0,0,0,0,0,4,1,FALSE,0
"13849",8,"F",5,"White","High",3,0,0,0,0,0,0,0,0,0,1,1,FALSE,1
"13850",10,"M",7,"White","High",2,0,1,0,0,0,0,0,0,0,2,NA,TRUE,1
"13851",9,"F",7,"White","High",4,0,0,0,0,0,0,0,0,0,4,1,FALSE,0
"13852",10,"M",7,"White","High",4,0,0,0,0,0,0,0,0,0,3,1,FALSE,0
"13853",9,"M",7,"White","High",4,0,0,0,0,0,0,0,0,0,4,1,FALSE,0
"13854",9,"F",7,"White","High",4,0,0,0,0,0,0,0,0,0,4,1,FALSE,0
"13855",9,"F",7,"Black","High",4,0,0,0,0,0,0,0,0,0,4,1,FALSE,0
"13856",8,"F",5,"White","High",4,0,0,0,0,0,0,0,0,0,3,1,FALSE,0
"13857",8,"M",5,"White","High",4,0,0,0,0,0,0,0,0,0,4,1,FALSE,0
"13858",8,"M",5,"White","High",3,0,0,0,0,0,0,0,0,0,4,NA,FALSE,0
"13859",7,"M",5,"White","High",4,0,0,0,0,0,0,0,0,0,4,NA,FALSE,0
"13860",8,"F",5,"White","High",3,0,0,0,0,0,0,0,0,0,2,NA,FALSE,1
"13861",7,"M",5,"White","High",3,0,0,1,0,0,0,0,0,0,2,1,TRUE,1
"13862",8,"F",5,"White","High",4,0,0,0,0,0,0,0,0,0,3,1,FALSE,0
"13863",7,"F",5,"White","High",3,0,0,0,0,0,0,0,0,0,4,1,FALSE,0
"13864",8,"M",5,"White","High",3,0,0,0,0,0,0,0,0,0,4,NA,FALSE,0
"13865",7,"M",5,"White","High",4,0,0,0,0,0,0,0,0,0,4,1,FALSE,0
"13866",7,"F",5,"White","High",3,0,0,0,0,0,0,0,0,0,2,NA,FALSE,1
"13867",8,"F",5,"White","High",2,0,0,0,0,0,0,0,0,0,1,NA,FALSE,1
"13868",7,"M",5,"White","High",3,0,0,1,NA,NA,NA,NA,NA,0,1,NA,TRUE,1
"13869",8,"M",5,"White","High",3,0,0,0,0,0,0,0,0,0,3,NA,FALSE,0
"13870",7,"F",4,"White","High",3,0,0,0,0,0,1,0,0,0,1,1,TRUE,1
"13871",6,"F",4,"White","High",2,0,0,0,0,0,0,0,0,1,1,NA,TRUE,1
"13872",7,"F",4,"White","High",1,1,1,0,0,0,1,0,0,1,1,1,TRUE,1
"13873",7,"M",4,"White","High",3,0,0,1,0,0,0,0,0,0,4,NA,TRUE,0
"13874",6,"M",4,"White","High",4,0,0,1,0,0,0,0,0,0,4,NA,TRUE,0
"13875",7,"F",4,"White","High",4,0,0,0,0,0,0,0,0,0,4,NA,FALSE,0
"13876",6,"F",4,"White","High",3,0,0,0,NA,NA,NA,NA,NA,0,2,1,NA,1
"13877",7,"F",4,"White","High",3,0,0,0,0,0,0,0,0,0,3,NA,FALSE,0
"13878",6,"M",4,"White","High",4,0,0,0,0,0,0,0,0,0,3,NA,FALSE,0
"13879",6,"M",4,NA,"High",2,0,0,1,0,0,0,0,0,0,2,1,TRUE,1
"13880",6,"M",4,"White","High",4,0,0,0,0,0,0,0,0,0,4,NA,FALSE,0
"13881",7,"F",4,"White","High",4,0,0,0,0,0,0,0,0,0,4,1,FALSE,0
"13882",7,"F",4,"White","High",1,1,0,0,0,0,1,0,0,1,1,NA,TRUE,1
"13883",6,"M",4,"White","High",4,0,0,0,0,0,1,0,0,0,3,NA,TRUE,0
"13884",9,"M",4,"White","High",4,1,NA,0,0,1,0,0,0,1,3,NA,TRUE,0
"13885",7,"M",4,"White","High",4,0,0,0,0,0,0,0,0,0,4,1,FALSE,0
"13886",7,"F",4,"White","High",4,0,0,0,0,0,0,0,0,1,1,NA,TRUE,1
"13887",7,"F",4,NA,"High",4,0,0,0,0,0,0,0,0,0,4,1,FALSE,0
"13888",7,"M",4,"White","High",4,0,0,0,0,0,0,0,0,0,2,NA,FALSE,1
"13889",7,"M",4,"White","High",4,0,0,0,0,0,0,0,0,0,4,1,FALSE,0
"13890",7,"M",4,"White","High",4,0,0,0,0,0,0,0,0,0,4,1,FALSE,0
"13891",7,"M",4,"White","High",3,0,0,1,0,0,0,0,0,0,2,NA,TRUE,1
"13892",6,"M",4,NA,"High",2,1,1,1,0,0,0,1,0,1,3,NA,TRUE,0
"13893",7,"M",4,"Hispanic","High",3,0,0,0,0,0,0,0,0,0,2,NA,FALSE,1
"13894",7,"M",4,"White","High",3,0,0,0,0,0,0,0,0,0,3,1,FALSE,0
"13895",8,"M",5,"White","High",4,0,0,0,0,0,0,0,0,0,2,1,FALSE,1
"13896",8,"M",5,"White","High",4,0,0,1,0,0,0,0,0,0,1,1,TRUE,1
"13897",8,"F",4,"White","High",4,0,0,0,0,0,0,0,0,0,2,NA,FALSE,1
"13898",7,"M",5,"Black","High",4,0,0,0,0,0,0,0,0,0,4,NA,FALSE,0
"13899",8,"M",5,"White","High",4,0,0,0,0,0,0,0,0,0,4,1,FALSE,0
"13900",8,"M",5,"White","High",3,0,0,0,0,0,0,0,0,0,3,NA,FALSE,0
"13901",7,"M",5,"White","High",4,0,0,0,0,0,0,0,0,0,4,NA,FALSE,0
"13902",8,"M",5,"White","High",3,0,0,0,0,0,0,0,0,0,2,1,FALSE,1
"13903",7,"M",4,NA,"High",4,0,0,0,0,0,0,0,0,0,4,NA,FALSE,0
"13904",6,"M",4,NA,"High",NA,0,NA,NA,0,0,0,0,0,NA,NA,NA,NA,NA
"13905",7,"M",4,"White","High",3,0,0,1,0,0,0,0,0,0,4,NA,TRUE,0
"13906",6,"M",4,"White","High",4,0,0,0,0,0,0,0,0,0,4,1,FALSE,0
"13907",7,"M",4,"Hispanic","High",4,0,0,0,0,0,0,0,0,0,4,1,FALSE,0
"13908",6,"F",4,"White","High",4,0,0,0,0,0,0,0,0,0,4,NA,FALSE,0
"13909",6,"F",4,"White","High",4,0,0,0,0,0,0,0,0,0,4,1,FALSE,0
"13910",7,"M",4,"White","High",4,0,0,0,0,0,0,0,0,0,4,1,FALSE,0
"13911",7,"M",4,"White","High",3,0,0,0,0,0,0,0,0,0,4,NA,FALSE,0
"13912",6,"F",4,"White","High",4,0,0,0,0,0,0,0,0,0,4,1,FALSE,0
"13913",7,"M",4,"White","High",3,0,0,0,0,0,0,0,0,0,2,1,FALSE,1
"13914",7,"M",4,"Hispanic","High",4,0,0,0,0,0,0,0,0,0,4,1,FALSE,0
"13915",7,"M",4,"White","High",4,0,0,0,0,0,0,0,0,0,4,1,FALSE,0
"13916",7,"M",4,"White","High",4,0,0,0,0,0,0,0,0,0,4,NA,FALSE,0
"13917",8,"M",4,"White","High",3,0,0,0,0,0,0,0,0,0,2,1,FALSE,1
"13918",7,"M",5,"White","High",3,0,0,0,0,0,0,0,0,0,4,NA,FALSE,0
"13919",8,"M",5,"White","High",4,0,0,0,0,0,0,0,0,0,4,1,FALSE,0
"13920",7,"F",5,"White","High",4,0,0,0,0,0,0,0,0,0,4,NA,FALSE,0
"13921",8,"M",5,"White","High",2,0,0,0,0,0,0,0,0,1,1,1,TRUE,1
"13922",7,"M",5,"White","High",2,0,0,0,0,0,0,0,0,0,1,NA,FALSE,1
"13923",8,"F",5,"White","High",3,1,0,0,0,0,0,0,0,1,1,NA,TRUE,1
"13924",8,"M",5,"White","High",3,0,0,0,NA,NA,NA,NA,NA,1,1,NA,TRUE,1
"13925",8,"F",5,"White","High",4,0,0,0,0,0,0,0,0,0,4,NA,FALSE,0
"13926",8,"F",5,"White","High",4,0,0,0,0,0,0,0,0,0,2,NA,FALSE,1
"13927",8,"F",5,"White","High",3,1,0,0,0,0,0,0,0,1,2,NA,TRUE,1
"13928",9,"F",7,"White","High",3,0,1,0,0,0,0,0,0,0,2,NA,TRUE,1
"13929",10,"F",7,"White","High",4,0,0,0,0,0,0,0,0,0,4,NA,FALSE,0
"13930",9,"F",7,"White","High",4,0,0,0,0,0,0,0,0,0,4,1,FALSE,0
"13931",10,"M",7,"White","High",NA,0,NA,NA,0,0,0,0,0,NA,NA,NA,NA,NA
"13932",10,"M",7,"White","High",4,0,0,0,0,0,0,0,0,0,4,1,FALSE,0
"13933",10,"M",7,"White","High",3,0,0,0,0,0,0,0,0,0,1,NA,FALSE,1
"13934",9,"F",7,"White","High",3,NA,0,0,0,0,0,0,0,0,3,NA,NA,0
"13935",9,"F",7,"White","High",3,0,0,0,0,0,0,0,0,0,3,1,FALSE,0
"13936",9,"M",6,"White","High",3,0,0,0,0,0,0,0,0,0,3,1,FALSE,0
"13937",9,"M",6,"White","High",4,0,0,0,0,0,0,0,0,0,4,1,FALSE,0
"13938",8,"M",6,"White","High",1,NA,0,0,0,0,0,0,0,1,1,NA,TRUE,1
"13939",9,"F",6,"White","High",3,0,0,0,0,0,0,0,0,1,1,1,TRUE,1
"13940",9,"F",6,"White","High",4,0,0,0,0,0,0,0,0,0,4,NA,FALSE,0
"13941",9,"F",6,"White","High",2,0,1,0,NA,NA,NA,NA,NA,1,1,NA,TRUE,1
"13942",9,"M",7,"Black","High",2,0,1,0,0,1,0,0,0,0,4,1,TRUE,0
"13943",9,"F",6,"White","High",4,0,0,0,0,0,0,0,0,0,4,1,FALSE,0
"13944",9,"F",7,"White","High",4,0,0,0,0,0,0,0,0,0,1,1,FALSE,1
"13945",8,"F",6,"White","High",3,0,0,0,0,0,0,0,0,0,1,1,FALSE,1
"13946",10,"M",7,"White","High",4,0,0,0,0,0,0,0,0,0,4,1,FALSE,0
"13947",8,"M",5,"White","High",1,0,0,0,0,0,0,0,0,0,2,NA,FALSE,1
"13948",10,"F",7,"White","High",4,0,0,0,0,0,0,0,0,0,2,NA,FALSE,1
"13949",7,"F",4,"White","High",4,0,0,0,0,0,0,0,0,0,3,1,FALSE,0
"13950",10,"F",7,"White","High",4,0,0,0,0,0,0,0,0,0,4,1,FALSE,0
"13951",9,"F",7,"White","High",3,1,0,0,0,0,0,0,0,1,1,NA,TRUE,1
"13952",9,"F",6,"White","High",4,0,0,0,0,0,0,0,0,0,4,NA,FALSE,0
"13953",10,"F",7,"White","High",3,0,0,0,0,0,0,0,0,0,2,NA,FALSE,1
"13954",6,"F",4,"White","High",4,0,0,0,0,0,0,0,0,0,4,1,FALSE,0
"13955",8,"F",6,"White","High",3,1,0,0,0,0,0,0,0,0,1,NA,TRUE,1
"13956",7,"F",4,"White","High",4,0,0,0,0,0,0,0,0,0,4,1,FALSE,0
"13957",10,"F",7,"White","High",4,0,0,0,0,0,0,0,0,0,4,1,FALSE,0
"13958",9,"F",6,"White","High",4,0,0,0,0,0,0,0,0,0,4,1,FALSE,0
"13959",8,"F",5,"White","High",4,0,0,0,0,0,0,0,0,0,4,NA,FALSE,0
"13960",10,"M",7,"Black","High",4,0,0,0,0,0,0,0,0,0,4,1,FALSE,0
"13961",9,"F",7,"Hispanic","High",1,1,1,0,0,0,0,0,0,0,1,NA,TRUE,1
"13962",9,"M",7,NA,"High",4,0,0,0,NA,NA,NA,NA,NA,NA,4,NA,NA,0
"13963",9,"F",4,"Black","High",4,0,0,0,NA,NA,NA,NA,NA,0,4,NA,NA,0
"13964",9,"F",6,"Black","High",2,0,0,0,0,0,0,0,0,0,1,1,FALSE,1
"13965",10,"M",6,NA,"High",4,0,0,0,NA,NA,NA,NA,NA,0,4,NA,NA,0
"13966",11,"M",7,"Black","High",4,0,0,0,0,0,0,0,0,0,4,1,FALSE,0
"13967",9,"F",6,"Black","High",4,0,0,0,0,0,0,0,0,0,4,NA,FALSE,0
"13968",9,"M",7,NA,"High",2,0,1,NA,NA,NA,NA,NA,NA,NA,1,NA,TRUE,1
"13969",8,"F",6,"Hispanic","High",4,1,0,0,NA,NA,NA,NA,NA,0,3,NA,TRUE,0
"13970",7,"F",4,NA,"High",3,NA,NA,NA,NA,NA,NA,NA,NA,NA,4,NA,NA,0
"13971",7,"F",5,"Black","High",NA,0,NA,NA,NA,NA,NA,NA,NA,NA,4,NA,NA,0
"13972",8,"F",6,"AI/AN","High",4,0,0,0,0,0,0,0,0,0,4,NA,FALSE,0
"13973",9,"M",6,"Black","High",NA,NA,NA,NA,NA,NA,NA,NA,NA,NA,2,NA,NA,1
"13974",9,"M",6,"Black","High",4,0,0,0,0,0,0,0,0,0,4,1,FALSE,0
"13975",9,"F",6,"Black","High",4,0,0,0,0,0,1,0,0,0,4,1,TRUE,0
"13976",9,"F",7,"Black","High",2,0,1,0,0,0,1,0,0,0,3,1,TRUE,0
"13977",8,"F",5,"Hispanic","High",3,0,0,0,0,0,0,0,0,1,2,NA,TRUE,1
"13978",NA,NA,NA,"Black",NA,3,NA,NA,NA,NA,NA,NA,NA,NA,NA,NA,1,NA,NA
"13979",9,"F",6,NA,"High",NA,0,NA,NA,NA,NA,NA,NA,NA,NA,NA,NA,NA,NA
"13980",9,"F",7,"Black","High",2,0,1,0,0,0,0,0,0,0,4,NA,TRUE,0
"13981",9,"F",4,"Black","High",4,0,NA,0,NA,NA,NA,NA,NA,NA,1,NA,NA,1
"13982",9,"F",NA,NA,NA,4,0,0,0,NA,NA,NA,NA,NA,0,4,1,NA,0
"13983",8,"F",6,"Black","High",3,0,0,0,0,0,0,0,0,0,4,NA,FALSE,0
"13984",9,"F",5,"Black","High",3,0,0,0,0,0,0,0,0,0,4,NA,FALSE,0
"13985",9,"M",6,"Hispanic","High",4,0,0,0,0,0,0,0,0,0,4,NA,FALSE,0
"13986",11,"F",NA,NA,NA,3,0,0,0,0,0,0,0,0,0,2,NA,FALSE,1
"13987",8,"F",6,"Black","High",4,0,0,0,0,0,0,0,0,0,4,NA,FALSE,0
"13988",4,"F",2,"Hispanic","Middle",4,0,0,0,0,0,0,0,0,0,4,1,FALSE,0
"13989",5,NA,2,"White","Middle",4,0,0,0,0,0,0,0,0,0,4,1,FALSE,0
"13990",5,NA,2,"White","Middle",1,NA,NA,1,0,0,0,0,0,0,1,NA,TRUE,1
"13991",5,"M",2,"Asian","Middle",4,0,0,0,0,0,0,0,0,0,4,1,FALSE,0
"13992",5,"M",2,NA,"Middle",4,0,0,0,0,0,0,0,0,0,NA,1,FALSE,NA
"13993",5,"M",2,"Hispanic","Middle",4,0,0,0,0,0,0,0,0,0,4,1,FALSE,0
"13994",5,"M",2,"Hispanic","Middle",4,0,0,0,NA,NA,NA,NA,NA,0,4,NA,NA,0
"13995",4,"M",2,"Hispanic","Middle",4,0,0,0,NA,NA,NA,NA,NA,0,4,NA,NA,0
"13996",4,"M",2,NA,"Middle",4,0,0,0,0,0,0,0,0,0,4,NA,FALSE,0
"13997",5,"F",2,"Hispanic","Middle",4,NA,NA,NA,NA,NA,NA,NA,NA,NA,4,NA,NA,0
"13998",6,"F",2,"Asian","Middle",4,0,0,0,NA,NA,NA,NA,NA,0,4,1,NA,0
"13999",5,"F",2,"Asian","Middle",4,0,NA,NA,NA,NA,NA,NA,NA,0,NA,NA,NA,NA
"14000",5,"F",2,"Asian","Middle",4,0,0,0,0,0,0,0,0,0,3,1,FALSE,0
"14001",5,"F",2,"Hispanic","Middle",1,NA,NA,NA,0,0,0,1,0,NA,3,1,TRUE,0
"14002",5,"M",2,"Hispanic","Middle",3,NA,NA,NA,1,0,0,0,0,1,2,NA,TRUE,1
"14003",5,"M",2,"NHOPI","Middle",4,NA,0,0,NA,NA,NA,NA,NA,0,3,NA,NA,0
"14004",5,"F",2,NA,"Middle",NA,0,NA,0,NA,NA,NA,NA,NA,0,NA,NA,NA,NA
"14005",4,"M",1,"Hispanic","Middle",4,0,0,0,0,0,0,0,0,0,4,1,FALSE,0
"14006",4,"M",1,"Hispanic","Middle",4,0,0,0,0,0,0,0,0,0,4,1,FALSE,0
"14007",5,"M",1,"Hispanic","Middle",4,0,0,0,0,0,0,0,0,0,4,NA,FALSE,0
"14008",3,"M",1,"White","Middle",4,0,0,0,0,0,0,0,0,0,4,NA,FALSE,0
"14009",4,"M",1,"White","Middle",4,0,0,0,0,0,0,0,0,0,4,NA,FALSE,0
"14010",4,"M",1,"White","Middle",4,0,0,0,0,0,0,0,0,0,4,NA,FALSE,0
"14011",5,"M",1,"White","Middle",4,0,0,0,0,0,0,0,0,0,4,1,FALSE,0
"14012",4,"M",1,"White","Middle",4,0,0,0,0,0,0,0,0,0,4,NA,FALSE,0
"14013",3,"M",1,"White","Middle",3,0,0,0,0,0,0,0,0,0,1,NA,FALSE,1
"14014",7,"M",3,"Hispanic","Middle",4,0,0,0,NA,NA,NA,NA,NA,0,4,NA,NA,0
"14015",6,"M",3,NA,"Middle",4,0,0,NA,NA,NA,NA,NA,NA,NA,NA,1,NA,NA
"14016",6,"M",3,"AI/AN","Middle",2,1,NA,NA,NA,NA,NA,NA,NA,NA,1,NA,TRUE,1
"14017",6,NA,3,"Hispanic","Middle",4,0,0,0,NA,NA,NA,NA,NA,0,4,NA,NA,0
"14018",6,NA,3,NA,"Middle",4,NA,NA,0,NA,NA,NA,NA,NA,0,4,1,NA,0
"14019",5,"F",3,NA,"Middle",2,1,1,0,0,0,1,0,0,NA,1,NA,TRUE,1
"14020",6,"F",3,"Hispanic","Middle",4,0,0,0,0,0,0,0,0,0,4,NA,FALSE,0
"14021",4,"M",1,"Hispanic","Middle",4,0,0,0,0,0,0,0,0,0,3,NA,FALSE,0
"14022",4,"M",1,"White","Middle",4,0,0,0,0,0,0,0,0,0,4,NA,FALSE,0
"14023",3,"M",1,"Hispanic","Middle",3,0,0,0,0,0,0,0,0,0,4,NA,FALSE,0
"14024",4,"M",1,"Hispanic","Middle",4,0,0,0,0,0,0,0,0,0,2,1,FALSE,1
"14025",4,"M",1,"Asian","Middle",4,0,0,0,0,0,0,0,0,0,4,1,FALSE,0
"14026",5,"M",1,"Hispanic","Middle",4,0,0,0,0,0,0,0,0,0,4,1,FALSE,0
"14027",4,"M",1,NA,"Middle",4,0,0,0,NA,NA,NA,NA,NA,NA,4,NA,NA,0
"14028",5,"M",1,"White","Middle",4,0,0,0,0,0,0,0,0,0,4,1,FALSE,0
"14029",NA,NA,NA,NA,NA,NA,NA,NA,NA,NA,NA,NA,NA,NA,NA,NA,NA,NA,NA
"14030",5,"M",1,"Asian","Middle",4,0,0,0,0,0,0,0,0,0,4,1,FALSE,0
"14031",3,"M",1,"Hispanic","Middle",3,0,0,0,0,0,0,0,0,NA,1,1,NA,1
"14032",3,"M",1,"Asian","Middle",4,0,0,0,0,0,0,0,0,0,4,NA,FALSE,0
"14033",4,"M",1,"Asian","Middle",4,0,NA,0,NA,NA,NA,NA,NA,0,2,NA,NA,1
"14034",4,"M",1,"Asian","Middle",4,0,0,0,0,0,0,0,0,0,4,NA,FALSE,0
"14035",6,"F",3,NA,"Middle",4,0,0,0,0,0,0,0,0,0,4,1,FALSE,0
"14036",4,"M",2,"Hispanic","Middle",4,NA,0,0,0,0,0,0,0,0,4,1,NA,0
"14037",5,"M",2,"White","Middle",2,0,0,0,0,0,0,0,0,0,2,NA,FALSE,1
"14038",5,NA,2,"Asian","Middle",4,0,0,0,0,0,0,0,0,0,4,1,FALSE,0
"14039",5,NA,2,"Asian","Middle",4,0,0,0,0,0,0,0,0,0,4,NA,FALSE,0
"14040",5,NA,2,"Asian","Middle",4,0,0,0,0,0,0,0,0,0,4,NA,FALSE,0
"14041",5,NA,2,"Asian","Middle",4,0,0,0,0,0,0,0,0,0,4,NA,FALSE,0
"14042",4,"M",1,"Hispanic","Middle",3,0,0,0,0,0,0,0,0,0,3,1,FALSE,0
"14043",4,"M",1,"Hispanic","Middle",3,0,0,0,0,0,0,0,0,0,3,NA,FALSE,0
"14044",4,"M",1,"White","Middle",4,0,0,0,0,0,0,0,0,0,4,NA,FALSE,0
"14045",5,"M",1,"White","Middle",3,0,0,0,0,0,0,0,0,0,2,NA,FALSE,1
"14046",4,"M",1,"White","Middle",4,0,0,0,0,0,0,0,0,0,4,NA,FALSE,0
"14047",4,"M",1,"Hispanic","Middle",4,0,0,0,NA,NA,NA,NA,NA,0,4,1,NA,0
"14048",5,"F",2,"Asian","Middle",4,0,0,0,0,0,0,0,0,0,4,NA,FALSE,0
"14049",6,"M",2,"White","Middle",3,0,0,0,0,0,0,0,0,0,1,NA,FALSE,1
"14050",6,"M",2,"Asian","Middle",4,0,0,0,0,0,0,0,0,0,4,1,FALSE,0
"14051",6,"M",2,"White","Middle",4,0,0,0,0,0,0,0,0,0,4,1,FALSE,0
"14052",6,"M",2,"White","Middle",4,0,0,0,NA,NA,NA,NA,NA,0,4,NA,NA,0
"14053",4,"M",2,"Hispanic","Middle",4,0,0,0,0,0,0,0,0,0,4,NA,FALSE,0
"14054",6,"M",2,"White","Middle",4,0,0,NA,0,0,0,0,0,0,4,NA,NA,0
"14055",5,"M",2,"Hispanic","Middle",2,0,0,0,0,0,0,0,0,0,3,NA,FALSE,0
"14056",6,"F",2,"White","Middle",4,0,0,0,0,0,0,0,0,0,4,NA,FALSE,0
"14057",5,"F",2,"Asian","Middle",4,0,0,0,0,0,0,0,0,0,4,NA,FALSE,0
"14058",5,"F",2,"Asian","Middle",4,0,0,0,0,0,0,0,0,0,4,NA,FALSE,0
"14059",5,"M",2,"Asian","Middle",3,0,0,0,0,0,0,0,0,0,4,NA,FALSE,0
"14060",5,"M",2,"Asian","Middle",4,0,0,0,0,0,0,0,0,0,4,NA,FALSE,0
"14061",5,"M",2,"White","Middle",4,0,0,0,0,0,0,0,0,0,4,1,FALSE,0
"14062",5,"M",3,"White","Middle",4,0,0,0,NA,NA,NA,NA,NA,0,4,1,NA,0
"14063",6,"F",3,"Asian","Middle",4,0,0,0,NA,NA,NA,NA,NA,0,3,1,NA,0
"14064",6,"F",3,NA,"Middle",3,0,0,0,0,0,0,0,0,0,4,1,FALSE,0
"14065",6,"F",3,NA,"Middle",3,0,0,0,0,0,0,0,0,0,4,NA,FALSE,0
"14066",4,"M",1,"White","Middle",4,0,0,0,0,0,0,0,0,0,4,1,FALSE,0
"14067",5,"M",2,"AI/AN","Middle",4,0,0,0,0,0,0,0,0,0,4,NA,FALSE,0
"14068",6,"M",3,NA,"Middle",4,0,0,0,NA,NA,NA,NA,NA,0,4,NA,NA,0
"14069",7,"M",3,"White","Middle",4,0,0,0,0,0,0,0,0,0,4,1,FALSE,0
"14070",6,"M",3,"White","Middle",4,0,0,NA,NA,NA,NA,NA,NA,NA,NA,NA,NA,NA
"14071",6,"M",3,"White","Middle",4,0,0,0,0,0,0,0,0,0,4,NA,FALSE,0
"14072",6,"M",2,"White","Middle",3,0,0,0,0,0,0,0,0,0,1,NA,FALSE,1
"14073",6,"F",3,"White","Middle",3,0,0,0,0,0,0,0,0,0,1,NA,FALSE,1
"14074",6,"M",3,"AI/AN","Middle",3,0,0,0,0,0,0,0,0,0,3,1,FALSE,0
"14075",6,"M",3,"White","Middle",4,0,0,0,0,0,0,0,0,0,4,NA,FALSE,0
"14076",6,"M",3,"White","Middle",4,0,0,0,0,0,0,0,0,0,4,1,FALSE,0
"14077",6,"F",3,"White","Middle",4,0,0,0,NA,NA,NA,NA,NA,0,4,1,NA,0
"14078",6,"F",3,"White","Middle",4,0,0,0,0,0,0,0,0,0,4,1,FALSE,0
"14079",6,"M",3,"Hispanic","Middle",4,0,0,0,0,0,0,0,0,0,4,1,FALSE,0
"14080",6,"F",3,"White","Middle",4,0,0,0,0,0,0,0,0,0,3,1,FALSE,0
"14081",6,"M",3,"White","Middle",4,0,0,0,0,0,0,0,0,0,4,NA,FALSE,0
"14082",6,"F",3,"White","Middle",4,0,0,0,0,0,0,0,0,0,3,NA,FALSE,0
"14083",6,"M",3,"White","Middle",4,0,0,0,0,0,0,0,0,0,4,1,FALSE,0
"14084",6,"F",3,"White","Middle",4,0,0,0,0,0,0,0,0,0,4,1,FALSE,0
"14085",6,"M",3,"White","Middle",3,0,0,0,0,0,0,0,0,0,3,1,FALSE,0
"14086",6,"F",3,"White","Middle",4,0,0,NA,0,0,0,0,0,0,4,1,NA,0
"14087",7,"M",3,"White","Middle",4,0,0,0,0,0,0,0,0,0,3,1,FALSE,0
"14088",6,"F",3,"White","Middle",4,0,0,0,0,0,0,0,0,0,4,NA,FALSE,0
"14089",6,"M",3,"White","Middle",4,0,0,0,0,0,0,0,0,0,4,1,FALSE,0
"14090",4,"M",1,"White","Middle",4,0,0,0,0,0,0,0,0,0,4,1,FALSE,0
"14091",5,"F",2,"AI/AN","Middle",4,0,0,0,0,0,0,0,0,0,4,NA,FALSE,0
"14092",5,"M",2,"Hispanic","Middle",4,0,0,0,0,0,0,0,0,0,4,1,FALSE,0
"14093",5,"M",2,NA,"Middle",NA,0,0,0,0,0,0,0,0,0,4,1,FALSE,0
"14094",5,"M",2,"White","Middle",4,0,0,0,0,0,0,0,0,0,4,NA,FALSE,0
"14095",6,"M",2,"White","Middle",4,0,0,0,0,0,0,0,0,0,4,1,FALSE,0
"14096",5,"F",2,"White","Middle",4,0,0,0,0,0,0,0,0,0,4,1,FALSE,0
"14097",5,"F",2,NA,"Middle",4,0,0,0,0,0,0,0,0,0,4,1,FALSE,0
"14098",5,"M",2,"White","Middle",2,1,0,0,NA,NA,NA,NA,NA,1,2,NA,TRUE,1
"14099",4,"F",2,"Hispanic","Middle",4,0,0,0,0,0,1,0,0,1,2,NA,TRUE,1
"14100",5,"M",2,"White","Middle",4,0,0,0,0,0,0,0,0,0,4,NA,FALSE,0
"14101",5,"M",2,"White","Middle",4,0,0,0,0,0,0,0,0,0,4,1,FALSE,0
"14102",5,"F",2,"White","Middle",4,0,0,0,0,0,0,0,0,0,4,1,FALSE,0
"14103",5,"F",2,"White","Middle",4,0,0,0,0,0,0,0,0,0,4,NA,FALSE,0
"14104",5,"M",2,"Hispanic","Middle",2,0,0,0,0,0,0,0,0,0,1,1,FALSE,1
"14105",4,"F",2,"Asian","Middle",4,0,0,0,0,0,0,0,0,0,4,1,FALSE,0
"14106",4,"F",2,"White","Middle",4,0,0,0,0,0,0,0,0,0,3,NA,FALSE,0
"14107",4,"F",1,"White","Middle",4,0,0,0,0,0,0,0,0,0,4,NA,FALSE,0
"14108",4,"F",1,"White","Middle",3,0,0,0,0,0,0,0,0,0,2,NA,FALSE,1
"14109",4,"F",1,"White","Middle",4,0,0,0,0,0,0,0,0,0,4,1,FALSE,0
"14110",4,"F",1,"White","Middle",4,0,0,0,0,0,0,0,0,0,3,NA,FALSE,0
"14111",4,"M",1,"White","Middle",4,0,0,0,0,0,0,0,0,0,4,1,FALSE,0
"14112",4,"M",1,"White","Middle",3,0,NA,0,0,0,0,0,0,0,3,NA,NA,0
"14113",4,"F",1,"White","Middle",4,0,0,0,0,0,0,0,0,0,1,NA,FALSE,1
"14114",4,"M",1,"White","Middle",4,0,0,0,0,0,0,0,0,0,2,1,FALSE,1
"14115",4,"M",1,"White","Middle",4,0,0,0,NA,NA,NA,NA,NA,0,4,1,NA,0
"14116",3,"F",1,"Hispanic","Middle",4,0,0,0,0,0,0,0,0,0,4,1,FALSE,0
"14117",4,"M",1,"AI/AN","Middle",4,0,0,0,0,0,0,0,0,0,4,1,FALSE,0
"14118",4,"M",1,"White","Middle",4,0,0,0,0,0,0,0,0,0,4,1,FALSE,0
"14119",8,"M",5,"White","High",4,0,0,0,0,0,1,0,0,1,1,NA,TRUE,1
"14120",8,"M",5,"White","High",4,0,0,0,0,0,0,0,0,0,4,1,FALSE,0
"14121",8,"F",5,"White","High",4,0,0,0,0,0,0,0,0,0,4,1,FALSE,0
"14122",8,"M",5,"White","High",2,1,1,1,0,0,0,0,0,1,2,NA,TRUE,1
"14123",8,"F",5,"White","High",3,0,0,0,0,0,0,0,0,0,1,1,FALSE,1
"14124",7,"M",5,"White","High",1,1,1,0,0,0,0,0,0,1,1,NA,TRUE,1
"14125",8,"F",5,"White","High",3,0,0,0,0,0,0,0,0,0,1,NA,FALSE,1
"14126",7,"F",5,"White","High",4,0,0,0,0,0,0,0,0,1,2,1,TRUE,1
"14127",8,"M",5,"White","High",4,0,0,0,0,0,0,0,0,0,4,1,FALSE,0
"14128",8,"M",5,"White","High",4,0,0,0,0,0,0,0,0,0,4,1,FALSE,0
"14129",8,"F",5,"AI/AN","High",4,0,0,0,0,0,0,0,0,0,4,NA,FALSE,0
"14130",8,"F",4,"White","High",3,0,0,0,0,0,0,0,0,0,1,NA,FALSE,1
"14131",8,"M",5,"White","High",3,0,0,0,0,0,0,0,0,0,4,1,FALSE,0
"14132",9,"M",5,NA,"High",4,0,0,0,0,0,0,0,0,0,4,1,FALSE,0
"14133",8,"F",5,"White","High",4,0,0,0,0,0,0,0,0,0,4,1,FALSE,0
"14134",8,"F",5,"White","High",4,0,0,0,0,0,0,0,0,0,1,NA,FALSE,1
"14135",8,"F",5,"White","High",4,0,0,0,0,0,0,0,0,0,4,NA,FALSE,0
"14136",8,"F",5,"White","High",4,0,0,0,0,0,0,0,0,0,2,NA,FALSE,1
"14137",8,"M",5,"White","High",3,0,0,0,0,0,0,0,0,1,2,NA,TRUE,1
"14138",8,"F",5,"White","High",4,0,0,0,0,0,0,0,0,0,2,1,FALSE,1
"14139",8,"M",5,"White","High",4,0,0,0,0,0,0,0,0,0,4,NA,FALSE,0
"14140",8,"F",5,"White","High",4,0,0,0,0,0,0,0,0,0,4,NA,FALSE,0
"14141",8,"F",5,"White","High",4,0,0,0,0,0,0,0,0,0,2,1,FALSE,1
"14142",6,"M",4,"White","High",3,0,0,0,0,0,0,0,0,0,3,1,FALSE,0
"14143",8,"M",5,"White","High",3,0,0,0,0,0,0,0,0,0,4,1,FALSE,0
"14144",10,"M",7,"White","High",1,0,1,0,0,0,0,0,0,0,1,1,TRUE,1
"14145",10,"F",7,"White","High",3,0,0,0,0,0,0,0,0,0,2,1,FALSE,1
"14146",10,"F",7,"White","High",4,0,0,0,0,0,0,0,0,0,4,1,FALSE,0
"14147",9,"M",6,"White","High",2,0,0,0,0,0,0,0,0,0,3,1,FALSE,0
"14148",9,"F",7,"White","High",4,0,0,0,0,0,1,0,0,0,2,1,TRUE,1
"14149",10,"M",7,"White","High",2,0,1,0,0,0,0,0,0,0,2,1,TRUE,1
"14150",9,"F",7,"Hispanic","High",4,0,1,0,0,0,0,0,0,0,2,1,TRUE,1
"14151",9,"M",6,"White","High",2,0,1,0,0,0,0,0,0,0,1,1,TRUE,1
"14152",10,"F",7,"White","High",3,0,0,0,0,0,0,0,0,0,4,NA,FALSE,0
"14153",11,"M",7,"White","High",2,0,1,0,NA,NA,NA,NA,NA,0,3,1,TRUE,0
"14154",9,"F",6,"White","High",4,0,0,0,0,0,0,0,0,0,4,1,FALSE,0
"14155",9,"M",6,"White","High",4,0,0,0,0,0,0,0,0,0,3,1,FALSE,0
"14156",8,"F",4,"White","High",4,0,0,0,0,0,0,0,0,0,4,NA,FALSE,0
"14157",7,"M",4,"White","High",3,0,0,0,0,0,0,0,0,0,4,1,FALSE,0
"14158",6,"M",4,"White","High",4,0,0,0,NA,NA,NA,NA,NA,0,3,1,NA,0
"14159",7,"F",4,"White","High",3,0,0,0,0,0,0,0,0,0,3,1,FALSE,0
"14160",7,"F",4,"White","High",4,0,0,0,0,0,0,0,0,0,3,1,FALSE,0
"14161",6,"F",4,"Hispanic","High",4,0,0,0,0,0,0,0,0,0,2,NA,FALSE,1
"14162",7,"M",4,"White","High",3,1,0,0,0,0,0,0,0,1,2,1,TRUE,1
"14163",6,"F",4,"Black","High",4,0,0,0,0,0,0,0,0,0,4,1,FALSE,0
"14164",6,"M",4,"White","High",4,0,0,0,0,0,0,0,0,0,4,1,FALSE,0
"14165",7,"M",4,"White","High",1,0,0,0,0,0,0,0,0,1,1,1,TRUE,1
"14166",7,"F",4,"White","High",4,0,0,0,0,0,0,0,0,0,4,1,FALSE,0
"14167",7,"M",4,"White","High",4,0,0,0,0,0,0,0,0,0,4,1,FALSE,0
"14168",7,"F",4,"White","High",4,1,0,0,0,0,0,0,0,0,1,NA,TRUE,1
"14169",7,"M",4,"White","High",4,0,0,0,0,0,0,0,0,0,4,NA,FALSE,0
"14170",7,"F",4,"White","High",4,0,0,0,0,0,0,0,0,0,3,1,FALSE,0
"14171",7,"M",4,"White","High",4,0,0,0,0,0,0,0,0,0,4,NA,FALSE,0
"14172",9,"M",6,"Hispanic","High",3,0,0,0,0,0,0,0,0,0,2,NA,FALSE,1
"14173",9,"F",6,"White","High",4,0,0,0,0,0,0,0,0,0,2,1,FALSE,1
"14174",9,"F",6,"White","High",4,0,0,0,NA,NA,NA,NA,NA,0,2,NA,NA,1
"14175",10,"M",6,"White","High",4,0,0,0,0,0,0,0,0,0,4,1,FALSE,0
"14176",10,"F",6,"White","High",4,0,0,0,0,0,0,0,0,0,4,1,FALSE,0
"14177",9,"F",6,"White","High",4,0,0,0,0,0,0,0,0,0,4,1,FALSE,0
"14178",9,"F",6,"White","High",4,0,0,0,0,0,0,0,0,0,4,1,FALSE,0
"14179",9,"F",7,"White","High",4,0,0,0,0,0,0,0,0,0,1,1,FALSE,1
"14180",9,"M",5,"White","High",1,NA,1,1,0,0,0,0,0,1,2,1,TRUE,1
"14181",8,"M",5,"Black","High",3,0,0,1,0,0,0,0,0,0,3,NA,TRUE,0
"14182",9,"M",5,"White","High",3,0,NA,0,NA,NA,NA,NA,NA,0,3,1,NA,0
"14183",7,"M",4,"White","High",3,0,0,0,0,0,0,0,0,0,4,NA,FALSE,0
"14184",7,"M",4,"White","High",4,0,0,0,0,0,0,0,0,0,4,1,FALSE,0
"14185",6,"M",4,"White","High",4,0,0,0,0,0,0,0,0,0,4,NA,FALSE,0
"14186",7,"M",4,"White","High",3,1,0,1,1,0,0,0,0,1,1,1,TRUE,1
"14187",7,"M",4,"White","High",3,0,0,0,0,0,0,0,0,0,3,1,FALSE,0
"14188",7,"M",4,"White","High",4,0,0,0,0,0,0,0,0,0,4,NA,FALSE,0
"14189",7,"F",4,"White","High",3,0,0,0,0,0,0,0,0,0,2,1,FALSE,1
"14190",6,"F",4,"White","High",4,0,0,0,0,0,0,0,0,0,3,NA,FALSE,0
"14191",9,"F",6,"White","High",4,0,0,0,0,0,0,0,0,0,2,1,FALSE,1
"14192",9,"M",6,"White","High",4,0,0,0,0,0,0,0,0,0,2,1,FALSE,1
"14193",10,"F",6,"White","High",3,0,0,0,0,0,0,0,0,0,2,1,FALSE,1
"14194",9,"M",6,"White","High",4,0,0,0,0,0,0,0,0,0,4,1,FALSE,0
"14195",10,"F",7,"White","High",4,0,0,0,0,0,0,0,0,0,4,1,FALSE,0
"14196",10,"M",7,"White","High",1,1,1,0,0,0,0,0,0,1,1,1,TRUE,1
"14197",10,"F",7,"White","High",4,0,0,0,0,0,0,0,0,0,4,1,FALSE,0
"14198",10,"M",7,"White","High",2,0,0,0,0,0,0,0,0,0,4,1,FALSE,0
"14199",9,"F",6,"AI/AN","High",2,1,0,0,0,0,1,0,0,1,1,NA,TRUE,1
"14200",9,"F",6,"White","High",4,0,0,0,0,0,0,0,0,0,4,1,FALSE,0
"14201",10,"F",7,"White","High",3,0,0,0,0,0,0,0,0,0,2,1,FALSE,1
"14202",9,"M",7,"White","High",2,0,0,0,0,0,0,0,0,0,4,NA,FALSE,0
"14203",9,"F",6,"White","High",3,0,0,0,0,0,0,0,0,0,2,1,FALSE,1
"14204",11,"M",7,"White","High",1,0,1,0,NA,NA,NA,NA,NA,0,2,NA,TRUE,1
"14205",10,"M",7,"White","High",2,0,0,0,0,0,0,0,0,0,4,1,FALSE,0
"14206",9,"F",7,"White","High",4,0,0,0,0,0,0,0,0,0,4,NA,FALSE,0
"14207",10,"M",7,"White","High",3,1,0,0,0,0,0,0,0,0,1,1,TRUE,1
"14208",10,"F",7,"White","High",3,0,0,0,0,0,0,0,0,0,4,NA,FALSE,0
"14209",7,"F",4,"White","High",4,0,0,0,0,0,0,0,0,0,2,NA,FALSE,1
"14210",7,"F",4,"White","High",4,0,0,0,0,0,0,0,0,0,2,1,FALSE,1
"14211",7,"F",4,"White","High",4,0,0,0,0,0,0,0,0,0,4,1,FALSE,0
"14212",7,"F",4,"White","High",3,0,0,0,0,0,0,0,0,0,4,1,FALSE,0
"14213",9,"M",6,"White","High",1,0,1,0,0,0,0,0,0,1,1,1,TRUE,1
"14214",9,"M",6,"White","High",3,NA,0,0,0,0,0,0,0,0,3,1,NA,0
"14215",9,"F",6,"White","High",4,0,0,0,0,0,0,0,0,0,1,NA,FALSE,1
"14216",9,"M",6,"White","High",1,1,1,1,NA,NA,NA,NA,NA,0,1,1,TRUE,1
"14217",9,"F",6,"White","High",3,0,0,0,0,0,1,0,0,1,1,1,TRUE,1
"14218",9,"F",6,"White","High",3,0,0,0,0,0,0,0,0,0,3,1,FALSE,0
"14219",9,"F",6,"White","High",4,0,0,0,0,0,0,0,0,0,3,1,FALSE,0
"14220",9,"M",6,"White","High",1,1,1,1,0,0,0,0,0,0,4,NA,TRUE,0
"14221",7,"F",4,"White","High",3,0,0,0,NA,NA,NA,NA,NA,0,3,1,NA,0
"14222",9,"M",6,"White","High",4,0,0,0,0,0,0,0,0,0,4,1,FALSE,0
"14223",9,"F",6,"White","High",4,0,0,0,0,0,0,0,0,0,4,1,FALSE,0
"14224",9,"F",6,"White","High",4,0,0,0,0,0,0,0,0,0,2,1,FALSE,1
"14225",9,"M",6,"White","High",2,0,0,1,0,0,1,1,0,1,2,NA,TRUE,1
"14226",10,"F",6,"White","High",4,0,0,0,0,0,0,0,0,0,3,1,FALSE,0
"14227",9,"F",6,"White","High",2,0,0,0,0,0,0,0,0,0,1,NA,FALSE,1
"14228",9,"F",6,"White","High",3,0,0,0,0,0,0,0,0,0,1,1,FALSE,1
"14229",9,"M",6,"White","High",1,NA,1,0,0,0,1,1,0,1,1,NA,TRUE,1
"14230",9,"M",6,"White","High",4,0,0,0,0,0,0,0,0,0,4,1,FALSE,0
"14231",9,"M",6,"White","High",3,0,0,0,0,0,1,0,0,0,3,1,TRUE,0
"14232",9,"F",6,"White","High",2,0,0,0,0,0,0,0,0,0,4,1,FALSE,0
"14233",10,"M",6,"White","High",2,0,0,1,0,0,0,0,0,1,1,1,TRUE,1
"14234",8,"F",6,"White","High",4,1,0,0,0,0,0,0,0,0,2,NA,TRUE,1
"14235",9,"F",6,"White","High",3,0,0,0,0,0,0,0,0,0,3,NA,FALSE,0
"14236",9,"F",6,"White","High",3,0,0,0,0,0,0,0,0,0,2,1,FALSE,1
"14237",9,"F",6,"White","High",4,0,0,0,0,0,1,0,0,1,1,1,TRUE,1
"14238",9,"F",6,"White","High",3,0,0,0,0,0,0,0,0,0,4,NA,FALSE,0
"14239",9,"F",6,"White","High",3,0,0,0,0,0,1,0,0,1,1,1,TRUE,1
"14240",9,"F",6,"White","High",4,0,0,0,0,0,0,0,0,0,4,NA,FALSE,0
"14241",10,"F",6,"White","High",4,0,0,0,0,0,0,0,0,0,4,1,FALSE,0
"14242",7,"M",4,NA,"High",4,0,0,0,0,0,0,0,0,0,4,1,FALSE,0
"14243",7,"M",4,"White","High",3,0,0,0,0,0,0,0,0,0,4,1,FALSE,0
"14244",6,"M",4,"White","High",4,0,0,0,0,0,0,0,0,0,4,1,FALSE,0
"14245",7,"M",4,"White","High",4,0,0,0,0,0,0,0,0,0,4,NA,FALSE,0
"14246",10,"F",7,"White","High",4,0,0,0,0,0,0,0,0,0,4,NA,FALSE,0
"14247",10,"F",7,"White","High",3,0,0,0,0,0,0,0,0,0,3,1,FALSE,0
"14248",10,"M",7,"White","High",2,0,0,1,NA,NA,NA,NA,NA,0,1,1,TRUE,1
"14249",10,"F",7,"White","High",3,0,0,0,0,0,0,0,0,0,2,NA,FALSE,1
"14250",10,"M",7,"White","High",4,0,0,0,0,0,0,0,0,0,4,1,FALSE,0
"14251",10,"M",7,"White","High",2,0,0,1,0,0,0,0,0,0,1,1,TRUE,1
"14252",10,"M",7,"White","High",2,0,0,1,0,0,1,0,0,1,1,1,TRUE,1
"14253",10,"M",7,"White","High",4,0,0,0,0,0,1,0,0,1,2,1,TRUE,1
"14254",10,"M",7,"White","High",1,0,0,1,0,0,0,1,0,1,2,1,TRUE,1
"14255",10,"M",7,"White","High",3,0,0,1,0,0,0,1,0,0,3,NA,TRUE,0
"14256",10,"F",7,"White","High",4,0,0,0,0,0,0,0,0,0,3,NA,FALSE,0
"14257",8,"M",5,NA,"High",2,0,0,0,NA,NA,NA,NA,NA,0,4,NA,NA,0
"14258",8,"F",5,"White","High",4,0,0,0,0,0,0,0,0,0,4,1,FALSE,0
"14259",7,"F",5,"White","High",3,0,0,0,0,0,0,0,0,0,3,1,FALSE,0
"14260",8,"M",5,"White","High",4,0,0,0,0,0,0,0,0,0,4,1,FALSE,0
"14261",7,"F",5,"White","High",4,0,0,0,0,0,0,0,0,0,4,NA,FALSE,0
"14262",8,"F",5,"White","High",3,0,0,0,0,0,0,0,0,0,4,1,FALSE,0
"14263",7,"M",4,"White","High",3,0,0,0,0,0,0,0,0,0,3,1,FALSE,0
"14264",10,"M",7,"Hispanic","High",4,0,0,0,0,0,0,0,0,0,4,NA,FALSE,0
"14265",9,"F",7,"White","High",2,0,0,0,0,0,0,0,0,0,4,1,FALSE,0
"14266",7,"M",4,"White","High",2,0,0,1,0,0,0,1,0,0,1,NA,TRUE,1
"14267",6,"F",4,NA,"High",3,0,0,0,0,0,0,0,0,0,4,NA,FALSE,0
"14268",6,"F",4,NA,"High",4,0,0,0,0,0,0,0,0,0,4,1,FALSE,0
"14269",7,"M",4,"White","High",3,0,0,0,0,0,0,0,0,0,3,1,FALSE,0
"14270",7,"F",4,"AI/AN","High",2,0,0,0,0,0,0,0,0,0,1,NA,FALSE,1
"14271",7,"F",4,"White","High",4,0,0,0,0,0,0,0,0,0,4,1,FALSE,0
"14272",7,"F",4,"White","High",4,0,0,0,0,0,0,0,0,0,3,1,FALSE,0
"14273",7,"F",4,"White","High",4,0,0,0,0,0,0,0,0,0,4,NA,FALSE,0
"14274",7,"M",4,"White","High",4,0,0,0,0,0,0,0,0,0,3,1,FALSE,0
"14275",8,"M",5,"White","High",3,0,0,0,0,0,0,0,0,0,3,NA,FALSE,0
"14276",8,"M",5,"White","High",3,0,1,0,0,0,0,0,0,0,2,1,TRUE,1
"14277",9,"M",5,"White","High",3,0,0,0,0,0,0,0,0,0,2,NA,FALSE,1
"14278",8,"M",5,"White","High",3,0,0,0,0,0,0,0,0,NA,3,NA,NA,0
"14279",8,"M",5,"White","High",4,0,0,0,0,0,0,0,0,0,3,NA,FALSE,0
"14280",7,"M",5,"White","High",3,0,0,0,0,0,0,0,0,0,3,1,FALSE,0
"14281",8,"F",5,"White","High",2,0,0,0,0,0,0,0,0,0,2,NA,FALSE,1
"14282",11,"M",7,"White","High",3,0,0,1,NA,NA,NA,NA,NA,0,2,NA,TRUE,1
"14283",10,"M",7,"White","High",2,0,1,1,0,0,0,0,0,1,2,NA,TRUE,1
"14284",10,"F",7,"White","High",2,0,1,0,0,0,1,0,0,1,2,NA,TRUE,1
"14285",5,"F",2,"White","Middle",4,0,0,0,0,0,0,0,0,0,1,1,FALSE,1
"14286",5,"F",2,"White","Middle",3,0,0,0,0,0,0,0,0,0,3,NA,FALSE,0
"14287",5,"M",2,"White","Middle",4,0,0,0,0,0,0,0,0,0,4,1,FALSE,0
"14288",5,"M",2,"White","Middle",4,0,0,0,0,0,0,0,0,0,2,1,FALSE,1
"14289",4,"F",2,"White","Middle",4,0,0,0,0,0,0,0,0,0,4,1,FALSE,0
"14290",5,"F",2,"White","Middle",4,0,0,0,0,0,0,0,0,0,4,NA,FALSE,0
"14291",5,"M",2,"White","Middle",4,0,0,0,0,0,0,0,0,0,4,1,FALSE,0
"14292",5,"F",2,"White","Middle",4,0,0,0,0,0,0,0,0,0,4,1,FALSE,0
"14293",5,"F",2,"White","Middle",3,NA,0,0,1,0,1,0,0,1,1,NA,TRUE,1
"14294",5,"F",2,"White","Middle",4,0,0,0,0,0,0,0,0,0,2,NA,FALSE,1
"14295",4,"F",2,NA,"Middle",4,0,0,0,0,0,0,0,0,0,2,1,FALSE,1
"14296",5,"M",2,"White","Middle",4,0,0,0,0,0,0,0,0,0,4,1,FALSE,0
"14297",5,"M",2,"White","Middle",4,0,0,0,0,0,0,0,0,0,4,1,FALSE,0
"14298",6,"F",3,"White","Middle",4,0,0,0,0,0,0,0,0,0,2,NA,FALSE,1
"14299",6,"M",3,"White","Middle",4,0,0,0,0,0,0,0,0,0,4,1,FALSE,0
"14300",6,"F",3,"White","Middle",4,0,0,0,0,0,1,0,0,1,1,NA,TRUE,1
"14301",6,"M",3,"Hispanic","Middle",4,0,0,0,0,0,0,0,0,0,4,NA,FALSE,0
"14302",6,"F",3,"AI/AN","Middle",3,1,NA,0,0,0,1,0,0,1,1,1,TRUE,1
"14303",5,"F",3,"AI/AN","Middle",4,0,0,0,NA,NA,NA,NA,NA,0,4,NA,NA,0
"14304",6,"F",3,"White","Middle",4,0,0,0,0,0,0,0,0,0,4,1,FALSE,0
"14305",5,"M",3,"White","Middle",4,0,0,0,0,0,0,0,0,0,1,NA,FALSE,1
"14306",5,"M",3,"White","Middle",4,0,0,0,0,0,0,0,0,0,4,1,FALSE,0
"14307",5,"F",3,"White","Middle",3,0,0,0,0,0,0,0,0,0,1,NA,FALSE,1
"14308",4,"F",1,"White","Middle",4,0,0,0,0,0,0,0,0,0,4,NA,FALSE,0
"14309",3,"M",1,"White","Middle",3,0,0,0,0,0,0,0,0,0,4,NA,FALSE,0
"14310",4,"F",1,"White","Middle",4,0,0,0,0,0,0,0,0,0,4,1,FALSE,0
"14311",4,"F",1,"AI/AN","Middle",4,0,0,0,0,0,0,0,0,0,4,NA,FALSE,0
"14312",4,"F",1,"White","Middle",4,0,0,0,0,0,0,0,0,0,4,1,FALSE,0
"14313",3,"M",1,"White","Middle",4,0,0,0,0,0,0,0,0,0,4,1,FALSE,0
"14314",4,"F",1,"Black","Middle",4,0,0,0,0,0,0,0,0,0,4,1,FALSE,0
"14315",4,"F",1,NA,"Middle",4,0,0,0,0,0,0,0,0,0,4,1,FALSE,0
"14316",4,"F",1,"White","Middle",4,0,0,0,0,0,0,0,0,0,4,NA,FALSE,0
"14317",4,"M",1,"White","Middle",4,0,0,0,0,0,0,0,0,0,4,1,FALSE,0
"14318",3,"F",1,"White","Middle",4,0,0,0,0,0,0,0,0,0,4,NA,FALSE,0
"14319",4,"F",1,"White","Middle",4,0,0,0,0,0,0,0,0,0,4,1,FALSE,0
"14320",3,"F",1,"White","Middle",4,0,0,0,0,0,0,0,0,0,4,1,FALSE,0
"14321",5,"F",2,"White","Middle",4,0,0,0,0,0,0,0,0,0,4,1,FALSE,0
"14322",5,"F",2,"AI/AN","Middle",4,0,0,0,0,0,0,0,0,0,4,NA,FALSE,0
"14323",5,"M",2,"White","Middle",4,0,0,0,0,0,0,0,0,0,4,1,FALSE,0
"14324",4,"F",1,"White","Middle",4,0,0,0,NA,NA,NA,NA,NA,0,4,NA,NA,0
"14325",3,"F",1,"White","Middle",4,0,0,0,0,0,0,0,0,0,4,1,FALSE,0
"14326",3,"M",1,"White","Middle",4,0,0,0,0,0,0,0,0,0,4,NA,FALSE,0
"14327",4,"F",1,"White","Middle",4,0,0,0,0,0,0,0,0,0,4,NA,FALSE,0
"14328",4,"F",1,"White","Middle",4,0,0,0,0,0,0,0,0,0,4,NA,FALSE,0
"14329",4,"M",1,"White","Middle",4,0,0,0,0,0,0,0,0,0,4,NA,FALSE,0
"14330",4,"M",1,"White","Middle",3,0,0,0,0,0,0,0,0,0,2,NA,FALSE,1
"14331",4,"M",1,"White","Middle",4,0,0,0,0,0,0,0,0,0,4,1,FALSE,0
"14332",4,"M",1,"White","Middle",4,0,0,NA,0,0,0,0,0,0,4,1,NA,0
"14333",4,"M",1,"White","Middle",4,0,0,0,0,0,0,0,0,0,4,NA,FALSE,0
"14334",4,"F",1,"White","Middle",4,0,0,0,0,0,0,0,0,0,3,1,FALSE,0
"14335",3,"F",1,"White","Middle",4,0,NA,0,0,0,0,0,0,0,4,NA,NA,0
"14336",4,"F",1,"White","Middle",4,0,0,0,0,0,0,0,0,0,4,NA,FALSE,0
"14337",4,"M",1,"White","Middle",4,0,0,0,0,0,0,0,0,0,4,1,FALSE,0
"14338",4,"M",1,"White","Middle",3,0,0,0,NA,NA,NA,NA,NA,0,3,NA,NA,0
"14339",4,"F",1,"White","Middle",3,0,0,0,0,0,0,0,0,0,2,NA,FALSE,1
"14340",3,"F",1,NA,"Middle",4,0,0,0,0,0,0,0,0,0,4,1,FALSE,0
"14341",4,"F",1,NA,"Middle",4,0,0,0,0,0,0,0,0,0,4,1,FALSE,0
"14342",3,"F",1,"White","Middle",4,0,0,0,0,0,0,0,0,0,4,NA,FALSE,0
"14343",4,"M",1,"White","Middle",3,0,0,0,0,0,0,0,0,0,4,NA,FALSE,0
"14344",3,"F",1,"White","Middle",4,0,0,0,0,0,0,0,0,0,4,1,FALSE,0
"14345",4,"F",1,"White","Middle",4,0,0,0,0,0,0,0,0,0,4,1,FALSE,0
"14346",4,"F",1,"White","Middle",4,0,0,0,0,0,0,0,0,0,4,1,FALSE,0
"14347",4,"F",1,NA,"Middle",4,0,0,0,0,0,0,0,0,0,4,1,FALSE,0
"14348",4,"M",1,"White","Middle",3,0,0,0,0,0,0,0,0,0,3,NA,FALSE,0
"14349",4,"F",1,"White","Middle",4,0,0,0,0,0,0,0,0,0,4,1,FALSE,0
"14350",4,"F",1,"White","Middle",4,0,0,0,0,0,0,0,0,0,4,1,FALSE,0
"14351",4,"M",1,"Hispanic","Middle",4,0,0,0,0,0,0,0,0,0,4,1,FALSE,0
"14352",5,"M",1,"White","Middle",4,0,0,0,0,0,0,0,0,0,4,NA,FALSE,0
"14353",3,"M",1,"White","Middle",4,0,0,0,0,0,0,0,0,0,4,1,FALSE,0
"14354",4,"M",1,"White","Middle",4,0,0,0,0,0,0,0,0,0,4,1,FALSE,0
"14355",4,"M",1,"White","Middle",4,0,0,0,0,0,0,0,0,0,4,NA,FALSE,0
"14356",4,"M",1,"Black","Middle",3,0,0,0,0,0,0,0,0,0,3,NA,FALSE,0
"14357",4,"F",1,"White","Middle",4,0,0,0,0,0,0,0,0,0,4,NA,FALSE,0
"14358",3,"F",1,"White","Middle",4,0,0,0,0,0,0,0,0,0,4,1,FALSE,0
"14359",4,"M",1,"NHOPI","Middle",4,0,0,0,0,0,0,0,0,0,3,NA,FALSE,0
"14360",4,"F",1,"White","Middle",4,0,0,0,0,0,0,0,0,0,4,1,FALSE,0
"14361",4,"F",1,"White","Middle",4,0,0,0,0,0,0,0,0,0,4,1,FALSE,0
"14362",4,"F",1,"White","Middle",4,0,0,NA,0,0,0,0,0,0,4,NA,NA,0
"14363",5,"M",1,"White","Middle",4,0,0,0,0,0,0,0,0,0,3,1,FALSE,0
"14364",4,"M",1,"Hispanic","Middle",4,0,0,0,0,0,0,0,0,0,4,1,FALSE,0
"14365",5,"M",1,"White","Middle",4,0,0,0,0,0,0,0,0,0,3,1,FALSE,0
"14366",5,"M",2,"White","Middle",4,0,0,0,0,0,0,0,0,0,4,NA,FALSE,0
"14367",5,"M",2,"White","Middle",2,NA,0,NA,NA,NA,NA,NA,NA,0,1,1,NA,1
"14368",5,"M",2,"White","Middle",4,0,0,0,0,0,0,0,0,0,2,NA,FALSE,1
"14369",4,"M",2,"Black","Middle",4,0,0,0,0,0,0,0,0,0,2,1,FALSE,1
"14370",5,"M",2,"White","Middle",4,0,0,0,0,0,0,0,0,0,4,1,FALSE,0
"14371",5,"M",2,"White","Middle",4,0,0,0,0,0,0,0,0,0,4,1,FALSE,0
"14372",4,"F",2,"White","Middle",4,0,0,0,0,0,0,0,0,0,4,1,FALSE,0
"14373",5,"F",2,"White","Middle",4,0,0,0,0,0,0,0,0,0,4,1,FALSE,0
"14374",5,"M",2,"White","Middle",4,0,0,0,0,0,0,0,0,0,4,NA,FALSE,0
"14375",5,"M",2,"White","Middle",4,0,0,0,0,0,0,0,0,0,4,NA,FALSE,0
"14376",4,"M",2,"White","Middle",4,0,0,0,0,0,0,0,0,0,4,NA,FALSE,0
"14377",5,"M",2,"White","Middle",3,0,0,0,0,0,0,0,0,0,1,1,FALSE,1
"14378",5,"M",2,"White","Middle",4,0,0,0,0,0,0,0,0,0,4,1,FALSE,0
"14379",5,"M",2,"White","Middle",4,0,0,0,0,0,0,0,0,0,4,NA,FALSE,0
"14380",5,"M",2,"White","Middle",4,0,0,0,0,0,0,0,0,0,4,1,FALSE,0
"14381",5,"M",2,"White","Middle",4,0,0,0,0,0,0,0,0,0,2,1,FALSE,1
"14382",5,"M",2,"White","Middle",4,0,0,0,0,0,0,0,0,0,4,1,FALSE,0
"14383",5,"M",2,"White","Middle",4,0,0,0,0,0,0,0,0,0,1,1,FALSE,1
"14384",5,"F",2,"White","Middle",4,0,0,0,0,0,0,0,0,0,4,1,FALSE,0
"14385",4,"F",2,"White","Middle",4,0,0,0,0,0,0,0,0,0,4,1,FALSE,0
"14386",6,"M",2,"White","Middle",4,0,0,0,0,0,0,0,0,0,4,1,FALSE,0
"14387",5,"F",2,"White","Middle",4,0,0,0,0,0,0,0,0,0,4,1,FALSE,0
"14388",5,"F",3,"White","Middle",4,0,0,0,0,0,0,0,0,0,4,1,FALSE,0
"14389",6,"F",3,NA,"Middle",2,0,0,0,0,0,0,0,0,0,1,1,FALSE,1
"14390",5,"M",3,"White","Middle",4,0,0,0,0,0,0,0,0,0,4,1,FALSE,0
"14391",5,"F",3,"White","Middle",4,0,0,0,0,0,0,0,0,0,3,1,FALSE,0
"14392",6,"M",3,"White","Middle",3,0,0,0,0,0,0,0,0,0,4,1,FALSE,0
"14393",6,"M",3,"White","Middle",4,0,0,0,0,0,0,0,0,0,4,NA,FALSE,0
"14394",6,"M",3,"White","Middle",3,0,0,0,0,0,0,0,0,1,3,1,TRUE,0
"14395",6,"M",3,"White","Middle",3,0,0,0,0,0,0,0,0,0,1,1,FALSE,1
"14396",5,"F",3,"White","Middle",4,0,0,0,NA,NA,NA,NA,NA,0,2,1,NA,1
"14397",6,"F",3,"White","Middle",4,0,0,0,0,0,0,0,0,0,4,NA,FALSE,0
"14398",6,"M",3,"White","Middle",4,0,0,0,0,0,0,0,0,0,4,1,FALSE,0
"14399",6,"M",3,"White","Middle",4,0,0,0,0,0,0,0,0,0,3,1,FALSE,0
"14400",5,"F",2,NA,"Middle",4,0,0,0,0,0,0,0,0,0,2,NA,FALSE,1
"14401",5,"M",2,"White","Middle",4,0,0,0,0,0,0,0,0,0,1,1,FALSE,1
"14402",5,"F",2,"Hispanic","Middle",3,0,0,0,0,0,0,0,0,0,2,1,FALSE,1
"14403",5,"M",2,"Black","Middle",1,NA,1,1,1,0,0,0,0,1,1,NA,TRUE,1
"14404",5,"M",2,"White","Middle",3,0,0,0,NA,NA,NA,NA,NA,0,2,NA,NA,1
"14405",5,"M",2,NA,"Middle",4,0,0,0,0,0,0,0,0,0,3,NA,FALSE,0
"14406",5,"F",2,"White","Middle",4,0,0,0,0,0,0,0,0,0,4,1,FALSE,0
"14407",5,"M",2,"White","Middle",4,0,0,0,0,0,0,0,0,0,4,NA,FALSE,0
"14408",5,"M",2,"White","Middle",4,0,0,0,0,0,0,0,0,0,4,NA,FALSE,0
"14409",6,"M",2,"White","Middle",4,0,0,0,0,0,0,0,0,0,4,NA,FALSE,0
"14410",4,"F",2,"White","Middle",4,0,0,0,0,0,0,0,0,0,4,1,FALSE,0
"14411",5,"F",2,NA,"Middle",4,0,0,0,0,0,0,0,0,0,4,1,FALSE,0
"14412",4,"F",2,"Hispanic","Middle",4,0,0,0,0,0,0,0,0,0,4,1,FALSE,0
"14413",4,"F",2,"Black","Middle",4,0,0,0,0,0,0,0,0,0,4,NA,FALSE,0
"14414",4,"M",2,"Hispanic","Middle",4,0,0,0,0,0,0,0,0,0,4,1,FALSE,0
"14415",4,"M",2,"Black","Middle",3,0,0,1,0,0,0,0,0,0,4,1,TRUE,0
"14416",4,"M",2,"White","Middle",4,0,0,0,0,0,0,0,0,0,4,1,FALSE,0
"14417",5,"M",2,"White","Middle",3,0,0,0,0,0,0,0,0,0,2,1,FALSE,1
"14418",5,"F",2,"White","Middle",4,0,0,0,0,0,0,0,0,0,4,NA,FALSE,0
"14419",4,"F",2,"Black","Middle",4,0,0,0,0,0,0,0,0,0,4,1,FALSE,0
"14420",5,"M",2,"Black","Middle",4,0,0,NA,0,0,0,0,0,0,3,1,NA,0
"14421",4,"F",2,"White","Middle",4,0,0,0,0,0,0,0,0,0,4,1,FALSE,0
"14422",4,"M",2,"Hispanic","Middle",3,0,0,1,0,0,0,0,0,0,1,NA,TRUE,1
"14423",5,"M",2,"White","Middle",4,0,0,0,0,0,0,0,0,0,3,NA,FALSE,0
"14424",4,"F",2,"White","Middle",4,0,0,0,0,0,0,0,0,0,4,NA,FALSE,0
"14425",4,"M",2,"Hispanic","Middle",4,0,0,0,0,0,0,0,0,0,4,1,FALSE,0
"14426",5,"F",2,"Black","Middle",4,0,0,0,0,0,0,0,0,0,2,1,FALSE,1
"14427",5,"F",3,"White","Middle",4,0,0,0,0,0,0,0,0,0,3,NA,FALSE,0
"14428",6,"F",3,"White","Middle",4,0,0,0,0,0,0,0,0,0,2,NA,FALSE,1
"14429",6,"F",3,"White","Middle",3,0,0,0,0,0,0,0,0,0,4,NA,FALSE,0
"14430",6,"F",3,"Asian","Middle",4,0,0,0,0,0,0,0,0,0,4,1,FALSE,0
"14431",6,"F",3,"White","Middle",3,0,0,0,0,0,0,0,0,NA,2,1,NA,1
"14432",6,"M",3,"White","Middle",3,0,0,0,0,0,0,0,0,0,4,1,FALSE,0
"14433",6,"F",3,"Hispanic","Middle",4,0,0,0,0,0,0,0,0,0,4,NA,FALSE,0
"14434",6,"M",3,"Hispanic","Middle",4,0,0,0,0,0,0,0,0,0,4,NA,FALSE,0
"14435",6,"M",3,"White","Middle",3,0,0,0,0,0,0,0,0,0,1,NA,FALSE,1
"14436",6,"F",3,"White","Middle",4,0,0,0,0,0,0,0,0,0,4,1,FALSE,0
"14437",6,"F",3,"Black","Middle",4,0,0,0,0,0,0,0,0,0,2,1,FALSE,1
"14438",6,"M",3,"Black","Middle",3,0,0,0,0,0,0,0,0,0,2,1,FALSE,1
"14439",6,"F",3,"Black","Middle",4,0,0,0,0,0,0,0,0,0,1,NA,FALSE,1
"14440",6,"F",3,"Black","Middle",4,0,0,0,0,0,0,0,0,0,4,NA,FALSE,0
"14441",6,"F",3,"White","Middle",4,0,0,0,0,0,0,0,0,0,4,NA,FALSE,0
"14442",5,"M",3,"White","Middle",4,0,0,0,0,0,0,0,0,0,3,NA,FALSE,0
"14443",6,"M",3,"White","Middle",3,0,0,0,0,0,0,0,0,0,3,NA,FALSE,0
"14444",5,"F",3,"White","Middle",4,0,0,0,0,0,0,0,0,1,2,NA,TRUE,1
"14445",7,"M",3,"White","Middle",2,1,1,1,0,0,0,0,0,1,2,NA,TRUE,1
"14446",5,"M",3,"Black","Middle",4,0,0,0,0,0,0,0,0,0,4,1,FALSE,0
"14447",5,"M",3,"White","Middle",4,0,0,0,0,0,0,0,0,0,2,NA,FALSE,1
"14448",3,"F",1,"White","Middle",4,0,NA,0,0,0,0,0,0,0,4,NA,NA,0
"14449",4,"F",1,"White","Middle",4,0,0,0,0,0,0,0,0,0,4,NA,FALSE,0
"14450",4,"M",1,"White","Middle",4,0,0,0,0,0,0,0,0,0,4,1,FALSE,0
"14451",3,"F",1,"White","Middle",4,0,0,0,0,0,0,0,0,0,4,NA,FALSE,0
"14452",4,"F",1,"Hispanic","Middle",4,0,0,0,0,0,0,0,0,0,4,NA,FALSE,0
"14453",4,"M",1,"White","Middle",4,0,0,0,0,0,0,0,0,0,2,NA,FALSE,1
"14454",3,"F",1,"Hispanic","Middle",3,0,0,0,0,0,0,0,0,0,3,NA,FALSE,0
"14455",3,"F",1,"Hispanic","Middle",4,0,0,0,0,0,0,0,0,0,4,NA,FALSE,0
"14456",4,"F",1,"White","Middle",4,0,0,0,0,0,0,0,0,0,4,NA,FALSE,0
"14457",3,"F",1,"Hispanic","Middle",4,0,0,0,0,0,0,0,0,0,4,1,FALSE,0
"14458",4,"F",1,"AI/AN","Middle",2,1,1,0,0,0,1,0,0,1,2,NA,TRUE,1
"14459",3,"M",1,"White","Middle",3,0,0,0,0,0,0,0,0,0,1,NA,FALSE,1
"14460",4,"F",1,"White","Middle",4,0,0,0,0,0,0,0,0,0,4,NA,FALSE,0
"14461",4,"M",1,"White","Middle",3,0,0,0,0,0,0,0,0,0,2,NA,FALSE,1
"14462",5,"F",3,"White","Middle",4,0,0,0,0,0,0,0,0,0,4,NA,FALSE,0
"14463",9,"M",6,"White","High",2,1,0,1,0,0,0,1,0,1,1,NA,TRUE,1
"14464",8,"M",6,"White","High",2,0,1,1,0,0,0,0,0,1,1,NA,TRUE,1
"14465",9,"M",6,"Hispanic","High",3,0,0,NA,0,0,0,0,0,0,2,NA,NA,1
"14466",11,"M",7,"Black","High",4,1,0,0,0,0,1,0,0,1,1,NA,TRUE,1
"14467",10,"M",7,"Black","High",3,0,0,0,0,0,0,0,0,0,4,NA,FALSE,0
"14468",10,"F",7,"White","High",2,0,0,1,0,0,0,0,0,0,3,NA,TRUE,0
"14469",10,"M",7,"White","High",4,0,0,0,0,0,0,0,0,0,2,NA,FALSE,1
"14470",10,"F",7,"White","High",3,1,0,0,1,0,0,0,0,0,1,NA,TRUE,1
"14471",10,"M",7,"White","High",3,1,0,1,0,0,0,0,0,0,3,NA,TRUE,0
"14472",10,"F",7,"White","High",3,0,0,0,0,0,0,0,0,0,1,NA,FALSE,1
"14473",10,"F",7,"White","High",3,0,0,0,0,0,0,0,0,1,2,NA,TRUE,1
"14474",9,"M",7,"White","High",4,0,0,0,0,0,0,0,0,0,4,NA,FALSE,0
"14475",10,"M",7,"White","High",4,NA,0,1,0,0,0,0,0,0,3,NA,TRUE,0
"14476",10,"M",7,"Hispanic","High",1,0,0,0,0,0,0,0,0,0,1,1,FALSE,1
"14477",11,"M",7,"White","High",4,0,0,0,0,0,0,0,0,0,4,1,FALSE,0
"14478",10,"M",7,"White","High",3,1,0,1,0,0,0,0,0,1,3,NA,TRUE,0
"14479",10,"M",7,"White","High",4,0,0,0,0,0,0,0,0,0,4,NA,FALSE,0
"14480",9,"M",7,"White","High",4,0,0,0,0,0,0,0,0,0,4,NA,FALSE,0
"14481",10,"F",7,"White","High",3,1,0,0,0,0,0,0,0,0,1,NA,TRUE,1
"14482",10,"M",7,"White","High",2,1,1,1,0,0,0,0,0,0,3,NA,TRUE,0
"14483",9,"F",7,"White","High",4,1,0,0,0,0,0,0,0,0,1,1,TRUE,1
"14484",10,"M",7,"White","High",4,0,0,0,0,0,0,0,0,1,1,NA,TRUE,1
"14485",8,"M",5,"White","High",4,0,0,0,0,0,0,0,0,0,4,1,FALSE,0
"14486",8,"M",5,"White","High",3,0,0,0,0,0,0,0,0,0,2,NA,FALSE,1
"14487",10,"M",7,"White","High",2,1,1,1,NA,NA,NA,NA,NA,1,NA,NA,TRUE,NA
"14488",10,"M",7,"Black","High",3,0,0,0,0,0,0,0,0,1,1,1,TRUE,1
"14489",11,"M",7,"White","High",4,0,0,0,0,0,0,0,0,0,4,1,FALSE,0
"14490",9,"F",7,"White","High",4,0,0,0,0,0,0,0,0,0,4,NA,FALSE,0
"14491",9,"F",7,"White","High",4,0,0,0,0,0,0,0,0,0,4,1,FALSE,0
"14492",10,"M",7,"White","High",2,1,0,0,0,0,0,0,0,0,4,NA,TRUE,0
"14493",9,"M",7,"Hispanic","High",2,0,0,0,0,0,0,0,0,0,4,NA,FALSE,0
"14494",11,"M",7,"White","High",2,0,0,0,0,0,0,0,0,0,2,NA,FALSE,1
"14495",7,"F",5,"White","High",4,0,0,0,0,0,0,0,0,0,2,NA,FALSE,1
"14496",8,"M",5,"White","High",4,0,0,0,0,0,0,0,0,0,4,NA,FALSE,0
"14497",8,"M",5,"White","High",3,1,0,1,0,0,0,1,0,1,2,1,TRUE,1
"14498",7,"M",5,"White","High",3,1,NA,1,0,0,0,0,0,0,1,NA,TRUE,1
"14499",8,"F",5,"White","High",4,1,0,0,0,0,0,0,0,0,2,NA,TRUE,1
"14500",8,"F",5,"White","High",4,0,0,0,0,0,0,0,0,0,1,NA,FALSE,1
"14501",8,"M",5,NA,"High",4,0,0,0,0,0,0,0,0,0,4,1,FALSE,0
"14502",8,"M",5,"White","High",4,0,0,0,0,0,0,0,0,0,4,1,FALSE,0
"14503",9,"M",6,"Black","High",4,0,0,0,0,0,0,0,0,0,4,1,FALSE,0
"14504",7,"F",5,"White","High",4,0,0,0,0,0,0,0,0,0,4,NA,FALSE,0
"14505",7,"F",5,"White","High",1,1,1,0,0,0,0,0,0,1,1,NA,TRUE,1
"14506",8,"M",5,"White","High",4,0,0,0,0,0,0,0,0,0,4,1,FALSE,0
"14507",8,"F",5,"White","High",4,0,0,0,0,0,0,0,0,0,1,1,FALSE,1
"14508",7,"M",4,"White","High",2,0,0,NA,0,0,0,1,0,0,1,NA,TRUE,1
"14509",8,"M",5,"White","High",3,1,0,NA,0,0,0,0,0,1,1,NA,TRUE,1
"14510",8,"M",5,"White","High",3,1,0,0,0,0,0,0,0,0,1,NA,TRUE,1
"14511",8,"F",5,"White","High",4,0,0,0,0,0,0,0,0,1,2,NA,TRUE,1
"14512",8,"F",5,"Black","High",4,0,NA,0,0,0,0,0,0,0,4,NA,NA,0
"14513",7,"M",5,"White","High",4,0,0,0,0,0,0,0,0,0,4,1,FALSE,0
"14514",7,"F",5,"White","High",4,0,0,0,0,0,0,0,0,0,4,NA,FALSE,0
"14515",8,"F",6,"White","High",3,1,0,0,0,0,0,0,0,0,1,NA,TRUE,1
"14516",8,"M",6,"White","High",3,1,0,0,0,0,0,0,0,0,2,NA,TRUE,1
"14517",8,"F",6,"Hispanic","High",4,0,0,0,0,0,0,0,0,0,4,NA,FALSE,0
"14518",8,"F",6,"Black","High",1,0,1,0,0,0,0,0,0,0,4,NA,TRUE,0
"14519",9,"M",6,"White","High",4,0,0,0,0,0,0,0,0,0,1,1,FALSE,1
"14520",8,"M",6,"Hispanic","High",4,0,0,0,0,0,0,0,0,1,1,NA,TRUE,1
"14521",8,"F",6,"White","High",4,0,0,0,0,0,0,0,0,0,2,NA,FALSE,1
"14522",8,"M",6,NA,"High",4,1,0,0,0,0,0,0,0,0,2,NA,TRUE,1
"14523",9,"F",6,"White","High",3,0,0,1,0,0,0,0,0,0,1,NA,TRUE,1
"14524",9,"M",6,"White","High",3,0,0,0,0,0,0,0,0,0,1,NA,FALSE,1
"14525",9,"F",6,"White","High",3,0,0,0,0,0,0,0,0,0,4,NA,FALSE,0
"14526",9,"M",6,"Hispanic","High",3,0,0,0,0,0,0,0,0,0,2,1,FALSE,1
"14527",9,"F",6,"White","High",2,0,0,0,0,0,0,0,0,0,1,NA,FALSE,1
"14528",8,"F",6,"White","High",3,1,1,0,1,0,0,0,0,0,1,1,TRUE,1
"14529",9,"F",6,"Black","High",3,0,0,0,0,0,0,0,0,0,4,1,FALSE,0
"14530",8,"M",6,"White","High",3,0,0,0,0,0,0,0,0,0,1,1,FALSE,1
"14531",10,"F",6,"White","High",4,0,0,0,0,0,0,0,0,0,4,NA,FALSE,0
"14532",9,"F",6,"White","High",4,0,0,0,0,0,0,0,0,0,4,1,FALSE,0
"14533",9,"M",6,"White","High",1,0,1,0,0,0,0,0,0,1,1,NA,TRUE,1
"14534",9,"F",6,"White","High",4,0,0,0,0,0,0,0,0,0,2,NA,FALSE,1
"14535",8,"F",6,"White","High",4,0,0,0,0,0,0,0,0,0,4,NA,FALSE,0
"14536",8,"M",6,"White","High",4,0,0,0,0,0,0,0,0,0,4,NA,FALSE,0
"14537",9,"M",6,"White","High",4,0,0,0,0,0,0,0,0,0,2,NA,FALSE,1
"14538",9,"F",6,"Black","High",1,0,1,0,0,0,0,0,0,0,4,NA,TRUE,0
"14539",9,"F",6,"White","High",4,0,0,0,0,0,0,0,0,0,4,1,FALSE,0
"14540",9,"F",6,"White","High",4,0,0,0,0,0,0,0,0,0,4,1,FALSE,0
"14541",9,"M",6,"White","High",4,0,0,0,0,0,0,0,0,0,4,NA,FALSE,0
"14542",8,"M",6,"White","High",4,0,0,0,0,0,0,0,0,0,4,NA,FALSE,0
"14543",8,"F",6,"Hispanic","High",4,0,0,0,0,0,0,0,0,0,4,NA,FALSE,0
"14544",6,"F",4,"White","High",4,0,0,0,0,0,0,0,0,0,4,1,FALSE,0
"14545",6,"F",4,"Hispanic","High",4,0,0,0,0,0,0,0,0,0,3,NA,FALSE,0
"14546",7,"M",4,"White","High",3,0,0,0,0,0,0,0,0,0,3,NA,FALSE,0
"14547",6,"M",4,"White","High",4,0,0,0,0,0,0,0,0,0,2,NA,FALSE,1
"14548",6,"F",4,"White","High",4,0,0,0,0,0,0,0,0,0,4,NA,FALSE,0
"14549",6,"M",4,"White","High",4,0,0,0,0,0,0,0,0,0,4,1,FALSE,0
"14550",6,"M",4,"White","High",4,0,NA,0,0,0,0,0,0,0,4,NA,NA,0
"14551",7,"M",4,"White","High",4,0,0,0,0,0,0,0,0,0,4,1,FALSE,0
"14552",7,"F",4,"White","High",3,0,0,0,0,0,0,0,0,0,2,1,FALSE,1
"14553",7,"F",4,"White","High",4,0,0,0,0,0,0,0,0,0,3,NA,FALSE,0
"14554",7,"M",4,"White","High",2,0,0,0,0,0,0,0,0,0,1,NA,FALSE,1
"14555",7,"F",4,"White","High",4,0,0,0,0,0,0,0,0,0,4,NA,FALSE,0
"14556",6,"F",4,"White","High",4,0,0,1,0,0,0,0,0,0,1,NA,TRUE,1
"14557",7,"F",4,"White","High",4,0,0,0,0,0,1,0,0,0,2,NA,TRUE,1
"14558",6,"F",4,"White","High",4,0,0,0,0,0,0,0,0,0,4,1,FALSE,0
"14559",7,"F",4,"White","High",4,0,0,0,0,0,0,0,0,0,4,1,FALSE,0
"14560",6,"F",4,"White","High",4,0,0,0,0,0,0,0,0,0,4,1,FALSE,0
"14561",7,"M",4,"White","High",3,0,0,0,0,0,0,0,0,1,1,NA,TRUE,1
"14562",6,"M",4,"White","High",4,0,0,1,0,0,0,1,0,1,1,NA,TRUE,1
"14563",6,"F",4,"White","High",4,0,0,0,0,0,0,0,0,0,2,NA,FALSE,1
"14564",6,"F",4,"White","High",NA,0,NA,NA,0,0,0,0,0,NA,NA,NA,NA,NA
"14565",7,"F",4,"White","High",3,0,1,0,0,0,0,0,0,0,2,NA,TRUE,1
"14566",7,"M",4,"White","High",4,0,0,0,0,0,0,0,0,0,4,NA,FALSE,0
"14567",10,"M",7,"White","High",3,1,1,0,0,0,0,0,0,1,1,NA,TRUE,1
"14568",6,"M",4,NA,"High",3,0,0,0,0,0,0,0,0,0,1,NA,FALSE,1
"14569",7,"M",4,"White","High",3,0,0,0,0,0,0,0,0,0,2,NA,FALSE,1
"14570",6,"M",4,"White","High",3,0,0,1,0,0,0,0,0,1,2,1,TRUE,1
"14571",6,"F",4,NA,"High",2,0,0,0,NA,NA,NA,NA,NA,1,1,NA,TRUE,1
"14572",6,"F",4,"White","High",4,0,0,0,0,0,0,0,0,0,2,NA,FALSE,1
"14573",6,"F",4,"AI/AN","High",4,0,0,0,0,0,0,0,0,0,4,1,FALSE,0
"14574",6,"F",4,"White","High",3,0,0,0,0,0,0,0,0,0,4,1,FALSE,0
"14575",6,"F",4,"White","High",4,0,0,0,0,0,0,0,0,0,4,NA,FALSE,0
"14576",6,"M",4,"White","High",3,0,1,0,0,0,0,0,0,0,2,NA,TRUE,1
"14577",7,"M",4,"White","High",4,0,0,0,0,0,0,0,0,0,4,1,FALSE,0
"14578",7,"M",4,"White","High",4,0,0,0,0,0,0,0,0,0,4,1,FALSE,0
"14579",7,"M",4,"White","High",2,0,0,1,0,0,0,0,0,0,1,1,TRUE,1
"14580",6,"M",4,"White","High",4,0,0,0,0,0,0,0,0,0,4,NA,FALSE,0
"14581",8,"F",5,"White","High",4,0,0,0,0,0,0,0,0,0,4,NA,FALSE,0
"14582",7,"F",5,"Hispanic","High",4,0,0,0,0,0,0,0,0,0,4,NA,FALSE,0
"14583",7,"M",5,"Black","High",2,1,1,0,0,0,1,0,0,0,1,NA,TRUE,1
"14584",8,"F",5,"White","High",4,0,0,0,0,0,0,0,0,0,2,NA,FALSE,1
"14585",8,"M",5,NA,"High",4,0,0,0,0,0,0,0,0,0,4,NA,FALSE,0
"14586",7,"F",5,"White","High",3,0,0,0,0,0,0,0,0,0,3,NA,FALSE,0
"14587",8,"M",5,"White","High",4,0,0,0,0,0,0,0,0,0,4,NA,FALSE,0
"14588",8,"F",5,"White","High",4,0,0,0,0,0,0,0,0,0,4,1,FALSE,0
"14589",8,"M",5,"White","High",4,0,0,0,0,0,0,0,0,1,1,NA,TRUE,1
"14590",8,"M",5,"White","High",4,0,0,0,0,0,0,0,0,0,4,1,FALSE,0
"14591",8,"M",5,"Hispanic","High",1,0,1,0,0,0,1,0,0,1,1,NA,TRUE,1
"14592",8,"M",5,"White","High",3,1,1,1,0,0,0,1,0,0,1,1,TRUE,1
"14593",8,"F",5,"Hispanic","High",4,0,0,0,0,0,0,0,0,0,1,NA,FALSE,1
"14594",8,"M",5,"White","High",4,0,0,0,0,0,0,0,0,0,4,NA,FALSE,0
"14595",8,"M",5,"White","High",4,0,0,0,0,0,0,0,0,1,2,1,TRUE,1
"14596",7,"F",5,"White","High",4,0,0,0,0,0,0,0,0,0,4,1,FALSE,0
"14597",8,"F",5,"White","High",4,0,0,0,0,0,0,0,0,0,3,NA,FALSE,0
"14598",7,"M",5,"White","High",3,0,0,0,0,0,0,0,0,0,2,NA,FALSE,1
"14599",9,"M",5,"Hispanic","High",2,1,1,1,0,0,0,0,0,1,1,NA,TRUE,1
"14600",8,"F",5,"White","High",4,1,0,0,0,0,0,0,0,0,4,NA,TRUE,0
"14601",8,"M",5,"White","High",1,1,1,1,0,0,1,1,0,1,1,NA,TRUE,1
"14602",9,"M",5,"White","High",4,0,0,0,0,0,0,0,0,0,2,NA,FALSE,1
"14603",7,"F",5,"White","High",4,0,0,0,0,0,0,0,0,0,2,NA,FALSE,1
"14604",8,"M",5,"Hispanic","High",1,1,1,0,NA,NA,NA,NA,NA,1,1,NA,TRUE,1
"14605",9,"M",6,"White","High",3,0,0,0,0,0,0,0,0,0,2,NA,FALSE,1
"14606",9,"M",6,"Black","High",4,0,0,0,0,0,0,0,0,0,1,1,FALSE,1
"14607",9,"M",6,"White","High",3,1,0,0,0,0,0,0,0,1,1,NA,TRUE,1
"14608",9,"M",6,"White","High",4,0,0,0,0,0,0,0,0,0,4,1,FALSE,0
"14609",9,"F",6,"White","High",2,1,0,0,0,0,0,0,0,0,1,1,TRUE,1
"14610",9,"F",6,"White","High",4,0,0,0,0,0,0,0,0,0,4,NA,FALSE,0
"14611",9,"F",6,"White","High",2,1,0,0,0,0,0,0,0,0,2,NA,TRUE,1
"14612",9,"M",6,"White","High",2,0,1,0,0,0,1,0,0,1,1,NA,TRUE,1
"14613",9,"F",6,"White","High",3,0,0,0,0,0,0,0,0,0,3,NA,FALSE,0
"14614",9,"M",6,"Hispanic","High",4,0,0,0,0,0,0,0,0,0,2,NA,FALSE,1
"14615",10,"F",6,"White","High",3,1,0,0,0,0,1,0,1,1,1,NA,TRUE,1
"14616",9,"F",6,"White","High",4,0,0,0,0,0,0,0,0,0,3,1,FALSE,0
"14617",8,"M",6,NA,"High",4,0,0,0,0,0,0,0,0,0,4,1,FALSE,0
"14618",9,"M",6,"White","High",4,NA,0,0,0,0,0,0,0,1,1,NA,TRUE,1
"14619",9,"M",6,NA,"High",4,0,0,0,0,0,0,0,0,0,1,NA,FALSE,1
"14620",8,"F",6,"White","High",4,0,0,0,0,0,0,0,0,0,1,NA,FALSE,1
"14621",9,"M",6,"White","High",2,0,0,0,0,0,0,0,0,0,2,NA,FALSE,1
"14622",9,"M",6,"White","High",2,1,1,1,1,0,0,1,0,1,1,NA,TRUE,1
"14623",8,"F",6,"White","High",4,0,0,0,0,0,0,0,0,0,2,NA,FALSE,1
"14624",8,"M",6,"White","High",3,0,0,0,0,0,0,0,0,0,2,NA,FALSE,1
"14625",7,"M",3,NA,"Middle",4,0,0,0,0,0,0,0,0,0,4,1,FALSE,0
"14626",6,"M",3,"Black","Middle",3,0,0,0,0,0,0,0,0,0,3,NA,FALSE,0
"14627",5,"M",3,"White","Middle",3,0,0,1,0,0,0,0,0,0,4,NA,TRUE,0
"14628",6,"M",3,"White","Middle",4,0,0,0,0,0,0,0,0,0,4,1,FALSE,0
"14629",6,"F",3,"Black","Middle",4,0,0,0,0,0,0,0,0,0,4,1,FALSE,0
"14630",6,"M",3,"Black","Middle",2,0,0,0,0,0,0,0,0,0,4,NA,FALSE,0
"14631",5,"M",3,"Black","Middle",4,0,0,0,0,0,0,0,0,0,4,1,FALSE,0
"14632",6,"M",3,"White","Middle",4,0,0,0,0,0,0,0,0,0,4,1,FALSE,0
"14633",5,"F",3,"Hispanic","Middle",4,0,0,0,0,0,0,0,0,0,4,NA,FALSE,0
"14634",6,"M",3,"Black","Middle",4,0,0,0,0,0,0,0,0,0,4,1,FALSE,0
"14635",6,"M",3,NA,"Middle",4,0,0,0,0,0,0,0,0,0,4,NA,FALSE,0
"14636",3,"M",1,NA,"Middle",3,0,0,0,0,0,0,0,0,0,2,NA,FALSE,1
"14637",4,"M",1,"Black","Middle",4,0,0,0,0,0,0,0,0,0,4,1,FALSE,0
"14638",3,"F",1,"Black","Middle",4,0,0,0,0,0,0,0,0,0,2,NA,FALSE,1
"14639",3,"M",1,"White","Middle",3,0,0,0,0,0,0,0,0,0,3,NA,FALSE,0
"14640",4,"M",1,"White","Middle",4,0,0,0,NA,NA,NA,NA,NA,0,4,NA,NA,0
"14641",4,"F",1,"White","Middle",4,0,0,0,0,0,0,0,0,0,4,NA,FALSE,0
"14642",NA,NA,NA,NA,NA,4,NA,0,0,0,0,0,0,0,0,4,1,NA,0
"14643",4,"M",1,"White","Middle",4,0,0,0,0,0,0,0,0,0,4,NA,FALSE,0
"14644",3,"M",1,"White","Middle",4,0,0,0,0,0,0,0,0,0,4,NA,FALSE,0
"14645",4,"F",1,"Hispanic","Middle",4,0,0,0,0,0,0,0,0,0,4,1,FALSE,0
"14646",4,"M",1,"White","Middle",4,0,0,0,0,0,0,0,0,0,4,NA,FALSE,0
"14647",4,"F",1,"White","Middle",4,0,0,0,0,0,0,0,0,0,2,1,FALSE,1
"14648",4,"F",1,"White","Middle",4,0,0,0,0,0,0,0,0,0,4,NA,FALSE,0
"14649",4,"F",1,"Black","Middle",4,0,0,0,0,0,0,0,0,0,4,NA,FALSE,0
"14650",4,"F",1,"Black","Middle",4,0,0,0,0,0,0,0,0,0,4,1,FALSE,0
"14651",4,"M",1,"Black","Middle",4,0,0,0,0,0,0,0,0,0,4,1,FALSE,0
"14652",3,"F",1,"White","Middle",4,0,0,0,0,0,0,0,0,0,4,NA,FALSE,0
"14653",5,"M",1,"White","Middle",3,0,0,0,0,0,0,0,0,0,4,NA,FALSE,0
"14654",5,"M",1,"White","Middle",3,0,0,0,0,0,0,0,0,0,4,1,FALSE,0
"14655",3,"M",1,"White","Middle",4,0,0,0,0,0,0,0,0,0,4,1,FALSE,0
"14656",5,"M",2,NA,"Middle",4,0,0,0,0,0,0,0,0,0,2,NA,FALSE,1
"14657",5,"F",2,"White","Middle",4,0,0,0,0,0,0,0,0,0,4,1,FALSE,0
"14658",4,"M",2,"Black","Middle",4,0,0,0,0,0,0,0,0,0,4,NA,FALSE,0
"14659",5,"M",2,"White","Middle",4,0,0,0,0,0,0,0,0,0,4,NA,FALSE,0
"14660",5,"M",2,"AI/AN","Middle",4,0,0,0,0,0,0,0,0,0,4,NA,FALSE,0
"14661",5,"M",2,"White","Middle",4,0,0,0,0,0,0,0,0,0,4,1,FALSE,0
"14662",4,"F",2,"White","Middle",4,0,0,0,0,0,0,0,0,0,3,1,FALSE,0
"14663",5,"M",2,"White","Middle",4,0,0,0,0,0,0,0,0,0,4,1,FALSE,0
"14664",4,"M",2,"Black","Middle",4,0,0,0,0,0,0,0,0,0,4,1,FALSE,0
"14665",5,"M",2,"White","Middle",4,0,0,0,0,0,0,0,0,0,4,1,FALSE,0
"14666",5,"M",2,"Hispanic","Middle",4,0,0,1,0,0,0,0,0,0,3,NA,TRUE,0
"14667",5,"M",2,"White","Middle",4,0,0,0,0,0,0,0,0,0,4,NA,FALSE,0
"14668",5,"M",3,"Black","Middle",4,0,0,0,0,0,0,0,0,0,4,NA,FALSE,0
"14669",5,"M",3,"White","Middle",3,0,0,0,0,0,0,0,0,0,3,NA,FALSE,0
"14670",6,"F",3,"Black","Middle",2,0,0,0,0,0,0,0,0,0,4,1,FALSE,0
"14671",5,"M",3,"Hispanic","Middle",4,0,0,0,0,0,0,0,0,0,4,NA,FALSE,0
"14672",5,"F",3,"Black","Middle",3,0,0,0,0,0,0,0,0,0,4,1,FALSE,0
"14673",6,"M",3,"White","Middle",1,1,1,1,1,0,0,0,0,1,1,NA,TRUE,1
"14674",7,"M",3,"White","Middle",3,0,0,0,0,0,0,0,0,0,4,NA,FALSE,0
"14675",5,"M",3,"White","Middle",4,0,0,0,0,0,0,0,0,0,4,NA,FALSE,0
"14676",5,"M",3,"Black","Middle",4,0,0,0,0,0,0,0,0,0,4,1,FALSE,0
"14677",5,"F",3,"White","Middle",4,0,0,0,0,0,0,0,0,0,3,NA,FALSE,0
"14678",6,"M",3,"Hispanic","Middle",3,0,0,0,0,0,0,0,0,0,2,NA,FALSE,1
"14679",6,"F",3,"Black","Middle",4,0,0,0,0,0,0,0,0,0,4,1,FALSE,0
"14680",6,"F",3,"Hispanic","Middle",4,0,0,0,0,0,0,0,0,0,3,NA,FALSE,0
"14681",3,"F",1,"Black","Middle",4,0,0,0,0,0,0,0,0,0,4,NA,FALSE,0
"14682",3,"F",1,"White","Middle",4,0,0,0,0,0,0,0,0,0,NA,NA,FALSE,NA
"14683",4,"F",1,"White","Middle",4,0,0,0,0,0,0,0,0,0,4,1,FALSE,0
"14684",3,"F",1,"White","Middle",4,0,0,0,0,0,0,0,0,0,4,1,FALSE,0
"14685",5,"M",1,"White","Middle",4,0,0,0,0,0,0,0,0,0,4,NA,FALSE,0
"14686",3,"M",1,"White","Middle",4,0,0,0,0,0,0,0,0,0,4,NA,FALSE,0
"14687",3,"M",1,"Hispanic","Middle",3,0,0,0,0,0,0,0,0,0,3,1,FALSE,0
"14688",4,"M",1,"White","Middle",4,0,0,0,0,0,0,0,0,0,4,1,FALSE,0
"14689",4,"F",1,"White","Middle",4,0,0,0,0,0,0,0,0,0,3,NA,FALSE,0
"14690",3,"F",1,"Hispanic","Middle",4,0,0,0,0,0,0,0,0,0,4,NA,FALSE,0
"14691",5,"F",2,"White","Middle",3,0,0,0,0,0,0,0,0,0,1,1,FALSE,1
"14692",5,"M",2,NA,"Middle",2,0,NA,0,0,0,0,0,0,0,4,NA,NA,0
"14693",NA,NA,NA,NA,NA,4,NA,0,0,0,0,0,0,0,0,2,NA,NA,1
"14694",5,"F",2,"White","Middle",4,0,0,0,0,0,0,0,0,0,4,NA,FALSE,0
"14695",7,"F",5,"Black","High",4,0,1,0,0,0,0,0,0,1,1,NA,TRUE,1
"14696",7,"M",5,"Black","High",4,0,0,0,0,0,0,0,0,0,4,1,FALSE,0
"14697",9,"F",6,"White","High",4,0,0,0,0,0,0,0,0,0,1,NA,FALSE,1
"14698",8,"M",5,NA,"High",4,0,0,0,0,0,0,0,0,0,2,1,FALSE,1
"14699",7,"M",4,"Hispanic","High",4,0,0,0,0,0,0,0,0,0,2,1,FALSE,1
"14700",7,"M",4,"Black","High",2,0,0,0,0,0,0,0,0,0,1,NA,FALSE,1
"14701",9,"F",6,"Asian","High",3,0,0,0,0,0,0,0,0,0,1,NA,FALSE,1
"14702",8,"M",5,"Black","High",4,0,0,0,0,0,0,0,0,0,4,1,FALSE,0
"14703",9,"M",6,"Black","High",4,0,0,0,0,0,0,0,0,0,2,1,FALSE,1
"14704",6,"F",4,"Black","High",4,0,0,0,0,0,0,0,0,0,4,1,FALSE,0
"14705",7,"F",5,"Black","High",3,0,0,0,0,0,0,0,0,0,2,1,FALSE,1
"14706",9,"M",6,"Black","High",4,0,0,0,0,0,0,0,0,0,1,NA,FALSE,1
"14707",7,"M",5,"Black","High",4,0,0,0,0,0,0,0,0,0,1,1,FALSE,1
"14708",8,"F",5,"Black","High",4,0,NA,0,0,0,0,0,0,0,4,1,NA,0
"14709",7,"M",5,"Black","High",4,0,0,0,0,0,0,0,0,0,2,1,FALSE,1
"14710",7,"F",5,"Black","High",4,0,0,0,0,0,0,0,0,0,4,NA,FALSE,0
"14711",8,"F",5,"Black","High",4,0,0,0,0,0,0,0,0,0,1,NA,FALSE,1
"14712",7,"F",5,"Black","High",3,NA,0,0,0,0,0,0,0,0,3,1,NA,0
"14713",7,"F",5,"Black","High",4,0,0,0,0,0,0,0,0,0,2,1,FALSE,1
"14714",8,"F",5,"Black","High",4,0,0,0,0,0,0,0,0,0,3,NA,FALSE,0
"14715",8,"F",6,"Black","High",1,0,1,0,0,0,0,0,0,0,4,1,TRUE,0
"14716",9,"F",6,"Black","High",3,0,0,0,0,0,0,0,0,0,4,NA,FALSE,0
"14717",8,"M",5,"White","High",3,0,0,0,0,0,1,0,0,1,1,NA,TRUE,1
"14718",8,"F",6,"Black","High",4,0,0,0,0,0,0,0,0,0,4,1,FALSE,0
"14719",7,"M",5,"White","High",2,0,0,0,0,0,0,0,0,0,2,1,FALSE,1
"14720",8,"M",5,"Asian","High",4,0,0,0,0,0,0,0,0,0,4,NA,FALSE,0
"14721",9,"M",6,"Black","High",4,0,0,0,0,0,0,0,0,0,4,1,FALSE,0
"14722",8,"M",6,"Black","High",4,0,0,0,0,0,0,0,0,0,4,NA,FALSE,0
"14723",9,"M",6,"Black","High",4,0,0,0,0,0,0,0,0,0,4,1,FALSE,0
"14724",8,"M",6,"White","High",4,0,0,0,0,0,0,0,0,1,1,NA,TRUE,1
"14725",9,"M",6,"White","High",3,0,0,0,0,0,0,0,0,1,1,1,TRUE,1
"14726",8,"F",5,"Black","High",4,0,0,0,0,0,0,0,0,0,2,1,FALSE,1
"14727",7,"F",5,"Black","High",4,0,0,0,0,0,0,0,0,0,1,1,FALSE,1
"14728",8,"F",6,"White","High",4,0,0,0,0,0,0,0,0,0,2,1,FALSE,1
"14729",8,"F",6,"Black","High",4,0,0,0,0,0,0,0,0,0,4,1,FALSE,0
"14730",8,"F",6,"Black","High",4,0,0,0,0,0,0,0,0,0,4,1,FALSE,0
"14731",7,"M",5,"White","High",2,0,1,0,NA,NA,NA,NA,NA,0,2,NA,TRUE,1
"14732",9,"M",6,"White","High",4,0,0,0,0,0,0,0,0,0,4,1,FALSE,0
"14733",8,"F",5,"Black","High",3,0,0,0,0,0,0,0,0,0,4,1,FALSE,0
"14734",7,"F",5,"Black","High",4,0,0,0,0,0,0,0,0,0,4,1,FALSE,0
"14735",9,"M",7,"Asian","High",4,0,0,0,0,0,0,0,0,1,1,NA,TRUE,1
"14736",9,"F",6,"White","High",3,0,0,0,0,0,0,0,0,0,2,1,FALSE,1
"14737",9,"M",6,"Black","High",4,0,NA,0,NA,NA,NA,NA,NA,0,3,1,NA,0
"14738",9,"M",6,"Black","High",4,0,0,0,0,0,0,0,0,0,1,1,FALSE,1
"14739",8,"F",6,"White","High",4,0,0,0,0,0,0,0,0,0,3,NA,FALSE,0
"14740",8,"M",6,"White","High",4,0,0,0,0,0,0,0,0,0,4,1,FALSE,0
"14741",9,"F",6,"White","High",4,0,0,0,0,0,0,0,0,0,2,NA,FALSE,1
"14742",8,"M",5,"Black","High",4,0,0,0,0,0,0,0,0,0,4,1,FALSE,0
"14743",9,"F",6,"Black","High",NA,0,NA,NA,NA,NA,NA,NA,NA,NA,NA,NA,NA,NA
"14744",10,"M",7,"Hispanic","High",3,0,0,0,0,0,0,0,0,1,2,1,TRUE,1
"14745",10,"M",7,"White","High",2,0,0,1,0,0,1,0,0,1,1,NA,TRUE,1
"14746",10,"M",7,"White","High",2,1,1,1,1,0,1,0,0,1,1,NA,TRUE,1
"14747",10,"M",7,"Black","High",3,0,0,0,NA,NA,NA,NA,NA,0,4,1,NA,0
"14748",9,"M",7,"Black","High",4,0,0,0,0,0,0,0,0,0,1,NA,FALSE,1
"14749",10,"F",7,"Black","High",1,NA,1,0,0,0,1,0,0,0,1,NA,TRUE,1
"14750",9,"M",7,"Black","High",1,0,1,0,0,0,1,0,0,1,1,1,TRUE,1
"14751",8,"M",6,"White","High",4,0,0,0,0,0,0,0,0,0,4,1,FALSE,0
"14752",10,"F",7,"Black","High",1,0,1,0,0,0,0,0,0,0,1,1,TRUE,1
"14753",9,"M",7,"Black","High",2,0,1,0,0,0,1,0,0,0,4,NA,TRUE,0
"14754",10,"M",7,"Black","High",4,0,0,0,0,0,0,0,0,0,4,1,FALSE,0
"14755",10,"M",7,"White","High",3,0,0,0,0,0,0,0,0,0,1,1,FALSE,1
"14756",9,"M",6,"Black","High",4,0,0,0,0,0,0,0,0,0,1,1,FALSE,1
"14757",8,"M",6,"Black","High",4,0,0,0,0,0,0,0,0,0,4,1,FALSE,0
"14758",7,"F",4,"Black","High",4,0,0,0,0,0,0,0,0,0,4,1,FALSE,0
"14759",9,"M",7,"Hispanic","High",3,0,0,0,0,0,0,0,0,0,2,NA,FALSE,1
"14760",9,"M",7,"Black","High",3,0,0,0,0,0,0,0,0,0,1,1,FALSE,1
"14761",9,"M",6,"White","High",2,0,1,1,0,0,1,0,0,0,1,NA,TRUE,1
"14762",8,"F",6,"Black","High",4,0,0,0,0,0,0,0,0,0,2,1,FALSE,1
"14763",8,"M",6,NA,"High",3,0,0,0,0,0,0,0,0,0,2,1,FALSE,1
"14764",9,"F",6,"Black","High",4,0,0,0,0,0,0,0,0,1,2,1,TRUE,1
"14765",9,"M",6,"Hispanic","High",4,0,0,0,0,0,0,0,0,0,3,1,FALSE,0
"14766",9,"M",6,NA,"High",4,0,0,0,0,0,0,0,0,0,4,NA,FALSE,0
"14767",10,"M",7,"White","High",1,1,1,1,0,0,0,1,0,0,1,NA,TRUE,1
"14768",9,"M",6,"White","High",3,0,0,0,0,0,0,0,0,0,2,1,FALSE,1
"14769",9,"F",6,"White","High",4,0,0,0,0,0,0,0,0,0,4,1,FALSE,0
"14770",10,"M",7,"Black","High",4,0,0,0,0,0,0,0,0,0,4,NA,FALSE,0
"14771",9,"M",7,"Black","High",4,0,0,0,0,0,0,0,0,0,4,NA,FALSE,0
"14772",NA,NA,NA,NA,NA,NA,NA,NA,NA,NA,NA,NA,NA,NA,NA,NA,NA,NA,NA
"14773",10,"M",7,"Black","High",4,0,0,0,0,0,0,0,0,0,4,NA,FALSE,0
"14774",9,"F",7,"AI/AN","High",NA,NA,NA,NA,0,1,1,0,0,1,3,NA,TRUE,0
"14775",8,"F",5,"Black","High",3,0,0,0,0,0,0,0,0,0,1,1,FALSE,1
"14776",9,"F",7,"Black","High",1,0,1,0,0,0,1,0,0,1,1,NA,TRUE,1
"14777",8,"F",5,"White","High",3,0,0,0,0,0,0,0,0,0,3,1,FALSE,0
"14778",7,"F",5,"White","High",4,0,0,0,0,0,0,0,0,0,1,1,FALSE,1
"14779",11,"F",7,"White","High",4,0,0,0,NA,NA,NA,NA,NA,0,4,1,NA,0
"14780",10,"F",7,"Black","High",4,0,0,0,0,0,0,0,0,0,4,1,FALSE,0
"14781",8,"F",5,"Hispanic","High",4,0,0,0,0,0,0,0,0,1,1,1,TRUE,1
"14782",8,"F",6,"Black","High",2,0,1,0,0,0,0,0,0,0,4,1,TRUE,0
"14783",10,"F",7,"White","High",1,0,1,NA,0,0,1,0,0,0,2,1,TRUE,1
"14784",9,"F",6,"Black","High",3,0,0,0,0,0,0,0,0,0,1,1,FALSE,1
"14785",9,"F",6,"Hispanic","High",2,0,0,0,0,0,0,0,0,0,1,1,FALSE,1
"14786",8,"F",5,"Black","High",4,0,0,0,0,0,0,0,0,0,2,NA,FALSE,1
"14787",7,"F",5,"Black","High",4,0,0,0,0,0,0,0,0,0,2,1,FALSE,1
"14788",9,"F",6,"Black","High",3,0,0,0,0,0,0,0,0,0,4,NA,FALSE,0
"14789",8,"F",5,"Hispanic","High",4,0,0,0,0,0,0,0,0,1,2,NA,TRUE,1
"14790",10,"F",7,"Black","High",1,0,0,0,0,0,0,0,0,0,2,1,FALSE,1
"14791",8,"F",5,"Black","High",2,0,0,0,0,0,0,0,0,0,2,NA,FALSE,1
"14792",8,"F",6,"Black","High",2,0,0,0,NA,NA,NA,NA,NA,0,1,NA,NA,1
"14793",9,"M",6,"Black","High",1,0,1,0,0,0,0,0,0,0,3,NA,TRUE,0
"14794",8,"F",5,"Black","High",4,0,0,0,0,0,0,0,0,0,4,1,FALSE,0
"14795",7,"F",5,"Black","High",4,0,0,0,0,0,0,0,0,0,4,1,FALSE,0
"14796",9,"M",7,"Black","High",4,0,0,0,0,0,0,0,0,0,4,1,FALSE,0
"14797",7,"F",4,"Black","High",4,0,0,0,0,0,0,0,0,0,2,NA,FALSE,1
"14798",10,"M",7,"Black","High",4,0,0,0,0,0,0,0,0,0,4,1,FALSE,0
"14799",9,"F",7,"Black","High",4,0,0,0,0,0,1,0,0,1,2,1,TRUE,1
"14800",10,"M",7,"Black","High",3,0,0,1,NA,NA,NA,NA,NA,1,2,1,TRUE,1
"14801",9,"M",7,NA,"High",4,0,0,0,0,0,0,0,0,0,4,1,FALSE,0
"14802",7,"M",4,"White","High",4,0,0,0,0,0,0,0,0,0,2,1,FALSE,1
"14803",8,"M",5,"Black","High",4,0,0,0,0,0,0,0,0,0,2,NA,FALSE,1
"14804",9,"F",6,"White","High",4,0,0,0,0,0,0,0,0,0,4,1,FALSE,0
"14805",9,"F",7,"Black","High",1,0,0,0,0,0,0,0,0,0,4,1,FALSE,0
"14806",8,"F",6,"Black","High",1,0,1,0,0,0,1,0,0,0,4,1,TRUE,0
"14807",8,"F",6,"Black","High",3,0,0,0,0,0,1,0,0,1,1,NA,TRUE,1
"14808",9,"F",6,"White","High",4,0,0,0,0,0,0,0,0,0,4,NA,FALSE,0
"14809",9,"F",7,"Black","High",4,0,0,0,0,0,0,0,0,0,4,1,FALSE,0
"14810",3,"M",1,NA,"Middle",4,0,0,0,0,0,0,0,0,0,4,1,FALSE,0
"14811",4,"M",1,NA,"Middle",4,0,0,0,0,0,0,0,0,0,4,NA,FALSE,0
"14812",4,"M",1,"Black","Middle",4,0,0,0,0,0,0,0,0,0,4,1,FALSE,0
"14813",3,"M",1,"Black","Middle",4,0,0,0,0,0,0,0,0,0,4,1,FALSE,0
"14814",4,"M",1,"Hispanic","Middle",4,0,0,0,NA,NA,NA,NA,NA,NA,4,NA,NA,0
"14815",6,"F",3,"Hispanic","Middle",4,0,0,0,0,0,0,0,0,0,1,NA,FALSE,1
"14816",6,"F",3,"White","Middle",4,0,NA,0,0,0,0,0,0,0,4,1,NA,0
"14817",6,"F",3,"Black","Middle",4,0,0,0,0,0,0,0,0,0,4,1,FALSE,0
"14818",5,"M",3,"Black","Middle",4,0,0,0,0,0,0,0,0,0,4,1,FALSE,0
"14819",6,"F",3,"Black","Middle",3,0,0,0,0,0,0,0,0,0,4,NA,FALSE,0
"14820",6,"M",3,"Black","Middle",4,0,0,0,0,0,0,0,0,0,2,1,FALSE,1
"14821",5,"F",3,"Black","Middle",4,0,0,0,0,0,0,0,0,0,4,NA,FALSE,0
"14822",5,"F",3,"Black","Middle",3,0,0,0,NA,NA,NA,NA,NA,0,4,NA,NA,0
"14823",5,"F",3,"Hispanic","Middle",4,0,0,0,NA,NA,NA,NA,NA,0,4,1,NA,0
"14824",6,"M",3,"Black","Middle",3,0,0,0,NA,NA,NA,NA,NA,0,4,1,NA,0
"14825",5,"F",2,"Black","Middle",4,0,NA,0,0,0,0,0,0,0,4,1,NA,0
"14826",5,"F",2,"Black","Middle",2,0,0,0,0,0,0,0,0,0,4,NA,FALSE,0
"14827",5,"M",2,"Black","Middle",4,0,0,0,0,0,0,0,0,0,4,1,FALSE,0
"14828",5,"F",2,"Black","Middle",2,0,0,0,0,0,0,0,0,0,3,1,FALSE,0
"14829",5,"F",2,"AI/AN","Middle",NA,0,NA,1,NA,NA,NA,NA,NA,NA,NA,NA,TRUE,NA
"14830",5,"M",2,"Black","Middle",NA,0,NA,NA,NA,NA,NA,NA,NA,NA,NA,NA,NA,NA
"14831",5,"M",2,"Black","Middle",4,NA,NA,NA,NA,NA,NA,NA,NA,NA,NA,NA,NA,NA
"14832",5,"M",2,"Hispanic","Middle",4,0,0,0,0,0,0,0,0,0,4,1,FALSE,0
"14833",5,"F",2,"Black","Middle",2,0,0,0,0,0,0,0,0,0,4,NA,FALSE,0
"14834",5,"F",2,"Hispanic","Middle",4,0,0,0,NA,NA,NA,NA,NA,0,2,NA,NA,1
"14835",4,"F",1,"White","Middle",4,0,0,0,0,0,0,0,0,0,1,1,FALSE,1
"14836",4,"F",1,"Black","Middle",4,0,0,0,0,0,0,0,0,0,4,1,FALSE,0
"14837",4,"F",1,"Black","Middle",2,0,0,0,0,0,0,0,0,0,2,NA,FALSE,1
"14838",4,"F",1,"Hispanic","Middle",2,0,NA,0,0,0,0,0,0,0,3,NA,NA,0
"14839",4,"F",1,"Black","Middle",2,0,0,0,0,0,0,0,0,0,2,NA,FALSE,1
"14840",4,"F",1,"Black","Middle",2,0,0,0,0,0,0,0,0,0,4,1,FALSE,0
"14841",4,"M",1,"Black","Middle",3,NA,NA,1,0,0,0,0,0,0,3,NA,TRUE,0
"14842",4,"M",1,"Hispanic","Middle",4,0,0,0,0,0,0,0,0,0,3,1,FALSE,0
"14843",3,"M",1,"Black","Middle",4,0,0,0,0,0,0,0,0,0,4,1,FALSE,0
"14844",4,"F",1,"Black","Middle",4,0,0,0,0,0,0,0,0,0,4,1,FALSE,0
"14845",4,"F",1,"Black","Middle",4,0,0,0,0,0,0,0,0,0,1,NA,FALSE,1
"14846",4,"M",1,"Hispanic","Middle",4,0,0,0,0,0,0,0,0,0,4,1,FALSE,0
"14847",4,"F",1,"Black","Middle",4,0,0,0,0,0,0,0,0,0,4,NA,FALSE,0
"14848",4,"F",1,"Black","Middle",4,0,0,0,0,0,0,0,0,0,4,1,FALSE,0
"14849",4,"F",1,"Black","Middle",4,0,0,0,0,0,0,0,0,0,3,NA,FALSE,0
"14850",4,"F",2,"Black","Middle",4,0,0,0,0,0,0,0,0,0,4,1,FALSE,0
"14851",5,"F",2,"Black","Middle",4,0,0,0,0,0,0,0,0,0,4,1,FALSE,0
"14852",5,"M",2,"Black","Middle",4,0,0,0,0,0,0,0,0,0,4,1,FALSE,0
"14853",4,"M",2,"White","Middle",4,0,0,0,0,0,0,0,1,0,4,1,TRUE,0
"14854",5,"M",2,"Black","Middle",4,0,0,0,0,0,0,0,0,0,4,NA,FALSE,0
"14855",5,"F",2,"Black","Middle",4,0,0,0,0,0,0,0,0,0,4,NA,FALSE,0
"14856",7,"F",2,"Black","Middle",1,1,1,1,1,0,0,0,0,1,1,NA,TRUE,1
"14857",5,"F",2,"Black","Middle",2,0,0,0,0,0,0,0,0,0,3,1,FALSE,0
"14858",6,"F",2,"Black","Middle",3,0,0,0,0,0,0,0,0,0,3,1,FALSE,0
"14859",5,"F",2,"Black","Middle",4,0,0,0,0,0,0,0,0,0,4,1,FALSE,0
"14860",5,"F",2,"Black","Middle",2,0,0,0,NA,NA,NA,NA,NA,0,4,1,NA,0
"14861",5,"F",2,"Black","Middle",2,0,1,0,NA,NA,NA,NA,NA,1,1,NA,TRUE,1
"14862",5,"F",2,"Black","Middle",4,0,0,0,0,0,0,0,0,0,1,1,FALSE,1
"14863",5,"F",2,"Black","Middle",2,0,0,0,0,0,0,0,0,0,4,NA,FALSE,0
"14864",5,"F",2,"Black","Middle",4,0,0,0,0,0,0,0,0,1,2,NA,TRUE,1
"14865",6,"M",3,"White","Middle",2,0,0,0,0,0,0,0,0,1,1,NA,TRUE,1
"14866",6,"F",3,"White","Middle",4,0,0,0,0,0,0,0,0,0,2,1,FALSE,1
"14867",5,"F",3,"White","Middle",4,0,0,0,0,0,0,0,0,0,4,1,FALSE,0
"14868",6,"M",3,"White","Middle",4,0,0,0,0,0,0,0,0,0,4,1,FALSE,0
"14869",5,"M",3,"White","Middle",3,0,0,0,0,0,0,0,0,0,4,1,FALSE,0
"14870",6,"F",3,"White","Middle",4,0,0,0,0,0,0,0,0,0,4,NA,FALSE,0
"14871",5,"M",3,"White","Middle",3,0,0,0,0,0,0,0,0,0,2,NA,FALSE,1
"14872",5,"F",3,"White","Middle",4,0,0,0,0,0,0,0,0,0,4,1,FALSE,0
"14873",5,"M",3,"Asian","Middle",4,0,0,0,0,0,0,0,0,0,4,1,FALSE,0
"14874",5,"F",3,"White","Middle",4,0,0,0,0,0,0,0,0,0,4,1,FALSE,0
"14875",5,"F",2,"White","Middle",4,0,0,0,0,0,0,0,0,0,4,NA,FALSE,0
"14876",6,"M",2,"Hispanic","Middle",4,0,0,0,0,0,0,0,0,0,4,NA,FALSE,0
"14877",4,"M",2,"White","Middle",3,0,0,0,0,0,0,0,0,0,2,NA,FALSE,1
"14878",5,"M",2,"White","Middle",4,0,0,0,0,0,0,0,0,0,4,1,FALSE,0
"14879",7,"M",3,"AI/AN","Middle",4,0,0,0,0,0,0,0,0,0,4,1,FALSE,0
"14880",5,"F",3,"Asian","Middle",4,0,0,0,0,0,0,0,0,0,4,1,FALSE,0
"14881",6,"M",3,"White","Middle",2,0,0,0,0,0,0,0,0,0,1,1,FALSE,1
"14882",6,"M",3,"White","Middle",4,0,0,0,0,0,0,0,0,0,3,NA,FALSE,0
"14883",5,"M",3,"White","Middle",3,0,0,0,0,0,0,0,0,0,2,NA,FALSE,1
"14884",6,"M",3,"White","Middle",1,0,0,0,0,0,0,0,0,0,1,NA,FALSE,1
"14885",6,"M",3,"White","Middle",4,0,0,0,0,0,0,0,0,0,2,1,FALSE,1
"14886",6,"F",3,"Asian","Middle",4,0,0,0,0,0,0,0,0,0,2,NA,FALSE,1
"14887",6,"F",3,"Black","Middle",3,0,0,0,0,0,0,0,0,0,3,NA,FALSE,0
"14888",6,"F",3,"White","Middle",1,1,1,0,0,0,1,0,0,1,1,NA,TRUE,1
"14889",5,"F",3,"White","Middle",4,0,0,0,0,0,0,0,0,0,3,1,FALSE,0
"14890",6,"F",3,"White","Middle",4,0,0,0,0,0,0,0,0,0,4,NA,FALSE,0
"14891",5,"F",2,"Black","Middle",4,0,0,0,0,0,0,0,0,0,2,1,FALSE,1
"14892",4,"M",2,"White","Middle",3,0,0,0,0,0,0,0,0,0,3,1,FALSE,0
"14893",4,"M",2,"White","Middle",4,0,0,0,0,0,0,0,0,0,4,NA,FALSE,0
"14894",5,"M",2,"White","Middle",4,0,0,0,0,0,0,0,0,0,4,NA,FALSE,0
"14895",5,"F",2,"White","Middle",4,0,0,0,0,0,0,0,0,0,4,1,FALSE,0
"14896",4,"F",2,"White","Middle",4,0,0,0,0,0,0,0,0,0,4,1,FALSE,0
"14897",4,"F",2,"White","Middle",4,0,0,0,0,0,0,0,0,0,4,NA,FALSE,0
"14898",4,"F",2,"White","Middle",4,0,0,0,0,0,0,0,0,0,4,NA,FALSE,0
"14899",5,"F",2,"Black","Middle",4,0,0,0,0,0,0,0,0,0,4,NA,FALSE,0
"14900",5,"M",2,"Black","Middle",4,0,0,0,0,0,0,0,0,0,4,1,FALSE,0
"14901",6,"M",2,"Hispanic","Middle",2,0,1,0,0,0,0,0,0,0,1,NA,TRUE,1
"14902",5,"F",2,"White","Middle",4,0,0,0,NA,NA,NA,NA,NA,0,4,NA,NA,0
"14903",5,"M",2,"White","Middle",4,0,0,0,0,0,0,0,0,0,4,NA,FALSE,0
"14904",5,"F",2,"White","Middle",3,0,0,0,NA,NA,NA,NA,NA,0,3,NA,NA,0
"14905",5,"M",2,"AI/AN","Middle",3,0,0,0,0,0,0,0,0,0,2,1,FALSE,1
"14906",4,"F",2,"White","Middle",4,0,0,0,0,0,0,0,0,0,3,NA,FALSE,0
"14907",4,"M",2,"White","Middle",4,0,0,0,0,0,0,0,0,0,4,1,FALSE,0
"14908",4,"M",2,"White","Middle",4,0,0,0,0,0,0,0,0,0,3,1,FALSE,0
"14909",5,"F",2,"White","Middle",4,0,0,0,0,0,0,0,0,0,4,NA,FALSE,0
"14910",6,"M",3,"White","Middle",4,0,0,0,0,0,0,0,0,0,3,NA,FALSE,0
"14911",6,"F",3,"White","Middle",4,0,0,0,0,0,0,0,0,0,1,1,FALSE,1
"14912",6,"F",3,"White","Middle",4,0,0,0,0,0,0,0,0,0,4,1,FALSE,0
"14913",5,"M",3,"Black","Middle",4,0,0,0,0,0,0,0,0,0,3,1,FALSE,0
"14914",5,"F",3,"White","Middle",3,0,0,0,0,0,0,0,0,0,2,1,FALSE,1
"14915",6,"M",3,"Hispanic","Middle",4,0,0,0,NA,NA,NA,NA,NA,0,4,NA,NA,0
"14916",5,"F",3,"White","Middle",4,0,0,0,0,0,0,0,0,0,4,1,FALSE,0
"14917",6,"M",3,"White","Middle",4,0,0,0,0,0,0,0,0,0,4,1,FALSE,0
"14918",6,"F",3,"Hispanic","Middle",3,0,0,0,0,0,0,0,0,0,2,NA,FALSE,1
"14919",5,"F",3,"Hispanic","Middle",3,0,0,0,0,0,0,0,0,0,3,1,FALSE,0
"14920",5,"M",3,"White","Middle",3,0,0,0,0,0,0,0,0,0,2,1,FALSE,1
"14921",6,"F",3,"White","Middle",4,0,0,0,0,0,0,0,0,0,3,NA,FALSE,0
"14922",5,"M",3,"White","Middle",4,0,0,0,0,0,0,0,0,0,4,1,FALSE,0
"14923",5,"F",3,"Black","Middle",4,0,0,0,0,0,0,0,0,0,4,1,FALSE,0
"14924",6,"M",3,"White","Middle",4,0,0,0,0,0,0,0,0,0,4,NA,FALSE,0
"14925",5,"F",3,"White","Middle",4,0,0,0,0,0,0,0,0,0,3,1,FALSE,0
"14926",6,"F",3,"White","Middle",4,0,0,0,0,0,0,0,0,0,4,1,FALSE,0
"14927",5,"M",3,"White","Middle",3,0,0,0,0,0,0,0,0,0,4,1,FALSE,0
"14928",5,"F",3,"White","Middle",4,0,0,0,0,0,0,0,0,0,4,1,FALSE,0
"14929",6,"M",3,"White","Middle",4,0,0,0,0,0,0,0,0,0,4,NA,FALSE,0
"14930",5,"F",3,"White","Middle",2,1,1,0,0,0,1,0,0,1,1,NA,TRUE,1
"14931",5,"M",3,"White","Middle",4,0,NA,0,0,0,0,0,0,0,4,NA,NA,0
"14932",6,"F",3,"White","Middle",3,NA,0,0,0,0,0,0,0,0,2,1,NA,1
"14933",6,"M",3,"White","Middle",4,0,0,0,0,0,0,0,0,0,4,1,FALSE,0
"14934",3,"F",1,"Hispanic","Middle",4,0,0,0,0,0,0,0,0,0,4,NA,FALSE,0
"14935",4,"F",1,"White","Middle",4,0,0,0,0,0,0,0,0,0,4,1,FALSE,0
"14936",3,"F",1,"Hispanic","Middle",4,0,0,0,0,0,0,0,0,0,4,1,FALSE,0
"14937",4,"F",1,"White","Middle",4,0,0,0,0,0,0,0,0,0,4,NA,FALSE,0
"14938",3,"M",1,NA,"Middle",3,0,0,0,0,0,0,0,0,0,4,NA,FALSE,0
"14939",3,"F",1,"White","Middle",4,0,0,0,0,0,0,0,0,0,4,1,FALSE,0
"14940",5,"M",1,"White","Middle",4,0,0,0,0,0,0,0,0,0,4,NA,FALSE,0
"14941",3,"M",1,"White","Middle",4,0,0,0,0,0,0,0,0,0,4,NA,FALSE,0
"14942",3,"M",1,"Black","Middle",4,0,0,0,0,0,0,0,0,0,3,1,FALSE,0
"14943",4,"F",1,"White","Middle",4,0,0,0,0,0,0,0,0,0,4,1,FALSE,0
"14944",3,"F",1,"White","Middle",4,0,0,0,0,0,0,0,0,0,4,1,FALSE,0
"14945",4,"M",1,"White","Middle",3,0,0,0,0,0,0,0,0,0,2,1,FALSE,1
"14946",4,"F",1,"White","Middle",4,0,0,0,0,0,0,0,0,0,4,1,FALSE,0
"14947",3,"F",1,"White","Middle",3,0,0,0,0,0,0,0,0,0,4,1,FALSE,0
"14948",5,"M",1,"White","Middle",3,0,0,0,0,0,0,0,0,0,1,NA,FALSE,1
"14949",4,"M",1,"White","Middle",3,0,0,0,0,0,0,0,0,0,4,NA,FALSE,0
"14950",3,"F",1,"White","Middle",4,0,0,0,0,0,0,0,0,0,4,NA,FALSE,0
"14951",3,"F",1,"White","Middle",4,0,0,0,0,0,0,0,0,0,4,1,FALSE,0
"14952",3,"M",1,"White","Middle",4,0,0,0,0,0,0,0,0,0,3,NA,FALSE,0
"14953",4,"M",2,"White","Middle",4,0,0,0,0,0,0,0,0,0,3,NA,FALSE,0
"14954",4,"M",2,"White","Middle",4,0,0,0,0,0,0,0,0,0,4,NA,FALSE,0
"14955",5,"F",2,"White","Middle",3,0,0,0,0,0,0,0,0,0,2,NA,FALSE,1
"14956",5,"M",2,"Black","Middle",4,0,NA,NA,NA,NA,NA,NA,NA,NA,4,1,NA,0
"14957",6,"M",2,"White","Middle",3,0,0,0,0,0,0,0,0,0,4,NA,FALSE,0
"14958",5,"M",2,"White","Middle",3,0,0,0,0,0,0,0,0,0,2,1,FALSE,1
"14959",5,"M",2,"Black","Middle",4,0,0,0,0,0,0,0,0,1,1,NA,TRUE,1
"14960",4,"M",2,"Hispanic","Middle",4,0,0,0,0,0,0,0,0,0,4,1,FALSE,0
"14961",5,"F",2,"Hispanic","Middle",3,0,0,0,0,0,0,0,0,0,1,NA,FALSE,1
"14962",4,"F",2,"Black","Middle",4,0,0,0,0,0,0,0,0,0,3,1,FALSE,0
"14963",4,"F",2,"White","Middle",4,0,0,0,NA,NA,NA,NA,NA,0,4,1,NA,0
"14964",5,"M",2,"White","Middle",4,0,0,0,0,0,0,0,0,0,1,NA,FALSE,1
"14965",5,"F",2,"Hispanic","Middle",4,0,0,0,NA,NA,NA,NA,NA,0,4,NA,NA,0
"14966",4,"M",2,"White","Middle",2,1,1,0,0,0,1,0,0,1,2,NA,TRUE,1
"14967",5,"F",2,"White","Middle",4,0,0,0,0,0,0,0,0,NA,4,1,NA,0
"14968",5,"M",2,"White","Middle",3,0,0,0,0,0,0,0,0,0,2,NA,FALSE,1
"14969",4,"F",2,"White","Middle",4,0,0,0,0,0,0,0,0,0,4,1,FALSE,0
"14970",5,"M",2,"White","Middle",2,0,NA,1,0,0,1,0,0,1,1,NA,TRUE,1
"14971",4,"F",2,"Hispanic","Middle",NA,0,NA,0,0,0,0,0,0,0,4,1,NA,0
"14972",5,"M",2,"White","Middle",4,0,0,0,0,0,0,0,0,0,4,1,FALSE,0
"14973",5,"F",2,"White","Middle",3,0,0,0,0,0,0,0,0,0,4,1,FALSE,0
"14974",4,"F",2,"White","Middle",4,0,0,0,0,0,0,0,0,0,4,NA,FALSE,0
"14975",4,"F",2,"White","Middle",4,0,0,0,0,0,0,0,0,0,2,NA,FALSE,1
"14976",4,"F",2,"White","Middle",4,0,0,0,0,0,0,0,0,0,4,1,FALSE,0
"14977",5,"F",2,"White","Middle",4,0,0,0,0,0,0,0,0,0,4,1,FALSE,0
"14978",5,"M",2,"White","Middle",4,0,0,0,0,0,0,0,0,0,3,1,FALSE,0
"14979",3,"F",1,"White","Middle",4,0,0,0,0,0,0,0,0,0,4,NA,FALSE,0
"14980",4,"F",1,NA,"Middle",4,0,0,0,0,0,0,0,0,0,4,NA,FALSE,0
"14981",4,"F",1,"White","Middle",3,0,0,0,0,0,0,0,0,0,2,NA,FALSE,1
"14982",4,"M",1,"White","Middle",4,0,0,0,0,0,0,0,0,0,4,NA,FALSE,0
"14983",4,"F",1,"White","Middle",4,0,0,0,0,0,0,0,0,0,4,NA,FALSE,0
"14984",3,"M",1,"Black","Middle",4,0,0,0,0,0,0,0,0,0,3,NA,FALSE,0
"14985",3,"F",1,"Black","Middle",4,0,0,0,0,0,0,0,0,0,4,1,FALSE,0
"14986",3,"M",1,"White","Middle",4,0,0,0,0,0,0,0,0,0,4,1,FALSE,0
"14987",3,"F",1,"White","Middle",3,0,0,0,0,0,0,0,0,0,1,NA,FALSE,1
"14988",4,"F",1,"Hispanic","Middle",4,0,0,0,0,0,0,0,0,0,4,NA,FALSE,0
"14989",4,"M",1,"White","Middle",4,0,0,0,0,0,0,0,0,0,2,NA,FALSE,1
"14990",5,"F",1,"AI/AN","Middle",4,1,0,0,0,0,0,0,0,1,1,1,TRUE,1
"14991",4,"F",1,"White","Middle",4,0,0,0,0,0,0,0,0,0,4,1,FALSE,0
"14992",4,"F",1,"Hispanic","Middle",4,0,0,0,0,0,0,0,0,0,4,NA,FALSE,0
"14993",3,"F",1,"White","Middle",4,0,0,0,0,0,0,0,0,0,3,NA,FALSE,0
"14994",4,"M",1,"Black","Middle",4,0,0,0,0,0,0,0,0,0,3,1,FALSE,0
"14995",3,"F",1,"White","Middle",4,0,0,0,0,0,0,0,0,0,4,1,FALSE,0
"14996",4,"M",1,"White","Middle",3,0,0,0,0,0,0,0,0,0,1,NA,FALSE,1
"14997",4,"F",1,"Hispanic","Middle",4,0,0,0,NA,NA,NA,NA,NA,0,2,1,NA,1
"14998",4,"F",2,"White","Middle",4,0,0,0,0,0,0,0,0,0,4,1,FALSE,0
"14999",5,"M",3,"White","Middle",4,0,0,0,0,0,0,0,0,0,4,1,FALSE,0
"15000",7,"F",4,"White","High",3,0,0,0,0,0,0,0,0,0,3,NA,FALSE,0
"15001",7,"F",4,"White","High",4,0,0,0,0,0,0,0,0,0,3,1,FALSE,0
"15002",9,"F",6,"White","High",4,0,0,0,0,0,0,0,0,0,4,1,FALSE,0
"15003",10,"F",6,"White","High",3,0,0,0,0,0,0,0,0,0,4,1,FALSE,0
"15004",8,"M",5,"White","High",1,1,1,1,0,0,0,0,0,1,1,NA,TRUE,1
"15005",8,"M",5,"White","High",1,0,0,0,0,0,0,0,0,1,1,1,TRUE,1
"15006",9,"M",6,"White","High",1,0,1,0,0,0,0,0,0,0,4,NA,TRUE,0
"15007",8,"M",4,"White","High",2,1,1,1,0,0,0,0,0,1,1,NA,TRUE,1
"15008",7,"F",4,"White","High",4,0,0,0,0,0,0,0,0,0,4,1,FALSE,0
"15009",7,"F",4,"White","High",4,0,0,0,0,0,0,0,0,0,2,NA,FALSE,1
"15010",9,"F",5,"White","High",4,0,0,0,0,0,0,0,0,0,4,1,FALSE,0
"15011",7,"F",4,"Hispanic","High",4,0,0,0,0,0,0,0,0,0,4,NA,FALSE,0
"15012",7,"F",4,"Hispanic","High",4,0,0,0,0,0,0,0,0,0,4,1,FALSE,0
"15013",7,"F",4,"White","High",4,0,0,0,0,0,0,0,0,0,1,NA,FALSE,1
"15014",9,"M",5,"White","High",3,0,0,0,0,0,0,0,0,0,4,NA,FALSE,0
"15015",6,"F",4,"White","High",4,0,0,0,0,0,0,0,0,0,4,NA,FALSE,0
"15016",7,"F",4,"White","High",4,0,0,0,0,0,0,0,0,0,4,NA,FALSE,0
"15017",7,"F",4,"White","High",2,0,0,0,0,0,0,0,0,1,2,NA,TRUE,1
"15018",6,"F",4,"White","High",3,0,0,0,0,0,0,0,0,0,1,NA,FALSE,1
"15019",8,"F",5,"White","High",4,0,0,0,0,0,0,0,0,0,4,1,FALSE,0
"15020",7,"F",5,"Black","High",4,0,0,0,0,0,0,0,0,0,4,1,FALSE,0
"15021",7,"F",5,"White","High",3,0,0,0,0,0,0,0,0,0,3,NA,FALSE,0
"15022",7,"F",5,"White","High",4,0,0,0,0,0,0,0,0,0,4,1,FALSE,0
"15023",7,"F",5,"White","High",3,0,0,0,0,0,0,0,0,0,1,NA,FALSE,1
"15024",8,"M",5,"White","High",3,0,0,0,0,0,0,0,0,0,4,1,FALSE,0
"15025",6,"F",4,"Hispanic","High",4,0,0,0,0,0,0,0,0,0,4,1,FALSE,0
"15026",6,"M",4,"White","High",4,0,0,0,0,0,0,0,0,0,2,1,FALSE,1
"15027",8,"M",5,"White","High",4,0,0,0,0,0,0,0,0,0,4,NA,FALSE,0
"15028",6,"M",4,"Black","High",3,0,0,0,0,0,0,0,0,1,3,1,TRUE,0
"15029",8,"M",5,"Black","High",4,0,0,0,0,0,0,0,0,0,2,1,FALSE,1
"15030",9,"M",6,"White","High",1,0,1,1,0,0,1,0,0,1,1,1,TRUE,1
"15031",7,"F",5,"White","High",3,0,0,0,0,0,0,0,0,0,1,1,FALSE,1
"15032",8,"F",5,"White","High",3,0,0,0,0,0,0,0,0,0,2,1,FALSE,1
"15033",7,"F",4,"White","High",3,0,0,0,0,0,0,0,0,0,2,1,FALSE,1
"15034",9,"M",6,"Black","High",2,0,0,0,0,0,1,0,0,1,1,NA,TRUE,1
"15035",10,"M",6,"White","High",4,0,0,0,0,0,0,0,0,0,4,NA,FALSE,0
"15036",7,"M",5,"White","High",4,0,0,0,0,0,0,0,0,0,2,NA,FALSE,1
"15037",7,"M",5,"White","High",4,0,0,NA,0,0,0,0,0,0,4,NA,NA,0
"15038",8,"F",5,"Black","High",4,0,1,0,0,0,0,0,0,0,1,NA,TRUE,1
"15039",8,"M",5,"White","High",2,0,1,0,NA,NA,NA,NA,NA,1,1,NA,TRUE,1
"15040",7,"F",4,"Black","High",3,0,0,0,0,0,0,0,0,0,4,NA,FALSE,0
"15041",8,"F",5,"White","High",4,0,0,0,0,0,0,0,0,0,4,1,FALSE,0
"15042",7,"F",5,"White","High",2,NA,0,0,0,0,0,0,0,0,1,NA,NA,1
"15043",7,"F",5,"White","High",3,0,0,0,0,0,0,0,0,0,1,NA,FALSE,1
"15044",8,"M",5,"White","High",4,0,0,0,0,0,0,0,0,0,4,1,FALSE,0
"15045",9,"F",6,"White","High",4,0,0,0,0,0,0,0,0,0,4,1,FALSE,0
"15046",8,"M",6,"White","High",4,0,0,0,0,0,0,0,0,0,4,1,FALSE,0
"15047",8,"M",6,"White","High",4,0,0,0,0,0,0,0,0,0,4,1,FALSE,0
"15048",7,"F",4,"White","High",3,0,0,0,0,0,0,0,0,0,3,NA,FALSE,0
"15049",7,"F",4,"White","High",4,0,0,0,0,0,0,0,0,0,4,1,FALSE,0
"15050",6,"F",4,"White","High",4,0,0,0,0,0,0,0,0,0,4,NA,FALSE,0
"15051",8,"M",5,"White","High",3,1,1,1,0,0,0,0,0,1,1,NA,TRUE,1
"15052",8,"F",5,"White","High",4,0,0,0,0,0,0,0,0,0,2,NA,FALSE,1
"15053",9,"M",5,"White","High",4,0,0,0,0,0,0,0,0,0,4,NA,FALSE,0
"15054",7,"M",4,"White","High",4,0,0,0,0,0,0,0,0,0,4,1,FALSE,0
"15055",8,"F",5,"White","High",4,0,0,0,0,0,0,0,0,0,4,1,FALSE,0
"15056",9,"F",6,"White","High",3,0,0,0,0,0,0,0,0,1,1,NA,TRUE,1
"15057",9,"F",6,"White","High",4,0,0,0,0,0,0,0,0,0,4,1,FALSE,0
"15058",9,"M",6,"White","High",3,0,0,0,0,0,0,0,0,0,4,1,FALSE,0
"15059",9,"M",7,"Hispanic","High",4,0,0,0,0,0,0,0,0,0,2,NA,FALSE,1
"15060",9,"F",7,"Hispanic","High",3,0,0,0,0,0,0,0,0,0,3,1,FALSE,0
"15061",10,"F",7,"Hispanic","High",4,0,0,0,0,0,0,0,0,0,1,NA,FALSE,1
"15062",9,"M",7,"Hispanic","High",3,1,0,0,0,0,0,0,0,0,3,NA,TRUE,0
"15063",9,"M",7,"Hispanic","High",4,0,0,0,0,0,0,0,0,0,4,1,FALSE,0
"15064",9,"M",7,"White","High",2,0,0,0,0,0,0,0,0,1,2,NA,TRUE,1
"15065",9,"M",6,"Hispanic","High",1,0,1,1,0,0,0,0,0,1,1,NA,TRUE,1
"15066",8,"M",6,"Hispanic","High",3,0,0,0,0,0,0,0,0,0,2,NA,FALSE,1
"15067",8,"F",6,"Hispanic","High",4,0,0,0,0,0,0,0,0,0,2,NA,FALSE,1
"15068",9,"M",7,"Hispanic","High",4,0,0,0,0,0,0,0,0,0,2,NA,FALSE,1
"15069",9,"M",6,"Hispanic","High",4,0,0,0,0,0,0,0,0,0,4,NA,FALSE,0
"15070",8,"F",6,"Hispanic","High",4,0,0,0,0,0,0,0,0,0,2,1,FALSE,1
"15071",8,"M",6,"Hispanic","High",4,0,0,0,0,0,0,0,0,0,4,1,FALSE,0
"15072",9,"M",6,"Hispanic","High",3,0,0,0,0,0,0,0,0,0,1,1,FALSE,1
"15073",10,"M",7,"Hispanic","High",2,1,1,0,0,0,0,0,0,1,2,NA,TRUE,1
"15074",10,"M",7,"Hispanic","High",4,0,0,0,0,0,0,0,0,0,4,1,FALSE,0
"15075",9,"M",6,"Hispanic","High",4,0,0,0,0,0,0,0,0,0,2,1,FALSE,1
"15076",9,"F",7,"Hispanic","High",2,1,1,0,0,0,0,0,0,0,2,NA,TRUE,1
"15077",8,"F",6,"Hispanic","High",4,0,0,0,0,0,0,0,0,0,4,1,FALSE,0
"15078",9,"F",6,"Hispanic","High",2,1,0,0,0,0,1,0,0,0,2,NA,TRUE,1
"15079",9,"F",6,"Hispanic","High",4,0,0,0,0,0,0,0,0,0,2,NA,FALSE,1
"15080",8,"F",6,"Hispanic","High",2,1,1,0,0,0,0,0,0,1,2,NA,TRUE,1
"15081",9,"M",6,"Hispanic","High",4,0,0,0,0,0,0,0,0,0,4,1,FALSE,0
"15082",8,"M",6,"Hispanic","High",3,0,0,0,0,0,0,0,0,0,2,1,FALSE,1
"15083",8,"M",6,"Hispanic","High",4,0,0,0,0,0,0,0,0,1,2,1,TRUE,1
"15084",9,"M",6,"Hispanic","High",4,0,0,0,0,0,0,0,0,0,4,1,FALSE,0
"15085",9,"F",6,"Hispanic","High",4,0,0,0,0,0,0,0,0,0,2,NA,FALSE,1
"15086",9,"F",7,"Hispanic","High",3,0,0,0,0,0,0,0,0,0,2,1,FALSE,1
"15087",10,"F",7,"Hispanic","High",4,0,1,0,0,0,0,0,0,0,4,1,TRUE,0
"15088",10,"M",7,"Hispanic","High",4,0,0,0,0,0,0,0,0,0,2,NA,FALSE,1
"15089",10,"M",7,"Hispanic","High",2,1,1,0,0,1,0,0,0,0,1,1,TRUE,1
"15090",7,"F",5,"Hispanic","High",2,1,0,0,0,0,0,0,0,0,1,1,TRUE,1
"15091",7,"M",5,"Hispanic","High",3,0,0,0,0,0,0,0,0,0,2,1,FALSE,1
"15092",8,"M",5,"Hispanic","High",4,0,0,0,0,0,0,0,0,0,4,1,FALSE,0
"15093",7,"F",5,"Hispanic","High",3,0,0,0,0,0,0,0,0,0,1,NA,FALSE,1
"15094",7,"M",5,"Hispanic","High",4,0,0,0,0,0,0,0,0,0,4,1,FALSE,0
"15095",8,"F",5,"Hispanic","High",4,0,0,0,0,0,1,0,0,1,2,1,TRUE,1
"15096",8,"F",5,"Hispanic","High",4,0,0,0,0,0,0,0,0,0,4,1,FALSE,0
"15097",7,"F",5,"Hispanic","High",4,0,0,0,0,0,0,0,0,0,3,1,FALSE,0
"15098",7,"F",5,"Hispanic","High",3,0,0,0,0,0,1,0,0,0,2,1,TRUE,1
"15099",7,"M",5,"Hispanic","High",4,0,0,0,0,0,0,0,0,0,2,1,FALSE,1
"15100",8,"M",5,"Hispanic","High",4,0,0,0,0,0,0,0,0,0,3,1,FALSE,0
"15101",8,"F",5,"Hispanic","High",2,1,1,1,1,1,0,1,0,1,1,NA,TRUE,1
"15102",7,"M",5,"Hispanic","High",NA,0,0,0,0,0,0,0,0,0,4,1,FALSE,0
"15103",7,"M",5,"Hispanic","High",3,0,0,0,0,0,0,0,0,0,3,1,FALSE,0
"15104",8,"M",5,"Hispanic","High",4,0,0,0,0,0,0,0,0,0,4,1,FALSE,0
"15105",7,"F",5,"Hispanic","High",4,0,0,0,0,0,0,0,0,0,4,1,FALSE,0
"15106",6,"F",4,"Hispanic","High",3,0,0,0,0,0,0,1,0,0,4,NA,TRUE,0
"15107",6,"M",4,"Hispanic","High",3,0,0,0,0,0,0,0,0,1,3,NA,TRUE,0
"15108",7,"F",4,"Hispanic","High",2,0,0,0,0,0,0,0,0,0,1,1,FALSE,1
"15109",6,"F",4,"Hispanic","High",2,1,0,0,0,0,0,0,0,0,2,1,TRUE,1
"15110",7,"F",4,"Hispanic","High",4,0,0,0,0,0,0,0,0,0,2,1,FALSE,1
"15111",6,"M",4,"Hispanic","High",4,0,0,0,0,0,0,0,0,0,2,NA,FALSE,1
"15112",8,"F",4,"Hispanic","High",3,0,0,0,0,0,0,0,0,0,3,1,FALSE,0
"15113",8,"M",4,"Hispanic","High",4,0,0,0,0,0,0,0,0,0,2,1,FALSE,1
"15114",8,"M",5,"Hispanic","High",3,0,0,0,0,0,0,0,0,1,1,NA,TRUE,1
"15115",7,"F",5,"Hispanic","High",3,0,0,1,0,0,0,0,0,1,2,NA,TRUE,1
"15116",7,"F",4,"Hispanic","High",3,0,0,0,0,0,0,0,0,0,2,NA,FALSE,1
"15117",7,"F",4,"Hispanic","High",4,0,0,0,NA,NA,NA,NA,NA,1,2,1,TRUE,1
"15118",7,"F",4,"Hispanic","High",4,0,0,0,NA,NA,NA,NA,NA,1,2,NA,TRUE,1
"15119",7,"F",4,"Hispanic","High",3,1,0,0,0,0,0,0,0,1,1,NA,TRUE,1
"15120",7,"F",4,"Hispanic","High",4,0,0,0,0,0,0,0,0,0,4,1,FALSE,0
"15121",7,"M",4,"Hispanic","High",3,NA,0,0,0,0,0,0,0,1,2,NA,TRUE,1
"15122",7,"M",4,"Hispanic","High",4,0,0,0,0,0,0,0,0,0,1,1,FALSE,1
"15123",7,"M",4,"Hispanic","High",4,0,0,0,0,0,0,0,0,0,4,1,FALSE,0
"15124",6,"F",4,"Hispanic","High",3,0,0,0,0,0,0,0,0,0,1,NA,FALSE,1
"15125",7,"M",4,"Hispanic","High",4,0,0,0,0,0,0,0,0,0,2,1,FALSE,1
"15126",7,"M",4,"Hispanic","High",4,0,0,0,0,0,0,0,0,0,4,1,FALSE,0
"15127",9,"M",5,"Hispanic","High",4,NA,0,0,0,0,0,0,0,0,4,1,NA,0
"15128",6,"M",4,"Hispanic","High",4,0,0,0,0,0,0,0,0,0,3,1,FALSE,0
"15129",7,"F",4,"Hispanic","High",4,0,0,0,0,0,0,0,0,0,1,1,FALSE,1
"15130",8,"F",5,"Hispanic","High",4,0,0,0,0,0,0,0,0,0,3,1,FALSE,0
"15131",7,"M",4,"Hispanic","High",4,0,0,0,0,0,0,0,0,0,4,NA,FALSE,0
"15132",7,"M",4,"Hispanic","High",1,0,0,0,0,0,0,0,0,0,1,NA,FALSE,1
"15133",11,"M",4,"Hispanic","High",4,1,NA,1,1,1,1,0,0,1,1,1,TRUE,1
"15134",10,"F",7,"Hispanic","High",4,0,0,0,0,0,0,0,0,0,3,1,FALSE,0
"15135",10,"F",7,"Hispanic","High",4,0,0,0,0,0,0,0,0,0,4,1,FALSE,0
"15136",10,"F",7,"Hispanic","High",3,0,0,0,0,0,0,0,0,0,1,NA,FALSE,1
"15137",10,"F",7,"Hispanic","High",3,0,0,0,0,0,0,0,0,0,2,NA,FALSE,1
"15138",10,"F",7,"Hispanic","High",2,1,1,0,0,0,0,0,0,0,2,1,TRUE,1
"15139",10,"M",7,"Hispanic","High",2,NA,1,0,0,0,1,0,0,1,2,1,TRUE,1
"15140",10,"F",7,"Hispanic","High",2,1,0,0,0,0,0,0,0,0,1,NA,TRUE,1
"15141",10,"F",7,"Hispanic","High",4,0,0,0,0,0,0,0,0,0,2,1,FALSE,1
"15142",9,"M",7,"White","High",4,0,0,0,0,0,0,0,0,0,4,NA,FALSE,0
"15143",9,"F",7,"Hispanic","High",4,0,0,0,0,0,0,0,0,0,1,NA,FALSE,1
"15144",9,"F",7,"Hispanic","High",3,0,0,0,0,0,0,0,0,1,1,NA,TRUE,1
"15145",10,"F",7,"Hispanic","High",4,0,0,0,0,0,0,0,0,0,3,1,FALSE,0
"15146",10,"F",7,"Hispanic","High",4,0,0,0,0,0,0,0,0,0,4,1,FALSE,0
"15147",9,"M",7,"Hispanic","High",NA,0,NA,NA,0,0,0,0,0,NA,NA,1,NA,NA
"15148",10,"F",7,"Hispanic","High",3,0,0,0,0,0,1,0,0,0,1,NA,TRUE,1
"15149",11,"F",7,"Hispanic","High",3,0,0,0,0,0,0,0,0,0,2,1,FALSE,1
"15150",10,"M",7,"Hispanic","High",4,0,0,0,0,0,0,0,0,0,2,1,FALSE,1
"15151",10,"F",7,"Hispanic","High",4,0,0,0,0,0,0,0,0,0,4,1,FALSE,0
"15152",10,"F",7,"Hispanic","High",1,1,1,0,NA,NA,NA,NA,NA,0,2,NA,TRUE,1
"15153",7,"F",4,"Hispanic","High",3,0,0,0,0,0,0,0,0,0,2,NA,FALSE,1
"15154",7,"M",4,"Hispanic","High",2,0,0,0,0,0,0,0,0,0,2,NA,FALSE,1
"15155",9,"F",7,"Hispanic","High",4,0,0,0,0,0,0,0,0,0,4,1,FALSE,0
"15156",10,"F",7,"Hispanic","High",4,0,0,0,0,0,0,0,0,0,1,1,FALSE,1
"15157",9,"F",7,"Hispanic","High",3,0,0,0,0,0,0,0,0,0,2,1,FALSE,1
"15158",10,"M",7,"Hispanic","High",4,0,0,0,0,0,0,0,0,0,4,NA,FALSE,0
"15159",10,"M",7,"Hispanic","High",3,0,0,0,0,0,0,0,0,1,3,NA,TRUE,0
"15160",10,"M",7,"Hispanic","High",4,0,0,0,1,0,0,1,0,0,2,1,TRUE,1
"15161",10,"F",7,"Hispanic","High",4,0,0,0,0,0,0,0,0,0,1,1,FALSE,1
"15162",9,"F",7,"Hispanic","High",3,0,0,0,0,0,0,0,0,0,2,1,FALSE,1
"15163",10,"M",7,"White","High",2,0,0,0,0,0,0,0,0,0,3,1,FALSE,0
"15164",9,"M",7,"Hispanic","High",3,0,0,1,0,0,0,1,0,0,4,NA,TRUE,0
"15165",10,"M",7,"Hispanic","High",4,0,0,0,0,0,0,0,0,0,4,NA,FALSE,0
"15166",10,"F",7,"Hispanic","High",4,0,0,0,0,0,0,0,0,0,3,1,FALSE,0
"15167",10,"F",7,"Hispanic","High",4,0,0,0,0,0,0,0,0,0,4,1,FALSE,0
"15168",9,"M",5,"Hispanic","High",2,0,0,0,0,0,1,0,0,0,2,1,TRUE,1
"15169",10,"M",5,"Hispanic","High",4,1,NA,NA,0,0,1,0,0,1,4,NA,TRUE,0
"15170",8,"M",5,"Hispanic","High",3,0,0,0,0,0,0,0,0,1,3,NA,TRUE,0
"15171",8,"M",5,"Hispanic","High",4,0,0,0,0,0,0,0,0,0,1,1,FALSE,1
"15172",9,"M",5,"Hispanic","High",3,0,0,0,0,0,0,0,0,0,2,1,FALSE,1
"15173",8,"F",5,"Hispanic","High",4,0,0,0,0,0,0,0,0,0,4,NA,FALSE,0
"15174",9,"M",5,"Hispanic","High",4,0,0,0,0,0,0,0,0,0,4,NA,FALSE,0
"15175",8,"F",5,"Hispanic","High",2,0,0,0,0,0,0,0,0,1,1,NA,TRUE,1
"15176",8,"M",5,"Hispanic","High",4,0,0,0,0,0,0,0,0,0,4,1,FALSE,0
"15177",8,"F",5,"Hispanic","High",4,0,0,0,0,0,0,0,0,0,4,1,FALSE,0
"15178",8,"M",5,"White","High",4,0,0,0,0,0,0,0,0,0,4,1,FALSE,0
"15179",8,"F",5,"Hispanic","High",2,NA,NA,0,0,0,0,0,0,0,2,1,NA,1
"15180",8,"M",5,"White","High",4,0,0,0,0,0,0,0,0,0,3,1,FALSE,0
"15181",7,"M",5,"Hispanic","High",4,0,0,0,0,0,0,0,0,0,4,1,FALSE,0
"15182",9,"F",6,"White","High",2,0,0,0,0,0,0,0,0,0,1,NA,FALSE,1
"15183",9,"M",6,"Hispanic","High",4,0,0,0,0,0,0,0,0,0,3,1,FALSE,0
"15184",8,"F",5,"Hispanic","High",4,0,0,0,0,0,0,0,0,0,4,NA,FALSE,0
"15185",8,"F",5,"Hispanic","High",4,0,0,0,0,0,0,0,0,0,4,1,FALSE,0
"15186",10,"F",7,"Hispanic","High",3,0,NA,1,0,0,0,0,0,0,4,NA,TRUE,0
"15187",8,"F",5,"Hispanic","High",3,0,0,0,0,0,0,0,0,0,2,1,FALSE,1
"15188",7,"F",5,"Hispanic","High",4,0,0,0,0,0,0,0,0,0,4,1,FALSE,0
"15189",7,"F",5,"Hispanic","High",3,0,0,0,0,0,0,0,0,0,4,1,FALSE,0
"15190",8,"F",5,"Hispanic","High",4,0,0,0,0,0,0,0,0,0,4,1,FALSE,0
"15191",9,"M",5,"Hispanic","High",4,0,0,0,0,0,0,0,0,0,4,1,FALSE,0
"15192",7,"F",5,"Hispanic","High",4,0,0,0,0,0,0,0,0,0,3,NA,FALSE,0
"15193",8,"M",5,"Hispanic","High",3,0,0,0,0,0,0,0,0,0,3,1,FALSE,0
"15194",9,"M",5,"Hispanic","High",4,0,0,0,0,0,0,0,0,0,4,1,FALSE,0
"15195",9,"F",6,"Hispanic","High",4,0,0,0,0,0,0,0,0,0,4,NA,FALSE,0
"15196",9,"F",6,"Hispanic","High",3,0,0,0,0,0,0,0,0,0,2,NA,FALSE,1
"15197",8,"F",6,"Hispanic","High",4,0,0,0,0,0,0,0,0,0,3,1,FALSE,0
"15198",9,"F",6,"Hispanic","High",4,0,0,0,0,0,0,0,0,0,4,1,FALSE,0
"15199",8,"F",6,"Hispanic","High",4,0,0,0,0,0,0,0,0,0,2,NA,FALSE,1
"15200",9,"M",6,"Hispanic","High",4,0,0,0,0,0,0,0,0,0,4,1,FALSE,0
"15201",9,"M",6,"Hispanic","High",2,0,0,0,0,0,0,0,0,0,4,1,FALSE,0
"15202",9,"F",6,"White","High",4,0,0,0,0,0,0,0,0,0,2,NA,FALSE,1
"15203",9,"M",6,"Hispanic","High",4,0,0,0,0,0,0,0,0,0,2,1,FALSE,1
"15204",8,"M",6,"Black","High",4,0,0,0,0,0,0,0,0,0,4,1,FALSE,0
"15205",8,"F",6,"Hispanic","High",4,0,0,0,0,0,0,0,0,0,3,1,FALSE,0
"15206",9,"F",6,"Hispanic","High",4,0,0,0,0,0,0,0,0,0,4,1,FALSE,0
"15207",8,"F",6,"Hispanic","High",3,0,0,0,0,0,0,0,0,0,4,1,FALSE,0
"15208",9,"F",6,"White","High",4,0,0,0,0,0,0,0,0,0,4,NA,FALSE,0
"15209",9,"F",6,"White","High",2,0,0,0,0,0,0,0,0,1,1,1,TRUE,1
"15210",9,"F",6,"Hispanic","High",3,0,0,0,0,0,0,0,0,0,4,1,FALSE,0
"15211",9,"F",6,"Hispanic","High",4,NA,0,0,0,0,0,0,0,0,2,1,NA,1
"15212",8,"F",6,"Hispanic","High",4,0,0,0,0,0,0,0,0,0,3,1,FALSE,0
"15213",8,"F",6,"Hispanic","High",4,0,0,0,0,0,0,0,0,0,1,1,FALSE,1
"15214",10,"F",6,"Hispanic","High",4,0,0,0,0,0,0,0,0,0,4,1,FALSE,0
"15215",9,"F",6,"Hispanic","High",4,0,0,0,0,0,0,0,0,0,4,NA,FALSE,0
"15216",9,"F",6,"Hispanic","High",3,0,0,0,0,0,0,0,0,0,1,1,FALSE,1
"15217",8,"M",6,"Hispanic","High",4,0,0,0,0,0,0,0,0,0,1,1,FALSE,1
"15218",9,"F",6,"Hispanic","High",4,0,0,0,0,0,0,0,0,0,4,1,FALSE,0
"15219",8,"M",6,"Hispanic","High",4,0,0,0,0,0,0,0,0,0,4,1,FALSE,0
"15220",9,"F",6,"Hispanic","High",4,0,0,0,0,0,0,0,0,0,3,NA,FALSE,0
"15221",6,"M",2,"Hispanic","Middle",4,0,0,0,0,0,0,0,0,0,4,NA,FALSE,0
"15222",5,"M",2,"Hispanic","Middle",4,0,0,0,0,0,0,0,0,0,4,1,FALSE,0
"15223",5,"F",2,"Hispanic","Middle",4,0,0,0,0,0,0,0,0,0,4,NA,FALSE,0
"15224",6,"F",2,"Hispanic","Middle",3,0,NA,0,0,0,0,0,0,0,2,NA,NA,1
"15225",4,"F",2,"Hispanic","Middle",4,0,0,0,0,0,0,0,0,0,4,1,FALSE,0
"15226",4,"F",2,"Hispanic","Middle",4,0,0,0,0,0,0,0,0,0,3,1,FALSE,0
"15227",4,"F",2,"Hispanic","Middle",4,0,0,0,0,0,0,0,0,0,4,1,FALSE,0
"15228",5,"F",2,"Hispanic","Middle",4,0,0,0,0,0,0,0,0,0,4,1,FALSE,0
"15229",5,"F",2,"Hispanic","Middle",4,0,0,0,0,0,0,0,0,0,4,1,FALSE,0
"15230",4,"F",2,"Hispanic","Middle",4,0,0,0,0,0,0,0,0,0,4,1,FALSE,0
"15231",5,"F",2,"Hispanic","Middle",4,0,0,0,0,0,0,0,0,0,4,1,FALSE,0
"15232",5,"F",2,"Hispanic","Middle",4,0,0,0,0,0,0,0,0,0,4,NA,FALSE,0
"15233",5,"F",2,"Hispanic","Middle",4,0,0,0,0,0,0,0,0,0,2,NA,FALSE,1
"15234",5,"F",2,"Hispanic","Middle",4,0,0,0,0,0,0,0,0,0,4,1,FALSE,0
"15235",5,"M",2,"Hispanic","Middle",4,0,0,0,0,0,0,0,0,0,2,1,FALSE,1
"15236",5,"F",2,"Hispanic","Middle",4,0,0,0,0,0,0,0,0,0,4,1,FALSE,0
"15237",4,"M",2,"Hispanic","Middle",4,0,0,0,0,0,0,0,0,0,4,1,FALSE,0
"15238",5,"F",2,"Hispanic","Middle",2,0,0,0,0,0,0,0,0,0,4,NA,FALSE,0
"15239",4,"M",2,"Hispanic","Middle",4,0,0,0,0,0,0,0,0,0,4,1,FALSE,0
"15240",5,"M",2,"Hispanic","Middle",3,0,0,0,0,0,0,0,0,0,4,1,FALSE,0
"15241",4,"M",2,"Hispanic","Middle",4,0,0,0,0,0,0,0,0,0,4,1,FALSE,0
"15242",5,"F",2,"Hispanic","Middle",4,0,0,0,0,0,0,0,0,0,4,1,FALSE,0
"15243",5,"F",2,"Hispanic","Middle",4,0,0,0,0,0,0,0,0,0,4,NA,FALSE,0
"15244",5,"F",2,"Hispanic","Middle",4,0,0,0,0,0,0,0,0,0,4,NA,FALSE,0
"15245",5,"F",1,"Hispanic","Middle",4,0,0,0,0,0,0,0,0,0,4,1,FALSE,0
"15246",6,"M",3,"Hispanic","Middle",4,0,0,0,0,0,0,0,0,1,1,NA,TRUE,1
"15247",5,"F",2,"Hispanic","Middle",4,0,0,0,0,0,0,0,0,0,4,NA,FALSE,0
"15248",5,"M",3,"Hispanic","Middle",4,0,0,0,0,0,0,0,0,0,2,1,FALSE,1
"15249",6,"M",3,"Hispanic","Middle",4,0,0,0,0,0,0,0,0,0,3,1,FALSE,0
"15250",6,"M",3,"Hispanic","Middle",4,0,0,0,0,0,0,0,0,0,4,1,FALSE,0
"15251",5,"M",3,"Hispanic","Middle",4,0,0,0,0,0,0,0,0,0,4,1,FALSE,0
"15252",6,"M",3,"Hispanic","Middle",3,0,0,0,0,0,0,0,0,0,2,NA,FALSE,1
"15253",6,"M",3,"Hispanic","Middle",4,0,0,0,0,0,0,0,0,0,2,1,FALSE,1
"15254",5,"M",3,"Hispanic","Middle",4,0,0,0,0,0,0,0,0,0,3,1,FALSE,0
"15255",6,"M",3,"Hispanic","Middle",4,0,0,0,0,0,0,0,0,1,1,NA,TRUE,1
"15256",6,"F",3,"Hispanic","Middle",4,0,0,0,0,0,0,0,0,0,4,1,FALSE,0
"15257",3,"M",1,"Hispanic","Middle",NA,NA,NA,NA,NA,NA,NA,NA,NA,NA,NA,NA,NA,NA
"15258",3,"F",1,"NHOPI","Middle",4,0,0,0,0,0,0,0,0,0,4,1,FALSE,0
"15259",6,"M",3,"Hispanic","Middle",3,0,0,0,0,0,0,0,0,0,3,1,FALSE,0
"15260",4,"F",1,"Hispanic","Middle",4,0,0,0,0,0,0,0,0,0,4,1,FALSE,0
"15261",4,"F",1,"Hispanic","Middle",4,0,0,0,0,0,0,0,0,0,4,1,FALSE,0
"15262",6,"M",3,NA,"Middle",4,1,0,0,0,0,0,1,0,1,3,1,TRUE,0
"15263",5,"M",1,"Black","Middle",2,NA,NA,0,0,0,0,0,0,0,3,NA,NA,0
"15264",4,"M",1,"White","Middle",4,0,0,0,NA,NA,NA,NA,NA,0,3,1,NA,0
"15265",4,"M",1,"Hispanic","Middle",3,0,0,0,0,0,0,0,0,0,3,NA,FALSE,0
"15266",5,"F",1,"White","Middle",4,0,0,0,0,0,0,0,0,0,4,1,FALSE,0
"15267",5,"F",2,"Hispanic","Middle",4,0,0,0,0,0,0,0,0,0,4,1,FALSE,0
"15268",4,"F",1,"Hispanic","Middle",4,0,0,0,0,0,0,0,0,0,4,1,FALSE,0
"15269",4,"F",1,"Hispanic","Middle",4,0,0,0,0,0,0,0,0,0,4,1,FALSE,0
"15270",4,"M",1,"Hispanic","Middle",3,0,1,NA,0,0,0,0,0,1,2,1,TRUE,1
"15271",4,"M",1,"Hispanic","Middle",2,1,NA,0,0,0,0,0,1,0,1,NA,TRUE,1
"15272",4,"F",1,"Hispanic","Middle",3,0,0,0,0,0,0,0,0,1,1,1,TRUE,1
"15273",3,"F",1,"Hispanic","Middle",3,0,0,0,0,0,0,1,0,0,2,1,TRUE,1
"15274",4,"M",1,"Hispanic","Middle",2,0,0,0,0,0,0,0,0,0,4,1,FALSE,0
"15275",4,"M",1,"AI/AN","Middle",2,0,0,0,0,0,0,0,0,0,2,1,FALSE,1
"15276",4,"F",1,"Hispanic","Middle",NA,0,NA,NA,0,0,0,0,0,NA,NA,1,NA,NA
"15277",4,"F",1,"Hispanic","Middle",3,0,0,0,0,0,0,0,0,0,2,1,FALSE,1
"15278",3,"F",1,"Hispanic","Middle",4,0,0,0,0,0,0,0,0,0,4,1,FALSE,0
"15279",4,"F",1,NA,"Middle",4,0,0,0,0,0,0,0,0,0,4,NA,FALSE,0
"15280",6,"M",3,"Hispanic","Middle",3,0,0,0,0,0,0,0,0,0,2,1,FALSE,1
"15281",6,"M",3,"Hispanic","Middle",3,0,0,0,0,0,0,0,0,0,3,NA,FALSE,0
"15282",6,"F",3,"Hispanic","Middle",4,0,0,0,0,0,0,0,0,0,3,1,FALSE,0
"15283",6,"F",3,"Hispanic","Middle",4,0,0,0,0,0,0,0,0,0,4,NA,FALSE,0
"15284",5,"F",3,"Hispanic","Middle",3,0,0,0,0,0,0,0,0,0,1,NA,FALSE,1
"15285",6,"F",3,"Hispanic","Middle",4,0,0,0,0,0,0,0,0,0,1,1,FALSE,1
"15286",6,"F",3,"Hispanic","Middle",4,0,0,0,0,0,0,0,0,0,3,1,FALSE,0
"15287",6,"F",3,"Hispanic","Middle",3,0,0,0,0,0,0,0,0,0,1,1,FALSE,1
"15288",6,"F",3,"Hispanic","Middle",4,0,0,0,0,0,0,0,0,0,4,1,FALSE,0
"15289",6,"F",3,"Hispanic","Middle",4,0,0,0,0,0,0,0,0,0,4,1,FALSE,0
"15290",5,"F",3,"Hispanic","Middle",4,0,0,NA,0,0,0,0,0,NA,4,1,NA,0
"15291",6,"F",3,"Hispanic","Middle",3,0,0,0,0,0,0,0,0,0,2,1,FALSE,1
"15292",10,"F",7,"White","High",4,0,0,0,0,0,0,0,0,0,3,1,FALSE,0
"15293",7,"F",4,"White","High",4,0,0,0,0,0,0,0,0,0,4,NA,FALSE,0
"15294",7,"F",4,"White","High",4,0,0,0,0,0,0,0,0,0,4,1,FALSE,0
"15295",8,"M",5,"Hispanic","High",4,0,0,0,0,0,0,0,0,0,2,1,FALSE,1
"15296",7,"M",4,"White","High",4,0,0,0,0,0,0,0,0,0,4,NA,FALSE,0
"15297",8,"M",4,"Hispanic","High",4,0,0,0,0,0,0,0,0,0,4,1,FALSE,0
"15298",7,"M",4,"Hispanic","High",3,0,0,0,0,0,0,0,0,0,3,1,FALSE,0
"15299",7,"M",4,"Hispanic","High",4,0,0,0,0,0,0,0,0,0,2,NA,FALSE,1
"15300",7,"M",4,"Hispanic","High",4,0,0,0,0,0,0,0,0,0,4,NA,FALSE,0
"15301",7,"M",4,"Hispanic","High",3,0,0,0,0,0,0,0,0,0,2,1,FALSE,1
"15302",7,"M",4,"Hispanic","High",4,0,0,0,0,0,0,0,0,0,2,1,FALSE,1
"15303",7,"M",4,"Hispanic","High",4,0,0,0,0,0,0,0,0,0,1,1,FALSE,1
"15304",6,"F",4,"Hispanic","High",4,0,0,0,0,0,0,0,0,0,4,1,FALSE,0
"15305",7,"F",4,"Hispanic","High",4,0,0,0,0,0,0,0,0,0,4,1,FALSE,0
"15306",7,"F",4,"White","High",3,NA,NA,0,NA,NA,NA,NA,NA,0,2,NA,NA,1
"15307",11,"M",7,"Hispanic","High",4,0,0,0,0,0,0,0,0,0,4,1,FALSE,0
"15308",10,"M",7,"White","High",3,0,0,0,0,0,0,0,0,0,3,NA,FALSE,0
"15309",9,"F",7,"Hispanic","High",4,0,0,0,0,0,0,0,0,0,4,NA,FALSE,0
"15310",10,"F",7,"Hispanic","High",4,0,0,0,0,0,0,0,0,0,2,NA,FALSE,1
"15311",10,"M",7,"Hispanic","High",3,0,0,0,0,0,0,0,0,0,2,1,FALSE,1
"15312",10,"M",7,"Hispanic","High",3,0,NA,0,0,0,0,0,0,0,4,1,NA,0
"15313",10,"M",7,"Hispanic","High",4,0,0,0,0,0,0,0,0,0,4,NA,FALSE,0
"15314",10,"M",7,"White","High",3,0,0,0,0,0,0,0,0,1,2,1,TRUE,1
"15315",10,"M",7,"Hispanic","High",4,0,0,0,0,0,0,0,0,0,4,NA,FALSE,0
"15316",11,"M",7,"Hispanic","High",4,1,1,0,0,0,0,0,0,1,1,1,TRUE,1
"15317",9,"F",7,"Hispanic","High",2,0,0,0,0,0,0,0,0,1,2,NA,TRUE,1
"15318",10,"M",7,"Hispanic","High",4,0,0,0,0,0,0,0,0,0,2,NA,FALSE,1
"15319",8,"M",5,"Hispanic","High",1,0,0,0,0,0,0,0,0,1,1,1,TRUE,1
"15320",8,"M",5,"Hispanic","High",4,0,0,1,0,0,0,0,0,1,1,1,TRUE,1
"15321",7,"M",5,"White","High",3,0,0,1,0,0,0,0,0,1,1,NA,TRUE,1
"15322",10,"M",5,"Hispanic","High",3,0,0,0,0,0,0,0,0,0,2,1,FALSE,1
"15323",7,"F",5,"Hispanic","High",3,0,0,0,0,0,0,0,0,0,2,1,FALSE,1
"15324",8,"F",5,"White","High",4,0,0,0,0,0,0,0,0,0,1,1,FALSE,1
"15325",8,"F",5,"Hispanic","High",3,0,0,0,0,0,0,0,0,0,2,1,FALSE,1
"15326",8,"F",5,"Hispanic","High",3,0,0,0,0,0,1,0,0,1,2,1,TRUE,1
"15327",8,"M",5,"Black","High",4,0,0,0,0,0,0,0,0,0,1,1,FALSE,1
"15328",8,"M",5,"Hispanic","High",2,1,1,1,0,0,0,0,0,1,1,NA,TRUE,1
"15329",8,"M",6,"Hispanic","High",4,0,0,0,0,0,0,0,0,0,4,NA,FALSE,0
"15330",9,"M",6,"Hispanic","High",3,0,0,0,0,0,0,0,0,1,1,1,TRUE,1
"15331",9,"F",6,"Hispanic","High",NA,1,NA,NA,0,0,1,0,0,NA,NA,NA,TRUE,NA
"15332",9,"F",6,"Black","High",4,0,0,0,0,0,0,0,0,0,4,1,FALSE,0
"15333",9,"F",6,"Hispanic","High",1,NA,1,0,0,0,1,0,0,1,1,NA,TRUE,1
"15334",8,"M",6,"Hispanic","High",4,0,0,1,0,0,0,0,0,1,2,1,TRUE,1
"15335",10,"M",6,"Hispanic","High",2,NA,NA,0,0,0,0,0,0,1,2,1,TRUE,1
"15336",10,"F",6,"Hispanic","High",3,0,0,0,0,0,0,0,0,0,3,1,FALSE,0
"15337",9,"F",6,"Hispanic","High",4,0,0,0,0,0,0,0,0,0,4,1,FALSE,0
"15338",8,"F",6,"Hispanic","High",1,1,1,0,0,0,0,0,0,0,1,1,TRUE,1
"15339",9,"F",6,"Hispanic","High",3,0,0,0,0,0,0,0,0,0,3,1,FALSE,0
"15340",10,"M",6,"Hispanic","High",2,0,0,1,0,0,0,0,0,1,1,NA,TRUE,1
"15341",9,"M",6,"Hispanic","High",2,0,0,0,0,0,0,0,0,1,1,1,TRUE,1
"15342",9,"M",6,"Hispanic","High",1,1,1,1,1,1,1,1,1,1,1,1,TRUE,1
"15343",9,"M",6,"White","High",4,0,0,0,0,0,0,0,0,0,2,NA,FALSE,1
"15344",9,"M",6,"White","High",3,0,0,1,0,0,0,0,0,0,3,NA,TRUE,0
"15345",9,"F",6,"White","High",4,0,0,0,0,0,0,0,0,0,2,NA,FALSE,1
"15346",9,"M",6,"Hispanic","High",2,0,0,0,0,0,0,0,0,0,2,NA,FALSE,1
"15347",9,"F",6,"White","High",4,0,0,0,0,0,0,0,0,1,1,NA,TRUE,1
"15348",9,"M",6,"Hispanic","High",1,1,1,1,1,0,1,0,0,0,1,NA,TRUE,1
"15349",9,"M",6,"White","High",4,0,0,0,0,0,0,0,0,0,4,NA,FALSE,0
"15350",9,"F",6,"White","High",4,0,0,0,0,0,0,0,0,0,2,1,FALSE,1
"15351",9,"F",6,"White","High",2,0,0,0,0,0,0,0,0,0,4,NA,FALSE,0
"15352",9,"F",7,"White","High",3,NA,0,0,NA,NA,NA,NA,NA,0,1,NA,NA,1
"15353",9,"M",6,"White","High",4,0,0,0,0,0,0,0,0,0,4,NA,FALSE,0
"15354",9,"F",6,"White","High",4,0,0,0,0,0,0,0,0,0,4,NA,FALSE,0
"15355",9,"M",6,"White","High",3,1,1,1,1,1,1,1,0,1,1,1,TRUE,1
"15356",8,"M",6,"White","High",2,0,0,0,0,0,0,0,0,0,2,NA,FALSE,1
"15357",9,"F",6,"White","High",3,0,0,0,0,0,0,0,0,0,2,1,FALSE,1
"15358",7,"M",4,"Black","High",4,0,0,0,0,0,0,0,0,0,4,1,FALSE,0
"15359",7,"M",4,"White","High",3,0,0,0,0,0,0,0,0,0,4,1,FALSE,0
"15360",7,"M",4,"White","High",4,0,0,0,0,0,0,0,0,0,3,1,FALSE,0
"15361",7,"M",4,"White","High",3,0,0,0,0,0,0,0,0,0,1,NA,FALSE,1
"15362",6,"F",4,"White","High",4,0,0,0,0,0,0,0,0,0,4,NA,FALSE,0
"15363",6,"F",4,"White","High",4,0,0,0,0,0,0,0,0,0,2,NA,FALSE,1
"15364",7,"M",4,"White","High",4,0,0,0,0,0,0,0,0,0,3,1,FALSE,0
"15365",6,"F",4,"White","High",4,0,0,0,0,0,0,0,0,0,4,NA,FALSE,0
"15366",6,"F",4,"White","High",4,0,0,0,0,0,0,0,0,0,4,NA,FALSE,0
"15367",7,"F",4,"Hispanic","High",4,0,0,0,0,0,0,0,0,0,2,NA,FALSE,1
"15368",6,"F",4,"White","High",4,0,0,0,0,0,0,0,0,0,4,1,FALSE,0
"15369",6,"F",4,"White","High",4,0,0,0,0,0,0,0,0,0,3,1,FALSE,0
"15370",7,"M",4,"White","High",4,0,0,0,0,0,0,0,0,0,2,1,FALSE,1
"15371",6,"F",4,"White","High",4,0,0,0,0,0,0,0,0,0,4,NA,FALSE,0
"15372",7,"F",4,"White","High",4,0,0,0,0,0,0,0,0,0,2,NA,FALSE,1
"15373",7,"F",4,"White","High",4,0,0,0,0,0,0,0,0,0,4,1,FALSE,0
"15374",6,"F",4,"White","High",4,0,0,0,0,0,0,0,0,0,1,1,FALSE,1
"15375",7,"M",4,"Hispanic","High",2,0,0,0,0,0,0,0,0,0,1,1,FALSE,1
"15376",8,"M",5,"White","High",4,0,0,0,0,0,0,0,0,0,3,1,FALSE,0
"15377",8,"M",5,"Hispanic","High",2,0,0,0,0,0,0,0,0,0,2,NA,FALSE,1
"15378",8,"M",5,"White","High",4,0,0,0,0,0,0,0,0,0,4,NA,FALSE,0
"15379",8,"F",5,NA,"High",4,0,0,0,0,0,0,0,0,0,2,1,FALSE,1
"15380",7,"M",5,"White","High",3,1,1,1,0,0,0,0,0,0,1,NA,TRUE,1
"15381",7,"M",5,"Hispanic","High",4,0,0,0,0,0,0,0,0,0,4,1,FALSE,0
"15382",8,"M",5,"White","High",2,0,0,0,0,0,0,0,0,0,4,NA,FALSE,0
"15383",7,"F",5,"Hispanic","High",3,0,0,0,0,0,0,0,0,0,2,1,FALSE,1
"15384",8,"M",4,"White","High",4,0,0,0,0,0,0,0,0,0,4,NA,FALSE,0
"15385",8,"M",5,"Hispanic","High",4,0,0,0,0,0,0,0,0,0,1,NA,FALSE,1
"15386",7,"F",5,"White","High",4,0,0,0,0,0,0,0,0,0,4,NA,FALSE,0
"15387",8,"F",5,"Black","High",4,0,0,1,0,0,0,0,0,1,1,NA,TRUE,1
"15388",8,"M",5,NA,"High",4,0,0,0,0,0,0,0,0,0,2,1,FALSE,1
"15389",8,"M",5,"Hispanic","High",2,1,1,0,1,1,1,0,0,1,3,1,TRUE,0
"15390",7,"F",5,"White","High",3,0,0,0,0,0,0,0,0,0,1,NA,FALSE,1
"15391",8,"M",5,"Hispanic","High",3,0,0,1,0,0,0,0,0,0,2,1,TRUE,1
"15392",8,"M",5,"White","High",3,0,0,0,0,0,0,0,0,0,1,1,FALSE,1
"15393",8,"M",5,"White","High",3,0,0,0,NA,NA,NA,NA,NA,0,4,1,NA,0
"15394",9,"F",7,"White","High",4,0,0,0,0,0,0,0,0,0,4,1,FALSE,0
"15395",10,"F",7,"White","High",4,0,0,0,0,0,0,0,0,0,3,NA,FALSE,0
"15396",9,"M",7,"Hispanic","High",4,0,0,0,0,0,0,0,0,0,4,1,FALSE,0
"15397",10,"M",7,"White","High",2,0,0,0,1,0,0,0,0,1,1,1,TRUE,1
"15398",10,"M",7,"White","High",4,0,0,0,0,0,0,0,0,0,4,1,FALSE,0
"15399",9,"F",7,"White","High",3,0,0,0,0,0,0,0,0,0,2,1,FALSE,1
"15400",9,"F",7,"White","High",4,0,0,0,0,0,0,0,0,0,4,1,FALSE,0
"15401",9,"M",7,"Hispanic","High",4,0,0,0,0,0,0,0,0,0,4,1,FALSE,0
"15402",10,"M",7,"Hispanic","High",4,0,0,0,0,0,0,0,0,0,4,1,FALSE,0
"15403",7,"F",4,"White","High",4,0,0,0,0,0,0,0,0,0,4,1,FALSE,0
"15404",7,"F",4,"Hispanic","High",4,0,0,0,0,0,0,0,0,1,1,NA,TRUE,1
"15405",6,"F",4,"White","High",4,0,0,0,0,0,0,0,0,0,4,NA,FALSE,0
"15406",8,"M",5,"Black","High",4,0,0,0,0,0,0,0,0,0,4,NA,FALSE,0
"15407",6,"M",4,"Hispanic","High",2,0,0,0,0,0,0,0,0,0,1,1,FALSE,1
"15408",7,"M",5,"Black","High",4,0,0,0,0,0,0,0,0,0,4,1,FALSE,0
"15409",7,"M",4,"Hispanic","High",4,0,0,0,0,0,0,0,0,0,4,1,FALSE,0
"15410",NA,NA,NA,NA,NA,NA,NA,NA,NA,NA,NA,NA,NA,NA,NA,NA,NA,NA,NA
"15411",6,"M",4,"Asian","High",3,0,0,0,0,0,0,0,0,0,3,1,FALSE,0
"15412",7,"M",4,"Hispanic","High",4,0,0,0,0,0,1,0,0,0,4,NA,TRUE,0
"15413",7,"M",4,"Black","High",4,0,0,0,0,0,0,0,0,0,4,NA,FALSE,0
"15414",7,"M",4,"Hispanic","High",1,0,0,0,NA,NA,NA,NA,NA,0,NA,1,NA,NA
"15415",7,"M",4,"Hispanic","High",4,0,0,0,0,0,0,0,0,0,3,1,FALSE,0
"15416",6,"M",4,"Hispanic","High",4,0,0,0,0,0,0,0,0,0,4,1,FALSE,0
"15417",7,"M",4,"White","High",4,0,0,0,0,0,0,0,0,0,2,NA,FALSE,1
"15418",6,"M",4,"Hispanic","High",4,0,0,0,0,0,0,0,0,0,4,1,FALSE,0
"15419",8,"F",5,"White","High",4,0,0,0,0,0,0,0,0,0,4,1,FALSE,0
"15420",7,"M",4,"Hispanic","High",4,1,0,NA,0,0,0,1,0,1,3,NA,TRUE,0
"15421",9,"F",7,"Black","High",2,0,0,0,0,0,0,0,0,0,4,NA,FALSE,0
"15422",7,"F",5,"Black","High",4,0,0,0,0,0,0,0,0,0,4,1,FALSE,0
"15423",7,"F",5,"Asian","High",4,0,0,0,0,0,0,0,0,0,4,NA,FALSE,0
"15424",8,"F",5,"White","High",1,1,0,0,NA,NA,NA,NA,NA,0,1,NA,TRUE,1
"15425",7,"M",4,"White","High",3,0,0,0,0,0,0,0,0,0,3,NA,FALSE,0
"15426",7,"M",4,"Hispanic","High",4,0,0,0,0,0,0,0,0,0,4,1,FALSE,0
"15427",2,"M",5,"Black","High",4,0,0,0,0,0,0,0,0,0,4,1,FALSE,0
"15428",9,"M",6,"Hispanic","High",3,1,0,0,0,0,0,0,0,1,2,1,TRUE,1
"15429",7,"F",4,"Hispanic","High",4,0,0,0,0,0,0,0,0,0,4,1,FALSE,0
"15430",7,"F",4,"Asian","High",4,0,0,0,0,0,0,0,0,0,2,1,FALSE,1
"15431",10,"F",7,"Hispanic","High",4,0,0,0,0,0,0,0,0,0,4,1,FALSE,0
"15432",9,"M",6,"Hispanic","High",3,0,0,0,0,0,0,0,0,0,2,NA,FALSE,1
"15433",6,"F",4,"Asian","High",4,0,0,0,0,0,0,0,0,0,4,1,FALSE,0
"15434",7,"M",4,"Black","High",3,0,0,0,NA,NA,NA,NA,NA,0,3,1,NA,0
"15435",7,"M",4,"Hispanic","High",3,0,0,0,0,0,0,0,0,0,4,NA,FALSE,0
"15436",7,"M",4,"White","High",4,0,0,0,0,0,0,0,0,0,4,1,FALSE,0
"15437",8,"M",6,"Black","High",3,0,0,0,0,0,0,0,0,0,4,1,FALSE,0
"15438",8,"F",5,"Black","High",4,0,0,0,0,0,0,0,0,0,1,1,FALSE,1
"15439",7,"F",5,"Black","High",3,0,0,0,0,0,0,0,0,0,1,1,FALSE,1
"15440",10,"F",7,"White","High",3,0,0,0,0,0,0,0,0,0,2,1,FALSE,1
"15441",7,"F",4,"Black","High",4,0,0,0,0,0,0,0,0,0,4,1,FALSE,0
"15442",9,"M",5,"Hispanic","High",1,1,1,0,0,0,0,0,0,0,1,1,TRUE,1
"15443",7,"F",4,"Hispanic","High",4,0,0,0,0,0,0,0,0,0,4,1,FALSE,0
"15444",7,"F",5,"Asian","High",4,0,0,0,0,0,0,0,0,0,4,1,FALSE,0
"15445",8,"F",5,"Black","High",4,0,0,0,0,0,0,0,0,0,4,1,FALSE,0
"15446",7,"F",5,"Hispanic","High",3,0,0,0,0,0,0,0,0,0,2,NA,FALSE,1
"15447",7,"M",4,"Black","High",3,1,1,1,0,0,0,0,0,1,4,NA,TRUE,0
"15448",10,"F",7,"Asian","High",4,0,0,0,0,0,0,0,0,0,4,1,FALSE,0
"15449",8,"M",4,NA,"High",2,NA,0,0,0,0,0,0,0,0,2,NA,NA,1
"15450",9,"M",6,"Black","High",3,0,0,0,0,0,0,0,0,1,1,NA,TRUE,1
"15451",7,"F",4,"White","High",1,1,1,0,0,0,0,0,0,0,1,1,TRUE,1
"15452",7,"F",4,"Hispanic","High",4,0,0,0,0,0,0,0,0,0,2,1,FALSE,1
"15453",8,"F",5,"Asian","High",3,0,0,0,0,0,0,0,0,0,1,NA,FALSE,1
"15454",3,"M",1,"Hispanic","Middle",2,NA,NA,NA,0,0,0,1,0,NA,4,NA,TRUE,0
"15455",7,"F",4,"Hispanic","High",2,0,0,0,0,0,1,0,0,0,3,NA,TRUE,0
"15456",7,"M",4,"Black","High",4,0,0,0,0,0,0,0,0,0,4,1,FALSE,0
"15457",8,"M",5,"Asian","High",1,1,NA,NA,NA,NA,NA,NA,NA,NA,1,NA,TRUE,1
"15458",8,"F",5,"Hispanic","High",4,0,0,0,0,0,0,0,0,0,4,NA,FALSE,0
"15459",7,"M",5,"Hispanic","High",4,0,0,0,0,0,0,0,0,0,4,NA,FALSE,0
"15460",10,"M",6,"Asian","High",4,0,0,0,0,0,0,0,0,0,1,1,FALSE,1
"15461",7,"F",5,"Hispanic","High",4,0,0,0,0,0,0,0,0,0,1,1,FALSE,1
"15462",7,"F",4,"Black","High",3,0,0,0,0,0,0,0,0,0,1,NA,FALSE,1
"15463",7,"F",4,"Black","High",4,0,0,0,0,0,0,0,0,0,4,1,FALSE,0
"15464",7,"M",4,"Hispanic","High",2,0,0,0,0,0,0,0,0,1,2,1,TRUE,1
"15465",6,"F",4,"Black","High",2,0,1,0,0,0,1,0,0,0,2,NA,TRUE,1
"15466",7,"M",4,"Hispanic","High",4,0,0,0,0,0,0,0,0,0,2,1,FALSE,1
"15467",6,"F",4,"Hispanic","High",4,0,0,0,0,0,0,0,0,0,2,1,FALSE,1
"15468",7,"F",4,"Black","High",2,0,0,0,0,0,0,0,0,0,1,NA,FALSE,1
"15469",10,"M",7,"Black","High",4,1,0,NA,NA,NA,NA,NA,NA,NA,NA,NA,TRUE,NA
"15470",7,"M",4,"Hispanic","High",4,0,0,0,0,0,0,0,0,0,4,1,FALSE,0
"15471",7,"M",4,"Black","High",4,0,0,0,0,0,0,0,0,0,4,1,FALSE,0
"15472",6,"F",4,"Black","High",4,0,0,0,0,0,0,0,0,0,4,1,FALSE,0
"15473",9,"M",5,"Hispanic","High",4,0,0,0,0,0,1,0,0,0,4,NA,TRUE,0
"15474",8,"M",5,"White","High",4,0,0,0,0,0,0,0,0,0,4,1,FALSE,0
"15475",7,"M",4,"White","High",4,0,0,0,0,0,0,0,0,0,2,NA,FALSE,1
"15476",6,"F",4,"Black","High",3,0,0,0,0,0,0,0,0,0,1,NA,FALSE,1
"15477",8,"F",5,"Hispanic","High",4,0,0,0,0,0,0,0,0,0,4,1,FALSE,0
"15478",8,"F",5,"Asian","High",3,0,0,0,0,0,0,0,0,0,2,NA,FALSE,1
"15479",8,"F",5,"White","High",3,0,0,0,0,0,0,0,0,0,2,NA,FALSE,1
"15480",8,"M",5,"White","High",4,0,0,0,0,0,0,0,0,0,4,1,FALSE,0
"15481",7,"M",5,"White","High",4,0,0,0,0,0,0,0,0,0,4,1,FALSE,0
"15482",8,"M",5,"Hispanic","High",4,0,0,0,0,0,0,0,0,0,4,1,FALSE,0
"15483",8,"M",5,"White","High",4,0,0,0,0,0,0,0,0,0,4,NA,FALSE,0
"15484",9,"F",6,"Hispanic","High",2,0,0,0,0,0,0,0,0,1,1,1,TRUE,1
"15485",9,"M",6,"Hispanic","High",3,0,0,0,0,0,0,0,0,0,2,1,FALSE,1
"15486",9,"F",6,"White","High",4,0,0,0,0,0,0,0,0,0,2,1,FALSE,1
"15487",10,"F",7,"Hispanic","High",4,0,0,0,0,0,0,0,0,0,3,NA,FALSE,0
"15488",10,"F",7,"Black","High",4,0,NA,1,0,0,0,0,0,0,1,NA,TRUE,1
"15489",7,"M",4,"Black","High",NA,0,NA,NA,0,0,0,0,0,0,4,1,NA,0
"15490",7,"F",5,"Black","High",4,0,0,0,0,0,0,0,0,0,2,NA,FALSE,1
"15491",7,"M",5,"Black","High",4,0,0,0,0,0,0,0,0,0,4,NA,FALSE,0
"15492",11,"M",7,"Black","High",4,0,0,0,0,0,0,0,0,0,4,NA,FALSE,0
"15493",6,"F",4,"Black","High",4,0,0,0,0,0,0,0,0,0,4,NA,FALSE,0
"15494",7,"F",4,"Black","High",4,0,0,0,0,0,0,0,0,0,4,1,FALSE,0
"15495",9,"F",6,"Hispanic","High",3,0,0,0,0,0,0,0,0,0,2,1,FALSE,1
"15496",9,"F",6,"White","High",4,0,NA,0,0,0,0,0,0,0,4,1,NA,0
"15497",9,"M",6,"Black","High",2,NA,0,0,0,0,0,0,0,0,4,NA,NA,0
"15498",8,"F",4,"Black","High",3,0,0,0,1,1,1,0,0,1,1,1,TRUE,1
"15499",6,"F",4,"Hispanic","High",1,0,0,0,NA,NA,NA,NA,NA,1,1,1,TRUE,1
"15500",6,"F",4,"Black","High",4,0,0,0,0,0,0,0,0,0,1,1,FALSE,1
"15501",8,"F",5,"Hispanic","High",3,0,0,0,0,0,0,0,0,0,3,NA,FALSE,0
"15502",NA,NA,NA,NA,NA,NA,NA,NA,NA,0,0,0,0,0,NA,NA,NA,NA,NA
"15503",7,"M",4,"White","High",4,0,0,0,0,0,0,0,0,0,4,1,FALSE,0
"15504",6,"M",4,"Hispanic","High",3,0,0,0,0,0,0,0,0,0,1,1,FALSE,1
"15505",8,"M",5,"Asian","High",4,0,0,0,0,0,0,0,0,0,4,NA,FALSE,0
"15506",7,"M",4,"Black","High",4,0,0,0,0,0,0,0,0,0,2,1,FALSE,1
"15507",7,"M",4,"Hispanic","High",4,0,0,0,0,0,0,0,0,0,2,NA,FALSE,1
"15508",8,"M",5,"Hispanic","High",4,0,0,0,0,0,0,0,0,0,4,NA,FALSE,0
"15509",7,"F",5,"Hispanic","High",4,0,0,0,0,0,0,0,0,0,2,1,FALSE,1
"15510",8,"F",5,"Black","High",3,0,0,0,0,0,0,0,0,0,2,NA,FALSE,1
"15511",7,"F",5,"Hispanic","High",4,0,0,0,0,0,0,0,0,0,4,1,FALSE,0
"15512",8,"M",5,"White","High",3,0,0,0,0,0,0,0,0,0,2,NA,FALSE,1
"15513",8,"M",5,"White","High",1,1,NA,0,1,0,1,0,0,NA,1,NA,TRUE,1
"15514",8,"M",5,"Black","High",1,0,1,0,1,0,1,0,0,NA,3,NA,TRUE,0
"15515",8,"M",5,NA,"High",4,0,0,0,0,0,0,0,0,0,4,1,FALSE,0
"15516",7,"M",4,"Hispanic","High",4,0,0,0,0,0,0,0,0,0,4,1,FALSE,0
"15517",7,"F",5,NA,"High",1,0,0,0,0,0,0,0,0,0,1,NA,FALSE,1
"15518",8,"M",5,"Black","High",4,0,0,0,0,0,0,0,0,0,4,1,FALSE,0
"15519",9,"F",1,"Hispanic","Middle",1,1,1,1,0,0,1,0,0,1,1,NA,TRUE,1
"15520",10,"M",7,"Hispanic","High",4,0,0,0,0,0,0,0,0,0,1,NA,FALSE,1
"15521",7,"F",5,"Black","High",4,0,0,0,0,0,0,0,0,0,4,1,FALSE,0
"15522",7,"F",4,"Hispanic","High",2,0,1,0,0,0,0,0,0,0,3,NA,TRUE,0
"15523",6,"F",4,"Hispanic","High",3,0,0,0,0,0,0,0,0,0,1,NA,FALSE,1
"15524",8,"M",4,"Hispanic","High",4,0,0,0,0,0,0,0,0,0,3,1,FALSE,0
"15525",8,"M",5,"Black","High",4,0,0,0,0,0,0,0,0,0,4,1,FALSE,0
"15526",8,"F",4,"Hispanic","High",4,0,0,0,0,0,0,0,0,1,2,NA,TRUE,1
"15527",8,"F",5,"Hispanic","High",4,1,0,0,0,0,0,0,0,1,1,1,TRUE,1
"15528",7,"M",4,"White","High",3,0,1,1,1,0,1,0,0,0,1,NA,TRUE,1
"15529",7,"F",4,"Hispanic","High",4,0,0,0,0,0,0,0,0,0,1,NA,FALSE,1
"15530",7,"M",4,"Hispanic","High",2,0,0,0,0,0,1,0,0,0,1,NA,TRUE,1
"15531",9,"F",7,"White","High",4,0,0,0,0,0,0,0,0,0,3,NA,FALSE,0
"15532",7,"M",5,"Hispanic","High",3,0,0,0,0,0,0,0,0,0,2,1,FALSE,1
"15533",7,"M",4,"White","High",4,0,0,0,0,0,0,0,0,0,4,NA,FALSE,0
"15534",9,"F",6,"Asian","High",3,0,0,0,0,0,0,0,0,0,2,NA,FALSE,1
"15535",9,"F",6,"NHOPI","High",1,0,1,0,0,0,0,0,0,0,1,NA,TRUE,1
"15536",9,"F",6,"Black","High",3,0,0,0,0,0,0,0,0,0,1,NA,FALSE,1
"15537",8,"F",5,"Hispanic","High",1,0,0,0,0,0,0,0,0,1,1,NA,TRUE,1
"15538",8,"F",5,"White","High",4,0,0,0,0,0,0,0,0,0,2,1,FALSE,1
"15539",8,"F",5,"Hispanic","High",1,0,1,0,0,0,0,0,0,0,3,1,TRUE,0
"15540",8,"F",5,"Hispanic","High",3,0,0,0,0,0,0,0,0,0,2,1,FALSE,1
"15541",7,"F",5,"Black","High",3,0,0,0,0,0,0,0,0,0,4,1,FALSE,0
"15542",8,"M",5,"Black","High",1,0,0,0,0,0,0,0,0,0,1,1,FALSE,1
"15543",8,"F",6,"Hispanic","High",4,0,0,0,0,0,0,0,0,0,4,1,FALSE,0
"15544",9,"M",6,"Black","High",4,0,0,0,0,0,0,0,0,0,1,NA,FALSE,1
"15545",8,"F",5,"Hispanic","High",1,0,1,0,0,0,0,0,0,0,4,NA,TRUE,0
"15546",7,"M",4,"Black","High",4,0,0,0,0,0,0,0,0,0,4,1,FALSE,0
"15547",7,"F",4,"Hispanic","High",3,0,0,0,0,0,0,0,0,0,2,NA,FALSE,1
"15548",8,"F",5,"Black","High",1,0,0,0,0,0,0,0,0,0,4,NA,FALSE,0
"15549",8,"F",5,"Black","High",3,0,0,0,0,0,0,0,0,0,2,1,FALSE,1
"15550",9,"F",7,"Black","High",4,0,0,0,0,0,0,0,0,0,4,1,FALSE,0
"15551",9,"F",6,"Black","High",4,0,0,0,0,0,0,0,0,0,4,1,FALSE,0
"15552",7,"F",5,"Hispanic","High",4,0,0,0,0,0,0,0,0,0,4,1,FALSE,0
"15553",10,"F",7,"Black","High",4,0,0,0,0,0,0,0,0,0,4,1,FALSE,0
"15554",10,"F",7,"Black","High",4,0,0,0,0,0,0,0,0,0,2,NA,FALSE,1
"15555",10,"F",7,"Black","High",4,0,0,0,0,0,0,0,0,0,4,1,FALSE,0
"15556",9,"F",6,"Black","High",4,0,0,0,0,0,0,0,0,0,4,1,FALSE,0
"15557",8,"F",5,"Hispanic","High",4,0,0,0,0,0,0,0,0,0,3,NA,FALSE,0
"15558",8,"F",6,"White","High",4,0,0,0,0,0,0,0,0,0,4,1,FALSE,0
"15559",10,"F",7,"Hispanic","High",4,0,0,0,0,0,0,0,0,0,1,NA,FALSE,1
"15560",8,"F",5,"White","High",1,1,1,0,0,0,0,0,0,1,1,NA,TRUE,1
"15561",8,"F",6,"Hispanic","High",2,0,0,0,0,0,0,0,0,0,1,1,FALSE,1
"15562",8,NA,NA,"Hispanic",NA,3,0,0,0,0,0,0,0,0,0,4,NA,FALSE,0
"15563",9,"F",7,"Black","High",2,0,0,0,0,0,0,0,0,0,2,NA,FALSE,1
"15564",8,"F",5,"Hispanic","High",3,0,0,0,0,0,1,0,0,1,1,NA,TRUE,1
"15565",8,"F",5,"Hispanic","High",3,0,0,0,0,0,0,0,0,0,2,1,FALSE,1
"15566",9,"F",6,"Hispanic","High",4,0,0,0,0,0,0,0,0,0,1,1,FALSE,1
"15567",9,"F",6,"Hispanic","High",4,0,0,0,0,0,0,0,0,0,4,NA,FALSE,0
"15568",9,"F",6,"White","High",4,0,0,0,0,0,0,0,0,0,4,1,FALSE,0
"15569",9,"F",6,"Hispanic","High",4,0,0,0,0,0,0,0,0,0,4,1,FALSE,0
"15570",9,"F",7,"White","High",4,0,0,0,0,0,0,0,0,0,4,NA,FALSE,0
"15571",8,"F",5,"White","High",4,0,NA,0,0,0,0,0,0,0,4,1,NA,0
"15572",8,"F",5,"NHOPI","High",4,0,0,0,0,0,0,0,0,0,2,NA,FALSE,1
"15573",7,"F",5,"Hispanic","High",4,0,0,0,0,0,0,0,0,0,4,1,FALSE,0
"15574",10,"F",7,"Hispanic","High",3,0,0,0,0,0,0,0,0,0,2,1,FALSE,1
"15575",9,"F",6,"White","High",3,0,0,0,0,0,0,0,0,0,1,1,FALSE,1
"15576",9,"F",6,"Hispanic","High",3,0,0,0,0,0,0,0,0,0,2,NA,FALSE,1
"15577",7,"F",5,"White","High",4,0,0,0,0,0,0,0,0,0,2,NA,FALSE,1
"15578",8,"F",5,"Hispanic","High",4,0,0,0,0,0,0,0,0,0,3,1,FALSE,0
"15579",8,"F",5,"Hispanic","High",1,1,NA,1,0,0,0,0,0,0,4,NA,TRUE,0
"15580",3,"F",2,"White","Middle",2,1,1,0,0,0,1,0,0,0,1,NA,TRUE,1
"15581",7,"F",5,"Black","High",3,0,0,0,0,0,0,0,0,0,1,1,FALSE,1
"15582",6,"F",3,"White","Middle",4,0,0,0,0,0,0,0,0,0,3,1,FALSE,0
"15583",4,"F",2,"Hispanic","Middle",4,0,0,0,0,0,0,0,0,0,4,1,FALSE,0
"15584",4,"F",2,"White","Middle",4,0,0,0,0,0,0,0,0,0,4,NA,FALSE,0
"15585",4,"F",2,"White","Middle",4,0,0,0,0,0,0,0,0,0,4,1,FALSE,0
"15586",5,"F",3,"White","Middle",4,0,0,0,0,0,0,0,0,0,4,1,FALSE,0
"15587",6,"M",3,"Hispanic","Middle",4,0,0,0,0,0,0,0,0,0,2,NA,FALSE,1
"15588",6,"F",3,"White","Middle",4,0,0,0,0,0,0,0,0,0,4,1,FALSE,0
"15589",6,"F",3,"White","Middle",3,0,0,0,0,0,0,0,0,0,2,NA,FALSE,1
"15590",6,"F",3,"White","Middle",3,0,0,0,0,0,0,0,0,0,2,NA,FALSE,1
"15591",5,"F",3,"White","Middle",4,0,0,0,0,0,0,0,0,0,3,NA,FALSE,0
"15592",6,"M",3,"Hispanic","Middle",4,0,0,0,0,0,0,0,0,0,3,1,FALSE,0
"15593",6,"F",3,"White","Middle",4,0,0,0,0,0,0,0,0,0,4,1,FALSE,0
"15594",5,"F",3,"White","Middle",4,0,0,0,0,0,0,0,0,0,2,1,FALSE,1
"15595",6,"M",3,"Hispanic","Middle",4,0,0,0,0,0,0,0,0,0,4,1,FALSE,0
"15596",6,"F",3,"Hispanic","Middle",4,0,0,0,0,0,0,0,0,0,4,1,FALSE,0
"15597",5,"F",2,"Hispanic","Middle",4,0,0,0,0,0,0,0,0,0,2,NA,FALSE,1
"15598",4,"F",2,"White","Middle",4,0,0,0,0,0,0,0,0,0,4,1,FALSE,0
"15599",5,"F",3,"White","Middle",4,0,0,0,0,0,0,0,0,0,4,1,FALSE,0
"15600",6,"F",3,"White","Middle",4,0,0,0,0,0,0,0,0,0,4,1,FALSE,0
"15601",6,"M",3,"White","Middle",4,0,0,0,0,0,0,0,0,0,4,1,FALSE,0
"15602",5,"F",3,"White","Middle",4,0,0,0,0,0,0,0,0,0,2,1,FALSE,1
"15603",4,"F",2,"Hispanic","Middle",4,0,0,0,0,0,0,0,0,0,4,1,FALSE,0
"15604",4,"F",2,"White","Middle",4,0,0,0,0,0,0,0,0,0,4,1,FALSE,0
"15605",5,"F",2,"White","Middle",3,0,0,0,0,0,0,0,0,0,3,NA,FALSE,0
"15606",4,"F",2,"White","Middle",4,0,0,0,0,0,0,0,0,0,4,1,FALSE,0
"15607",5,"F",2,"White","Middle",4,0,0,0,0,0,0,0,0,0,4,NA,FALSE,0
"15608",5,"F",2,"White","Middle",4,0,0,0,0,0,0,0,0,0,4,1,FALSE,0
"15609",4,"F",2,"White","Middle",4,0,0,0,0,0,0,0,0,0,4,1,FALSE,0
"15610",5,"F",2,"Hispanic","Middle",4,0,0,0,0,0,0,0,0,0,4,1,FALSE,0
"15611",4,"F",2,"Hispanic","Middle",4,0,0,0,0,0,0,0,0,0,4,1,FALSE,0
"15612",4,"F",2,"Hispanic","Middle",4,0,0,0,0,0,0,0,0,0,4,1,FALSE,0
"15613",5,"F",2,"White","Middle",4,0,0,0,0,0,0,0,0,0,4,1,FALSE,0
"15614",4,"F",2,"White","Middle",4,0,0,0,0,0,0,0,0,0,4,1,FALSE,0
"15615",5,"F",2,"White","Middle",4,0,0,0,0,0,0,0,0,0,4,NA,FALSE,0
"15616",5,"F",2,"White","Middle",4,0,0,0,0,0,0,0,0,0,4,1,FALSE,0
"15617",4,"F",2,"White","Middle",4,0,0,0,0,0,0,0,0,0,4,1,FALSE,0
"15618",4,"F",2,"Hispanic","Middle",4,0,0,0,0,0,0,0,0,0,4,1,FALSE,0
"15619",5,"F",2,"White","Middle",4,0,0,0,0,0,0,0,0,0,4,1,FALSE,0
"15620",4,"F",2,"White","Middle",4,0,0,0,0,0,0,0,0,0,4,1,FALSE,0
"15621",5,"F",2,"Hispanic","Middle",4,0,0,0,0,0,0,0,0,0,4,1,FALSE,0
"15622",6,"F",3,"White","Middle",4,0,0,0,0,0,0,0,0,0,2,NA,FALSE,1
"15623",6,"F",3,"White","Middle",4,0,0,0,0,0,0,0,0,0,2,NA,FALSE,1
"15624",7,"M",3,"White","Middle",4,0,0,0,0,0,0,0,0,0,4,NA,FALSE,0
"15625",5,"M",3,"Hispanic","Middle",3,0,0,0,0,0,0,0,0,0,4,1,FALSE,0
"15626",6,"M",3,"White","Middle",4,0,0,0,0,0,0,0,0,0,4,1,FALSE,0
"15627",6,"F",3,"White","Middle",4,0,0,0,0,0,0,0,0,0,4,1,FALSE,0
"15628",6,"M",3,"Hispanic","Middle",4,1,0,0,0,0,1,0,0,1,2,1,TRUE,1
"15629",6,"M",3,"Hispanic","Middle",4,0,0,0,0,0,0,0,0,0,4,1,FALSE,0
"15630",6,"M",3,"Hispanic","Middle",4,0,0,0,0,0,0,0,0,0,3,1,FALSE,0
"15631",6,"F",3,"White","Middle",4,0,0,0,0,0,0,0,0,0,3,1,FALSE,0
"15632",6,"M",3,"White","Middle",4,0,0,0,0,0,0,0,0,0,4,1,FALSE,0
"15633",5,"F",3,"Hispanic","Middle",4,0,0,0,0,0,0,0,0,0,3,1,FALSE,0
"15634",6,"M",3,"White","Middle",4,0,0,0,0,0,0,0,0,0,4,1,FALSE,0
"15635",5,"F",3,"White","Middle",4,0,0,0,0,0,0,0,0,0,4,1,FALSE,0
"15636",5,"M",3,"Asian","Middle",4,0,0,0,0,0,0,0,0,0,4,1,FALSE,0
"15637",6,"M",3,"Hispanic","Middle",3,0,0,0,0,0,0,0,0,0,1,1,FALSE,1
"15638",6,"M",3,"White","Middle",4,0,0,0,0,0,0,0,0,0,4,1,FALSE,0
"15639",6,"M",3,"White","Middle",4,0,0,0,NA,NA,NA,NA,NA,0,4,1,NA,0
"15640",5,"F",3,"AI/AN","Middle",4,0,0,0,0,0,0,0,0,0,4,1,FALSE,0
"15641",6,"M",3,"Hispanic","Middle",4,1,0,0,0,0,1,0,0,1,4,1,TRUE,0
"15642",5,"M",3,"White","Middle",4,0,0,0,0,0,0,0,0,0,4,1,FALSE,0
"15643",6,"M",3,"White","Middle",4,0,0,0,0,0,0,0,0,0,4,1,FALSE,0
"15644",6,"F",3,"White","Middle",4,0,0,0,0,0,0,0,0,0,4,NA,FALSE,0
"15645",4,"F",2,"White","Middle",4,NA,0,0,NA,NA,NA,NA,NA,0,4,1,NA,0
"15646",5,"F",2,"Hispanic","Middle",4,0,0,0,0,0,0,0,0,0,4,1,FALSE,0
"15647",5,"F",2,"White","Middle",4,0,0,0,0,0,0,0,0,0,4,1,FALSE,0
"15648",5,"F",2,"White","Middle",4,0,0,0,0,0,0,0,0,0,4,1,FALSE,0
"15649",4,"F",2,"White","Middle",4,0,0,0,0,0,0,0,0,0,4,1,FALSE,0
"15650",4,"F",2,"Hispanic","Middle",4,0,0,0,0,0,0,0,0,0,4,1,FALSE,0
"15651",5,"F",2,"Hispanic","Middle",4,0,0,0,0,0,0,0,0,0,4,1,FALSE,0
"15652",6,"F",3,"Hispanic","Middle",4,0,0,0,0,0,0,0,0,0,4,1,FALSE,0
"15653",6,"F",3,"Hispanic","Middle",4,0,0,0,0,0,0,0,0,0,4,1,FALSE,0
"15654",6,"F",3,NA,"Middle",4,0,0,0,0,0,0,0,0,0,4,1,FALSE,0
"15655",6,"F",3,"White","Middle",4,0,0,0,0,0,0,0,0,0,4,1,FALSE,0
"15656",5,"M",3,"Hispanic","Middle",4,0,0,0,0,0,0,0,0,0,4,NA,FALSE,0
"15657",6,"M",3,"White","Middle",4,0,0,0,0,0,0,0,0,0,4,1,FALSE,0
"15658",6,"M",3,"Hispanic","Middle",4,0,0,0,0,0,0,0,0,0,3,1,FALSE,0
"15659",6,"F",3,"Hispanic","Middle",3,0,0,0,0,0,0,0,0,0,2,NA,FALSE,1
"15660",6,"M",3,"Hispanic","Middle",3,0,0,0,0,0,0,0,0,1,1,1,TRUE,1
"15661",5,"F",3,"White","Middle",4,0,0,0,0,0,0,0,0,0,4,1,FALSE,0
"15662",5,"M",3,"White","Middle",4,0,0,0,0,0,0,0,0,0,4,1,FALSE,0
"15663",6,"F",3,"Hispanic","Middle",3,0,0,0,0,0,0,0,0,0,2,1,FALSE,1
"15664",6,"M",3,"White","Middle",4,0,0,0,0,0,0,0,0,0,4,1,FALSE,0
"15665",5,"M",3,"White","Middle",4,0,0,0,0,0,0,0,0,0,4,1,FALSE,0
"15666",6,"F",3,"White","Middle",4,0,0,0,0,0,0,0,0,0,4,1,FALSE,0
"15667",6,"M",3,"Hispanic","Middle",4,1,0,0,1,0,0,0,0,1,1,NA,TRUE,1
"15668",5,"F",3,"Hispanic","Middle",4,0,0,0,0,0,0,0,0,0,3,NA,FALSE,0
"15669",5,"F",3,"White","Middle",3,0,0,0,0,0,0,0,0,0,2,1,FALSE,1
"15670",5,"M",3,"White","Middle",4,0,0,0,0,0,0,0,0,0,1,NA,FALSE,1
"15671",6,"M",3,"Black","Middle",4,0,0,0,0,0,0,0,0,0,4,1,FALSE,0
"15672",5,"F",2,"White","Middle",4,0,0,0,0,0,0,0,0,0,4,1,FALSE,0
"15673",5,"F",2,"Hispanic","Middle",3,0,0,0,0,0,1,0,0,1,2,NA,TRUE,1
"15674",5,"F",2,"Hispanic","Middle",4,0,0,0,0,0,1,0,0,1,2,1,TRUE,1
"15675",5,"F",2,"White","Middle",4,0,0,0,0,0,0,0,0,0,4,NA,FALSE,0
"15676",5,"F",2,"White","Middle",3,0,0,0,NA,NA,NA,NA,NA,0,1,1,NA,1
"15677",6,"F",3,"White","Middle",4,0,0,0,0,0,0,0,0,0,4,1,FALSE,0
"15678",5,"F",3,"White","Middle",4,0,0,0,0,0,0,0,0,0,2,NA,FALSE,1
"15679",5,"F",3,"Hispanic","Middle",4,0,0,0,0,0,0,0,0,0,4,1,FALSE,0
"15680",6,"M",3,"White","Middle",4,0,0,0,0,0,0,0,0,0,4,1,FALSE,0
"15681",5,"F",3,"Asian","Middle",4,0,0,0,0,0,0,0,0,0,2,1,FALSE,1
"15682",6,"F",3,"White","Middle",4,0,0,0,0,0,0,0,0,0,2,1,FALSE,1
"15683",5,"F",3,"White","Middle",4,0,0,0,0,0,0,0,0,0,4,NA,FALSE,0
"15684",9,"F",6,"White","High",3,0,0,0,0,0,0,0,0,0,2,NA,FALSE,1
"15685",9,"M",6,"White","High",4,0,0,0,0,0,0,0,0,0,1,1,FALSE,1
"15686",9,"M",6,"White","High",2,0,0,0,0,0,0,0,0,1,1,1,TRUE,1
"15687",9,"M",6,"White","High",4,0,0,0,0,0,0,0,0,0,4,1,FALSE,0
"15688",9,"F",6,"Hispanic","High",4,0,0,0,0,0,0,0,0,0,1,1,FALSE,1
"15689",9,"F",6,"White","High",4,0,0,0,0,0,0,0,0,0,2,NA,FALSE,1
"15690",9,"M",6,"White","High",4,0,0,0,0,0,0,0,0,1,1,1,TRUE,1
"15691",8,"M",6,"White","High",4,0,0,0,0,0,0,0,0,0,4,1,FALSE,0
"15692",8,"M",6,NA,"High",4,0,0,0,0,0,0,0,0,0,1,1,FALSE,1
"15693",8,"M",6,"Hispanic","High",4,0,0,0,0,0,0,0,0,0,4,NA,FALSE,0
"15694",8,"F",6,"White","High",4,0,0,0,0,0,0,0,0,0,4,1,FALSE,0
"15695",9,"F",6,"White","High",4,0,0,0,0,0,0,0,0,0,4,1,FALSE,0
"15696",9,"M",6,"Hispanic","High",3,0,0,0,0,0,0,0,0,0,4,1,FALSE,0
"15697",9,"F",6,"White","High",4,0,0,0,0,0,0,0,0,0,4,1,FALSE,0
"15698",9,"F",6,"White","High",4,0,0,0,0,0,0,0,0,0,3,1,FALSE,0
"15699",9,"M",6,"White","High",4,0,0,0,0,0,0,0,0,0,4,1,FALSE,0
"15700",9,"F",6,"White","High",4,0,0,0,0,0,0,0,0,0,4,1,FALSE,0
"15701",9,"F",6,"White","High",4,0,0,0,0,0,0,0,0,0,4,1,FALSE,0
"15702",8,"F",6,"White","High",4,0,0,0,0,0,0,0,0,0,4,1,FALSE,0
"15703",8,"F",6,"White","High",4,0,0,0,0,0,0,0,0,0,4,1,FALSE,0
"15704",9,"F",6,"White","High",4,0,0,0,0,0,0,0,0,0,4,1,FALSE,0
"15705",8,"F",6,"White","High",4,0,0,0,0,0,0,0,0,0,4,1,FALSE,0
"15706",8,"F",6,"AI/AN","High",1,0,0,0,0,0,1,0,0,1,1,1,TRUE,1
"15707",1,"M",7,"Hispanic","High",1,1,1,1,1,1,1,1,1,1,1,NA,TRUE,1
"15708",8,"M",6,"White","High",4,0,0,0,0,0,0,0,0,0,4,1,FALSE,0
"15709",8,"M",5,"White","High",4,0,0,0,0,0,0,0,0,0,4,1,FALSE,0
"15710",8,"F",5,"White","High",3,1,1,0,0,0,0,0,0,1,1,1,TRUE,1
"15711",8,"M",5,"Hispanic","High",4,0,0,0,0,0,0,0,0,0,4,1,FALSE,0
"15712",8,"F",5,"White","High",4,0,0,0,0,0,0,0,0,0,4,1,FALSE,0
"15713",8,"F",5,"White","High",4,0,0,0,0,0,0,0,0,0,4,1,FALSE,0
"15714",8,"M",5,"White","High",4,0,0,0,0,0,0,0,0,0,4,1,FALSE,0
"15715",8,"F",5,"White","High",2,1,0,0,0,0,1,0,1,0,1,NA,TRUE,1
"15716",7,"M",5,"Hispanic","High",1,NA,1,1,0,0,1,0,0,1,1,1,TRUE,1
"15717",8,"F",5,"AI/AN","High",3,1,0,0,0,0,1,0,0,1,1,1,TRUE,1
"15718",8,"M",5,"White","High",3,0,0,0,0,0,0,0,0,0,2,1,FALSE,1
"15719",8,"F",5,"White","High",4,0,0,0,0,0,0,0,0,0,4,1,FALSE,0
"15720",7,"M",5,"White","High",3,0,0,0,0,0,0,0,0,0,3,1,FALSE,0
"15721",7,"F",5,"White","High",4,0,0,0,0,0,0,0,0,0,4,1,FALSE,0
"15722",8,"F",5,"White","High",1,1,0,0,0,0,1,0,0,1,1,NA,TRUE,1
"15723",7,"F",5,"White","High",3,0,0,0,0,0,0,0,0,0,2,1,FALSE,1
"15724",8,"M",5,"White","High",4,0,0,0,0,0,0,0,0,0,4,NA,FALSE,0
"15725",8,"M",5,"Hispanic","High",4,0,0,0,0,0,0,0,0,0,1,1,FALSE,1
"15726",7,"M",5,"Asian","High",4,0,0,0,0,0,0,0,0,0,4,1,FALSE,0
"15727",6,"F",4,"White","High",4,0,0,0,0,0,0,0,0,0,4,1,FALSE,0
"15728",6,"F",4,NA,"High",4,0,0,0,0,0,0,0,0,0,1,NA,FALSE,1
"15729",7,"M",4,"White","High",3,0,0,0,0,0,0,0,0,0,1,NA,FALSE,1
"15730",6,"F",4,"White","High",4,1,0,0,0,0,0,0,0,0,2,NA,TRUE,1
"15731",7,"F",4,"White","High",4,0,0,0,0,0,0,0,0,0,4,1,FALSE,0
"15732",7,"M",4,"White","High",4,0,0,0,0,0,0,0,0,0,4,1,FALSE,0
"15733",10,"F",7,"White","High",4,0,0,0,0,0,0,0,0,0,4,1,FALSE,0
"15734",10,"F",7,"White","High",3,0,0,0,0,0,0,0,0,0,2,NA,FALSE,1
"15735",9,"F",7,"White","High",4,0,0,0,0,0,0,0,0,0,4,1,FALSE,0
"15736",9,"F",7,"White","High",4,0,0,0,0,0,0,0,0,0,2,NA,FALSE,1
"15737",9,"F",7,"White","High",4,1,0,0,0,0,0,0,0,0,2,NA,TRUE,1
"15738",10,"F",7,"White","High",4,0,0,0,0,0,0,0,0,1,1,1,TRUE,1
"15739",9,"M",7,"White","High",4,0,0,0,0,0,0,0,0,0,4,1,FALSE,0
"15740",10,"M",7,"White","High",4,0,0,0,0,0,0,0,0,0,4,1,FALSE,0
"15741",9,"M",7,"Hispanic","High",3,0,0,0,0,0,0,0,0,0,2,1,FALSE,1
"15742",9,"M",7,"White","High",4,0,0,0,0,0,0,0,0,0,4,1,FALSE,0
"15743",9,"F",7,"White","High",3,1,0,0,0,0,1,0,0,0,1,NA,TRUE,1
"15744",9,"F",7,"White","High",4,0,0,0,0,0,0,0,0,0,3,NA,FALSE,0
"15745",10,"M",7,"White","High",4,0,0,0,0,0,0,0,0,0,1,1,FALSE,1
"15746",9,"F",7,"Hispanic","High",3,0,0,0,0,0,0,0,0,0,1,1,FALSE,1
"15747",10,"M",7,"Hispanic","High",4,1,0,1,0,0,0,0,0,1,1,NA,TRUE,1
"15748",9,"M",7,"White","High",4,0,0,0,0,0,0,0,0,0,4,1,FALSE,0
"15749",9,"M",7,"White","High",4,0,0,0,0,0,0,0,0,0,4,1,FALSE,0
"15750",10,"M",7,"White","High",4,0,0,0,0,0,0,0,0,0,4,1,FALSE,0
"15751",9,"M",7,"Hispanic","High",3,1,0,0,0,0,1,0,0,1,1,1,TRUE,1
"15752",10,"M",7,"Hispanic","High",4,0,0,0,0,0,0,0,0,0,3,1,FALSE,0
"15753",10,"M",7,"White","High",4,0,0,0,0,0,0,0,0,0,2,1,FALSE,1
"15754",10,"M",7,"White","High",3,0,0,0,0,0,0,0,0,0,2,1,FALSE,1
"15755",10,"F",7,"Hispanic","High",4,0,0,0,0,0,0,0,0,0,1,NA,FALSE,1
"15756",10,"F",7,"Hispanic","High",3,0,0,0,0,0,0,0,0,1,2,1,TRUE,1
"15757",6,"M",4,"Hispanic","High",1,1,1,1,0,1,1,0,1,1,1,NA,TRUE,1
"15758",7,"F",4,"Hispanic","High",4,0,0,0,0,0,0,0,0,0,2,1,FALSE,1
"15759",6,"M",4,"White","High",4,0,0,NA,0,0,0,0,0,0,4,1,NA,0
"15760",6,"F",4,"Hispanic","High",4,0,0,0,0,0,0,0,0,0,4,1,FALSE,0
"15761",7,"F",4,"White","High",3,0,0,0,0,0,0,0,0,0,4,1,FALSE,0
"15762",7,"F",4,"White","High",4,0,0,0,0,0,0,0,0,0,3,NA,FALSE,0
"15763",7,"F",4,"White","High",4,0,0,0,0,0,0,0,0,0,4,1,FALSE,0
"15764",6,"F",4,"White","High",4,0,0,0,0,0,0,0,0,0,4,1,FALSE,0
"15765",7,"F",4,"White","High",4,0,0,0,0,0,0,0,0,0,4,1,FALSE,0
"15766",7,"F",4,"White","High",4,0,0,0,0,0,0,0,0,0,4,1,FALSE,0
"15767",7,"M",4,"White","High",2,1,1,1,0,0,1,0,0,1,1,1,TRUE,1
"15768",6,"F",4,"White","High",4,0,0,0,0,0,0,0,0,0,2,1,FALSE,1
"15769",7,"F",4,"White","High",4,0,0,0,0,0,0,0,0,0,4,1,FALSE,0
"15770",7,"M",4,"White","High",4,0,0,0,0,0,0,0,0,0,4,1,FALSE,0
"15771",6,"F",4,"White","High",4,0,0,0,0,0,0,0,0,0,4,1,FALSE,0
"15772",7,"F",4,"White","High",4,0,0,0,0,0,0,0,0,0,3,1,FALSE,0
"15773",7,"M",4,"White","High",4,0,0,0,0,0,0,0,0,0,4,NA,FALSE,0
"15774",6,"M",4,"White","High",3,0,0,0,0,0,0,0,0,0,1,1,FALSE,1
"15775",7,"F",4,"White","High",4,0,0,0,0,0,0,0,0,0,4,1,FALSE,0
"15776",6,"F",4,"White","High",4,0,0,0,0,0,0,0,0,0,4,1,FALSE,0
"15777",6,"F",4,"White","High",4,0,0,0,0,0,0,0,0,0,4,NA,FALSE,0
"15778",7,"F",4,"White","High",4,0,0,0,0,0,0,0,0,0,1,1,FALSE,1
"15779",6,"M",4,"White","High",4,0,0,0,0,0,0,0,0,0,4,1,FALSE,0
"15780",6,"F",4,"White","High",4,0,0,0,0,0,0,0,0,0,4,1,FALSE,0
"15781",6,"M",4,"AI/AN","High",4,0,0,0,0,0,0,0,0,0,4,1,FALSE,0
"15782",3,"M",1,"White","Middle",4,0,0,0,0,0,0,0,0,0,4,1,FALSE,0
"15783",3,"F",1,"White","Middle",4,0,0,0,0,0,0,0,0,0,2,NA,FALSE,1
"15784",3,"F",1,"White","Middle",3,0,0,0,0,0,0,0,0,0,3,NA,FALSE,0
"15785",4,"M",1,"White","Middle",4,0,0,0,0,0,0,0,0,0,NA,1,FALSE,NA
"15786",4,"M",1,"White","Middle",4,0,0,0,0,0,0,0,0,0,4,1,FALSE,0
"15787",4,"M",1,"White","Middle",4,0,0,0,0,0,0,0,0,0,4,1,FALSE,0
"15788",3,"F",1,"White","Middle",4,0,0,0,0,0,0,0,0,0,4,1,FALSE,0
"15789",3,"F",1,"White","Middle",4,0,0,0,0,0,0,0,0,0,4,1,FALSE,0
"15790",3,"M",1,"White","Middle",4,0,0,0,0,0,0,0,0,0,4,1,FALSE,0
"15791",3,"M",1,"White","Middle",4,0,0,0,0,0,0,0,0,0,4,1,FALSE,0
"15792",4,"F",1,"White","Middle",4,0,0,0,0,0,0,0,0,0,4,1,FALSE,0
"15793",4,"M",1,"White","Middle",4,0,0,0,0,0,0,0,0,0,4,1,FALSE,0
"15794",3,"F",1,"White","Middle",4,0,0,0,0,0,0,0,0,0,4,1,FALSE,0
"15795",4,"M",1,"Hispanic","Middle",4,0,0,0,0,0,0,0,0,0,4,1,FALSE,0
"15796",4,"M",1,"White","Middle",4,0,0,0,0,0,0,0,0,0,4,1,FALSE,0
"15797",3,"M",1,"White","Middle",4,0,0,0,0,0,0,0,0,0,4,1,FALSE,0
"15798",4,"M",1,"White","Middle",4,0,0,0,0,0,0,0,0,0,4,1,FALSE,0
"15799",4,"F",1,"White","Middle",4,0,0,0,0,0,0,0,0,0,4,1,FALSE,0
"15800",3,"M",1,"White","Middle",4,0,0,0,0,0,0,0,0,0,3,1,FALSE,0
"15801",3,"F",1,"White","Middle",4,0,0,0,0,0,0,0,0,0,4,1,FALSE,0
"15802",3,"F",1,"White","Middle",4,0,0,0,0,0,0,0,0,0,4,1,FALSE,0
"15803",4,"M",1,"White","Middle",4,0,0,0,0,0,0,0,0,0,4,1,FALSE,0
"15804",4,"M",1,"White","Middle",4,0,0,0,0,0,0,0,0,0,4,1,FALSE,0
"15805",3,"F",1,"White","Middle",4,0,0,0,0,0,0,0,0,0,4,1,FALSE,0
"15806",3,"F",1,"White","Middle",4,0,0,0,0,0,0,0,0,0,4,1,FALSE,0
"15807",3,"F",1,"White","Middle",4,0,0,0,0,0,0,0,0,0,2,NA,FALSE,1
"15808",3,"F",1,"White","Middle",4,0,0,0,0,0,0,0,0,0,4,1,FALSE,0
"15809",4,"M",1,"White","Middle",4,0,0,0,0,0,0,0,0,0,4,1,FALSE,0
"15810",3,"F",1,"White","Middle",4,0,0,0,0,0,0,0,0,0,4,1,FALSE,0
"15811",4,"M",1,"Black","Middle",3,0,0,0,0,0,0,0,0,0,1,1,FALSE,1
"15812",4,"F",1,"White","Middle",4,0,0,0,0,0,0,0,0,0,4,1,FALSE,0
"15813",9,"M",7,"Hispanic","High",4,0,0,0,0,0,0,0,0,0,1,NA,FALSE,1
"15814",9,"M",6,"White","High",3,1,1,0,0,0,1,0,0,1,1,1,TRUE,1
"15815",9,"M",6,"Hispanic","High",1,1,1,1,1,1,1,1,1,1,1,NA,TRUE,1
"15816",9,"F",6,"Hispanic","High",4,0,0,0,0,0,0,0,0,0,4,1,FALSE,0
"15817",11,"M",7,"Hispanic","High",4,0,0,0,0,0,0,0,0,0,4,1,FALSE,0
"15818",11,"F",7,"Hispanic","High",4,0,0,0,0,0,0,0,0,0,1,NA,FALSE,1
"15819",10,"M",7,"Black","High",2,0,1,0,1,0,1,0,0,0,4,NA,TRUE,0
"15820",9,"M",7,"Black","High",3,0,0,0,0,0,0,0,0,0,1,1,FALSE,1
"15821",8,"M",6,"Black","High",4,0,0,0,0,0,0,0,0,0,1,1,FALSE,1
"15822",8,"M",6,"Hispanic","High",4,0,0,0,0,0,0,0,0,0,4,NA,FALSE,0
"15823",10,"F",7,"Hispanic","High",4,0,0,0,0,0,0,0,0,0,1,NA,FALSE,1
"15824",9,"M",6,"Black","High",4,0,0,0,0,0,0,0,0,0,4,1,FALSE,0
"15825",11,"M",7,"White","High",1,0,1,0,0,0,1,0,0,1,1,NA,TRUE,1
"15826",9,"F",6,"White","High",4,0,0,0,0,0,0,0,0,0,3,NA,FALSE,0
"15827",8,"M",6,"Hispanic","High",4,0,0,0,0,0,0,0,0,0,4,NA,FALSE,0
"15828",9,"M",6,"Hispanic","High",3,0,0,0,0,0,1,0,0,1,1,1,TRUE,1
"15829",8,"M",6,"Black","High",2,1,1,0,0,0,0,0,0,1,1,1,TRUE,1
"15830",9,"M",6,"Black","High",4,0,0,0,0,0,0,0,0,0,4,1,FALSE,0
"15831",9,"M",6,"Hispanic","High",4,0,0,0,0,0,0,0,0,0,4,1,FALSE,0
"15832",10,"M",7,"Black","High",2,1,NA,NA,0,0,1,0,0,NA,1,NA,TRUE,1
"15833",10,"F",7,"Hispanic","High",3,0,NA,0,0,0,0,0,0,0,2,1,NA,1
"15834",9,"M",6,"Black","High",4,0,0,0,0,0,0,0,0,0,4,NA,FALSE,0
"15835",10,"M",7,"White","High",3,0,0,0,0,0,0,0,0,0,2,NA,FALSE,1
"15836",9,"M",6,"White","High",3,0,1,0,0,0,0,0,0,1,1,NA,TRUE,1
"15837",9,"F",6,"Black","High",4,0,0,0,0,0,0,0,0,0,NA,1,FALSE,NA
"15838",10,"M",6,"Hispanic","High",4,0,0,0,0,0,0,0,0,0,4,1,FALSE,0
"15839",8,"M",6,"Hispanic","High",4,0,0,0,NA,NA,NA,NA,NA,0,4,NA,NA,0
"15840",8,"M",6,"Black","High",1,0,1,0,0,0,0,0,0,0,4,NA,TRUE,0
"15841",9,"M",6,"Black","High",3,0,0,0,0,0,1,0,0,0,1,1,TRUE,1
"15842",9,"M",6,"White","High",3,0,0,1,0,0,0,0,0,1,1,NA,TRUE,1
"15843",8,"F",6,"Black","High",1,0,1,0,0,0,1,0,0,0,1,NA,TRUE,1
"15844",8,"M",6,"Black","High",4,0,0,0,0,0,0,0,0,0,4,1,FALSE,0
"15845",9,"M",6,"Hispanic","High",3,0,0,0,0,0,0,0,0,0,2,NA,FALSE,1
"15846",9,"F",6,"Black","High",3,0,0,0,0,0,0,0,0,0,3,1,FALSE,0
"15847",8,"F",6,"Black","High",4,0,0,0,0,0,0,0,0,0,4,1,FALSE,0
"15848",9,"M",6,"Black","High",3,0,0,0,0,0,0,0,0,0,1,1,FALSE,1
"15849",11,"M",7,"Black","High",3,0,0,0,NA,NA,NA,NA,NA,0,1,1,NA,1
"15850",9,"M",6,"Black","High",4,0,0,0,0,0,0,0,0,0,3,NA,FALSE,0
"15851",8,"M",6,"Hispanic","High",4,0,0,0,0,0,0,0,0,0,1,1,FALSE,1
"15852",8,"M",6,"Black","High",4,0,0,0,0,0,1,0,0,0,4,1,TRUE,0
"15853",7,"M",4,"Hispanic","High",1,0,NA,1,0,0,0,0,0,0,1,NA,TRUE,1
"15854",6,"M",4,"Hispanic","High",1,0,1,0,0,0,0,0,0,0,1,1,TRUE,1
"15855",6,"M",4,"Hispanic","High",4,0,0,0,0,0,0,0,0,0,4,1,FALSE,0
"15856",7,"M",4,"Hispanic","High",4,0,0,0,0,0,0,0,0,0,4,1,FALSE,0
"15857",6,"M",4,"Hispanic","High",4,0,0,0,0,0,0,0,0,0,4,1,FALSE,0
"15858",6,"F",4,"Hispanic","High",4,0,0,0,0,0,0,0,0,0,4,1,FALSE,0
"15859",8,"M",4,"Black","High",4,0,0,0,NA,NA,NA,NA,NA,0,4,NA,NA,0
"15860",7,"M",5,"Black","High",4,0,0,0,0,0,0,0,0,0,4,1,FALSE,0
"15861",8,"F",5,"Black","High",3,0,0,0,NA,NA,NA,NA,NA,1,1,1,TRUE,1
"15862",7,"F",5,"Black","High",4,0,NA,NA,0,1,0,0,0,NA,1,NA,TRUE,1
"15863",7,"M",5,"Hispanic","High",4,0,0,0,0,0,0,0,0,0,4,1,FALSE,0
"15864",7,"M",5,NA,"High",4,0,0,0,0,0,0,0,0,0,4,1,FALSE,0
"15865",9,"M",6,"Black","High",3,0,1,0,0,0,1,0,0,0,2,1,TRUE,1
"15866",8,"F",5,"Black","High",4,0,0,0,0,0,0,0,0,0,4,1,FALSE,0
"15867",8,"M",5,"Black","High",3,0,0,0,0,0,0,0,0,0,3,1,FALSE,0
"15868",8,"F",5,"Black","High",4,0,0,0,0,0,0,0,0,0,4,1,FALSE,0
"15869",7,"M",5,"Hispanic","High",1,0,0,0,0,0,1,0,0,0,3,1,TRUE,0
"15870",9,"M",4,"Hispanic","High",3,0,0,0,NA,NA,NA,NA,NA,NA,3,NA,NA,0
"15871",7,"F",5,"Black","High",3,0,0,0,0,0,0,0,0,0,4,NA,FALSE,0
"15872",8,"F",5,"Black","High",3,0,0,0,0,0,0,0,0,1,2,NA,TRUE,1
"15873",7,"F",5,"Black","High",3,0,0,0,NA,NA,NA,NA,NA,NA,2,NA,NA,1
"15874",9,"M",5,"Black","High",4,0,0,0,0,0,0,0,0,0,4,1,FALSE,0
"15875",8,"M",5,"Black","High",4,0,0,0,0,0,0,0,0,0,2,1,FALSE,1
"15876",8,"M",5,NA,"High",NA,NA,0,0,NA,NA,NA,NA,NA,0,2,NA,NA,1
"15877",8,"M",5,"Black","High",4,0,0,0,0,0,0,0,0,0,4,1,FALSE,0
"15878",7,"F",5,"White","High",4,0,0,0,0,0,0,0,0,0,4,1,FALSE,0
"15879",8,"M",5,"Hispanic","High",4,0,0,0,0,0,0,0,0,0,4,1,FALSE,0
"15880",10,"F",7,"Black","High",3,0,0,0,0,0,0,0,0,0,3,NA,FALSE,0
"15881",10,"F",7,"Black","High",3,0,0,0,0,0,0,0,0,0,4,1,FALSE,0
"15882",10,"F",7,"Black","High",2,0,1,0,0,0,0,0,0,0,4,NA,TRUE,0
"15883",10,"M",7,"White","High",3,1,0,0,0,0,0,0,0,1,1,1,TRUE,1
"15884",9,"F",7,"Asian","High",4,1,0,0,0,0,1,0,0,0,1,NA,TRUE,1
"15885",9,"M",7,"Hispanic","High",3,0,1,0,0,0,0,0,0,0,2,1,TRUE,1
"15886",9,"F",7,"Black","High",3,0,0,0,0,0,0,0,0,0,3,1,FALSE,0
"15887",10,"M",7,"White","High",4,0,0,0,0,0,1,0,0,0,4,NA,TRUE,0
"15888",11,"M",7,"Hispanic","High",4,0,0,0,0,0,0,0,0,0,1,1,FALSE,1
"15889",10,"F",7,"Black","High",4,0,0,0,0,0,0,0,0,0,4,NA,FALSE,0
"15890",10,"M",7,"Black","High",4,NA,0,0,0,0,0,0,0,1,2,NA,TRUE,1
"15891",10,"M",7,"Hispanic","High",3,1,1,0,0,0,1,0,0,1,2,NA,TRUE,1
"15892",10,"F",7,"Hispanic","High",3,1,0,0,0,0,0,0,0,0,1,NA,TRUE,1
"15893",10,"F",7,"Black","High",4,0,0,0,0,0,0,0,0,0,4,1,FALSE,0
"15894",9,"M",7,"Hispanic","High",4,0,0,0,0,0,0,0,0,0,1,NA,FALSE,1
"15895",8,"M",7,"Black","High",2,0,0,0,0,0,0,0,0,0,1,1,FALSE,1
"15896",10,"F",7,"Black","High",2,0,1,0,0,0,0,0,0,0,4,1,TRUE,0
"15897",10,"F",7,"Black","High",3,0,1,0,0,0,0,0,0,1,NA,NA,TRUE,NA
"15898",10,"M",7,"Black","High",2,0,1,0,0,0,1,0,0,0,4,NA,TRUE,0
"15899",11,"M",7,"Black","High",2,1,1,0,0,0,1,0,0,1,1,NA,TRUE,1
"15900",10,"M",7,"Black","High",4,0,0,0,0,0,0,0,0,0,4,NA,FALSE,0
"15901",9,"F",7,"Black","High",1,0,0,0,0,0,0,0,0,0,1,1,FALSE,1
"15902",10,"F",7,"Black","High",2,0,1,0,0,0,0,0,0,0,2,1,TRUE,1
"15903",10,"M",7,"Black","High",4,0,0,0,0,0,0,0,0,0,3,NA,FALSE,0
"15904",10,"M",7,"Black","High",4,0,0,0,0,0,0,0,0,0,1,NA,FALSE,1
"15905",9,"M",7,"Hispanic","High",4,0,0,0,0,0,0,0,0,0,4,1,FALSE,0
"15906",10,"M",7,NA,"High",4,0,NA,NA,NA,NA,NA,NA,NA,NA,NA,NA,NA,NA
"15907",1,"F",1,"NHOPI","Middle",3,1,1,1,0,1,0,0,0,0,3,NA,TRUE,0
"15908",9,"F",7,"Black","High",3,0,0,0,0,0,0,0,0,1,1,1,TRUE,1
"15909",9,"M",7,"Hispanic","High",4,0,0,0,0,0,0,0,0,0,4,1,FALSE,0
"15910",10,"F",7,"Black","High",4,0,0,0,0,0,0,0,0,0,4,NA,FALSE,0
"15911",10,"M",7,"Hispanic","High",4,0,0,0,0,0,0,0,0,0,4,1,FALSE,0
"15912",9,"M",7,"Black","High",4,0,0,0,0,0,0,0,0,0,4,1,FALSE,0
"15913",6,"M",4,"White","High",4,0,0,0,0,0,0,0,0,0,4,1,FALSE,0
"15914",6,"M",4,"Hispanic","High",4,0,0,0,0,0,0,0,0,0,4,1,FALSE,0
"15915",7,"F",4,"Hispanic","High",3,0,0,0,0,0,0,0,0,0,2,1,FALSE,1
"15916",7,"M",4,"Black","High",4,0,0,0,0,0,1,0,0,0,4,NA,TRUE,0
"15917",6,"F",4,"Black","High",4,0,0,0,0,0,0,0,0,0,2,1,FALSE,1
"15918",7,"M",4,"Black","High",3,0,0,0,0,0,0,0,0,0,2,NA,FALSE,1
"15919",7,"M",4,"Black","High",4,0,0,0,0,0,0,0,0,0,1,1,FALSE,1
"15920",6,"M",4,"Hispanic","High",4,0,0,0,0,0,0,0,0,0,4,NA,FALSE,0
"15921",6,"M",4,NA,"High",4,0,0,0,0,0,0,0,0,0,4,NA,FALSE,0
"15922",7,"F",4,"Black","High",3,0,0,0,0,0,0,0,0,0,2,NA,FALSE,1
"15923",8,"F",4,"Hispanic","High",4,0,0,0,0,0,0,0,0,0,4,NA,FALSE,0
"15924",7,"M",4,"Black","High",4,0,0,0,0,0,0,0,0,0,4,1,FALSE,0
"15925",6,"M",4,"Black","High",4,0,0,0,0,0,0,0,0,0,4,NA,FALSE,0
"15926",7,"M",4,"Black","High",4,0,0,0,0,0,0,0,0,0,4,1,FALSE,0
"15927",6,"M",4,"Black","High",4,0,0,0,0,0,0,0,0,0,4,1,FALSE,0
"15928",7,"F",5,"Hispanic","High",4,0,0,0,0,0,0,0,0,0,4,1,FALSE,0
"15929",7,"F",5,"Black","High",4,0,0,0,0,0,0,0,0,0,2,NA,FALSE,1
"15930",8,"M",5,"Black","High",4,0,0,0,0,0,0,0,0,0,4,1,FALSE,0
"15931",8,"M",5,"Black","High",4,0,0,0,0,0,0,0,0,0,4,1,FALSE,0
"15932",8,"M",5,"Black","High",4,0,0,0,0,0,0,0,0,0,1,NA,FALSE,1
"15933",NA,NA,NA,NA,NA,4,0,0,NA,0,0,0,0,0,0,4,NA,NA,0
"15934",7,"F",5,"White","High",2,0,0,0,0,0,0,0,0,0,2,NA,FALSE,1
"15935",7,"M",5,"Black","High",4,0,0,0,0,0,0,0,0,0,2,1,FALSE,1
"15936",9,"M",5,NA,"High",4,0,0,0,NA,NA,NA,NA,NA,0,4,1,NA,0
"15937",8,"F",5,"Hispanic","High",2,0,0,0,0,0,1,0,0,1,1,1,TRUE,1
"15938",8,"M",5,"Hispanic","High",4,0,0,0,0,0,0,0,0,0,4,1,FALSE,0
"15939",7,"M",5,"Black","High",4,0,0,0,0,0,0,0,0,0,4,1,FALSE,0
"15940",9,"F",6,"Hispanic","High",4,0,0,0,0,0,0,0,0,0,4,NA,FALSE,0
"15941",7,"F",5,"Black","High",4,0,0,0,0,0,0,0,0,0,2,NA,FALSE,1
"15942",8,"F",5,"Hispanic","High",2,1,0,0,1,0,0,0,0,1,1,NA,TRUE,1
"15943",9,"F",5,NA,"High",4,0,0,0,NA,NA,NA,NA,NA,1,2,1,TRUE,1
"15944",10,"F",6,"Hispanic","High",4,0,0,0,0,0,0,0,0,0,4,1,FALSE,0
"15945",9,"M",5,"White","High",4,0,0,0,0,0,0,0,0,0,1,NA,FALSE,1
"15946",7,NA,4,"Hispanic","High",4,0,0,0,0,0,0,0,0,0,4,1,FALSE,0
"15947",6,"M",4,"Black","High",4,0,0,0,0,0,0,0,0,0,4,1,FALSE,0
"15948",9,"F",7,"Black","High",NA,0,1,0,0,0,0,0,0,0,4,1,TRUE,0
"15949",9,"F",7,"White","High",4,0,0,0,0,0,0,0,0,0,4,NA,FALSE,0
"15950",10,"F",7,"Black","High",4,0,0,0,0,0,1,0,0,1,2,NA,TRUE,1
"15951",9,"M",7,"Hispanic","High",4,0,0,0,0,0,0,0,0,0,4,1,FALSE,0
"15952",9,"M",7,"Black","High",1,1,1,0,0,0,0,0,0,0,2,NA,TRUE,1
"15953",9,"M",7,"Hispanic","High",2,0,1,0,0,0,0,0,0,1,1,NA,TRUE,1
"15954",9,"F",7,"Hispanic","High",4,0,0,0,0,0,0,0,0,0,4,1,FALSE,0
"15955",10,"F",7,"White","High",4,1,0,0,0,0,0,0,0,1,1,NA,TRUE,1
"15956",10,"M",7,"Black","High",3,0,NA,0,0,0,0,0,0,0,3,1,NA,0
"15957",10,"M",7,"Black","High",2,0,1,0,0,0,1,0,0,0,4,NA,TRUE,0
"15958",11,"F",7,"Hispanic","High",4,0,0,0,0,0,0,0,0,0,4,NA,FALSE,0
"15959",9,"F",7,"Hispanic","High",2,0,1,0,0,0,1,0,0,1,1,1,TRUE,1
"15960",10,"M",7,"Hispanic","High",4,0,0,0,0,0,0,0,0,0,4,1,FALSE,0
"15961",9,"M",7,"White","High",1,1,1,0,0,0,0,0,0,0,4,NA,TRUE,0
"15962",10,"M",7,NA,"High",1,1,1,0,0,0,0,0,0,1,1,NA,TRUE,1
"15963",6,"F",4,"Black","High",3,0,0,0,0,0,0,0,0,0,3,NA,FALSE,0
"15964",7,"M",4,"AI/AN","High",4,0,0,0,0,0,0,0,0,0,3,1,FALSE,0
"15965",11,"F",7,"Hispanic","High",2,1,NA,0,0,0,0,0,0,NA,2,NA,TRUE,1
"15966",1,"M",1,"Hispanic","Middle",1,1,1,1,0,0,0,0,0,1,1,NA,TRUE,1
"15967",7,"M",4,NA,"High",4,0,0,0,0,0,0,0,0,1,1,NA,TRUE,1
"15968",6,"M",4,"Hispanic","High",3,0,NA,0,0,0,1,0,0,0,2,1,TRUE,1
"15969",10,"M",6,"Hispanic","High",2,0,0,0,0,0,0,0,0,1,1,1,TRUE,1
"15970",10,"M",4,"Hispanic","High",4,0,0,0,NA,NA,NA,NA,NA,0,4,1,NA,0
"15971",9,"M",6,"Hispanic","High",4,0,0,0,NA,NA,NA,NA,NA,0,4,1,NA,0
"15972",7,"F",4,"Black","High",4,0,0,0,0,0,0,0,0,0,4,1,FALSE,0
"15973",7,"M",4,"Hispanic","High",4,NA,1,NA,NA,NA,NA,NA,NA,NA,4,NA,TRUE,0
"15974",7,"F",4,"Hispanic","High",4,0,0,0,0,0,0,0,0,0,1,NA,FALSE,1
"15975",6,"F",4,"Black","High",2,0,0,0,0,0,0,0,0,0,1,NA,FALSE,1
"15976",6,"F",4,"Black","High",1,0,0,0,0,0,0,0,0,1,1,1,TRUE,1
"15977",7,"F",4,"Hispanic","High",3,0,0,0,0,0,0,0,0,0,3,1,FALSE,0
"15978",9,"M",NA,"Hispanic",NA,4,0,NA,0,NA,NA,NA,NA,NA,0,NA,NA,NA,NA
"15979",7,"M",4,"Black","High",4,0,0,0,0,0,0,0,0,0,3,1,FALSE,0
"15980",6,"F",4,"Black","High",4,0,0,0,0,0,0,0,0,0,4,NA,FALSE,0
"15981",8,"F",4,"Black","High",2,0,0,0,0,0,0,0,0,0,4,NA,FALSE,0
"15982",8,"M",5,"Hispanic","High",3,0,0,NA,0,0,0,0,0,0,3,NA,NA,0
"15983",6,"F",4,"Black","High",3,0,0,0,0,0,0,0,0,0,4,1,FALSE,0
"15984",10,"M",4,"Hispanic","High",4,0,0,0,0,0,0,0,0,0,4,NA,FALSE,0
"15985",7,"M",4,"Black","High",1,0,0,0,NA,NA,NA,NA,NA,0,1,NA,NA,1
"15986",4,"F",1,"White","Middle",4,0,0,0,0,0,0,0,0,0,4,1,FALSE,0
"15987",4,"F",1,"White","Middle",4,0,0,0,0,0,0,0,0,0,4,1,FALSE,0
"15988",3,"M",1,"White","Middle",4,0,0,0,0,0,0,0,0,0,4,1,FALSE,0
"15989",4,"F",1,"White","Middle",4,0,0,1,0,0,0,0,0,0,4,NA,TRUE,0
"15990",4,"F",1,"White","Middle",4,0,0,0,0,0,0,0,0,0,4,1,FALSE,0
"15991",4,"M",1,"White","Middle",4,0,0,0,0,0,0,0,0,0,4,1,FALSE,0
"15992",4,"F",1,"White","Middle",4,0,0,0,0,0,0,0,0,0,3,1,FALSE,0
"15993",6,"M",3,"White","Middle",4,0,0,0,0,0,0,0,0,0,4,NA,FALSE,0
"15994",5,"M",3,"Black","Middle",4,0,0,0,0,0,0,0,0,0,4,1,FALSE,0
"15995",5,"F",3,"Black","Middle",4,0,0,0,0,0,0,0,0,0,2,NA,FALSE,1
"15996",5,"F",3,"White","Middle",4,0,0,0,0,0,0,0,0,0,3,1,FALSE,0
"15997",5,"F",3,NA,"Middle",4,0,0,0,0,0,0,0,0,0,4,NA,FALSE,0
"15998",5,"M",3,"White","Middle",4,0,0,0,NA,NA,NA,NA,NA,0,4,NA,NA,0
"15999",6,"F",3,"White","Middle",3,0,0,0,0,0,0,0,0,0,2,1,FALSE,1
"16000",6,"M",3,"White","Middle",2,1,0,1,0,0,0,0,0,1,1,NA,TRUE,1
"16001",5,"M",3,"White","Middle",3,1,0,0,0,0,0,0,0,1,1,1,TRUE,1
"16002",6,"M",3,"Black","Middle",1,0,0,0,0,0,0,0,0,0,1,1,FALSE,1
"16003",6,"F",3,"Black","Middle",4,0,0,0,0,0,0,0,0,0,4,NA,FALSE,0
"16004",6,"F",3,"Black","Middle",4,0,0,0,0,0,0,0,0,0,2,NA,FALSE,1
"16005",5,"M",3,"White","Middle",4,0,0,0,0,0,1,0,0,1,1,NA,TRUE,1
"16006",6,"F",3,"Black","Middle",3,0,0,0,0,0,0,0,0,0,1,NA,FALSE,1
"16007",5,"M",3,"Hispanic","Middle",2,0,1,1,0,0,1,0,0,1,2,1,TRUE,1
"16008",7,"M",3,"Black","Middle",NA,1,NA,NA,0,0,1,0,0,NA,NA,NA,TRUE,NA
"16009",6,"F",3,"White","Middle",3,0,1,0,0,0,0,0,0,0,1,1,TRUE,1
"16010",6,"F",3,"Black","Middle",3,0,0,0,0,0,0,0,0,0,2,NA,FALSE,1
"16011",5,"F",3,"White","Middle",3,0,0,0,0,0,1,0,0,1,1,NA,TRUE,1
"16012",7,"M",3,"White","Middle",2,1,1,0,0,0,0,0,0,1,1,NA,TRUE,1
"16013",6,"F",3,"White","Middle",4,0,0,0,0,0,0,0,0,0,4,1,FALSE,0
"16014",5,"M",3,"White","Middle",4,0,0,0,0,0,0,0,0,0,4,NA,FALSE,0
"16015",6,"M",3,"Black","Middle",3,0,0,0,0,0,0,0,0,0,3,1,FALSE,0
"16016",6,"F",3,"White","Middle",2,1,1,1,0,0,0,0,0,1,2,NA,TRUE,1
"16017",5,"F",3,"White","Middle",3,1,0,1,0,0,0,0,0,1,1,NA,TRUE,1
"16018",5,"F",3,"White","Middle",3,0,0,0,0,0,0,0,0,1,1,NA,TRUE,1
"16019",NA,NA,NA,NA,NA,2,1,0,0,0,0,0,0,0,0,1,NA,TRUE,1
"16020",6,"M",3,"Hispanic","Middle",2,0,1,0,NA,NA,NA,NA,NA,0,2,NA,TRUE,1
"16021",7,"M",3,"Black","Middle",4,0,0,0,0,0,0,0,0,0,4,1,FALSE,0
"16022",NA,NA,NA,NA,NA,3,0,0,0,0,0,0,0,0,0,4,1,FALSE,0
"16023",6,"M",3,"White","Middle",3,0,0,0,0,0,0,0,0,0,4,NA,FALSE,0
"16024",6,"F",3,"White","Middle",3,0,0,0,0,0,0,0,0,0,3,NA,FALSE,0
"16025",5,"M",3,"Black","Middle",NA,0,NA,NA,0,0,0,0,0,NA,NA,NA,NA,NA
"16026",7,"F",3,"Black","Middle",1,1,1,0,0,0,1,0,0,1,1,NA,TRUE,1
"16027",6,"F",3,"Black","Middle",4,0,0,0,0,0,0,0,0,0,2,NA,FALSE,1
"16028",7,"F",3,"White","Middle",1,1,1,1,0,0,1,1,0,1,1,NA,TRUE,1
"16029",4,"M",1,"White","Middle",4,0,0,0,0,0,0,0,0,0,4,1,FALSE,0
"16030",3,"M",1,"Black","Middle",4,0,NA,0,0,0,0,0,0,0,4,1,NA,0
"16031",3,"F",1,"Black","Middle",4,0,0,0,0,0,0,0,0,0,4,1,FALSE,0
"16032",3,"F",1,"White","Middle",4,0,0,0,0,0,0,0,0,0,4,NA,FALSE,0
"16033",3,"F",1,"Black","Middle",4,0,0,0,0,0,0,0,0,0,4,1,FALSE,0
"16034",3,"M",1,"White","Middle",4,0,0,0,0,0,0,0,0,0,4,NA,FALSE,0
"16035",4,"M",1,"White","Middle",3,0,0,0,0,0,0,0,0,0,3,1,FALSE,0
"16036",3,"F",1,"AI/AN","Middle",4,0,0,0,0,0,0,0,0,0,4,1,FALSE,0
"16037",3,"F",1,"Black","Middle",4,0,0,0,0,0,0,0,0,0,4,1,FALSE,0
"16038",4,"F",1,"Black","Middle",4,0,0,0,0,0,0,0,0,0,4,NA,FALSE,0
"16039",3,"M",1,"White","Middle",3,0,0,0,0,0,0,0,0,0,1,1,FALSE,1
"16040",3,"F",1,"White","Middle",4,0,0,0,0,0,0,0,0,0,4,NA,FALSE,0
"16041",4,"F",1,"White","Middle",4,0,0,0,0,0,0,0,0,0,4,1,FALSE,0
"16042",3,"M",1,NA,"Middle",4,0,0,0,0,0,0,0,0,0,4,NA,FALSE,0
"16043",4,"M",1,"White","Middle",4,0,0,0,0,0,0,0,0,0,2,NA,FALSE,1
"16044",3,"M",1,"Hispanic","Middle",4,NA,NA,0,0,0,0,0,0,0,1,NA,NA,1
"16045",4,"F",1,"White","Middle",3,0,0,0,0,0,0,0,0,0,2,NA,FALSE,1
"16046",4,"M",1,"Black","Middle",4,0,0,0,0,0,0,0,0,0,4,1,FALSE,0
"16047",4,"F",1,"White","Middle",4,0,0,0,0,0,0,0,0,0,2,NA,FALSE,1
"16048",4,"M",1,"Hispanic","Middle",4,0,0,0,0,0,0,0,0,0,4,1,FALSE,0
"16049",4,"M",1,"White","Middle",4,0,0,0,NA,NA,NA,NA,NA,0,4,NA,NA,0
"16050",3,"F",1,"Black","Middle",3,0,0,0,0,0,0,0,0,0,2,NA,FALSE,1
"16051",4,"M",1,"Black","Middle",3,0,0,0,0,0,0,0,0,0,2,NA,FALSE,1
"16052",4,"M",1,"White","Middle",4,0,0,0,0,0,0,0,0,0,4,NA,FALSE,0
"16053",4,"F",1,"Black","Middle",4,0,0,0,0,0,0,0,0,0,4,1,FALSE,0
"16054",3,"F",1,"White","Middle",4,0,0,0,0,0,0,0,0,0,4,1,FALSE,0
"16055",4,"F",1,"White","Middle",3,0,0,0,0,0,0,0,0,0,2,NA,FALSE,1
"16056",3,"M",1,"White","Middle",4,0,0,0,0,0,0,0,0,0,4,1,FALSE,0
"16057",4,"M",1,"White","Middle",4,0,0,0,0,0,0,0,0,0,4,1,FALSE,0
"16058",4,"F",1,"Hispanic","Middle",4,0,0,0,0,0,0,0,0,0,4,1,FALSE,0
"16059",4,"M",1,"Hispanic","Middle",4,0,0,0,0,0,0,0,0,0,4,1,FALSE,0
"16060",3,"M",1,"White","Middle",4,0,0,0,0,0,0,0,0,0,4,1,FALSE,0
"16061",3,"M",1,"White","Middle",4,0,0,0,0,0,0,0,0,0,4,1,FALSE,0
"16062",3,"M",1,"White","Middle",3,1,1,NA,0,0,0,0,0,0,4,1,TRUE,0
"16063",4,"M",1,NA,"Middle",4,0,0,0,0,0,0,0,0,0,4,NA,FALSE,0
"16064",4,"M",1,"Hispanic","Middle",NA,0,NA,NA,0,0,0,0,0,NA,NA,1,NA,NA
"16065",4,"M",1,"Hispanic","Middle",4,0,0,0,0,0,0,0,0,0,4,NA,FALSE,0
"16066",3,"F",1,"Black","Middle",4,0,0,0,0,0,0,0,0,0,4,1,FALSE,0
"16067",3,"F",1,"Black","Middle",3,0,0,0,0,0,0,0,0,0,NA,NA,FALSE,NA
"16068",3,"M",1,"Hispanic","Middle",4,0,0,0,0,0,0,0,0,0,3,NA,FALSE,0
"16069",4,"F",1,"White","Middle",4,0,0,0,0,0,0,0,0,0,4,1,FALSE,0
"16070",3,"F",1,"White","Middle",4,0,0,0,0,0,0,0,0,0,4,1,FALSE,0
"16071",3,"F",1,NA,"Middle",4,0,0,0,0,0,0,0,0,0,4,NA,FALSE,0
"16072",4,"M",1,"Black","Middle",4,0,0,0,0,0,0,0,0,0,4,1,FALSE,0
"16073",3,"F",1,"Black","Middle",4,0,0,0,0,0,0,0,0,0,1,NA,FALSE,1
"16074",3,"M",1,"White","Middle",4,0,0,0,0,0,0,0,0,0,4,1,FALSE,0
"16075",4,"M",1,"Hispanic","Middle",4,0,0,0,0,0,0,0,0,0,4,1,FALSE,0
"16076",4,"F",2,"White","Middle",4,0,0,0,0,0,0,0,0,0,4,1,FALSE,0
"16077",4,"F",2,"Asian","Middle",4,0,0,0,0,0,0,0,0,0,4,NA,FALSE,0
"16078",4,"F",2,"Hispanic","Middle",4,0,0,0,0,0,0,0,0,0,3,1,FALSE,0
"16079",6,"F",2,"Hispanic","Middle",4,0,0,0,0,0,0,0,0,0,3,1,FALSE,0
"16080",5,"F",2,"White","Middle",4,0,0,0,0,0,0,0,0,0,4,NA,FALSE,0
"16081",5,"M",2,"White","Middle",4,1,0,0,0,0,0,0,0,0,1,NA,TRUE,1
"16082",5,"F",2,"White","Middle",4,0,0,0,0,0,0,0,0,0,4,1,FALSE,0
"16083",4,"F",2,"White","Middle",4,0,0,0,0,0,0,0,0,0,4,NA,FALSE,0
"16084",6,"F",2,"White","Middle",4,0,0,0,0,0,0,0,0,0,4,NA,FALSE,0
"16085",4,"F",2,"White","Middle",4,0,0,0,0,0,0,0,0,0,3,1,FALSE,0
"16086",5,"M",2,"White","Middle",3,0,0,0,0,0,0,0,0,1,1,NA,TRUE,1
"16087",5,"M",2,"White","Middle",2,1,0,1,0,0,0,0,0,0,2,NA,TRUE,1
"16088",5,"F",2,"Black","Middle",4,NA,0,0,0,0,0,0,0,0,1,1,NA,1
"16089",5,"F",2,"Black","Middle",4,0,0,0,0,0,0,0,0,0,4,NA,FALSE,0
"16090",6,"F",2,"Black","Middle",3,0,0,0,NA,NA,NA,NA,NA,0,2,NA,NA,1
"16091",5,"M",2,"White","Middle",4,0,0,0,0,0,0,0,0,0,4,1,FALSE,0
"16092",5,"M",2,"White","Middle",4,0,0,0,0,0,0,0,0,0,4,1,FALSE,0
"16093",5,"M",2,NA,"Middle",4,0,0,0,NA,NA,NA,NA,NA,0,4,1,NA,0
"16094",5,"M",2,"White","Middle",4,0,0,0,0,0,0,0,0,0,3,NA,FALSE,0
"16095",4,"M",2,"Black","Middle",4,0,0,0,NA,NA,NA,NA,NA,0,4,1,NA,0
"16096",5,"M",2,"Hispanic","Middle",4,0,0,0,0,0,0,0,0,0,4,1,FALSE,0
"16097",5,"F",2,"White","Middle",4,0,0,0,0,0,0,0,0,1,2,NA,TRUE,1
"16098",4,"F",2,"White","Middle",4,0,0,0,0,0,0,0,0,0,4,NA,FALSE,0
"16099",4,"F",2,"White","Middle",4,0,0,0,0,0,0,0,0,0,4,1,FALSE,0
"16100",4,"F",2,"White","Middle",4,0,NA,NA,NA,NA,NA,NA,NA,NA,4,1,NA,0
"16101",4,"F",2,"White","Middle",3,0,0,0,0,0,0,0,0,0,1,1,FALSE,1
"16102",5,"F",2,"White","Middle",4,0,0,0,0,0,0,0,0,0,4,NA,FALSE,0
"16103",6,"M",2,"NHOPI","Middle",4,0,0,0,0,0,0,0,0,1,2,NA,TRUE,1
"16104",6,"F",2,"Black","Middle",3,1,0,0,0,0,0,1,0,1,2,NA,TRUE,1
"16105",5,"F",2,"Black","Middle",4,0,0,0,0,0,0,0,0,0,4,NA,FALSE,0
"16106",5,"F",2,"White","Middle",4,0,0,0,0,0,0,0,0,0,4,NA,FALSE,0
"16107",5,"M",2,"Black","Middle",4,0,0,0,NA,NA,NA,NA,NA,0,2,NA,NA,1
"16108",6,"M",2,"Black","Middle",4,0,0,0,0,0,0,0,0,0,4,1,FALSE,0
"16109",5,"M",2,"Black","Middle",4,0,0,0,NA,NA,NA,NA,NA,NA,NA,NA,NA,NA
"16110",4,"M",2,"Black","Middle",4,0,0,0,0,0,0,0,0,0,4,1,FALSE,0
"16111",5,"M",2,"Black","Middle",4,0,0,0,0,0,0,0,0,0,1,NA,FALSE,1
"16112",5,"F",2,"Black","Middle",4,0,0,0,0,0,0,0,0,0,4,1,FALSE,0
"16113",5,"F",2,"Black","Middle",4,0,0,0,0,0,0,0,0,0,3,NA,FALSE,0
"16114",5,"F",2,"Black","Middle",4,0,0,0,0,0,0,0,0,0,4,NA,FALSE,0
"16115",5,"M",2,NA,"Middle",3,0,0,0,NA,NA,NA,NA,NA,0,3,1,NA,0
"16116",5,"M",2,"Black","Middle",4,0,0,0,0,0,0,0,0,0,4,1,FALSE,0
"16117",5,"M",2,"White","Middle",4,0,0,0,0,0,0,0,0,0,4,NA,FALSE,0
"16118",4,"M",2,"Black","Middle",4,0,0,0,0,0,0,0,0,0,4,1,FALSE,0
"16119",5,"M",2,"White","Middle",4,0,0,0,0,0,0,0,0,0,4,NA,FALSE,0
"16120",5,"M",2,"White","Middle",4,0,0,0,0,0,0,0,0,0,4,NA,FALSE,0
"16121",5,"M",2,"Hispanic","Middle",2,0,0,0,0,0,0,0,0,0,1,NA,FALSE,1
"16122",4,"M",2,"White","Middle",3,NA,1,1,0,0,1,1,0,0,2,NA,TRUE,1
"16123",6,"F",2,"Black","Middle",4,0,0,0,0,0,0,0,0,0,4,1,FALSE,0
"16124",4,"F",2,"White","Middle",4,0,0,0,0,0,0,0,0,0,4,NA,FALSE,0
"16125",5,"F",2,"White","Middle",4,0,0,0,0,0,0,0,0,0,4,NA,FALSE,0
"16126",4,"M",2,"Hispanic","Middle",4,0,0,0,0,0,0,0,0,0,4,NA,FALSE,0
"16127",4,"M",2,"White","Middle",4,0,0,0,NA,NA,NA,NA,NA,0,4,NA,NA,0
"16128",5,"M",2,"White","Middle",4,0,0,0,0,0,0,0,0,0,4,1,FALSE,0
"16129",4,"M",2,"Hispanic","Middle",4,0,0,0,0,0,0,0,0,0,3,1,FALSE,0
"16130",4,"M",2,"Black","Middle",4,0,0,0,NA,NA,NA,NA,NA,0,4,1,NA,0
"16131",5,"M",2,"White","Middle",3,0,0,0,0,0,0,0,0,0,2,NA,FALSE,1
"16132",5,"M",2,"White","Middle",4,0,NA,NA,NA,NA,NA,NA,NA,NA,NA,NA,NA,NA
"16133",5,"M",2,"White","Middle",4,0,0,0,0,0,0,0,0,0,4,NA,FALSE,0
"16134",4,"M",2,"Hispanic","Middle",3,0,0,0,0,0,0,0,0,0,4,NA,FALSE,0
"16135",4,"M",2,"Asian","Middle",4,0,0,0,0,0,0,0,0,0,3,1,FALSE,0
"16136",4,"M",2,NA,"Middle",4,0,0,0,NA,NA,NA,NA,NA,0,4,NA,NA,0
"16137",5,"M",2,"AI/AN","Middle",2,0,0,0,0,0,0,0,0,1,1,1,TRUE,1
"16138",5,"M",2,"White","Middle",4,0,0,0,0,0,0,0,0,0,3,NA,FALSE,0
"16139",4,"F",2,"White","Middle",4,0,0,0,0,0,0,0,0,0,1,NA,FALSE,1
"16140",4,"F",2,"Black","Middle",4,0,0,0,0,0,0,0,0,0,4,1,FALSE,0
"16141",4,"F",2,"White","Middle",4,0,0,0,0,0,0,0,0,0,4,1,FALSE,0
"16142",5,"M",2,"White","Middle",4,0,0,0,0,0,0,0,0,0,4,NA,FALSE,0
"16143",4,"M",2,"White","Middle",4,0,0,0,0,0,0,0,0,0,4,1,FALSE,0
"16144",4,"M",2,"Hispanic","Middle",4,0,0,0,0,0,0,0,0,0,4,NA,FALSE,0
"16145",5,"M",2,NA,"Middle",3,0,0,0,0,0,0,0,0,0,4,1,FALSE,0
"16146",5,"F",2,"White","Middle",4,0,0,0,NA,NA,NA,NA,NA,0,2,NA,NA,1
"16147",5,"M",2,"AI/AN","Middle",4,0,0,0,0,0,0,0,0,0,4,1,FALSE,0
"16148",5,"M",2,"White","Middle",3,0,0,0,0,0,0,0,0,0,3,NA,FALSE,0
"16149",4,"F",2,"White","Middle",4,0,0,0,0,0,0,0,0,0,4,NA,FALSE,0
"16150",5,"M",2,"Hispanic","Middle",4,0,0,0,0,0,0,0,0,0,4,1,FALSE,0
"16151",6,"M",2,"White","Middle",4,0,0,0,0,0,0,0,0,0,4,1,FALSE,0
"16152",4,"M",2,NA,"Middle",4,0,0,0,0,0,0,0,0,0,4,1,FALSE,0
"16153",5,"F",3,"White","Middle",4,0,0,0,0,0,0,0,0,0,4,NA,FALSE,0
"16154",5,"M",2,"White","Middle",4,0,0,0,0,0,0,0,0,0,4,1,FALSE,0
"16155",5,"M",2,"White","Middle",4,0,0,0,0,0,0,0,0,0,4,1,FALSE,0
"16156",6,"F",3,"White","Middle",4,0,0,0,0,0,0,0,0,1,1,NA,TRUE,1
"16157",6,"F",3,"White","Middle",4,0,0,0,0,0,0,0,0,0,4,NA,FALSE,0
"16158",5,"F",3,"White","Middle",4,0,0,0,0,0,0,0,0,0,4,1,FALSE,0
"16159",5,"F",3,"White","Middle",4,0,0,0,0,0,0,0,0,0,4,1,FALSE,0
"16160",5,"F",3,"White","Middle",4,0,0,0,0,0,0,0,0,0,4,1,FALSE,0
"16161",6,"F",3,"NHOPI","Middle",3,0,0,0,0,0,0,0,0,0,2,NA,FALSE,1
"16162",5,"F",2,"White","Middle",4,0,0,0,0,0,0,0,0,0,3,NA,FALSE,0
"16163",4,"F",2,"Hispanic","Middle",4,0,0,0,0,0,0,0,0,0,4,1,FALSE,0
"16164",5,"F",2,"Black","Middle",4,0,0,0,0,0,0,0,0,0,2,NA,FALSE,1
"16165",5,"F",2,"Hispanic","Middle",4,0,0,0,0,0,0,0,0,0,4,1,FALSE,0
"16166",5,"F",2,"White","Middle",4,0,0,0,0,0,0,0,0,0,2,1,FALSE,1
"16167",4,"F",2,"White","Middle",3,0,0,0,NA,NA,NA,NA,NA,1,2,NA,TRUE,1
"16168",4,"F",2,"White","Middle",4,0,0,0,0,0,0,0,0,0,2,NA,FALSE,1
"16169",4,"F",2,"Black","Middle",4,0,0,0,0,0,0,0,0,0,1,1,FALSE,1
"16170",5,"F",2,"White","Middle",4,0,0,0,0,0,0,0,0,0,4,1,FALSE,0
"16171",5,"F",2,"Hispanic","Middle",3,0,0,0,0,0,0,0,0,0,2,1,FALSE,1
"16172",4,"F",2,"White","Middle",4,0,0,0,0,0,0,0,0,0,3,NA,FALSE,0
"16173",4,"F",2,"White","Middle",4,0,0,0,0,0,0,0,0,0,4,1,FALSE,0
"16174",5,"F",2,NA,"Middle",4,0,0,0,0,0,0,0,0,0,4,NA,FALSE,0
"16175",4,"F",2,NA,"Middle",3,0,0,0,0,0,0,0,0,0,3,1,FALSE,0
"16176",5,"F",2,"White","Middle",3,0,0,0,0,0,0,0,0,0,2,NA,FALSE,1
"16177",4,"M",2,"White","Middle",4,0,0,0,0,0,0,0,0,0,4,1,FALSE,0
"16178",5,"F",2,"Hispanic","Middle",4,0,0,0,0,0,0,0,0,0,4,1,FALSE,0
"16179",5,"M",2,"Hispanic","Middle",4,0,0,0,NA,NA,NA,NA,NA,0,4,1,NA,0
"16180",5,"M",2,"Black","Middle",4,0,0,0,0,0,0,0,0,0,4,NA,FALSE,0
"16181",4,"M",2,"White","Middle",4,0,0,0,0,0,0,0,0,0,4,1,FALSE,0
"16182",5,"F",2,"Black","Middle",4,0,0,0,0,0,0,0,0,1,2,1,TRUE,1
"16183",5,"M",2,"Hispanic","Middle",4,0,0,0,0,0,0,0,0,0,4,1,FALSE,0
"16184",5,"F",2,"White","Middle",4,0,0,0,0,0,0,0,0,0,4,1,FALSE,0
"16185",5,"M",2,"White","Middle",4,0,0,0,0,0,0,0,0,0,4,NA,FALSE,0
"16186",5,"F",2,"Hispanic","Middle",3,0,0,0,0,0,0,0,0,0,4,1,FALSE,0
"16187",4,"M",2,"White","Middle",4,0,0,0,0,0,0,0,0,0,4,1,FALSE,0
"16188",4,NA,2,NA,"Middle",4,0,0,0,NA,NA,NA,NA,NA,0,4,1,NA,0
"16189",5,"M",2,"White","Middle",NA,0,NA,NA,0,0,0,0,0,NA,3,NA,NA,0
"16190",5,"M",2,"Hispanic","Middle",4,0,0,0,0,0,0,0,0,0,4,1,FALSE,0
"16191",5,"M",2,"White","Middle",3,0,0,0,0,0,0,0,0,0,2,1,FALSE,1
"16192",4,"M",2,"White","Middle",4,0,0,0,0,0,0,0,0,0,3,1,FALSE,0
"16193",5,"M",2,"Black","Middle",4,0,0,0,0,0,0,0,0,0,4,1,FALSE,0
"16194",4,"F",2,"Hispanic","Middle",4,0,0,0,0,0,0,0,0,0,4,1,FALSE,0
"16195",4,"M",2,"Hispanic","Middle",4,0,0,0,0,0,0,0,0,0,2,1,FALSE,1
"16196",5,"F",2,"White","Middle",4,0,0,0,0,0,0,0,0,0,3,NA,FALSE,0
"16197",5,"F",2,"White","Middle",4,0,0,0,0,0,0,0,0,0,4,1,FALSE,0
"16198",5,"M",2,"White","Middle",4,0,0,0,0,0,0,0,0,0,4,NA,FALSE,0
"16199",5,"F",2,"Black","Middle",4,0,0,0,0,0,0,0,0,0,4,1,FALSE,0
"16200",5,"M",2,"White","Middle",4,0,0,0,0,0,0,0,0,0,2,NA,FALSE,1
"16201",6,"M",3,"White","Middle",2,0,1,0,0,0,0,0,0,1,2,1,TRUE,1
"16202",6,"F",3,"White","Middle",4,0,0,0,0,0,0,0,0,0,4,1,FALSE,0
"16203",6,"M",3,"White","Middle",3,0,0,0,0,0,0,0,0,0,2,NA,FALSE,1
"16204",5,"M",3,"White","Middle",3,0,0,0,0,0,0,0,0,0,1,NA,FALSE,1
"16205",5,"F",3,"White","Middle",4,0,0,0,0,0,0,0,0,0,2,NA,FALSE,1
"16206",6,"M",3,"White","Middle",4,0,0,0,0,0,0,0,0,0,4,1,FALSE,0
"16207",6,"M",3,"White","Middle",4,0,0,NA,0,0,0,0,0,0,4,1,NA,0
"16208",5,"M",3,"Hispanic","Middle",3,0,0,0,0,0,0,0,0,0,2,1,FALSE,1
"16209",5,"M",3,"White","Middle",4,0,0,0,0,0,0,0,0,0,4,1,FALSE,0
"16210",6,"M",3,"Hispanic","Middle",4,0,0,0,0,0,0,0,0,0,4,1,FALSE,0
"16211",6,"F",3,"White","Middle",4,0,0,0,0,0,0,0,0,0,4,1,FALSE,0
"16212",5,"M",3,"White","Middle",1,0,0,0,0,0,0,0,0,1,1,1,TRUE,1
"16213",6,"M",3,"Hispanic","Middle",3,0,0,0,0,0,0,0,0,0,2,NA,FALSE,1
"16214",5,"F",3,"Hispanic","Middle",4,0,0,0,0,0,0,0,0,0,4,NA,FALSE,0
"16215",5,"F",3,"White","Middle",4,0,0,0,0,0,0,0,0,0,4,1,FALSE,0
"16216",5,NA,3,"Hispanic","Middle",4,0,0,0,0,0,0,0,0,0,4,1,FALSE,0
"16217",6,"M",3,"White","Middle",4,0,0,0,0,0,0,0,0,0,4,1,FALSE,0
"16218",5,"F",3,"White","Middle",4,0,0,0,0,0,0,0,0,1,1,NA,TRUE,1
"16219",6,"F",3,"White","Middle",4,0,0,0,0,0,0,0,0,0,4,1,FALSE,0
"16220",5,"F",3,"Asian","Middle",4,0,0,0,0,0,0,0,0,0,4,1,FALSE,0
"16221",5,"M",3,"Black","Middle",3,0,1,0,0,0,0,0,0,1,3,NA,TRUE,0
"16222",5,"M",3,"Black","Middle",4,0,0,0,0,0,0,0,0,0,4,NA,FALSE,0
"16223",6,"M",3,"White","Middle",4,0,0,0,0,0,0,0,0,0,4,1,FALSE,0
"16224",5,"F",3,"Hispanic","Middle",3,0,0,0,0,0,0,0,0,0,2,1,FALSE,1
"16225",6,"F",3,"Hispanic","Middle",4,0,0,0,0,0,0,0,0,0,3,NA,FALSE,0
"16226",6,"M",3,"White","Middle",4,0,0,0,0,0,0,0,0,0,4,1,FALSE,0
"16227",5,"M",3,"Hispanic","Middle",4,0,0,0,0,0,0,0,0,0,4,1,FALSE,0
"16228",5,"F",3,"White","Middle",3,0,0,0,0,0,0,0,0,0,3,NA,FALSE,0
"16229",7,"F",3,"White","Middle",4,0,0,0,0,0,0,0,0,NA,4,1,NA,0
"16230",4,"F",1,"White","Middle",4,0,0,0,0,0,0,0,0,0,4,1,FALSE,0
"16231",4,"F",1,"White","Middle",4,0,0,0,0,0,0,0,0,0,4,1,FALSE,0
"16232",3,"M",1,"White","Middle",4,0,0,0,0,0,0,0,0,0,4,1,FALSE,0
"16233",3,"F",1,"Black","Middle",3,0,0,0,0,0,0,0,0,0,2,1,FALSE,1
"16234",4,"F",1,"White","Middle",4,0,0,0,0,0,0,0,0,1,1,1,TRUE,1
"16235",4,"F",1,"Hispanic","Middle",4,0,0,0,0,0,0,0,0,0,4,1,FALSE,0
"16236",3,"F",1,"White","Middle",4,0,0,0,0,0,0,0,0,0,4,NA,FALSE,0
"16237",4,"F",1,"Black","Middle",4,0,0,0,0,0,0,0,0,0,4,1,FALSE,0
"16238",5,"M",3,"Black","Middle",4,0,0,0,0,0,0,0,0,0,4,NA,FALSE,0
"16239",5,"M",3,"Asian","Middle",4,0,0,0,0,0,0,0,0,0,4,1,FALSE,0
"16240",6,"M",3,"White","Middle",3,0,0,0,NA,NA,NA,NA,NA,1,1,1,TRUE,1
"16241",6,"F",3,"White","Middle",4,0,0,0,0,0,0,0,0,0,4,1,FALSE,0
"16242",5,"M",3,"Black","Middle",4,0,0,0,0,0,0,0,0,0,4,1,FALSE,0
"16243",5,"M",3,"White","Middle",4,0,0,0,0,0,0,0,0,0,4,NA,FALSE,0
"16244",5,"F",3,"AI/AN","Middle",4,0,0,0,0,0,0,0,0,0,4,1,FALSE,0
"16245",6,"F",3,"White","Middle",4,0,0,0,0,0,0,0,0,0,4,1,FALSE,0
"16246",6,"F",3,"NHOPI","Middle",3,0,0,0,0,0,0,0,0,0,2,NA,FALSE,1
"16247",6,"F",3,"Asian","Middle",4,0,0,0,0,0,0,0,0,0,4,1,FALSE,0
"16248",6,"F",3,"White","Middle",4,0,0,0,0,0,0,0,0,0,4,1,FALSE,0
"16249",5,"M",3,"White","Middle",4,0,0,0,0,0,0,0,0,0,2,1,FALSE,1
"16250",6,NA,3,NA,"Middle",3,0,0,0,0,0,0,0,0,0,2,NA,FALSE,1
"16251",5,"M",3,"White","Middle",4,0,0,0,0,0,0,0,0,0,4,NA,FALSE,0
"16252",5,"F",3,"White","Middle",4,0,0,0,0,0,0,0,0,0,4,1,FALSE,0
"16253",7,"M",3,NA,"Middle",4,0,0,0,0,0,0,0,0,0,4,1,FALSE,0
"16254",6,"M",3,"White","Middle",4,0,0,0,0,0,0,0,0,0,2,NA,FALSE,1
"16255",5,"M",3,"Black","Middle",4,0,0,0,0,0,0,0,0,0,4,NA,FALSE,0
"16256",5,"M",3,"White","Middle",4,0,0,0,0,0,0,0,0,0,1,NA,FALSE,1
"16257",6,"M",3,"Hispanic","Middle",4,0,0,0,0,0,0,0,0,0,4,NA,FALSE,0
"16258",6,"M",3,"White","Middle",4,0,0,0,0,0,0,0,0,0,4,1,FALSE,0
"16259",5,"M",3,"Black","Middle",4,0,0,0,0,0,0,0,0,0,4,1,FALSE,0
"16260",5,"M",3,"Hispanic","Middle",4,0,0,0,0,0,0,0,0,0,1,1,FALSE,1
"16261",6,"F",3,"White","Middle",4,0,0,0,0,0,0,0,0,0,3,1,FALSE,0
"16262",5,"F",3,"Asian","Middle",4,0,0,0,0,0,0,0,0,0,4,1,FALSE,0
"16263",6,"M",3,"White","Middle",3,0,0,0,0,0,0,0,0,0,3,1,FALSE,0
"16264",6,"M",3,"White","Middle",3,0,0,0,0,0,0,0,0,0,3,NA,FALSE,0
"16265",6,"M",3,"White","Middle",4,0,0,0,0,0,0,0,0,0,4,1,FALSE,0
"16266",5,"M",3,"White","Middle",3,0,0,0,0,0,0,0,0,1,1,NA,TRUE,1
"16267",5,"F",3,"White","Middle",3,0,0,0,0,0,0,0,0,0,1,1,FALSE,1
"16268",5,"F",3,"White","Middle",4,0,0,0,0,0,0,0,0,0,4,1,FALSE,0
"16269",5,"F",3,"Hispanic","Middle",4,0,0,0,0,0,0,0,0,0,4,1,FALSE,0
"16270",6,"F",3,"White","Middle",4,0,0,0,0,0,0,0,0,0,4,1,FALSE,0
"16271",6,"F",3,"White","Middle",4,0,0,0,0,0,0,0,0,0,4,NA,FALSE,0
"16272",4,NA,1,NA,"Middle",4,0,0,0,NA,NA,NA,NA,NA,0,4,1,NA,0
"16273",3,"M",1,"White","Middle",4,0,0,0,0,0,0,0,0,0,4,1,FALSE,0
"16274",4,"F",1,"White","Middle",4,0,0,0,0,0,0,0,0,0,4,1,FALSE,0
"16275",4,"M",1,NA,"Middle",4,0,0,0,0,0,0,0,0,0,4,1,FALSE,0
"16276",3,"M",1,"White","Middle",4,0,0,0,0,0,0,0,0,0,4,1,FALSE,0
"16277",4,"M",1,"White","Middle",4,0,0,0,0,0,0,0,0,0,4,1,FALSE,0
"16278",3,"M",1,"White","Middle",4,0,0,0,NA,NA,NA,NA,NA,0,4,1,NA,0
"16279",3,"F",1,"Asian","Middle",4,0,0,0,0,0,0,0,0,0,4,1,FALSE,0
"16280",3,"F",1,"White","Middle",4,0,0,0,0,0,0,0,0,0,4,1,FALSE,0
"16281",5,"M",1,NA,"Middle",4,0,0,0,0,0,0,0,0,0,4,1,FALSE,0
"16282",3,"F",1,"Hispanic","Middle",4,0,0,0,0,0,0,0,0,0,2,1,FALSE,1
"16283",4,"F",1,"White","Middle",4,0,0,0,0,0,0,0,0,0,4,1,FALSE,0
"16284",3,"M",1,"Hispanic","Middle",4,0,0,0,0,0,0,0,0,0,4,1,FALSE,0
"16285",4,"F",1,"Hispanic","Middle",4,0,0,0,0,0,0,0,0,0,4,1,FALSE,0
"16286",4,"F",1,"White","Middle",4,0,0,0,0,0,0,0,0,1,2,NA,TRUE,1
"16287",4,"F",1,"White","Middle",4,0,0,0,0,0,0,0,0,0,4,NA,FALSE,0
"16288",4,"M",1,"Black","Middle",4,0,0,0,0,0,0,0,0,0,4,1,FALSE,0
"16289",4,"M",1,"White","Middle",4,0,0,0,0,0,0,0,0,0,4,1,FALSE,0
"16290",4,"M",NA,NA,NA,4,0,0,0,0,0,0,0,0,0,4,NA,FALSE,0
"16291",4,"M",1,"Black","Middle",4,0,0,0,0,0,0,0,0,0,4,1,FALSE,0
"16292",4,"M",1,"Black","Middle",4,0,0,0,0,0,0,0,0,0,2,NA,FALSE,1
"16293",4,"F",1,"Hispanic","Middle",3,0,0,0,0,0,0,0,0,0,4,1,FALSE,0
"16294",3,"F",1,"Asian","Middle",3,0,0,0,0,0,0,0,0,0,4,1,FALSE,0
"16295",3,"F",1,"White","Middle",4,0,0,0,0,0,0,0,0,0,4,1,FALSE,0
"16296",5,"F",2,"White","Middle",NA,0,NA,NA,0,0,0,0,0,NA,NA,NA,NA,NA
"16297",5,"F",2,"White","Middle",4,0,0,0,0,0,0,0,0,0,4,1,FALSE,0
"16298",5,"M",2,"Hispanic","Middle",3,0,0,0,0,0,0,0,0,0,2,1,FALSE,1
"16299",3,"F",1,"White","Middle",4,0,0,0,0,0,0,0,0,0,4,1,FALSE,0
"16300",4,"F",1,"Hispanic","Middle",4,0,0,0,0,0,0,0,0,0,4,1,FALSE,0
"16301",3,"F",1,"Asian","Middle",4,0,0,0,0,0,0,0,0,0,4,1,FALSE,0
"16302",4,"F",1,"Asian","Middle",4,0,0,0,0,0,0,0,0,0,4,1,FALSE,0
"16303",4,"F",1,"White","Middle",4,0,0,0,0,0,0,0,0,0,4,NA,FALSE,0
"16304",3,"F",1,"White","Middle",4,0,0,0,0,0,0,0,0,0,4,1,FALSE,0
"16305",4,"F",1,"White","Middle",4,0,0,0,0,0,0,0,0,0,3,NA,FALSE,0
"16306",3,"F",1,"White","Middle",4,0,0,0,0,0,0,0,0,0,4,NA,FALSE,0
"16307",4,"F",1,"White","Middle",4,0,0,0,0,0,0,0,0,0,4,1,FALSE,0
"16308",3,"F",1,"White","Middle",4,0,0,0,0,0,0,0,0,0,4,1,FALSE,0
"16309",3,NA,1,"White","Middle",4,0,0,0,0,0,0,0,0,NA,4,1,NA,0
"16310",4,"F",1,"White","Middle",4,0,0,0,0,0,0,0,0,0,4,1,FALSE,0
"16311",3,"M",1,"Black","Middle",4,0,0,0,0,0,0,0,0,0,4,1,FALSE,0
"16312",3,"M",1,"White","Middle",4,0,0,0,0,0,0,0,0,0,4,1,FALSE,0
"16313",5,"M",1,"AI/AN","Middle",2,NA,NA,NA,0,0,1,0,0,0,1,1,TRUE,1
"16314",4,"F",1,"White","Middle",4,0,0,0,0,0,0,0,0,0,4,1,FALSE,0
"16315",3,"F",1,"White","Middle",4,0,0,0,NA,NA,NA,NA,NA,0,4,NA,NA,0
"16316",4,"M",1,"White","Middle",4,0,0,0,0,0,0,0,0,0,4,1,FALSE,0
"16317",3,"M",1,"White","Middle",4,0,NA,NA,0,0,0,0,0,0,4,1,NA,0
"16318",4,"M",1,"White","Middle",4,0,0,0,0,0,0,0,0,0,4,1,FALSE,0
"16319",4,"F",1,"Hispanic","Middle",4,0,0,0,0,0,0,0,0,0,4,NA,FALSE,0
"16320",4,"M",1,"Asian","Middle",3,0,NA,0,NA,NA,NA,NA,NA,0,3,NA,NA,0
"16321",4,"F",1,"Black","Middle",4,0,0,0,0,0,0,0,0,0,4,1,FALSE,0
"16322",4,"F",1,"Black","Middle",4,0,0,0,0,0,0,0,0,0,4,1,FALSE,0
"16323",4,"M",1,NA,"Middle",4,0,0,0,0,0,0,0,0,0,4,1,FALSE,0
"16324",3,"F",1,"Hispanic","Middle",4,0,0,0,0,0,0,0,0,0,4,1,FALSE,0
"16325",4,"F",1,"Hispanic","Middle",4,0,0,0,0,0,0,0,0,0,3,1,FALSE,0
"16326",8,"M",5,"White","High",4,0,0,0,0,0,0,0,0,0,4,1,FALSE,0
"16327",6,"M",4,"White","High",4,0,0,0,0,0,0,0,0,0,4,1,FALSE,0
"16328",7,"M",4,"White","High",4,0,0,0,0,0,0,0,0,0,4,1,FALSE,0
"16329",6,"M",4,"White","High",3,0,0,0,0,0,0,0,0,0,3,NA,FALSE,0
"16330",6,"M",4,"White","High",3,0,0,0,0,0,0,0,0,0,3,NA,FALSE,0
"16331",6,"F",4,"White","High",3,0,0,0,0,0,0,0,0,0,2,1,FALSE,1
"16332",7,"M",4,"White","High",4,0,0,0,0,0,0,0,0,0,2,1,FALSE,1
"16333",6,"F",4,"White","High",4,0,0,0,0,0,0,0,0,0,4,NA,FALSE,0
"16334",8,"M",5,"Hispanic","High",3,0,0,0,0,0,0,0,0,0,3,NA,FALSE,0
"16335",7,"M",4,NA,"High",4,0,0,0,0,0,0,0,0,0,4,NA,FALSE,0
"16336",6,"F",4,"White","High",4,0,0,0,0,0,0,0,0,0,3,NA,FALSE,0
"16337",8,"M",6,"White","High",4,0,0,0,0,0,0,0,0,0,2,1,FALSE,1
"16338",8,"F",5,"White","High",1,NA,1,0,0,0,0,0,0,0,4,NA,TRUE,0
"16339",6,"F",4,"White","High",3,0,0,0,0,0,0,0,0,1,1,NA,TRUE,1
"16340",9,"F",6,"White","High",2,1,1,0,0,1,0,0,0,0,4,NA,TRUE,0
"16341",8,"M",5,"White","High",4,0,0,0,0,0,0,0,0,0,4,1,FALSE,0
"16342",8,"M",5,"White","High",3,0,0,0,0,0,0,0,0,0,2,NA,FALSE,1
"16343",8,"M",5,"White","High",4,0,0,0,0,0,0,0,0,0,3,1,FALSE,0
"16344",8,"M",5,"Black","High",4,0,0,0,0,0,0,0,0,0,4,1,FALSE,0
"16345",8,"M",5,"White","High",4,0,0,0,0,0,0,0,0,0,4,1,FALSE,0
"16346",7,"M",5,"White","High",3,0,0,0,0,0,0,0,0,1,2,NA,TRUE,1
"16347",7,"M",5,"White","High",3,0,0,0,0,0,0,0,0,0,2,1,FALSE,1
"16348",8,"M",5,"White","High",4,0,0,0,0,0,0,0,0,0,2,NA,FALSE,1
"16349",8,"M",5,"Hispanic","High",3,0,0,0,0,0,0,0,0,0,2,NA,FALSE,1
"16350",7,"M",5,"White","High",4,0,0,0,0,0,0,0,0,0,4,1,FALSE,0
"16351",9,"M",5,"Black","High",3,0,0,0,0,0,0,0,0,0,4,NA,FALSE,0
"16352",7,"M",5,"White","High",4,0,0,0,0,0,0,0,0,0,4,1,FALSE,0
"16353",7,"F",4,"Hispanic","High",3,0,0,0,0,0,0,0,0,0,2,1,FALSE,1
"16354",6,"M",4,"White","High",4,0,0,0,0,0,0,0,0,0,4,1,FALSE,0
"16355",9,"F",6,"Hispanic","High",4,0,0,0,0,0,0,0,0,0,4,1,FALSE,0
"16356",6,"M",4,"White","High",4,0,0,0,0,0,0,0,0,0,4,1,FALSE,0
"16357",7,"M",4,"White","High",3,1,NA,0,0,0,0,0,0,1,1,NA,TRUE,1
"16358",6,"M",4,"White","High",3,0,0,0,0,0,1,0,0,1,2,NA,TRUE,1
"16359",7,"M",4,"White","High",4,0,0,0,0,0,0,0,0,0,4,1,FALSE,0
"16360",6,"M",4,"White","High",3,0,0,0,0,0,0,0,0,0,2,NA,FALSE,1
"16361",6,"M",4,"Asian","High",4,0,0,0,0,0,0,0,0,0,4,1,FALSE,0
"16362",6,"M",4,"Asian","High",4,0,0,0,0,0,0,0,0,0,4,NA,FALSE,0
"16363",8,"M",4,"White","High",4,0,0,0,0,0,0,0,0,0,4,1,FALSE,0
"16364",7,"M",4,"White","High",4,0,0,0,0,0,0,0,0,0,4,1,FALSE,0
"16365",10,"F",7,"Black","High",3,0,0,0,0,0,0,0,0,0,3,1,FALSE,0
"16366",8,"M",5,NA,"High",4,0,0,0,0,0,0,0,0,0,4,NA,FALSE,0
"16367",8,"M",5,"White","High",4,0,0,0,0,0,0,0,0,0,1,1,FALSE,1
"16368",8,"M",5,"White","High",4,0,0,0,0,0,0,0,0,0,4,NA,FALSE,0
"16369",8,"M",6,"Hispanic","High",3,0,0,0,0,0,0,0,0,0,1,1,FALSE,1
"16370",8,"M",6,"White","High",4,0,0,0,0,0,0,0,0,0,3,1,FALSE,0
"16371",9,"F",6,NA,"High",4,0,0,0,0,0,0,0,0,1,1,1,TRUE,1
"16372",10,"M",7,"White","High",1,1,1,0,0,0,1,0,0,1,1,NA,TRUE,1
"16373",11,"M",7,"Hispanic","High",4,NA,0,0,0,0,0,0,0,0,4,1,NA,0
"16374",9,"M",6,"White","High",4,0,0,0,0,0,0,0,0,0,4,1,FALSE,0
"16375",10,"M",6,"White","High",4,0,0,0,0,0,0,0,0,0,4,1,FALSE,0
"16376",8,"M",6,"White","High",4,0,0,0,NA,NA,NA,NA,NA,0,4,1,NA,0
"16377",9,"F",7,"White","High",4,0,0,0,0,0,0,0,0,0,4,NA,FALSE,0
"16378",9,"M",7,"White","High",3,0,0,0,0,0,0,0,0,0,2,1,FALSE,1
"16379",9,"M",7,"Hispanic","High",4,0,0,0,0,0,0,0,0,0,4,NA,FALSE,0
"16380",10,"M",7,"White","High",4,0,0,0,0,0,0,0,0,0,4,1,FALSE,0
"16381",10,"M",7,"White","High",3,0,0,0,0,0,0,0,0,0,4,1,FALSE,0
"16382",10,"M",7,"White","High",4,0,0,0,0,0,0,0,0,0,4,1,FALSE,0
"16383",11,"M",7,"White","High",2,0,0,0,0,0,0,0,0,0,3,1,FALSE,0
"16384",9,"M",7,"White","High",4,0,0,0,0,0,0,0,0,0,4,1,FALSE,0
"16385",9,"F",7,"White","High",3,0,0,0,0,0,0,0,0,0,3,1,FALSE,0
"16386",10,"M",7,"White","High",1,1,1,0,0,0,0,0,0,1,1,NA,TRUE,1
"16387",9,"M",7,"White","High",3,1,0,0,0,0,0,0,0,1,1,1,TRUE,1
"16388",9,"M",7,"White","High",1,1,0,0,NA,NA,NA,NA,NA,1,1,NA,TRUE,1
"16389",8,"M",6,"White","High",4,0,0,0,0,0,0,0,0,0,4,1,FALSE,0
"16390",9,NA,6,"White","High",3,0,0,0,0,0,0,0,0,0,2,1,FALSE,1
"16391",9,"F",6,"White","High",4,0,0,0,0,0,0,0,0,0,2,1,FALSE,1
"16392",8,"M",5,"White","High",4,0,0,0,0,0,0,0,0,0,4,1,FALSE,0
"16393",9,"M",6,NA,"High",3,0,0,0,0,0,0,0,0,0,3,NA,FALSE,0
"16394",11,"F",5,"Hispanic","High",4,0,0,NA,NA,NA,NA,NA,NA,1,1,NA,TRUE,1
"16395",7,"F",5,"White","High",4,0,0,0,0,0,0,0,0,0,4,1,FALSE,0
"16396",9,NA,5,"White","High",4,0,0,0,0,0,0,0,0,0,1,NA,FALSE,1
"16397",8,"M",5,"White","High",3,0,0,0,0,0,0,0,0,0,1,1,FALSE,1
"16398",7,"F",5,"White","High",1,1,1,0,1,0,0,0,0,1,1,NA,TRUE,1
"16399",8,"M",5,"White","High",1,1,1,1,0,0,1,0,0,1,1,NA,TRUE,1
"16400",1,NA,7,"Hispanic","High",1,NA,NA,1,0,0,1,0,0,NA,4,NA,TRUE,0
"16401",9,"F",6,"Hispanic","High",3,0,0,0,0,0,0,0,0,0,3,NA,FALSE,0
"16402",10,"M",7,"White","High",4,0,0,0,0,0,0,0,0,0,4,NA,FALSE,0
"16403",10,"M",7,"Hispanic","High",4,0,0,0,0,0,0,0,0,0,4,1,FALSE,0
"16404",9,"M",6,"White","High",4,0,0,0,0,0,0,0,0,0,4,1,FALSE,0
"16405",9,"M",7,"Hispanic","High",1,0,NA,0,0,0,1,0,0,0,1,NA,TRUE,1
"16406",10,"M",7,"Hispanic","High",1,0,0,0,0,0,0,0,0,0,2,1,FALSE,1
"16407",8,"M",5,"White","High",3,0,0,1,0,0,0,0,0,0,3,NA,TRUE,0
"16408",11,"M",7,NA,"High",4,NA,0,0,0,0,0,0,1,0,3,NA,TRUE,0
"16409",NA,NA,NA,NA,NA,3,NA,1,0,0,0,0,0,0,0,1,NA,TRUE,1
"16410",9,"M",6,"Hispanic","High",1,0,NA,1,0,0,0,0,0,0,4,1,TRUE,0
"16411",9,"M",6,"White","High",1,0,1,1,0,0,0,1,0,0,2,NA,TRUE,1
"16412",9,"M",7,"Hispanic","High",4,0,0,0,0,0,0,0,0,0,4,NA,FALSE,0
"16413",8,"F",5,"Hispanic","High",3,0,0,0,0,0,0,0,0,1,2,NA,TRUE,1
"16414",9,"M",5,"Hispanic","High",2,1,0,0,0,0,0,0,0,0,1,1,TRUE,1
"16415",9,"M",6,"White","High",3,0,0,0,0,0,0,0,0,0,4,1,FALSE,0
"16416",8,"F",6,"White","High",3,0,0,0,0,0,0,0,0,0,1,1,FALSE,1
"16417",9,"F",6,"Hispanic","High",4,0,0,0,0,0,0,0,0,0,4,1,FALSE,0
"16418",10,"M",7,"White","High",3,0,1,0,0,0,0,0,0,0,3,NA,TRUE,0
"16419",9,"F",6,"Hispanic","High",2,0,0,0,0,0,1,0,0,1,1,1,TRUE,1
"16420",6,"F",4,"White","High",4,0,0,0,0,0,0,0,0,0,4,1,FALSE,0
"16421",7,"M",4,"Hispanic","High",4,0,0,0,0,0,0,0,0,0,3,1,FALSE,0
"16422",7,"F",4,"Hispanic","High",4,0,0,0,0,0,0,0,0,0,2,NA,FALSE,1
"16423",7,"F",4,"Hispanic","High",4,0,0,0,0,0,0,0,0,0,4,1,FALSE,0
"16424",8,"M",4,"White","High",4,0,0,0,0,0,0,0,0,0,4,NA,FALSE,0
"16425",6,"M",4,"White","High",4,0,0,0,0,0,0,0,0,0,4,NA,FALSE,0
"16426",7,"M",4,"White","High",3,0,0,0,0,0,1,0,0,1,2,NA,TRUE,1
"16427",7,"M",4,"Hispanic","High",4,0,0,0,0,0,0,0,0,0,3,1,FALSE,0
"16428",6,"F",4,"White","High",3,0,0,0,0,0,0,0,0,1,2,NA,TRUE,1
"16429",6,"M",4,"White","High",4,0,0,0,NA,NA,NA,NA,NA,1,1,NA,TRUE,1
"16430",8,"F",5,"White","High",4,0,0,0,0,0,0,0,0,0,4,NA,FALSE,0
"16431",6,"F",4,"Asian","High",4,0,0,0,0,0,0,0,0,0,4,1,FALSE,0
"16432",7,"M",4,"Hispanic","High",4,0,0,0,0,0,0,0,0,0,4,1,FALSE,0
"16433",7,"M",4,"White","High",3,0,0,0,0,0,0,0,0,0,1,1,FALSE,1
"16434",7,"M",4,"White","High",3,0,0,1,0,0,0,0,0,0,3,NA,TRUE,0
"16435",6,"F",4,"White","High",2,0,1,0,0,0,0,0,0,0,2,1,TRUE,1
"16436",7,"F",4,"Hispanic","High",4,0,0,0,0,0,0,0,0,0,4,NA,FALSE,0
"16437",7,"M",4,"Hispanic","High",4,0,0,0,0,0,0,0,0,0,4,1,FALSE,0
"16438",7,"M",4,"Hispanic","High",4,0,0,0,0,0,0,0,0,0,4,1,FALSE,0
"16439",7,"F",4,NA,"High",4,0,0,0,0,0,0,0,0,0,1,NA,FALSE,1
"16440",11,"M",7,"Hispanic","High",3,0,0,0,0,0,0,0,0,0,2,NA,FALSE,1
"16441",7,"M",4,NA,"High",4,NA,0,0,0,0,0,0,0,0,2,NA,NA,1
"16442",9,"F",7,"Hispanic","High",2,1,1,1,0,0,0,0,0,0,2,NA,TRUE,1
"16443",8,"M",6,"White","High",3,1,0,1,0,0,0,0,0,1,1,NA,TRUE,1
"16444",9,"M",6,"White","High",2,1,0,1,0,0,0,0,0,1,1,NA,TRUE,1
"16445",7,"F",5,"Hispanic","High",4,0,0,0,0,0,0,0,0,0,4,1,FALSE,0
"16446",9,"F",6,"Hispanic","High",3,0,0,0,0,0,0,0,0,0,2,1,FALSE,1
"16447",7,"F",5,"Hispanic","High",3,0,0,0,0,0,0,0,0,0,2,NA,FALSE,1
"16448",8,"F",5,"White","High",4,0,0,0,0,0,0,0,0,0,4,NA,FALSE,0
"16449",8,"F",5,"Hispanic","High",4,0,0,0,0,0,0,0,0,0,2,1,FALSE,1
"16450",7,"F",5,"White","High",4,0,0,0,0,0,0,0,0,0,4,NA,FALSE,0
"16451",9,"F",7,"White","High",4,0,0,0,0,0,0,0,0,0,1,NA,FALSE,1
"16452",8,"M",5,"White","High",4,0,0,0,0,0,0,0,0,0,4,NA,FALSE,0
"16453",8,"M",5,"White","High",4,0,0,0,0,0,0,0,0,0,1,NA,FALSE,1
"16454",8,"F",5,"White","High",4,0,0,0,0,0,0,0,0,0,2,NA,FALSE,1
"16455",8,"M",5,"White","High",4,0,0,0,0,0,0,0,0,0,4,NA,FALSE,0
"16456",7,"F",5,"White","High",4,0,0,0,0,0,0,0,0,0,4,1,FALSE,0
"16457",7,"M",5,"White","High",4,0,0,0,0,0,0,0,0,0,4,1,FALSE,0
"16458",8,"F",5,"Hispanic","High",4,0,0,0,0,0,0,0,0,0,4,1,FALSE,0
"16459",8,"M",5,"Hispanic","High",4,0,0,0,0,0,0,0,0,0,3,1,FALSE,0
"16460",7,"M",5,"Hispanic","High",4,0,0,0,0,0,0,0,0,0,4,1,FALSE,0
"16461",9,"M",5,"White","High",4,0,0,1,0,0,0,0,0,0,4,1,TRUE,0
"16462",10,"M",7,"Hispanic","High",4,0,0,0,0,0,0,0,0,0,4,1,FALSE,0
"16463",8,"M",5,"White","High",3,0,0,0,0,0,0,0,0,0,2,1,FALSE,1
"16464",10,"M",7,"Hispanic","High",3,0,0,0,0,0,0,0,0,1,1,1,TRUE,1
"16465",9,"M",7,"Hispanic","High",4,0,0,0,0,0,0,0,0,0,4,NA,FALSE,0
"16466",10,"M",7,"White","High",3,0,0,0,0,0,0,0,0,0,4,1,FALSE,0
"16467",8,"M",6,"White","High",4,0,0,0,0,0,0,0,0,0,1,1,FALSE,1
"16468",9,"M",7,"White","High",4,0,0,0,0,0,0,0,0,0,4,NA,FALSE,0
"16469",9,"F",6,"Hispanic","High",4,0,0,0,0,0,0,0,0,0,4,1,FALSE,0
"16470",10,"M",7,"Hispanic","High",4,0,0,0,0,0,1,0,0,0,2,1,TRUE,1
"16471",10,"M",7,"Hispanic","High",1,0,1,1,0,0,0,0,0,0,4,NA,TRUE,0
"16472",9,"M",7,"Hispanic","High",4,0,0,0,0,0,0,0,0,0,2,1,FALSE,1
"16473",9,"F",7,"White","High",3,0,0,0,0,0,0,0,0,0,1,NA,FALSE,1
"16474",10,"F",7,"Hispanic","High",3,0,0,0,0,0,0,0,0,0,4,NA,FALSE,0
"16475",9,"M",7,"Hispanic","High",3,0,0,0,0,0,0,0,0,0,4,1,FALSE,0
"16476",8,"F",6,"White","High",4,0,0,0,0,0,0,0,0,0,4,NA,FALSE,0
"16477",9,"F",6,"White","High",4,0,0,0,0,0,0,0,0,0,4,1,FALSE,0
"16478",10,"M",7,"White","High",4,0,0,0,0,0,0,0,0,0,4,1,FALSE,0
"16479",9,"M",7,"Hispanic","High",4,0,0,0,0,0,0,0,0,0,4,1,FALSE,0
"16480",9,"F",6,"Hispanic","High",4,0,0,0,0,0,0,0,0,0,4,1,FALSE,0
"16481",9,"F",6,"Hispanic","High",4,0,0,0,0,0,0,0,0,0,2,NA,FALSE,1
"16482",8,"F",6,"Hispanic","High",3,0,0,0,0,0,0,0,0,0,1,1,FALSE,1
"16483",9,"M",6,"White","High",4,0,0,0,0,0,0,0,0,0,4,1,FALSE,0
"16484",9,"M",6,"White","High",4,0,0,0,0,0,0,0,0,0,4,1,FALSE,0
"16485",9,"F",6,"Hispanic","High",3,0,0,0,0,0,0,0,0,1,1,NA,TRUE,1
"16486",8,"M",5,"Hispanic","High",4,0,0,0,0,0,0,0,0,0,4,1,FALSE,0
"16487",9,"F",6,"Hispanic","High",4,0,0,0,0,0,0,0,0,0,2,1,FALSE,1
"16488",8,"F",5,"Hispanic","High",4,0,0,0,0,0,0,0,0,0,4,1,FALSE,0
"16489",8,"F",6,"White","High",NA,0,NA,NA,0,0,0,0,0,NA,NA,1,NA,NA
"16490",8,"F",6,"Hispanic","High",3,1,1,0,0,0,0,0,0,0,2,1,TRUE,1
"16491",11,"M",7,NA,"High",1,1,1,0,NA,NA,NA,NA,NA,1,1,NA,TRUE,1
"16492",9,"F",6,"Hispanic","High",2,0,0,0,0,0,0,0,0,0,2,NA,FALSE,1
"16493",9,"F",6,"Black","High",4,0,0,0,0,0,0,0,0,0,4,1,FALSE,0
"16494",10,"M",7,"White","High",2,0,1,1,0,0,1,0,0,0,2,NA,TRUE,1
"16495",9,"M",5,NA,"High",4,0,0,0,0,0,0,0,0,0,4,1,FALSE,0
"16496",8,"M",5,"White","High",3,0,0,0,0,0,0,0,0,0,3,NA,FALSE,0
"16497",8,"F",5,"Hispanic","High",4,0,0,0,0,0,0,0,0,0,4,NA,FALSE,0
"16498",7,"F",5,"Hispanic","High",4,0,0,0,0,0,0,0,0,0,4,1,FALSE,0
"16499",9,"F",6,"Hispanic","High",4,0,0,0,0,0,0,0,0,0,4,1,FALSE,0
"16500",8,"F",5,"Hispanic","High",4,0,0,0,0,0,0,0,0,0,4,1,FALSE,0
"16501",10,"F",7,"Asian","High",4,0,0,0,0,0,0,0,0,0,4,1,FALSE,0
"16502",8,"F",6,"White","High",4,0,0,0,0,0,0,0,0,0,2,1,FALSE,1
"16503",8,"F",5,"Hispanic","High",3,0,0,0,0,0,0,0,0,0,3,NA,FALSE,0
"16504",9,"F",6,"White","High",3,0,0,0,0,0,0,0,0,0,4,NA,FALSE,0
"16505",9,"F",6,"White","High",4,0,0,0,0,0,0,0,0,0,2,1,FALSE,1
"16506",9,"F",7,"White","High",4,0,0,0,0,0,0,0,0,0,2,NA,FALSE,1
"16507",5,"M",2,"White","Middle",4,0,0,0,0,0,0,0,0,0,4,1,FALSE,0
"16508",5,"M",2,"White","Middle",4,0,0,0,0,0,0,0,0,0,4,NA,FALSE,0
"16509",5,"F",2,"Hispanic","Middle",4,0,0,0,0,0,0,0,0,0,2,1,FALSE,1
"16510",5,"M",2,"White","Middle",4,0,0,0,0,0,0,0,0,0,1,1,FALSE,1
"16511",5,"M",2,"Hispanic","Middle",2,1,1,1,0,0,0,0,0,0,2,1,TRUE,1
"16512",5,"F",2,"White","Middle",3,0,0,0,0,0,0,0,0,0,4,NA,FALSE,0
"16513",5,"F",2,"Hispanic","Middle",4,0,0,0,0,0,0,0,0,0,4,1,FALSE,0
"16514",5,"F",2,"White","Middle",4,0,0,0,0,0,0,0,0,0,4,NA,FALSE,0
"16515",4,"F",2,"AI/AN","Middle",4,0,0,0,0,0,0,0,0,0,4,1,FALSE,0
"16516",5,"F",2,"Hispanic","Middle",2,0,1,0,0,0,0,0,0,0,2,1,TRUE,1
"16517",6,"M",3,"Hispanic","Middle",4,0,0,0,0,0,0,0,0,0,4,NA,FALSE,0
"16518",5,"F",3,"White","Middle",4,0,0,0,0,0,0,0,0,0,4,1,FALSE,0
"16519",5,"M",2,"Hispanic","Middle",3,0,0,0,0,0,0,0,0,0,2,1,FALSE,1
"16520",5,"F",2,"Hispanic","Middle",4,0,0,0,0,0,0,0,0,0,4,1,FALSE,0
"16521",5,"F",2,"White","Middle",4,0,0,0,0,0,0,0,0,0,4,1,FALSE,0
"16522",5,"M",2,"White","Middle",4,0,0,0,0,0,0,0,0,0,4,1,FALSE,0
"16523",5,"M",2,"White","Middle",4,0,0,0,0,0,0,0,0,0,4,NA,FALSE,0
"16524",5,"M",2,"Hispanic","Middle",3,0,0,0,0,0,0,0,0,0,4,1,FALSE,0
"16525",4,"M",2,"Hispanic","Middle",4,0,0,0,0,0,0,0,0,0,4,1,FALSE,0
"16526",5,"M",2,"White","Middle",4,0,0,0,0,0,0,0,0,0,4,1,FALSE,0
"16527",5,"F",3,"White","Middle",4,0,0,0,0,0,0,0,0,0,4,1,FALSE,0
"16528",6,"M",3,"Hispanic","Middle",1,0,NA,0,0,0,0,0,0,1,1,NA,TRUE,1
"16529",6,"F",3,"White","Middle",4,0,0,0,0,0,0,0,0,0,4,1,FALSE,0
"16530",5,"F",3,NA,"Middle",3,NA,0,0,0,0,0,0,0,0,2,NA,NA,1
"16531",6,"F",3,"White","Middle",4,0,0,0,0,0,0,0,0,0,4,1,FALSE,0
"16532",5,"M",3,"White","Middle",4,0,0,0,0,0,0,0,0,0,4,NA,FALSE,0
"16533",6,"F",3,"Hispanic","Middle",4,0,0,0,0,0,0,0,0,0,4,1,FALSE,0
"16534",6,"M",3,"White","Middle",4,0,0,0,0,0,0,0,0,1,2,1,TRUE,1
"16535",6,"F",3,"White","Middle",4,0,0,0,0,0,0,0,0,0,4,1,FALSE,0
"16536",5,"F",3,"Hispanic","Middle",4,0,0,0,0,0,0,0,0,0,3,NA,FALSE,0
"16537",5,"M",3,"Hispanic","Middle",4,0,0,0,0,0,0,0,0,0,3,1,FALSE,0
"16538",6,"M",3,"Hispanic","Middle",4,0,0,0,0,0,0,0,0,0,1,NA,FALSE,1
"16539",6,"F",3,"White","Middle",4,0,0,0,0,0,0,0,0,0,4,1,FALSE,0
"16540",5,"F",3,"White","Middle",4,0,0,0,0,0,0,0,0,0,4,1,FALSE,0
"16541",6,"F",3,"White","Middle",4,0,0,0,0,0,0,0,0,0,4,1,FALSE,0
"16542",6,"F",3,"White","Middle",4,0,0,0,0,0,0,0,0,0,4,1,FALSE,0
"16543",4,"F",1,"White","Middle",4,0,0,0,0,0,0,0,0,0,2,NA,FALSE,1
"16544",3,"F",1,"Hispanic","Middle",4,0,0,0,0,0,0,0,0,0,1,1,FALSE,1
"16545",3,"M",1,"White","Middle",4,0,0,0,0,0,0,0,0,0,4,1,FALSE,0
"16546",3,"F",1,"Asian","Middle",4,0,0,0,0,0,0,0,0,0,3,1,FALSE,0
"16547",3,"F",1,"Hispanic","Middle",4,0,0,0,0,0,0,0,0,0,4,1,FALSE,0
"16548",3,"M",1,"White","Middle",4,0,0,0,0,0,0,0,0,0,4,1,FALSE,0
"16549",4,"M",1,NA,"Middle",4,0,0,0,0,0,0,0,0,0,1,1,FALSE,1
"16550",4,"F",1,"Hispanic","Middle",4,0,0,0,0,0,0,0,0,0,3,NA,FALSE,0
"16551",3,"F",1,"Hispanic","Middle",4,0,0,0,0,0,0,0,0,0,4,1,FALSE,0
"16552",4,"M",1,"Hispanic","Middle",4,0,0,0,0,0,0,0,0,0,4,NA,FALSE,0
"16553",4,"F",1,"White","Middle",4,0,0,0,0,0,0,0,0,0,4,1,FALSE,0
"16554",4,"F",1,"White","Middle",4,0,0,0,0,0,0,0,0,0,4,1,FALSE,0
"16555",4,"F",1,"White","Middle",4,0,0,0,0,0,0,0,0,0,3,1,FALSE,0
"16556",3,"F",1,"White","Middle",4,0,0,0,0,0,0,0,0,0,4,1,FALSE,0
"16557",4,"F",1,"AI/AN","Middle",4,0,0,0,0,0,0,0,0,0,4,1,FALSE,0
"16558",4,"F",1,"White","Middle",4,0,0,0,0,0,0,0,0,0,4,1,FALSE,0
"16559",3,"M",1,"White","Middle",2,0,1,0,0,0,0,0,0,0,1,NA,TRUE,1
"16560",4,"M",1,"White","Middle",4,0,0,0,0,0,0,0,0,0,4,NA,FALSE,0
"16561",3,"M",1,"White","Middle",4,0,0,0,0,0,0,0,0,0,3,1,FALSE,0
"16562",4,"F",1,"Hispanic","Middle",4,0,0,0,0,0,0,0,0,0,4,NA,FALSE,0
"16563",4,"F",1,"Hispanic","Middle",3,0,0,0,0,0,0,0,0,0,1,NA,FALSE,1
"16564",4,"F",1,NA,"Middle",4,0,0,0,0,0,0,0,0,0,4,1,FALSE,0
"16565",4,"M",1,"White","Middle",4,0,0,0,0,0,0,0,0,0,4,1,FALSE,0
"16566",4,"F",1,"White","Middle",4,0,0,0,0,0,0,0,0,0,4,NA,FALSE,0
"16567",3,"M",1,"White","Middle",4,0,0,0,0,0,0,0,0,0,4,NA,FALSE,0
"16568",3,"M",1,"White","Middle",4,0,0,0,0,0,0,0,0,0,4,NA,FALSE,0
"16569",4,"M",1,"White","Middle",4,0,0,0,0,0,0,0,0,0,4,1,FALSE,0
"16570",4,"M",1,"White","Middle",3,0,0,0,0,0,0,0,0,0,2,NA,FALSE,1
"16571",3,"M",1,NA,"Middle",4,0,0,0,0,0,0,0,0,0,4,NA,FALSE,0
"16572",3,"M",1,"Hispanic","Middle",1,1,0,0,0,0,1,0,0,1,1,NA,TRUE,1
"16573",4,"M",1,"Hispanic","Middle",4,0,0,0,0,0,0,0,0,0,4,1,FALSE,0
"16574",3,"F",1,"AI/AN","Middle",4,0,0,0,0,0,0,0,0,0,4,1,FALSE,0
"16575",4,"F",1,"White","Middle",4,0,0,0,0,0,0,0,0,0,3,1,FALSE,0
"16576",4,"F",1,"White","Middle",3,0,0,0,0,0,0,0,0,0,2,NA,FALSE,1
"16577",4,"M",1,"Hispanic","Middle",4,0,0,0,0,0,0,0,0,0,4,1,FALSE,0
"16578",3,"M",1,"Hispanic","Middle",4,0,0,0,0,0,0,0,0,0,3,NA,FALSE,0
"16579",4,"M",1,"White","Middle",4,0,0,0,0,0,0,0,0,0,4,1,FALSE,0
"16580",4,"M",1,"Hispanic","Middle",4,0,0,0,0,0,0,0,0,0,4,1,FALSE,0
"16581",3,"M",1,"White","Middle",4,0,0,0,0,0,0,0,0,0,2,NA,FALSE,1
"16582",5,"M",2,"White","Middle",4,0,0,0,0,0,0,0,0,0,4,1,FALSE,0
"16583",4,"M",2,"White","Middle",4,0,0,0,0,0,0,0,0,0,4,NA,FALSE,0
"16584",4,"M",2,"Hispanic","Middle",4,0,0,0,0,0,0,0,0,0,4,NA,FALSE,0
"16585",5,"F",2,"White","Middle",4,0,0,0,0,0,0,0,0,0,3,NA,FALSE,0
"16586",5,"M",2,"White","Middle",4,0,0,0,0,0,0,0,0,0,4,1,FALSE,0
"16587",4,"F",2,"Hispanic","Middle",3,0,0,0,0,0,0,0,0,0,3,1,FALSE,0
"16588",5,"M",2,"White","Middle",4,0,0,NA,0,0,0,0,0,0,4,1,NA,0
"16589",6,"M",2,"White","Middle",3,0,0,0,0,0,0,0,0,0,2,NA,FALSE,1
"16590",5,"M",2,"Hispanic","Middle",4,0,0,0,0,0,0,0,0,0,4,NA,FALSE,0
"16591",5,"M",2,"White","Middle",4,0,0,0,0,0,0,0,0,0,4,1,FALSE,0
"16592",4,"M",2,"White","Middle",4,0,0,0,0,0,0,0,0,0,4,1,FALSE,0
"16593",5,"M",2,"White","Middle",4,0,0,0,0,0,0,0,0,0,4,1,FALSE,0
"16594",5,"M",2,"White","Middle",3,0,0,0,0,0,0,0,0,0,2,NA,FALSE,1
"16595",5,"M",2,"White","Middle",4,0,0,0,0,0,0,0,0,0,1,NA,FALSE,1
"16596",5,"F",2,"Hispanic","Middle",4,0,0,1,0,0,0,0,0,0,1,NA,TRUE,1
"16597",4,"F",2,"White","Middle",4,0,0,0,0,0,0,0,0,0,4,1,FALSE,0
"16598",5,"F",2,"White","Middle",4,0,0,0,0,0,0,0,0,0,4,1,FALSE,0
"16599",5,"F",2,"White","Middle",3,0,0,0,0,0,0,0,0,0,4,NA,FALSE,0
"16600",5,"M",2,"White","Middle",4,0,0,0,0,0,0,0,0,0,4,1,FALSE,0
"16601",5,"F",2,"White","Middle",4,0,0,0,0,0,0,0,0,0,1,1,FALSE,1
"16602",5,"F",2,"White","Middle",4,0,0,0,0,0,0,0,0,0,4,1,FALSE,0
"16603",5,"M",2,NA,"Middle",4,0,0,0,0,0,0,0,0,0,4,1,FALSE,0
"16604",6,"M",2,"Hispanic","Middle",3,0,0,0,0,0,0,0,0,0,2,NA,FALSE,1
"16605",3,"M",1,"White","Middle",4,0,0,0,0,0,0,0,0,0,4,1,FALSE,0
"16606",7,"F",4,"White","High",4,0,0,0,0,0,0,0,0,0,3,NA,FALSE,0
"16607",6,"M",4,"White","High",4,0,0,0,0,0,0,0,0,0,4,1,FALSE,0
"16608",7,"M",4,"White","High",4,0,0,0,0,0,0,0,0,0,1,NA,FALSE,1
"16609",6,"F",4,"Black","High",4,0,0,0,0,0,0,0,0,0,4,1,FALSE,0
"16610",7,"M",4,"White","High",4,0,0,0,0,0,0,0,0,0,4,1,FALSE,0
"16611",6,"M",4,"White","High",4,0,0,0,0,0,0,0,0,0,4,1,FALSE,0
"16612",8,"M",6,"Hispanic","High",3,1,0,0,0,0,0,0,0,1,2,NA,TRUE,1
"16613",6,"F",4,"Hispanic","High",4,0,0,0,NA,NA,NA,NA,NA,0,2,NA,NA,1
"16614",7,"M",4,"Hispanic","High",2,0,1,0,0,0,0,0,0,1,2,NA,TRUE,1
"16615",6,"M",4,"White","High",4,0,0,0,0,0,0,0,0,0,2,NA,FALSE,1
"16616",7,"M",4,"White","High",4,0,0,0,0,0,0,0,0,0,4,1,FALSE,0
"16617",6,"M",4,"White","High",2,0,0,0,0,0,0,0,0,0,1,NA,FALSE,1
"16618",7,"M",4,"White","High",3,0,0,0,0,0,0,0,0,1,2,NA,TRUE,1
"16619",6,"M",4,"White","High",4,0,0,0,0,0,0,0,0,0,1,NA,FALSE,1
"16620",7,"M",4,"White","High",3,0,0,0,0,0,0,0,0,0,2,NA,FALSE,1
"16621",7,"F",4,"White","High",4,0,0,0,0,0,0,0,0,0,4,NA,FALSE,0
"16622",7,"F",4,"White","High",4,NA,0,0,NA,NA,NA,NA,NA,0,1,NA,NA,1
"16623",7,"F",4,"White","High",3,0,0,0,0,0,0,0,0,0,4,NA,FALSE,0
"16624",7,"M",4,"White","High",3,0,0,0,0,0,1,0,0,1,1,NA,TRUE,1
"16625",7,"M",5,"White","High",2,0,0,0,0,0,0,0,0,0,4,1,FALSE,0
"16626",8,"M",5,"White","High",3,0,0,0,0,0,0,0,0,0,2,NA,FALSE,1
"16627",7,"F",5,"White","High",4,0,0,0,0,0,0,0,0,0,4,1,FALSE,0
"16628",7,"F",5,"Black","High",4,0,0,0,0,0,0,0,0,0,2,1,FALSE,1
"16629",8,"F",5,"Black","High",3,0,0,0,0,0,0,0,0,0,1,NA,FALSE,1
"16630",7,"F",5,"White","High",4,0,0,0,0,0,0,0,0,0,2,NA,FALSE,1
"16631",7,"F",5,"Black","High",3,0,0,0,0,0,0,0,0,0,2,NA,FALSE,1
"16632",8,"F",5,NA,"High",4,0,0,0,0,0,0,0,0,0,4,1,FALSE,0
"16633",7,"F",5,"White","High",4,0,0,0,0,0,0,0,0,0,4,NA,FALSE,0
"16634",7,"F",5,"Black","High",4,0,0,0,0,0,1,0,0,0,4,1,TRUE,0
"16635",7,"F",5,"White","High",4,0,0,0,0,0,0,0,0,0,4,1,FALSE,0
"16636",8,"M",5,"White","High",3,NA,NA,NA,0,0,0,0,0,NA,3,1,NA,0
"16637",8,"F",5,"White","High",4,0,0,0,0,0,0,0,0,0,1,NA,FALSE,1
"16638",7,"M",5,"White","High",4,0,0,0,0,0,0,0,0,0,1,1,FALSE,1
"16639",8,"M",5,"White","High",4,0,0,0,0,0,0,0,0,0,4,1,FALSE,0
"16640",8,"F",5,"White","High",3,1,0,0,0,0,0,0,0,0,3,NA,TRUE,0
"16641",8,"M",5,"AI/AN","High",1,1,0,0,0,0,1,0,0,1,1,NA,TRUE,1
"16642",8,"M",5,"White","High",3,0,1,1,0,0,0,0,0,1,2,NA,TRUE,1
"16643",7,"F",5,"White","High",4,0,0,0,0,0,0,0,0,0,4,NA,FALSE,0
"16644",7,"M",5,"White","High",3,0,0,0,0,0,0,0,0,0,3,NA,FALSE,0
"16645",8,"M",5,"White","High",4,0,0,0,0,0,0,0,0,0,4,NA,FALSE,0
"16646",8,"F",5,"White","High",4,0,0,0,0,0,0,0,0,0,2,NA,FALSE,1
"16647",9,"F",7,"Black","High",2,0,0,0,0,0,0,0,0,0,2,NA,FALSE,1
"16648",10,"F",7,"Black","High",4,0,0,0,0,0,0,0,0,0,4,1,FALSE,0
"16649",9,"M",7,"White","High",4,0,0,0,0,0,0,0,0,0,4,1,FALSE,0
"16650",10,"F",7,"Hispanic","High",4,0,0,0,0,0,0,0,0,0,4,1,FALSE,0
"16651",10,"M",7,"White","High",1,1,0,0,0,0,0,0,0,1,4,1,TRUE,0
"16652",10,"F",7,"Hispanic","High",4,0,0,0,0,0,0,0,0,0,4,1,FALSE,0
"16653",10,"M",7,"White","High",3,0,0,1,0,0,0,0,0,0,2,NA,TRUE,1
"16654",10,"M",7,"White","High",2,0,1,0,NA,NA,NA,NA,NA,1,1,1,TRUE,1
"16655",10,"M",7,"White","High",3,0,0,0,0,0,0,0,0,0,3,NA,FALSE,0
"16656",10,"F",7,"White","High",3,0,0,0,0,0,0,0,0,0,4,1,FALSE,0
"16657",10,"F",7,"Black","High",1,0,1,0,0,0,0,0,0,0,4,NA,TRUE,0
"16658",9,"F",7,"Hispanic","High",4,0,0,0,0,0,0,0,0,0,2,1,FALSE,1
"16659",11,"M",7,"Hispanic","High",4,0,0,0,0,0,0,0,0,0,4,NA,FALSE,0
"16660",9,"F",7,"Black","High",4,0,0,0,0,0,0,0,0,0,4,1,FALSE,0
"16661",10,"F",7,"Hispanic","High",4,0,0,0,0,0,0,0,0,0,2,NA,FALSE,1
"16662",10,"M",7,"White","High",3,0,1,0,0,0,0,0,0,0,2,NA,TRUE,1
"16663",10,"F",7,"White","High",4,0,0,0,0,0,0,0,0,0,4,1,FALSE,0
"16664",10,"M",7,"White","High",2,0,1,0,0,0,0,0,0,0,4,NA,TRUE,0
"16665",6,"F",4,"White","High",4,0,0,0,0,0,0,0,0,0,4,NA,FALSE,0
"16666",6,"M",4,"NHOPI","High",2,0,0,NA,0,0,0,0,0,NA,1,NA,NA,1
"16667",7,"F",4,"White","High",4,0,0,0,0,0,0,0,0,0,4,1,FALSE,0
"16668",8,"F",4,"Black","High",4,0,0,0,0,0,0,0,0,0,4,1,FALSE,0
"16669",7,"F",4,"White","High",3,0,0,0,0,0,0,0,0,0,4,1,FALSE,0
"16670",7,"M",4,"Hispanic","High",4,0,0,0,0,0,0,0,0,0,4,1,FALSE,0
"16671",6,"F",4,"White","High",4,0,0,0,0,0,0,0,0,0,1,NA,FALSE,1
"16672",6,"M",4,"White","High",4,0,0,0,0,0,0,0,0,0,4,NA,FALSE,0
"16673",6,"M",4,"White","High",4,0,0,0,0,0,0,0,0,0,4,NA,FALSE,0
"16674",6,"M",4,"White","High",4,0,0,0,0,0,0,0,0,0,4,1,FALSE,0
"16675",6,"F",4,"White","High",4,0,0,0,0,0,0,0,0,0,4,1,FALSE,0
"16676",7,"F",4,"White","High",4,0,0,0,0,0,0,0,0,0,3,NA,FALSE,0
"16677",6,"F",4,"White","High",4,0,0,0,0,0,0,0,0,0,1,NA,FALSE,1
"16678",7,"M",4,"Black","High",4,0,0,0,0,0,0,0,0,0,4,1,FALSE,0
"16679",6,"F",4,"White","High",1,1,NA,0,0,0,0,0,0,1,1,NA,TRUE,1
"16680",7,"F",4,"White","High",3,0,0,0,0,0,0,0,0,0,3,1,FALSE,0
"16681",9,"F",6,"White","High",3,0,0,0,0,0,0,0,0,0,4,NA,FALSE,0
"16682",8,"M",6,"White","High",3,0,0,0,0,0,0,0,0,0,3,NA,FALSE,0
"16683",8,"M",6,"Hispanic","High",1,1,1,1,0,0,0,0,0,1,1,NA,TRUE,1
"16684",9,"F",6,"White","High",4,0,0,1,0,0,0,0,0,0,2,NA,TRUE,1
"16685",9,"M",6,NA,"High",4,0,0,0,0,0,0,0,0,0,4,NA,FALSE,0
"16686",10,"M",7,"White","High",4,0,0,0,0,0,0,0,0,1,1,1,TRUE,1
"16687",8,"M",6,NA,"High",4,0,0,0,0,0,0,0,0,1,1,NA,TRUE,1
"16688",10,"M",6,"Black","High",4,0,0,0,0,0,1,0,0,1,2,NA,TRUE,1
"16689",10,"M",6,"Black","High",3,0,0,0,0,0,0,0,0,0,1,1,FALSE,1
"16690",9,"M",6,"Hispanic","High",3,0,0,0,0,0,0,0,0,0,2,1,FALSE,1
"16691",8,"M",5,"White","High",4,0,0,0,0,0,0,0,0,0,2,1,FALSE,1
"16692",7,"M",5,NA,"High",2,0,0,1,0,0,0,0,0,1,1,NA,TRUE,1
"16693",8,"M",5,"Hispanic","High",4,0,0,0,0,0,0,0,0,0,4,1,FALSE,0
"16694",7,"M",5,"White","High",4,0,0,0,0,0,0,0,0,0,4,1,FALSE,0
"16695",7,"F",5,"White","High",4,0,0,0,0,0,0,0,0,0,4,1,FALSE,0
"16696",8,"M",5,"White","High",4,0,0,0,0,0,0,0,0,0,4,NA,FALSE,0
"16697",7,"F",5,"White","High",4,0,0,0,0,0,0,0,0,0,4,NA,FALSE,0
"16698",8,"M",5,"White","High",4,0,0,0,0,0,0,0,0,0,2,1,FALSE,1
"16699",8,"M",5,"Hispanic","High",4,0,0,0,0,0,0,0,0,0,4,1,FALSE,0
"16700",7,"F",5,"White","High",4,0,0,0,0,0,0,0,0,0,4,NA,FALSE,0
"16701",8,"F",5,"Hispanic","High",4,0,0,0,0,0,0,0,0,0,2,NA,FALSE,1
"16702",8,"M",5,"Hispanic","High",3,0,0,0,0,0,0,0,0,0,3,1,FALSE,0
"16703",8,"F",5,"Black","High",4,0,0,0,0,0,0,0,0,0,4,NA,FALSE,0
"16704",8,"F",5,"Hispanic","High",1,0,NA,0,0,0,0,0,0,1,1,1,TRUE,1
"16705",8,"M",5,"Black","High",2,NA,1,1,1,0,0,0,0,0,4,NA,TRUE,0
"16706",8,"F",5,"White","High",4,0,0,0,0,0,0,0,0,0,4,NA,FALSE,0
"16707",8,"F",5,"White","High",4,0,0,0,0,0,0,0,0,0,2,NA,FALSE,1
"16708",8,"M",5,"Asian","High",4,0,0,0,0,0,0,0,0,0,4,NA,FALSE,0
"16709",8,"F",5,"White","High",4,0,0,0,0,0,0,0,0,0,4,1,FALSE,0
"16710",8,"F",5,"White","High",4,0,0,0,0,0,0,0,0,0,4,1,FALSE,0
"16711",8,"M",5,"White","High",4,0,0,0,0,0,0,0,0,0,4,NA,FALSE,0
"16712",9,"M",6,"White","High",4,0,0,0,0,0,0,0,0,0,1,1,FALSE,1
"16713",8,"M",6,"White","High",4,0,0,0,0,0,0,0,0,0,4,NA,FALSE,0
"16714",8,"F",6,"White","High",4,0,0,0,0,0,0,0,0,0,4,1,FALSE,0
"16715",9,"F",6,"White","High",3,0,0,0,0,0,0,0,0,0,3,NA,FALSE,0
"16716",8,"F",6,"White","High",3,0,0,NA,0,0,0,0,0,0,1,NA,NA,1
"16717",8,"M",6,"Hispanic","High",2,1,1,1,0,0,0,0,0,1,1,NA,TRUE,1
"16718",9,"M",6,"White","High",3,0,0,0,0,0,0,0,0,0,3,NA,FALSE,0
"16719",9,"M",6,"White","High",4,0,0,0,0,0,0,0,0,0,4,1,FALSE,0
"16720",8,"F",6,"Black","High",3,0,0,0,NA,NA,NA,NA,NA,0,4,NA,NA,0
"16721",9,"F",6,"White","High",4,0,0,0,0,0,0,0,0,0,2,1,FALSE,1
"16722",9,"M",6,"White","High",4,1,0,0,0,0,0,0,0,0,4,NA,TRUE,0
"16723",9,"M",6,"White","High",2,0,0,0,0,0,0,0,0,1,1,NA,TRUE,1
"16724",9,"F",6,"White","High",4,0,0,0,0,0,0,0,0,0,4,1,FALSE,0
"16725",9,"M",7,"White","High",4,0,0,0,0,0,0,0,0,0,4,1,FALSE,0
"16726",9,"M",7,"Hispanic","High",4,0,0,0,0,0,0,0,0,0,4,1,FALSE,0
"16727",9,"M",7,"White","High",1,0,0,0,0,0,0,0,0,0,3,1,FALSE,0
"16728",9,"F",7,"White","High",4,0,0,0,0,0,0,0,0,1,4,NA,TRUE,0
"16729",10,"M",7,"Hispanic","High",2,0,0,0,0,0,0,0,0,1,1,NA,TRUE,1
"16730",10,"M",7,"White","High",1,1,1,0,0,0,1,0,0,1,1,NA,TRUE,1
"16731",9,"M",7,"Black","High",3,0,0,0,0,0,0,0,0,0,1,1,FALSE,1
"16732",9,"M",7,"White","High",4,0,0,0,0,0,0,0,0,0,4,NA,FALSE,0
"16733",10,"M",7,"White","High",4,0,0,0,0,0,0,0,0,0,4,NA,FALSE,0
"16734",10,"F",7,"White","High",4,0,0,0,0,0,0,0,0,0,2,NA,FALSE,1
"16735",11,"F",7,"White","High",4,0,0,0,0,0,0,0,0,0,1,1,FALSE,1
"16736",9,"M",7,"White","High",4,0,0,NA,0,0,0,0,0,0,4,NA,NA,0
"16737",10,"M",7,"White","High",4,0,0,0,0,0,0,0,0,0,4,NA,FALSE,0
"16738",9,"M",7,"White","High",4,0,0,0,0,0,0,0,0,0,4,1,FALSE,0
"16739",9,"M",7,"White","High",2,0,0,0,0,0,0,0,0,0,2,NA,FALSE,1
"16740",9,"F",7,"Hispanic","High",4,0,0,0,0,0,0,0,0,0,4,NA,FALSE,0
"16741",10,"M",7,NA,"High",4,0,0,0,0,0,0,0,0,0,4,NA,FALSE,0
"16742",9,"M",7,"White","High",3,1,NA,0,0,0,0,0,0,1,2,1,TRUE,1
"16743",9,"F",7,"Asian","High",4,0,0,0,0,0,0,0,0,0,1,NA,FALSE,1
"16744",10,"F",7,"White","High",3,0,0,0,0,0,0,0,0,0,4,NA,FALSE,0
"16745",6,"F",4,"White","High",4,0,0,0,0,0,0,0,0,0,2,NA,FALSE,1
"16746",7,"F",4,"White","High",4,0,0,0,0,0,0,0,0,0,4,NA,FALSE,0
"16747",7,"F",4,"White","High",4,0,0,0,0,0,0,0,0,0,4,1,FALSE,0
"16748",7,"M",4,"White","High",4,0,0,0,0,0,0,0,0,0,4,1,FALSE,0
"16749",7,"F",4,"White","High",4,0,0,0,0,0,0,0,0,0,4,1,FALSE,0
"16750",7,"F",4,"White","High",4,0,0,0,0,0,0,0,0,0,4,1,FALSE,0
"16751",6,"F",4,"Black","High",3,0,0,0,0,0,0,0,0,0,3,NA,FALSE,0
"16752",6,"F",4,"White","High",4,0,0,0,0,0,0,0,0,0,4,NA,FALSE,0
"16753",6,"M",4,"White","High",4,0,0,0,0,0,0,0,0,0,4,NA,FALSE,0
"16754",4,"M",1,"White","Middle",4,0,0,0,0,0,0,0,0,0,4,NA,FALSE,0
"16755",3,"M",1,"White","Middle",4,0,0,0,0,0,0,0,0,0,4,1,FALSE,0
"16756",4,"M",1,NA,"Middle",3,0,0,0,0,0,0,0,0,0,2,NA,FALSE,1
"16757",4,"M",1,"White","Middle",4,0,0,0,0,0,0,0,0,0,4,NA,FALSE,0
"16758",4,"M",1,"White","Middle",4,0,0,0,0,0,0,0,0,0,4,1,FALSE,0
"16759",4,"M",1,NA,"Middle",4,0,0,0,0,0,0,0,0,0,4,NA,FALSE,0
"16760",4,"F",1,"White","Middle",4,0,0,0,0,0,0,0,0,0,3,NA,FALSE,0
"16761",3,"F",1,"White","Middle",4,0,0,0,0,0,0,0,0,0,2,NA,FALSE,1
"16762",4,"M",1,"White","Middle",4,0,0,0,0,0,0,0,0,0,4,NA,FALSE,0
"16763",3,"M",1,"White","Middle",4,0,0,0,0,0,0,0,0,0,4,1,FALSE,0
"16764",3,"F",1,"White","Middle",4,0,0,0,0,0,0,0,0,0,4,NA,FALSE,0
"16765",4,"M",1,"White","Middle",4,0,0,0,0,0,0,0,0,0,4,1,FALSE,0
"16766",4,"M",1,"White","Middle",NA,0,0,0,0,0,1,0,0,0,1,NA,TRUE,1
"16767",3,"M",1,"White","Middle",3,0,0,0,0,0,0,0,0,0,3,NA,FALSE,0
"16768",3,"M",1,NA,"Middle",3,0,0,0,0,0,1,0,0,0,4,NA,TRUE,0
"16769",5,"F",3,"White","Middle",4,0,0,0,0,0,0,0,0,0,4,NA,FALSE,0
"16770",5,"F",3,NA,"Middle",3,0,NA,0,0,0,0,0,0,1,1,NA,TRUE,1
"16771",6,"M",3,"White","Middle",4,0,0,0,0,0,0,0,0,0,1,NA,FALSE,1
"16772",6,"M",3,"AI/AN","Middle",2,0,0,0,0,0,0,0,0,0,2,NA,FALSE,1
"16773",6,"F",3,"White","Middle",4,0,0,0,0,0,0,0,0,0,4,1,FALSE,0
"16774",6,"F",3,"White","Middle",4,0,0,0,0,0,0,0,0,0,4,1,FALSE,0
"16775",6,"M",3,"White","Middle",4,0,0,0,0,0,0,0,0,0,1,NA,FALSE,1
"16776",5,"M",3,"White","Middle",4,0,0,0,0,0,0,0,0,0,4,NA,FALSE,0
"16777",7,"M",3,"White","Middle",3,0,0,0,0,0,0,0,0,1,3,NA,TRUE,0
"16778",6,"M",3,"White","Middle",3,0,0,0,0,0,0,0,0,0,1,1,FALSE,1
"16779",6,"M",3,"White","Middle",4,0,0,0,0,0,0,0,0,0,4,NA,FALSE,0
"16780",6,"F",3,"White","Middle",3,0,0,0,0,0,0,0,0,1,1,NA,TRUE,1
"16781",5,"F",3,NA,"Middle",4,0,0,0,0,0,0,0,0,0,4,1,FALSE,0
"16782",6,"F",3,"White","Middle",3,0,0,0,0,0,0,0,0,0,2,NA,FALSE,1
"16783",6,"F",3,"White","Middle",3,NA,0,0,0,0,0,0,0,0,2,NA,NA,1
"16784",6,"M",3,"AI/AN","Middle",4,0,0,0,0,0,0,0,0,0,4,NA,FALSE,0
"16785",6,"M",3,"Hispanic","Middle",4,0,0,0,0,0,0,0,0,0,4,1,FALSE,0
"16786",7,"M",3,"White","Middle",4,0,0,0,0,0,0,0,0,0,4,NA,FALSE,0
"16787",6,"F",3,"White","Middle",4,0,0,0,0,0,0,0,0,0,2,1,FALSE,1
"16788",5,"M",2,"White","Middle",4,0,0,0,0,0,0,0,0,0,4,NA,FALSE,0
"16789",5,"M",2,"White","Middle",4,0,0,0,0,0,0,0,0,0,3,NA,FALSE,0
"16790",4,"F",2,"Hispanic","Middle",3,0,0,0,0,0,0,0,0,0,2,1,FALSE,1
"16791",4,"F",2,"White","Middle",3,0,0,0,0,0,0,0,0,0,1,1,FALSE,1
"16792",5,"F",2,"White","Middle",4,0,0,0,0,0,0,0,0,0,4,NA,FALSE,0
"16793",6,"M",2,"White","Middle",4,0,0,0,0,0,0,0,0,0,4,1,FALSE,0
"16794",5,"M",2,"White","Middle",3,0,0,0,0,0,0,0,0,0,2,1,FALSE,1
"16795",4,"M",2,"White","Middle",3,0,0,0,0,0,0,0,0,0,4,NA,FALSE,0
"16796",4,"M",2,"White","Middle",4,0,0,0,0,0,0,0,0,0,4,1,FALSE,0
"16797",5,"M",2,"White","Middle",4,0,0,0,0,0,0,0,0,0,2,1,FALSE,1
"16798",5,NA,2,"Black","Middle",4,0,0,0,0,0,0,0,0,0,4,1,FALSE,0
"16799",4,"F",2,"White","Middle",4,0,0,0,0,0,0,0,0,0,4,NA,FALSE,0
"16800",4,"M",2,"Hispanic","Middle",1,1,0,0,0,0,0,0,0,1,1,NA,TRUE,1
"16801",4,"F",1,"Hispanic","Middle",4,0,0,0,NA,NA,NA,NA,NA,0,4,NA,NA,0
"16802",5,"F",2,"White","Middle",4,0,0,0,0,0,0,0,0,0,4,1,FALSE,0
"16803",4,"F",2,"White","Middle",4,0,0,0,0,0,0,0,0,0,4,1,FALSE,0
"16804",3,"F",1,"White","Middle",4,0,0,0,0,0,0,0,0,0,2,1,FALSE,1
"16805",4,"F",1,"White","Middle",4,0,0,0,0,0,0,0,0,0,3,NA,FALSE,0
"16806",3,"M",1,"White","Middle",4,0,0,0,0,0,0,0,0,0,4,1,FALSE,0
"16807",3,"M",1,"White","Middle",4,0,0,0,0,0,0,0,0,0,4,NA,FALSE,0
"16808",4,"M",1,"White","Middle",4,0,0,0,0,0,0,0,0,0,4,NA,FALSE,0
"16809",4,"F",1,"White","Middle",4,0,0,0,0,0,0,0,0,0,4,1,FALSE,0
"16810",3,"F",1,"White","Middle",4,0,0,0,0,0,0,0,0,0,4,1,FALSE,0
"16811",3,"F",1,"White","Middle",4,0,0,0,0,0,0,0,0,0,3,NA,FALSE,0
"16812",4,"M",1,"White","Middle",4,0,0,0,0,0,0,0,0,0,1,NA,FALSE,1
"16813",4,"F",1,"White","Middle",4,0,0,0,0,0,0,0,0,0,4,NA,FALSE,0
"16814",4,"F",1,"White","Middle",4,0,0,0,0,0,0,0,0,0,4,NA,FALSE,0
"16815",3,"M",1,"White","Middle",4,0,0,0,0,0,0,0,0,0,4,NA,FALSE,0
"16816",4,"M",1,"White","Middle",4,0,0,0,0,0,0,0,0,0,4,1,FALSE,0
"16817",6,"M",3,"White","Middle",2,0,0,0,0,0,0,0,0,0,2,1,FALSE,1
"16818",6,"M",3,"Hispanic","Middle",3,0,0,0,0,0,0,0,0,0,1,NA,FALSE,1
"16819",5,"M",3,"White","Middle",4,0,0,0,0,0,0,0,0,0,4,1,FALSE,0
"16820",6,"M",3,"White","Middle",4,0,0,0,0,0,0,0,0,0,4,1,FALSE,0
"16821",6,"M",3,"White","Middle",3,0,0,0,0,0,0,0,0,0,4,NA,FALSE,0
"16822",6,NA,3,"White","Middle",4,0,0,0,0,0,0,0,0,0,4,NA,FALSE,0
"16823",6,"M",3,"White","Middle",2,0,0,0,NA,NA,NA,NA,NA,0,1,1,NA,1
"16824",5,"M",3,"Black","Middle",4,0,0,0,0,0,0,0,0,0,3,1,FALSE,0
"16825",5,"M",3,"White","Middle",4,0,0,0,0,0,0,0,0,0,3,1,FALSE,0
"16826",6,"F",3,"Hispanic","Middle",4,0,0,0,0,0,0,0,0,0,4,1,FALSE,0
"16827",6,"F",3,"White","Middle",4,0,0,0,0,0,0,0,0,0,4,1,FALSE,0
"16828",5,"M",3,"White","Middle",4,0,0,0,0,0,0,0,0,0,1,1,FALSE,1
"16829",6,"M",3,"White","Middle",4,0,0,0,0,0,0,0,0,0,4,1,FALSE,0
"16830",5,"F",3,"White","Middle",3,0,0,0,0,0,0,0,0,0,2,1,FALSE,1
"16831",5,"M",3,"White","Middle",3,0,0,0,0,0,0,0,0,0,4,1,FALSE,0
"16832",6,"F",3,"White","Middle",4,0,0,0,0,0,0,0,0,0,2,NA,FALSE,1
"16833",6,"F",3,"White","Middle",4,0,0,0,NA,NA,NA,NA,NA,0,2,NA,NA,1
"16834",6,"F",3,"White","Middle",4,0,0,0,0,0,0,0,0,0,4,1,FALSE,0
"16835",5,"M",3,"Black","Middle",2,0,0,0,0,0,0,0,0,0,1,NA,FALSE,1
"16836",4,"M",2,"White","Middle",4,0,0,0,0,0,0,0,0,0,4,1,FALSE,0
"16837",5,"F",2,"Black","Middle",4,0,0,0,0,0,0,0,0,0,4,1,FALSE,0
"16838",5,"F",2,"White","Middle",4,0,0,0,0,0,0,0,0,0,3,NA,FALSE,0
"16839",4,"F",2,"White","Middle",3,0,0,0,0,0,0,0,0,0,2,1,FALSE,1
"16840",5,"F",2,"Asian","Middle",4,0,0,0,0,0,0,0,0,0,4,NA,FALSE,0
"16841",5,"F",2,NA,"Middle",4,0,0,0,0,0,0,0,0,0,4,1,FALSE,0
"16842",5,"M",2,NA,"Middle",2,0,0,0,NA,NA,NA,NA,NA,0,1,NA,NA,1
"16843",5,"F",2,"White","Middle",4,0,0,0,0,0,0,0,0,0,4,1,FALSE,0
"16844",5,"F",2,"White","Middle",4,0,0,0,0,0,0,0,0,0,2,NA,FALSE,1
"16845",5,"F",2,"White","Middle",4,0,0,0,0,0,0,0,0,0,4,1,FALSE,0
"16846",4,"F",2,NA,"Middle",3,1,1,0,0,0,0,0,0,1,1,NA,TRUE,1
"16847",5,"M",2,"White","Middle",4,0,0,0,0,0,0,0,0,0,4,1,FALSE,0
"16848",4,"M",2,"White","Middle",4,0,0,0,0,0,0,0,0,0,4,1,FALSE,0
"16849",4,"M",2,"Hispanic","Middle",4,NA,NA,0,0,0,0,0,0,0,4,NA,NA,0
"16850",5,"F",2,"White","Middle",4,0,0,0,0,0,0,0,0,0,3,1,FALSE,0
"16851",5,"F",2,"White","Middle",4,0,0,0,0,0,0,0,0,0,4,1,FALSE,0
"16852",5,"F",2,"White","Middle",4,0,0,0,0,0,0,0,0,0,3,1,FALSE,0
"16853",3,"M",1,"White","Middle",4,0,0,0,0,0,0,0,0,0,4,1,FALSE,0
"16854",3,"M",1,"White","Middle",4,0,0,0,0,0,0,0,0,0,4,1,FALSE,0
"16855",3,"M",1,"White","Middle",4,0,0,0,0,0,0,0,0,0,3,1,FALSE,0
"16856",3,"M",1,NA,"Middle",NA,0,NA,NA,NA,NA,NA,NA,NA,NA,NA,NA,NA,NA
"16857",3,"M",1,"White","Middle",NA,0,NA,NA,0,0,0,0,0,NA,NA,1,NA,NA
"16858",5,"F",1,"White","Middle",4,0,0,0,0,0,0,0,0,0,4,NA,FALSE,0
"16859",4,"F",1,"White","Middle",4,0,0,0,0,0,0,0,0,0,4,1,FALSE,0
"16860",4,"M",1,"White","Middle",4,0,0,0,NA,NA,NA,NA,NA,0,4,1,NA,0
"16861",4,"M",1,"Hispanic","Middle",4,0,0,0,0,0,0,0,0,0,4,NA,FALSE,0
"16862",3,"F",1,"White","Middle",4,0,0,0,0,0,0,0,0,0,4,NA,FALSE,0
"16863",3,"F",1,"White","Middle",4,0,0,0,0,0,0,0,0,0,3,1,FALSE,0
"16864",3,"M",1,"White","Middle",4,0,0,0,0,0,0,0,0,0,3,NA,FALSE,0
"16865",4,"M",1,"White","Middle",4,0,0,0,0,0,0,0,0,0,4,1,FALSE,0
"16866",3,"M",1,"Hispanic","Middle",4,0,0,0,0,0,0,0,0,0,4,1,FALSE,0
"16867",4,"M",1,"White","Middle",4,0,0,0,0,0,0,0,0,0,4,1,FALSE,0
"16868",3,"M",1,"White","Middle",4,0,0,0,0,0,0,0,0,0,3,1,FALSE,0
"16869",4,"M",1,"White","Middle",4,0,0,0,0,0,0,0,0,0,4,1,FALSE,0
"16870",3,"F",1,"White","Middle",4,0,0,0,0,0,0,0,0,0,4,1,FALSE,0
"16871",4,"M",1,"White","Middle",4,0,0,0,0,0,0,0,0,0,4,1,FALSE,0
"16872",5,"F",2,"White","Middle",4,0,0,0,0,0,0,0,0,0,4,1,FALSE,0
"16873",4,"M",2,"White","Middle",4,0,0,0,0,0,0,0,0,0,4,1,FALSE,0
"16874",5,"F",2,"White","Middle",4,0,0,0,0,0,0,0,0,0,4,1,FALSE,0
"16875",4,"M",2,"White","Middle",4,0,0,0,0,0,0,0,0,0,4,1,FALSE,0
"16876",5,"M",2,NA,"Middle",4,0,0,0,0,0,0,0,0,0,4,1,FALSE,0
"16877",5,"M",2,"White","Middle",2,1,0,0,0,0,0,1,0,0,4,NA,TRUE,0
"16878",4,"M",2,"White","Middle",4,0,0,0,0,0,0,0,0,0,4,1,FALSE,0
"16879",4,"F",2,"White","Middle",4,0,0,0,0,0,0,0,0,0,4,1,FALSE,0
"16880",5,"M",2,"White","Middle",4,0,0,0,0,0,0,0,0,0,4,1,FALSE,0
"16881",4,"M",2,"White","Middle",4,0,0,0,0,0,0,0,0,0,4,NA,FALSE,0
"16882",4,"F",2,"White","Middle",4,0,0,0,0,0,0,0,0,0,4,1,FALSE,0
"16883",5,"F",2,"White","Middle",4,0,0,0,0,0,0,0,0,0,4,1,FALSE,0
"16884",4,"F",2,"White","Middle",4,0,0,0,0,0,0,0,0,0,4,1,FALSE,0
"16885",4,"F",2,"White","Middle",4,0,0,0,0,0,0,0,0,0,4,1,FALSE,0
"16886",6,"M",3,"White","Middle",4,0,0,0,0,0,0,0,0,0,4,1,FALSE,0
"16887",5,"M",3,"White","Middle",4,0,0,0,0,0,0,0,0,0,4,NA,FALSE,0
"16888",4,"F",2,"White","Middle",4,0,0,0,0,0,0,0,0,0,4,1,FALSE,0
"16889",5,"F",2,"White","Middle",4,0,0,0,0,0,0,0,0,0,4,1,FALSE,0
"16890",4,"F",2,"White","Middle",4,0,0,0,0,0,0,0,0,0,4,NA,FALSE,0
"16891",4,"F",2,NA,"Middle",NA,NA,NA,NA,NA,NA,NA,NA,NA,NA,NA,NA,NA,NA
"16892",5,"F",2,"White","Middle",3,0,0,0,0,0,0,0,0,0,1,1,FALSE,1
"16893",5,"M",2,"White","Middle",4,0,0,0,0,0,0,0,0,0,2,1,FALSE,1
"16894",6,"M",3,"White","Middle",4,0,0,0,0,0,0,0,0,0,4,1,FALSE,0
"16895",6,"M",3,"White","Middle",4,0,0,0,0,0,0,0,0,0,4,1,FALSE,0
"16896",6,"M",3,"White","Middle",4,0,0,0,0,0,0,0,0,0,4,1,FALSE,0
"16897",6,"M",3,"White","Middle",4,0,0,0,0,0,0,0,0,0,4,NA,FALSE,0
"16898",5,"F",2,NA,"Middle",4,0,0,0,0,0,0,0,0,0,4,NA,FALSE,0
"16899",5,"M",3,"Hispanic","Middle",4,0,0,0,0,0,0,0,0,0,4,1,FALSE,0
"16900",6,"M",3,"White","Middle",4,0,0,0,0,0,0,0,0,0,4,1,FALSE,0
"16901",5,"M",3,"White","Middle",4,0,0,0,0,0,0,0,0,0,4,1,FALSE,0
"16902",5,"M",3,"White","Middle",2,0,0,0,0,0,0,0,0,0,2,1,FALSE,1
"16903",6,"M",3,"White","Middle",4,0,0,0,0,0,0,0,0,0,4,NA,FALSE,0
"16904",5,"M",3,"White","Middle",4,0,0,0,0,0,0,0,0,0,4,NA,FALSE,0
"16905",6,"F",3,"White","Middle",4,0,0,0,0,0,0,0,0,0,4,NA,FALSE,0
"16906",5,"M",3,"White","Middle",4,0,0,0,0,0,0,0,0,0,3,NA,FALSE,0
"16907",6,"M",3,"White","Middle",3,0,0,0,0,0,0,0,0,0,3,1,FALSE,0
"16908",6,"F",3,"White","Middle",4,0,0,0,0,0,0,0,0,0,4,1,FALSE,0
"16909",6,"F",3,"Black","Middle",4,0,0,0,0,0,0,0,0,0,4,NA,FALSE,0
"16910",6,"F",3,"White","Middle",4,0,0,0,0,0,0,0,0,0,4,1,FALSE,0
"16911",6,"F",3,"Hispanic","Middle",4,0,0,0,0,0,0,0,0,0,4,1,FALSE,0
"16912",5,"F",3,"Hispanic","Middle",4,0,0,0,0,0,0,0,0,1,1,1,TRUE,1
"16913",6,"F",3,"White","Middle",2,1,1,0,0,0,0,0,0,1,1,NA,TRUE,1
"16914",6,"F",3,"White","Middle",4,0,0,0,0,0,0,0,0,0,4,1,FALSE,0
"16915",5,"M",3,"Asian","Middle",4,0,0,0,0,0,0,0,0,0,4,NA,FALSE,0
"16916",5,"F",3,"White","Middle",4,0,0,0,0,0,0,0,0,0,4,1,FALSE,0
"16917",5,"F",3,"White","Middle",4,0,0,0,0,0,0,0,0,0,4,1,FALSE,0
"16918",6,"M",3,"White","Middle",4,0,0,0,0,0,0,0,0,0,4,1,FALSE,0
"16919",6,"M",3,"White","Middle",4,0,0,0,0,0,0,0,0,0,4,1,FALSE,0
"16920",6,"F",3,"Asian","Middle",4,0,0,0,0,0,0,0,0,0,4,1,FALSE,0
"16921",5,"M",3,"White","Middle",4,0,0,0,0,0,0,0,0,0,4,1,FALSE,0
"16922",6,"F",3,"White","Middle",3,1,0,0,0,0,0,0,0,1,1,NA,TRUE,1
"16923",6,"F",3,"White","Middle",4,0,0,0,0,0,0,0,0,0,4,1,FALSE,0
"16924",6,"F",3,"White","Middle",3,0,0,0,0,0,1,0,0,1,1,NA,TRUE,1
"16925",5,"F",3,"White","Middle",4,0,0,0,0,0,0,0,0,0,4,NA,FALSE,0
"16926",6,"F",3,"White","Middle",4,0,0,0,0,0,0,0,0,0,3,1,FALSE,0
"16927",6,"F",3,"White","Middle",4,0,0,0,0,0,0,0,0,0,4,1,FALSE,0
"16928",5,"F",3,"White","Middle",4,0,0,0,0,0,0,0,0,0,4,1,FALSE,0
"16929",5,"F",3,"White","Middle",3,0,0,0,0,0,0,0,0,0,3,NA,FALSE,0
"16930",4,"M",1,"White","Middle",4,0,0,0,0,0,0,0,0,0,4,1,FALSE,0
"16931",4,"M",1,NA,"Middle",4,0,0,0,0,0,0,0,0,0,4,1,FALSE,0
"16932",3,"M",1,"White","Middle",4,0,NA,0,0,0,0,0,0,0,4,1,NA,0
"16933",3,"F",1,"White","Middle",4,0,0,0,0,0,0,0,0,0,4,1,FALSE,0
"16934",4,"M",1,"White","Middle",4,0,NA,0,0,0,0,0,0,0,4,1,NA,0
"16935",4,"M",1,"White","Middle",4,0,0,0,0,0,0,0,0,0,4,1,FALSE,0
"16936",4,"M",1,"White","Middle",4,0,0,0,0,0,0,0,0,0,4,1,FALSE,0
"16937",4,"F",1,"White","Middle",4,NA,NA,NA,NA,NA,NA,NA,NA,NA,4,NA,NA,0
"16938",4,"M",1,"White","Middle",4,0,0,0,0,0,0,0,0,0,3,NA,FALSE,0
"16939",3,"M",1,NA,"Middle",4,0,0,0,0,0,0,0,0,0,4,1,FALSE,0
"16940",3,"M",1,NA,"Middle",4,0,0,0,0,0,0,0,0,0,4,NA,FALSE,0
"16941",4,"M",1,"White","Middle",4,0,0,0,0,0,0,0,0,0,4,1,FALSE,0
"16942",3,"F",1,"White","Middle",4,0,0,0,0,0,0,0,0,0,4,1,FALSE,0
"16943",4,"F",1,"White","Middle",4,0,0,0,0,0,0,0,0,0,4,1,FALSE,0
"16944",4,"M",1,"Hispanic","Middle",4,0,0,0,0,0,0,0,0,0,4,1,FALSE,0
"16945",4,"M",1,"White","Middle",4,0,0,0,0,0,0,0,0,0,4,NA,FALSE,0
"16946",3,"F",1,"White","Middle",4,0,0,0,0,0,0,0,0,0,4,NA,FALSE,0
"16947",4,"F",1,"White","Middle",4,0,0,0,0,0,0,0,0,0,4,1,FALSE,0
"16948",5,"M",2,"White","Middle",4,0,0,0,0,0,0,0,0,0,4,1,FALSE,0
"16949",4,"M",2,"White","Middle",4,0,0,0,0,0,0,0,0,0,2,1,FALSE,1
"16950",5,"M",2,NA,"Middle",4,0,0,0,0,0,0,0,0,0,4,NA,FALSE,0
"16951",5,"M",2,"White","Middle",4,0,0,0,0,0,0,0,0,0,4,1,FALSE,0
"16952",5,"M",2,"White","Middle",4,0,0,0,0,0,0,0,0,0,4,1,FALSE,0
"16953",5,"M",2,"White","Middle",1,1,1,0,0,0,1,0,0,1,1,NA,TRUE,1
"16954",5,"M",2,"White","Middle",4,0,0,0,0,0,0,0,0,0,3,1,FALSE,0
"16955",5,"M",2,"White","Middle",3,0,0,0,0,0,0,0,0,0,3,NA,FALSE,0
"16956",4,"M",2,"White","Middle",4,0,0,0,0,0,0,0,0,0,4,1,FALSE,0
"16957",4,"M",2,"White","Middle",4,0,0,0,0,0,0,0,0,0,4,1,FALSE,0
"16958",5,"F",2,"White","Middle",4,0,0,0,0,0,0,0,0,0,4,NA,FALSE,0
"16959",5,"F",2,"White","Middle",NA,0,NA,NA,NA,NA,NA,NA,NA,NA,NA,NA,NA,NA
"16960",5,"F",2,"White","Middle",4,0,0,0,0,0,0,0,0,0,4,1,FALSE,0
"16961",5,"F",2,"Asian","Middle",4,0,0,0,0,0,0,0,0,0,4,1,FALSE,0
"16962",5,"F",2,"White","Middle",4,0,0,0,0,0,0,0,0,0,4,1,FALSE,0
"16963",5,"F",2,"White","Middle",4,0,0,0,0,0,0,0,0,0,4,NA,FALSE,0
"16964",5,"F",2,"White","Middle",4,0,0,0,0,0,0,0,0,0,4,1,FALSE,0
"16965",6,"F",3,"White","Middle",4,0,0,0,0,0,0,0,0,0,4,1,FALSE,0
"16966",6,"F",3,"White","Middle",4,0,0,0,0,0,0,0,0,0,2,NA,FALSE,1
"16967",6,"F",3,"White","Middle",4,0,0,0,0,0,0,0,0,0,4,NA,FALSE,0
"16968",6,"F",3,"White","Middle",4,0,0,0,0,0,0,0,0,0,4,1,FALSE,0
"16969",5,"F",3,"White","Middle",4,0,0,0,0,0,0,0,0,0,2,NA,FALSE,1
"16970",6,"F",3,"White","Middle",4,0,0,0,0,0,0,0,0,0,4,1,FALSE,0
"16971",5,"F",3,"White","Middle",4,0,0,0,0,0,0,0,0,0,4,1,FALSE,0
"16972",6,"M",3,"White","Middle",4,0,0,0,0,0,0,0,0,0,4,1,FALSE,0
"16973",5,"F",3,"White","Middle",4,0,0,0,0,0,0,0,0,0,4,NA,FALSE,0
"16974",7,"M",4,"AI/AN","High",2,1,0,0,0,0,1,0,0,1,1,NA,TRUE,1
"16975",6,"M",4,"White","High",3,0,0,0,0,0,0,0,0,0,1,NA,FALSE,1
"16976",7,"M",4,"White","High",4,0,0,0,0,0,0,0,0,1,2,NA,TRUE,1
"16977",6,"F",4,"White","High",3,0,0,0,0,0,0,0,0,1,2,NA,TRUE,1
"16978",7,"M",4,"White","High",4,0,0,0,0,0,0,0,0,0,4,1,FALSE,0
"16979",6,"M",4,"White","High",3,1,0,0,0,0,0,0,0,1,1,NA,TRUE,1
"16980",7,"M",4,"White","High",1,1,1,1,1,1,1,1,0,0,1,NA,TRUE,1
"16981",6,"M",4,"White","High",4,0,0,0,0,0,0,0,0,0,4,NA,FALSE,0
"16982",6,"M",4,"White","High",1,1,1,1,1,1,1,1,0,1,1,NA,TRUE,1
"16983",7,"F",4,"White","High",4,0,0,0,0,0,0,0,0,0,4,NA,FALSE,0
"16984",10,"M",7,"White","High",4,0,0,0,0,0,0,0,0,0,4,NA,FALSE,0
"16985",8,"M",6,"White","High",3,0,0,0,0,0,0,0,0,0,3,NA,FALSE,0
"16986",9,"M",6,"White","High",3,0,NA,1,0,0,0,0,0,0,2,1,TRUE,1
"16987",9,"F",6,"White","High",4,0,0,0,0,0,1,0,0,1,1,NA,TRUE,1
"16988",9,"F",6,"White","High",4,0,0,0,0,0,0,0,0,0,NA,1,FALSE,NA
"16989",8,"F",6,"White","High",3,0,0,0,0,0,0,0,0,1,1,NA,TRUE,1
"16990",8,"F",6,"White","High",3,1,1,0,0,0,1,0,0,1,1,NA,TRUE,1
"16991",8,"F",6,NA,"High",4,0,0,0,0,0,0,0,0,0,2,1,FALSE,1
"16992",9,"M",6,"White","High",3,1,0,1,0,0,0,0,0,1,1,NA,TRUE,1
"16993",9,"F",6,"White","High",4,1,0,0,0,0,0,0,0,0,1,1,TRUE,1
"16994",9,"M",6,"White","High",1,1,1,1,1,1,0,0,0,1,1,NA,TRUE,1
"16995",9,"M",6,"White","High",4,0,0,0,NA,NA,NA,NA,NA,0,4,1,NA,0
"16996",9,"F",6,"Black","High",2,0,1,0,0,0,1,0,0,1,3,NA,TRUE,0
"16997",9,"M",6,"White","High",4,0,0,0,0,0,0,0,0,0,4,1,FALSE,0
"16998",8,"F",6,"White","High",2,0,0,0,0,0,0,0,0,1,1,1,TRUE,1
"16999",8,"M",6,"White","High",4,0,0,0,0,0,0,0,0,0,4,NA,FALSE,0
"17000",9,"M",6,"White","High",4,0,0,0,0,0,0,0,0,0,NA,NA,FALSE,NA
"17001",9,"F",6,"White","High",4,0,0,0,0,0,0,0,0,0,4,NA,FALSE,0
"17002",8,"F",6,"White","High",4,0,0,0,0,0,0,0,0,0,2,1,FALSE,1
"17003",9,"F",6,"White","High",3,0,0,0,0,0,0,0,0,1,1,NA,TRUE,1
"17004",9,"M",6,"White","High",4,0,NA,0,0,0,0,0,0,1,1,NA,TRUE,1
"17005",9,"M",6,"White","High",3,0,0,0,0,0,0,0,0,0,4,1,FALSE,0
"17006",9,"M",6,"White","High",4,0,0,0,0,0,0,0,0,0,4,1,FALSE,0
"17007",9,"M",6,"White","High",2,0,NA,0,0,0,0,0,0,0,3,1,NA,0
"17008",8,"F",6,"White","High",3,0,0,0,0,0,0,0,0,0,2,1,FALSE,1
"17009",7,"F",5,"White","High",4,0,0,0,0,0,0,0,0,0,4,1,FALSE,0
"17010",9,"M",6,"Black","High",3,0,0,0,0,0,0,0,0,0,4,1,FALSE,0
"17011",8,"M",5,"White","High",4,0,0,0,0,0,0,0,0,0,4,1,FALSE,0
"17012",8,"M",6,"White","High",4,0,0,0,0,0,0,0,0,0,4,NA,FALSE,0
"17013",9,"M",6,"White","High",4,1,0,0,NA,NA,NA,NA,NA,0,4,1,TRUE,0
"17014",8,"F",6,"White","High",4,0,0,1,0,0,0,0,0,1,1,1,TRUE,1
"17015",9,"M",6,"White","High",2,1,1,0,0,0,0,0,0,1,1,NA,TRUE,1
"17016",10,"F",6,"White","High",1,1,1,1,0,0,0,0,0,1,1,NA,TRUE,1
"17017",8,"M",6,"White","High",3,0,0,0,0,0,0,0,0,0,3,NA,FALSE,0
"17018",8,"F",6,"White","High",1,1,1,0,0,0,0,0,0,1,1,1,TRUE,1
"17019",9,"F",6,"White","High",1,1,1,0,0,0,0,0,0,1,1,NA,TRUE,1
"17020",8,"F",5,"White","High",4,0,0,0,0,0,0,0,0,0,4,1,FALSE,0
"17021",7,"F",5,"White","High",3,0,0,0,0,0,0,0,0,0,3,1,FALSE,0
"17022",8,"F",5,"White","High",4,1,0,0,0,0,0,0,0,0,2,1,TRUE,1
"17023",8,"M",5,"White","High",2,0,1,0,0,0,0,0,0,1,1,1,TRUE,1
"17024",7,"F",5,"White","High",4,0,0,0,0,0,0,0,0,0,3,NA,FALSE,0
"17025",7,"M",5,"White","High",4,0,0,0,0,0,0,0,0,0,4,NA,FALSE,0
"17026",8,"F",5,"White","High",4,0,0,0,0,0,0,0,0,0,4,NA,FALSE,0
"17027",8,"F",5,"Asian","High",4,0,0,0,0,0,0,0,0,0,2,1,FALSE,1
"17028",8,"M",5,"White","High",4,0,0,0,0,0,0,0,0,1,2,1,TRUE,1
"17029",8,"F",5,"White","High",4,0,0,0,0,0,0,0,0,0,4,NA,FALSE,0
"17030",7,"M",5,"White","High",4,0,0,0,0,0,0,0,0,0,4,NA,FALSE,0
"17031",8,"F",5,"White","High",4,0,0,0,0,0,0,0,0,0,4,NA,FALSE,0
"17032",7,"M",5,"White","High",4,0,0,0,0,0,0,0,0,0,4,1,FALSE,0
"17033",8,"F",5,"White","High",4,0,0,0,0,0,0,0,0,0,2,NA,FALSE,1
"17034",10,"F",7,"White","High",4,0,0,0,0,0,0,0,0,0,4,1,FALSE,0
"17035",8,"M",5,"Hispanic","High",4,0,0,0,0,0,0,0,0,0,4,1,FALSE,0
"17036",8,"F",5,"White","High",4,0,0,0,0,0,0,0,0,0,4,1,FALSE,0
"17037",8,"F",5,"White","High",4,0,0,0,0,0,0,0,0,0,4,1,FALSE,0
"17038",7,"M",5,"White","High",4,0,0,0,0,0,0,0,0,0,4,1,FALSE,0
"17039",8,"F",5,"White","High",4,0,0,0,0,0,0,0,0,0,4,NA,FALSE,0
"17040",8,"F",5,"White","High",3,0,0,0,0,0,0,0,0,1,1,NA,TRUE,1
"17041",8,"F",5,"White","High",4,0,0,0,0,0,0,0,0,0,4,1,FALSE,0
"17042",7,"F",5,"White","High",4,0,0,0,0,0,0,0,0,0,4,1,FALSE,0
"17043",8,"F",5,"White","High",4,0,0,0,0,0,0,0,0,0,2,1,FALSE,1
"17044",7,"F",5,"White","High",3,0,0,0,0,0,1,0,0,1,1,NA,TRUE,1
"17045",10,"M",7,"White","High",2,0,0,0,0,0,0,0,0,1,2,1,TRUE,1
"17046",10,"M",7,"White","High",4,0,0,0,0,0,0,0,0,0,3,1,FALSE,0
"17047",10,"M",7,"White","High",3,0,0,0,0,0,0,0,0,1,2,NA,TRUE,1
"17048",10,"M",7,"White","High",3,0,0,0,0,0,0,0,0,0,4,1,FALSE,0
"17049",10,"M",7,"White","High",1,0,0,0,0,0,0,0,0,0,4,NA,FALSE,0
"17050",10,"F",7,"White","High",4,0,0,0,0,0,0,0,0,0,4,1,FALSE,0
"17051",10,"M",7,"White","High",4,0,0,0,0,0,0,0,0,0,3,1,FALSE,0
"17052",9,"M",7,"White","High",1,1,1,0,1,0,0,0,0,0,4,NA,TRUE,0
"17053",10,"M",7,"White","High",3,0,0,0,0,0,0,0,0,0,4,1,FALSE,0
"17054",10,"M",7,"White","High",3,0,0,0,0,0,0,0,0,0,3,1,FALSE,0
"17055",10,"M",7,"White","High",1,1,1,0,0,0,0,0,0,1,1,NA,TRUE,1
"17056",10,"F",7,"White","High",4,0,0,0,0,0,0,0,0,0,2,NA,FALSE,1
"17057",7,"F",4,"White","High",4,0,0,0,0,0,0,0,0,0,2,NA,FALSE,1
"17058",6,"F",4,"White","High",4,0,0,0,0,0,0,0,0,1,1,NA,TRUE,1
"17059",7,"F",4,"White","High",4,0,0,0,0,0,0,0,0,0,4,NA,FALSE,0
"17060",8,"F",5,NA,"High",3,0,0,0,0,0,0,0,0,0,1,1,FALSE,1
"17061",8,"F",5,"Hispanic","High",4,0,0,0,1,0,0,0,0,0,1,1,TRUE,1
"17062",7,"F",5,"White","High",4,0,0,0,0,0,0,0,0,0,4,1,FALSE,0
"17063",8,"M",5,"White","High",3,0,0,0,0,0,0,0,0,0,3,1,FALSE,0
"17064",8,"M",5,"White","High",4,0,0,0,0,0,0,0,0,0,4,NA,FALSE,0
"17065",8,"F",5,"White","High",3,0,0,0,0,0,0,0,0,1,1,NA,TRUE,1
"17066",7,"M",5,"White","High",3,0,0,0,0,0,0,0,0,0,2,1,FALSE,1
"17067",8,"M",5,"White","High",4,0,0,0,0,0,0,0,0,0,3,NA,FALSE,0
"17068",7,"F",5,"White","High",2,0,0,0,0,0,0,0,0,0,3,1,FALSE,0
"17069",7,"F",5,"White","High",4,0,0,0,0,0,0,0,0,0,3,1,FALSE,0
"17070",8,"M",5,"White","High",4,0,0,0,0,0,0,0,0,0,4,1,FALSE,0
"17071",8,"M",5,"White","High",4,0,0,0,0,0,0,0,0,0,4,NA,FALSE,0
"17072",7,"F",5,"White","High",3,0,0,0,0,0,0,0,0,0,3,NA,FALSE,0
"17073",7,"F",5,"White","High",4,0,0,0,0,0,0,0,0,0,4,1,FALSE,0
"17074",8,"F",5,"White","High",2,0,0,0,0,0,0,0,0,0,1,1,FALSE,1
"17075",8,"F",5,"White","High",4,0,0,0,0,0,0,0,0,0,4,NA,FALSE,0
"17076",8,"M",5,"Hispanic","High",2,0,0,0,0,0,0,0,0,0,2,1,FALSE,1
"17077",7,"F",5,"Hispanic","High",4,0,0,0,0,0,0,0,0,0,4,1,FALSE,0
"17078",7,"M",5,"White","High",4,0,0,0,0,0,0,0,0,0,2,NA,FALSE,1
"17079",8,"M",5,"White","High",3,0,0,0,0,0,0,0,0,0,1,1,FALSE,1
"17080",8,"F",5,"White","High",4,0,0,0,0,0,0,0,0,0,4,1,FALSE,0
"17081",8,"F",5,"White","High",4,0,0,0,0,0,0,0,0,0,1,1,FALSE,1
"17082",7,"F",5,"White","High",4,0,0,0,0,0,0,0,0,0,4,1,FALSE,0
"17083",8,"M",5,"White","High",4,0,0,0,0,0,0,0,0,0,4,NA,FALSE,0
"17084",8,"F",5,"Black","High",4,0,0,0,0,0,0,0,0,0,4,1,FALSE,0
"17085",7,"F",5,"White","High",4,0,0,0,0,0,0,0,0,0,1,1,FALSE,1
"17086",8,"F",6,"White","High",4,0,0,0,0,0,0,0,0,0,4,1,FALSE,0
"17087",8,"F",6,"White","High",4,0,0,0,0,0,0,0,0,0,3,NA,FALSE,0
"17088",10,"M",7,"White","High",4,0,0,0,0,0,0,0,0,0,1,NA,FALSE,1
"17089",10,"M",7,"White","High",4,0,0,0,0,0,0,0,0,0,4,1,FALSE,0
"17090",8,"M",6,"White","High",4,0,0,1,0,0,0,0,0,0,4,NA,TRUE,0
"17091",8,"F",6,"White","High",3,0,0,0,0,0,1,0,0,1,1,NA,TRUE,1
"17092",9,"M",6,"White","High",4,0,0,0,0,0,0,0,0,0,3,NA,FALSE,0
"17093",9,"M",6,"White","High",3,0,0,1,0,0,0,0,0,0,4,NA,TRUE,0
"17094",8,"M",4,"White","High",1,1,1,0,0,0,1,0,0,1,1,NA,TRUE,1
"17095",6,"M",4,"White","High",3,0,0,0,0,0,0,0,0,1,1,1,TRUE,1
"17096",6,"M",4,"White","High",4,0,0,0,0,0,0,0,0,0,4,NA,FALSE,0
"17097",6,"M",4,"White","High",4,0,0,0,0,0,0,0,0,0,4,1,FALSE,0
"17098",7,"F",4,"White","High",4,0,0,0,0,0,0,0,0,0,2,NA,FALSE,1
"17099",6,"F",4,"White","High",4,0,0,0,0,0,0,0,0,0,4,NA,FALSE,0
"17100",7,"M",4,"White","High",4,0,0,0,0,0,0,0,0,0,4,1,FALSE,0
"17101",7,"F",4,"White","High",4,0,0,0,0,0,0,0,0,0,3,1,FALSE,0
"17102",7,"F",4,"White","High",3,0,0,0,0,0,0,0,0,0,2,1,FALSE,1
"17103",7,"F",4,"Black","High",4,0,0,0,0,0,0,0,0,0,3,NA,FALSE,0
"17104",7,"F",4,"White","High",1,0,0,0,0,0,0,0,0,0,1,NA,FALSE,1
"17105",8,"M",5,"AI/AN","High",4,0,0,0,0,0,0,0,0,0,4,1,FALSE,0
"17106",7,"M",4,"White","High",4,0,0,0,0,0,0,0,0,0,4,NA,FALSE,0
"17107",6,"M",4,"White","High",3,0,0,0,0,0,0,0,0,1,1,NA,TRUE,1
"17108",6,"F",4,"White","High",4,0,0,0,0,0,0,0,0,0,3,NA,FALSE,0
"17109",7,"M",4,"Hispanic","High",1,1,1,1,0,0,1,0,0,1,1,NA,TRUE,1
"17110",7,"M",4,"White","High",4,0,0,1,0,0,0,0,0,0,4,1,TRUE,0
"17111",7,"M",4,"White","High",3,0,0,0,0,0,1,0,0,1,1,1,TRUE,1
"17112",7,"F",4,"White","High",4,0,0,0,0,0,0,0,0,0,4,NA,FALSE,0
"17113",7,"M",4,"White","High",4,0,0,0,0,0,0,0,0,1,2,NA,TRUE,1
"17114",10,"M",6,"White","High",2,0,0,0,0,0,0,0,0,1,1,NA,TRUE,1
"17115",10,"M",7,"White","High",4,0,0,0,0,0,0,0,0,0,4,NA,FALSE,0
"17116",10,"F",7,"White","High",3,0,0,0,0,0,0,0,0,0,2,NA,FALSE,1
"17117",10,"M",7,"White","High",4,0,0,0,0,0,0,0,0,0,4,1,FALSE,0
"17118",10,"M",7,"Black","High",2,0,0,0,0,0,0,0,0,0,4,1,FALSE,0
"17119",10,"M",7,"Asian","High",4,0,0,0,0,0,0,0,0,0,4,1,FALSE,0
"17120",10,"M",7,"White","High",2,1,1,0,0,0,0,0,0,0,4,1,TRUE,0
"17121",11,"F",7,"White","High",4,1,0,0,0,0,0,0,0,0,1,NA,TRUE,1
"17122",10,"F",7,"White","High",4,0,0,0,0,0,0,0,0,0,3,NA,FALSE,0
"17123",9,"F",7,"White","High",3,0,0,0,0,0,0,0,0,0,2,NA,FALSE,1
"17124",NA,"M",7,NA,"High",1,NA,NA,1,NA,NA,NA,NA,NA,NA,NA,NA,TRUE,NA
"17125",10,"M",7,"White","High",3,1,0,1,0,0,0,1,0,1,1,1,TRUE,1
"17126",10,"M",7,"White","High",4,0,0,0,0,0,0,0,0,0,4,1,FALSE,0
"17127",9,"F",7,"White","High",4,0,0,0,0,0,0,0,0,0,4,1,FALSE,0
"17128",9,"F",7,"White","High",4,0,0,0,0,0,0,0,0,0,4,1,FALSE,0
"17129",10,"M",7,"White","High",1,1,1,1,0,0,0,0,0,1,1,NA,TRUE,1
"17130",9,"F",7,"White","High",1,0,NA,0,0,0,0,0,0,0,1,NA,NA,1
"17131",9,"F",7,"White","High",4,0,0,0,0,0,0,0,0,0,4,NA,FALSE,0
"17132",10,"F",7,"White","High",4,NA,0,0,0,0,0,0,0,0,1,1,NA,1
"17133",10,"F",7,"White","High",3,0,0,0,0,0,1,0,0,0,2,1,TRUE,1
"17134",9,"F",7,"White","High",4,0,0,0,0,0,0,0,0,0,4,1,FALSE,0
"17135",7,"M",4,"White","High",4,0,0,0,0,0,0,0,0,0,4,1,FALSE,0
"17136",7,"F",4,"White","High",4,0,0,0,0,0,0,0,0,0,4,NA,FALSE,0
"17137",8,"M",4,"White","High",3,0,0,1,0,0,0,0,0,0,1,NA,TRUE,1
"17138",7,"M",4,"White","High",3,0,NA,0,0,0,0,0,0,0,1,NA,NA,1
"17139",7,"F",4,"White","High",4,0,0,0,0,0,0,0,0,0,3,1,FALSE,0
"17140",7,"M",4,"White","High",4,0,0,0,0,0,0,0,0,0,1,1,FALSE,1
"17141",7,"F",4,"Asian","High",4,0,0,0,0,0,0,0,0,0,4,1,FALSE,0
"17142",7,"M",4,"Asian","High",4,0,0,0,0,0,0,0,0,0,4,NA,FALSE,0
"17143",7,"M",4,"White","High",4,0,0,0,0,0,0,0,0,0,4,1,FALSE,0
"17144",7,"M",4,"White","High",3,0,0,0,0,0,0,0,0,1,1,NA,TRUE,1
"17145",7,"F",4,"White","High",4,0,0,0,0,0,0,0,0,0,4,1,FALSE,0
"17146",7,"M",4,"White","High",4,0,0,0,0,0,0,0,0,0,4,1,FALSE,0
"17147",7,"F",4,"White","High",3,0,0,0,0,0,0,0,0,0,3,NA,FALSE,0
"17148",7,"M",4,"White","High",3,0,0,0,0,0,0,0,0,0,2,1,FALSE,1
"17149",7,"F",4,"White","High",3,0,0,0,0,0,0,0,0,0,2,NA,FALSE,1
"17150",7,"F",4,"White","High",4,0,0,0,0,0,0,0,0,0,4,1,FALSE,0
"17151",7,"M",4,"White","High",3,0,0,1,0,0,0,0,0,1,1,NA,TRUE,1
"17152",7,"F",4,"White","High",3,0,0,0,0,0,0,0,0,0,4,1,FALSE,0
"17153",7,"M",4,"White","High",4,0,0,0,0,0,0,0,0,0,4,NA,FALSE,0
"17154",7,"F",4,"White","High",4,0,0,0,0,0,0,0,0,0,2,1,FALSE,1
"17155",7,"F",4,"White","High",4,0,0,0,0,0,0,0,0,0,4,NA,FALSE,0
"17156",8,"F",4,"White","High",4,0,0,0,0,0,0,0,0,0,4,1,FALSE,0
"17157",7,"M",4,"White","High",4,0,0,0,0,0,0,0,0,0,4,1,FALSE,0
"17158",7,"F",4,"White","High",4,0,0,0,0,0,0,0,0,0,4,1,FALSE,0
"17159",8,"M",4,"White","High",3,0,0,0,0,0,0,0,0,1,2,NA,TRUE,1
"17160",6,"M",4,"Black","High",4,0,0,0,0,0,0,0,0,0,2,1,FALSE,1
"17161",7,"M",4,"Hispanic","High",4,0,0,0,0,0,0,0,0,0,4,1,FALSE,0
"17162",8,"M",5,"White","High",1,0,1,1,0,0,0,1,0,0,3,1,TRUE,0
"17163",7,"F",5,"White","High",4,0,0,0,0,0,0,0,0,0,4,1,FALSE,0
"17164",8,"M",5,"White","High",2,1,0,0,0,0,0,0,0,0,1,1,TRUE,1
"17165",8,"F",5,NA,"High",4,0,0,0,0,0,0,0,0,0,3,1,FALSE,0
"17166",8,"M",5,"White","High",4,0,0,0,0,0,0,0,0,0,3,1,FALSE,0
"17167",8,"M",5,"White","High",3,0,0,0,0,0,0,0,0,0,3,NA,FALSE,0
"17168",8,"F",5,"White","High",2,0,0,0,0,0,0,0,0,0,4,1,FALSE,0
"17169",8,"M",5,"Hispanic","High",4,0,0,0,0,0,0,0,0,0,4,NA,FALSE,0
"17170",8,"F",5,"White","High",4,0,0,0,0,0,0,0,0,0,2,1,FALSE,1
"17171",7,"M",5,"Black","High",3,0,0,0,0,0,0,0,0,0,3,1,FALSE,0
"17172",8,"F",5,"White","High",4,0,0,0,0,0,0,0,0,0,4,1,FALSE,0
"17173",8,"M",5,"Hispanic","High",3,1,1,1,1,0,0,0,0,1,2,NA,TRUE,1
"17174",7,"M",5,"White","High",4,0,0,0,0,0,0,0,0,0,4,1,FALSE,0
"17175",8,"M",5,"White","High",4,0,0,0,0,0,0,0,0,0,4,NA,FALSE,0
"17176",8,"M",5,"Hispanic","High",4,0,0,1,0,0,0,0,0,0,2,NA,TRUE,1
"17177",8,"M",5,"White","High",2,0,0,0,0,0,0,0,0,0,1,1,FALSE,1
"17178",8,"M",5,"White","High",1,0,1,0,0,0,0,0,0,0,4,1,TRUE,0
"17179",7,"F",5,"White","High",4,0,0,0,0,0,0,0,0,0,2,NA,FALSE,1
"17180",8,"F",5,"White","High",4,0,0,0,0,0,0,0,0,0,3,1,FALSE,0
"17181",7,"F",5,"White","High",4,0,0,0,0,0,0,0,0,0,4,1,FALSE,0
"17182",8,"F",5,"White","High",2,0,0,0,0,0,0,0,0,0,2,NA,FALSE,1
"17183",8,"F",5,"White","High",4,0,0,0,0,0,0,0,0,0,4,1,FALSE,0
"17184",8,"M",5,"White","High",1,1,1,1,1,0,0,1,0,1,1,NA,TRUE,1
"17185",8,"F",5,"Black","High",2,0,1,0,NA,NA,NA,NA,NA,0,2,NA,TRUE,1
"17186",8,"M",5,"White","High",4,0,0,0,0,0,0,0,0,0,4,1,FALSE,0
"17187",8,"F",5,"White","High",4,0,0,0,0,0,0,0,0,1,3,NA,TRUE,0
"17188",8,"M",5,"Hispanic","High",4,0,0,0,0,0,0,0,0,0,4,1,FALSE,0
"17189",8,"M",7,"Black","High",2,0,0,0,0,0,0,0,0,0,4,NA,FALSE,0
"17190",10,"M",6,"White","High",3,0,1,1,0,0,0,0,0,0,4,1,TRUE,0
"17191",9,"M",6,"White","High",3,0,0,0,0,0,0,0,0,0,1,1,FALSE,1
"17192",9,"M",6,"Hispanic","High",4,0,0,0,0,0,0,0,0,0,4,1,FALSE,0
"17193",8,"M",6,"White","High",2,0,0,0,0,0,0,0,0,0,4,1,FALSE,0
"17194",11,"M",7,"White","High",2,0,0,1,0,0,0,0,0,0,3,1,TRUE,0
"17195",9,"F",6,"Asian","High",4,0,0,0,0,0,0,0,0,0,4,1,FALSE,0
"17196",10,"M",7,"White","High",1,0,1,1,NA,NA,NA,NA,NA,0,3,NA,TRUE,0
"17197",10,"M",7,"White","High",4,0,0,0,0,0,0,0,0,0,4,NA,FALSE,0
"17198",10,"M",7,NA,"High",1,0,1,0,NA,NA,NA,NA,NA,0,4,1,TRUE,0
"17199",9,"M",7,"White","High",1,0,1,1,0,0,0,0,0,0,4,NA,TRUE,0
"17200",8,"M",6,"White","High",3,0,0,0,0,0,0,0,0,0,4,NA,FALSE,0
"17201",9,"M",6,"White","High",4,0,0,1,0,0,0,0,0,0,4,NA,TRUE,0
"17202",9,"M",6,"White","High",3,0,0,0,0,0,0,0,0,0,2,1,FALSE,1
"17203",10,"M",7,"White","High",3,0,0,0,0,0,0,0,0,0,4,1,FALSE,0
"17204",9,"F",6,"White","High",4,0,0,0,0,0,0,0,0,0,4,1,FALSE,0
"17205",10,"M",7,"White","High",3,0,0,0,0,0,0,0,0,0,1,1,FALSE,1
"17206",9,"F",6,"White","High",3,0,0,0,0,0,0,0,0,0,3,1,FALSE,0
"17207",10,"M",7,"White","High",4,0,0,0,0,0,0,0,0,0,4,1,FALSE,0
"17208",9,"F",6,"White","High",4,0,0,0,0,0,0,0,0,0,3,1,FALSE,0
"17209",9,"F",6,"White","High",4,NA,NA,1,0,1,0,0,0,1,2,NA,TRUE,1
"17210",9,"F",6,"White","High",3,0,1,1,0,0,0,0,0,1,1,NA,TRUE,1
"17211",9,"M",6,"White","High",3,0,0,0,0,0,0,0,0,0,4,1,FALSE,0
"17212",9,"M",6,"White","High",4,0,0,0,0,0,0,0,0,0,4,1,FALSE,0
"17213",9,"M",6,"White","High",4,0,0,0,0,0,0,0,0,0,4,1,FALSE,0
"17214",10,"F",7,"White","High",4,0,0,0,0,0,1,0,0,1,1,1,TRUE,1
"17215",8,"M",6,"White","High",3,0,0,0,0,0,0,0,0,0,4,NA,FALSE,0
"17216",10,"M",7,"White","High",4,0,0,1,0,0,0,0,0,0,4,NA,TRUE,0
"17217",9,"M",6,"White","High",3,NA,0,1,0,0,0,0,0,0,1,NA,TRUE,1
"17218",9,"M",6,"White","High",2,0,1,1,0,0,0,1,0,0,2,1,TRUE,1
"17219",9,"M",6,"White","High",4,0,0,0,0,0,0,0,0,1,2,NA,TRUE,1
"17220",10,"M",7,"White","High",4,0,0,0,0,0,0,0,0,0,4,1,FALSE,0
"17221",9,"F",6,"White","High",4,0,0,0,0,0,0,0,0,0,4,1,FALSE,0
"17222",8,"M",6,"White","High",4,0,0,0,0,0,0,0,0,0,4,1,FALSE,0
"17223",10,"M",7,"Asian","High",4,0,0,0,0,0,0,0,0,0,4,1,FALSE,0
"17224",9,"M",7,"White","High",2,0,1,0,NA,NA,NA,NA,NA,0,4,NA,TRUE,0
"17225",10,"M",7,"White","High",4,0,0,0,0,0,0,0,0,0,4,1,FALSE,0
"17226",10,"M",6,"White","High",4,0,0,0,0,0,0,0,0,0,4,1,FALSE,0
"17227",10,"M",7,"White","High",1,0,1,1,0,0,0,1,0,1,2,1,TRUE,1
"17228",9,"F",6,"White","High",4,0,0,0,0,0,0,0,0,0,4,1,FALSE,0
"17229",9,"F",6,"White","High",4,0,0,0,0,0,0,0,0,0,4,1,FALSE,0
"17230",9,"F",6,"White","High",4,0,0,0,0,0,0,0,0,0,4,1,FALSE,0
"17231",10,"M",7,"White","High",2,0,0,1,0,0,0,0,0,1,2,NA,TRUE,1
"17232",9,"M",6,"White","High",2,0,0,1,0,0,0,0,0,0,3,NA,TRUE,0
"17233",10,"M",7,"White","High",1,0,1,1,0,0,1,0,0,1,1,1,TRUE,1
"17234",9,"F",6,"White","High",4,0,0,0,0,0,0,0,0,0,4,1,FALSE,0
"17235",10,"M",7,"White","High",3,1,0,0,0,0,0,0,0,0,1,NA,TRUE,1
"17236",10,"F",7,"White","High",4,0,0,0,0,0,0,0,0,0,4,1,FALSE,0
"17237",9,"M",6,"White","High",2,0,1,0,0,0,0,0,0,0,2,1,TRUE,1
"17238",9,"M",6,"White","High",3,0,0,0,0,0,0,0,0,0,3,1,FALSE,0
"17239",8,"M",6,"White","High",1,0,1,0,0,0,0,0,0,0,4,NA,TRUE,0
"17240",9,"M",6,"White","High",4,0,0,0,0,0,0,0,0,0,4,1,FALSE,0
"17241",9,"M",6,"White","High",4,0,0,0,0,0,0,0,0,0,4,NA,FALSE,0
"17242",9,"M",6,"White","High",4,0,0,0,0,0,0,0,0,0,4,NA,FALSE,0
"17243",10,"M",7,"White","High",4,0,0,0,0,0,0,0,0,0,4,NA,FALSE,0
"17244",9,"F",6,"White","High",4,0,0,0,0,0,0,0,0,1,2,NA,TRUE,1
"17245",2,NA,4,"Hispanic","High",2,NA,NA,1,0,0,0,0,0,1,1,NA,TRUE,1
"17246",NA,NA,NA,NA,NA,1,NA,0,0,0,0,0,0,0,1,1,1,TRUE,1
"17247",10,"M",7,"White","High",3,NA,NA,0,0,0,0,0,0,0,3,NA,NA,0
"17248",10,"M",7,"White","High",1,0,0,0,0,0,0,0,0,0,1,1,FALSE,1
"17249",10,"M",7,"Hispanic","High",2,0,0,1,0,0,0,0,0,0,3,1,TRUE,0
"17250",4,"F",NA,"Hispanic",NA,3,1,NA,1,0,0,0,1,0,NA,2,NA,TRUE,1
"17251",10,"F",7,"White","High",4,0,0,0,0,0,0,0,0,0,4,1,FALSE,0
"17252",10,"M",7,"White","High",3,0,0,0,0,0,0,0,0,0,3,1,FALSE,0
"17253",9,"M",6,"White","High",4,0,0,0,NA,NA,NA,NA,NA,0,4,NA,NA,0
"17254",10,"F",7,"Hispanic","High",3,0,1,0,0,0,0,0,0,0,4,1,TRUE,0
"17255",10,"F",7,"White","High",3,0,0,0,0,0,1,0,0,1,2,1,TRUE,1
"17256",9,"M",6,NA,"High",3,0,0,1,NA,NA,NA,NA,NA,0,2,NA,TRUE,1
"17257",8,"M",6,"White","High",4,0,0,0,NA,NA,NA,NA,NA,0,4,1,NA,0
"17258",9,"M",6,"White","High",2,0,1,0,0,0,0,0,0,0,2,1,TRUE,1
"17259",9,"M",6,"White","High",3,0,0,0,0,0,0,0,0,0,4,1,FALSE,0
"17260",10,"M",7,NA,"High",NA,1,NA,NA,NA,NA,NA,NA,NA,NA,NA,NA,TRUE,NA
"17261",10,"F",7,"White","High",4,0,0,0,0,0,0,0,0,0,4,1,FALSE,0
"17262",9,"M",7,"White","High",3,0,0,0,0,0,0,0,0,0,3,1,FALSE,0
"17263",9,"F",7,"White","High",3,0,0,0,0,0,0,0,0,0,2,NA,FALSE,1
"17264",10,"M",7,"White","High",3,0,0,0,0,0,0,0,0,1,4,1,TRUE,0
"17265",10,"F",7,"White","High",4,0,0,0,0,0,0,0,0,0,4,1,FALSE,0
"17266",10,"F",7,"White","High",3,0,0,0,0,0,0,0,0,0,3,1,FALSE,0
"17267",9,"M",6,"White","High",4,0,0,0,0,0,0,0,0,0,4,1,FALSE,0
"17268",10,"M",7,"White","High",2,0,0,0,0,0,0,0,0,0,2,1,FALSE,1
"17269",10,"F",7,"White","High",2,0,0,0,0,0,0,0,0,0,4,1,FALSE,0
"17270",10,"M",7,"White","High",2,0,1,1,0,0,0,1,0,1,1,NA,TRUE,1
"17271",9,"M",6,"Hispanic","High",4,0,0,0,0,0,0,0,0,0,3,1,FALSE,0
"17272",9,"F",6,"White","High",2,0,0,0,0,0,0,0,0,0,4,1,FALSE,0
"17273",9,"M",6,"White","High",3,0,0,0,0,0,0,0,0,0,4,1,FALSE,0
"17274",7,"M",4,"White","High",4,0,0,0,0,0,0,0,0,0,4,NA,FALSE,0
"17275",6,"M",4,"Black","High",4,0,0,0,0,0,0,0,0,0,4,1,FALSE,0
"17276",7,"F",4,"White","High",4,0,0,0,0,0,0,0,0,0,4,1,FALSE,0
"17277",7,"M",4,"White","High",4,0,0,0,0,0,0,0,0,0,4,1,FALSE,0
"17278",7,"F",4,"White","High",4,0,0,0,0,0,0,0,0,0,4,1,FALSE,0
"17279",7,"M",4,"White","High",3,0,0,0,0,0,0,0,0,0,4,1,FALSE,0
"17280",7,"M",4,"White","High",3,0,0,0,0,0,0,0,0,0,4,NA,FALSE,0
"17281",7,"M",4,"White","High",3,0,0,0,0,0,0,0,0,0,2,NA,FALSE,1
"17282",7,"F",4,"White","High",4,0,0,0,0,0,0,0,0,0,1,NA,FALSE,1
"17283",6,"F",4,"White","High",3,0,0,0,0,0,0,0,0,0,1,1,FALSE,1
"17284",7,"F",4,"White","High",4,0,0,0,0,0,0,0,0,0,2,NA,FALSE,1
"17285",6,"F",4,"White","High",4,0,0,0,0,0,0,0,0,0,4,1,FALSE,0
"17286",7,"F",4,"White","High",4,0,0,0,0,0,0,0,0,0,4,NA,FALSE,0
"17287",7,"M",4,"White","High",4,0,0,0,0,0,0,0,0,0,4,1,FALSE,0
"17288",7,"F",4,"White","High",4,0,0,0,0,0,0,0,0,0,4,1,FALSE,0
"17289",7,"F",4,"White","High",4,0,0,0,0,0,0,0,0,0,4,1,FALSE,0
"17290",7,"M",4,"White","High",4,0,0,0,0,0,0,0,0,0,4,1,FALSE,0
"17291",8,"F",4,"White","High",4,0,0,0,0,0,0,0,0,0,4,1,FALSE,0
"17292",7,"F",4,"White","High",4,0,0,0,0,0,0,0,0,0,4,1,FALSE,0
"17293",7,"F",4,"White","High",3,0,0,0,0,0,0,0,0,0,4,1,FALSE,0
"17294",7,"M",4,"White","High",3,0,0,0,0,0,0,0,0,0,2,NA,FALSE,1
"17295",7,"M",4,"White","High",4,0,0,0,0,0,1,0,0,0,3,NA,TRUE,0
"17296",7,"M",4,"White","High",4,0,0,0,0,0,0,0,0,0,4,NA,FALSE,0
"17297",7,"F",4,"White","High",4,0,0,0,0,0,0,0,0,0,3,NA,FALSE,0
"17298",7,"M",4,"White","High",4,0,0,0,0,0,0,0,0,0,4,1,FALSE,0
"17299",7,"M",4,"White","High",3,0,0,0,0,0,0,0,0,0,4,1,FALSE,0
"17300",7,"F",4,"White","High",4,0,0,0,0,0,0,0,0,1,2,NA,TRUE,1
"17301",8,"M",5,"White","High",4,0,0,0,0,0,0,0,0,0,4,1,FALSE,0
"17302",7,"M",5,"White","High",4,0,0,0,NA,NA,NA,NA,NA,0,4,1,NA,0
"17303",8,"F",5,"White","High",4,0,0,0,0,0,0,0,0,0,3,NA,FALSE,0
"17304",8,"F",5,"White","High",4,0,0,0,0,0,0,0,0,0,4,1,FALSE,0
"17305",7,"F",5,"White","High",4,0,0,0,0,0,0,0,0,0,4,1,FALSE,0
"17306",8,"F",5,"White","High",4,0,0,0,0,0,0,0,0,0,3,NA,FALSE,0
"17307",8,NA,NA,"White",NA,4,0,0,0,0,0,0,0,0,0,3,1,FALSE,0
"17308",8,"F",5,"White","High",4,0,0,0,0,0,0,0,0,0,4,1,FALSE,0
"17309",7,"M",5,"White","High",4,0,0,0,0,0,0,0,0,0,4,1,FALSE,0
"17310",NA,NA,NA,NA,NA,NA,NA,NA,NA,NA,NA,NA,NA,NA,NA,NA,NA,NA,NA
"17311",8,"F",5,"White","High",4,0,0,0,0,0,0,0,0,0,2,NA,FALSE,1
"17312",8,"F",5,"White","High",4,0,0,0,0,0,0,0,0,0,1,NA,FALSE,1
"17313",8,"F",5,"White","High",4,0,0,0,0,0,0,0,0,1,1,1,TRUE,1
"17314",8,"F",5,"White","High",3,0,0,0,0,0,0,0,0,0,3,NA,FALSE,0
"17315",8,"M",5,"Black","High",NA,NA,NA,1,0,0,0,0,0,NA,NA,NA,TRUE,NA
"17316",7,"M",5,"Hispanic","High",NA,0,NA,NA,NA,NA,NA,NA,NA,0,NA,NA,NA,NA
"17317",8,"M",5,"White","High",3,0,0,0,0,0,0,0,0,0,4,NA,FALSE,0
"17318",8,"M",5,"White","High",4,0,0,0,0,0,0,0,0,0,4,1,FALSE,0
"17319",8,"F",5,"White","High",4,0,0,0,0,0,0,0,0,0,4,1,FALSE,0
"17320",8,"M",5,"White","High",4,0,0,0,0,0,0,0,0,0,4,1,FALSE,0
"17321",8,"F",5,"Black","High",3,0,0,0,0,0,1,0,0,1,2,NA,TRUE,1
"17322",5,"M",3,"White","Middle",4,0,0,0,0,0,0,0,0,0,4,1,FALSE,0
"17323",6,"M",3,"White","Middle",4,0,0,0,0,0,0,0,0,0,4,1,FALSE,0
"17324",6,"M",3,"White","Middle",4,0,0,0,0,0,0,0,0,0,4,1,FALSE,0
"17325",5,"M",3,"White","Middle",4,0,0,0,0,0,0,0,0,0,4,1,FALSE,0
"17326",6,"M",3,"White","Middle",4,0,0,0,0,0,0,0,0,0,4,1,FALSE,0
"17327",6,"M",3,"White","Middle",2,0,1,0,0,0,1,0,0,1,1,NA,TRUE,1
"17328",6,"F",3,"White","Middle",4,0,0,0,0,0,0,0,0,0,3,NA,FALSE,0
"17329",6,"F",3,"White","Middle",3,0,0,0,0,0,1,0,0,1,1,NA,TRUE,1
"17330",5,"F",3,"White","Middle",4,0,0,0,0,0,0,0,0,0,4,1,FALSE,0
"17331",6,"F",3,"Hispanic","Middle",4,0,0,0,0,0,0,0,0,0,4,NA,FALSE,0
"17332",6,"M",3,"Asian","Middle",4,0,0,0,0,0,0,0,0,0,3,1,FALSE,0
"17333",6,"M",3,"Asian","Middle",4,0,0,0,0,0,0,0,0,0,4,NA,FALSE,0
"17334",6,"M",3,"White","Middle",4,0,0,0,0,0,0,0,0,0,4,NA,FALSE,0
"17335",6,"M",3,"White","Middle",4,0,0,0,0,0,0,0,0,0,4,1,FALSE,0
"17336",6,"F",3,"White","Middle",4,0,0,0,0,0,0,0,0,0,3,1,FALSE,0
"17337",6,"F",3,"White","Middle",4,0,0,0,0,0,0,0,0,0,4,NA,FALSE,0
"17338",6,"M",3,"White","Middle",4,0,0,0,0,0,0,0,0,0,4,1,FALSE,0
"17339",6,"M",3,"White","Middle",4,0,0,0,0,0,0,0,0,0,4,1,FALSE,0
"17340",6,"F",3,"White","Middle",4,0,0,0,0,0,0,0,0,0,4,1,FALSE,0
"17341",6,"M",3,"White","Middle",4,0,0,NA,0,0,0,0,0,0,4,1,NA,0
"17342",6,"F",3,"White","Middle",4,0,0,0,0,0,0,0,0,0,4,1,FALSE,0
"17343",6,"M",3,"Asian","Middle",4,0,0,0,0,0,0,0,0,0,4,1,FALSE,0
"17344",6,"F",3,"White","Middle",4,0,0,0,0,0,0,0,0,0,3,1,FALSE,0
"17345",5,"F",3,"White","Middle",4,0,0,0,0,0,0,0,0,0,4,1,FALSE,0
"17346",5,"F",3,"NHOPI","Middle",4,0,0,0,0,0,0,0,0,0,4,1,FALSE,0
"17347",6,"F",3,"White","Middle",4,0,0,0,0,0,0,0,0,0,3,NA,FALSE,0
"17348",5,"M",3,"White","Middle",4,0,0,0,0,0,0,0,0,1,3,NA,TRUE,0
"17349",5,"F",3,"White","Middle",4,0,0,0,0,0,0,0,0,0,1,NA,FALSE,1
"17350",5,"F",3,"White","Middle",4,0,0,0,0,0,0,0,0,0,4,NA,FALSE,0
"17351",6,"F",3,"White","Middle",4,0,0,0,0,0,0,0,0,0,2,NA,FALSE,1
"17352",5,"M",3,"White","Middle",4,0,0,0,0,0,0,0,0,0,2,1,FALSE,1
"17353",6,"F",3,"White","Middle",4,0,0,0,0,0,0,0,0,0,2,1,FALSE,1
"17354",5,"F",3,"White","Middle",4,0,0,0,0,0,0,0,0,0,4,NA,FALSE,0
"17355",6,"F",3,"Black","Middle",4,0,0,0,0,0,0,0,0,0,4,1,FALSE,0
"17356",5,"F",3,"White","Middle",4,0,0,0,0,0,0,0,0,0,4,1,FALSE,0
"17357",5,"M",3,"White","Middle",4,0,0,0,0,0,0,0,0,0,4,1,FALSE,0
"17358",6,"F",3,"White","Middle",4,0,0,0,0,0,0,0,0,0,4,1,FALSE,0
"17359",5,"F",3,"White","Middle",4,0,0,0,0,0,0,0,0,0,4,1,FALSE,0
"17360",6,"F",3,"White","Middle",4,0,0,0,0,0,0,0,0,0,4,1,FALSE,0
"17361",6,"M",3,"White","Middle",NA,0,NA,0,0,0,0,0,0,0,1,1,NA,1
"17362",5,"M",3,"Black","Middle",4,0,0,0,0,0,0,0,0,0,4,1,FALSE,0
"17363",5,"M",3,"Asian","Middle",4,0,0,0,0,0,0,0,0,0,4,1,FALSE,0
"17364",6,"M",3,"White","Middle",4,0,0,0,0,0,0,0,0,0,4,1,FALSE,0
"17365",5,"M",3,"White","Middle",4,0,0,0,0,0,0,0,0,0,4,1,FALSE,0
"17366",6,"F",3,"Black","Middle",3,0,0,0,0,0,0,0,0,0,3,NA,FALSE,0
"17367",NA,NA,NA,NA,NA,4,NA,0,0,0,0,0,0,0,0,3,NA,NA,0
"17368",5,"F",3,"White","Middle",4,0,0,0,0,0,0,0,0,0,4,1,FALSE,0
"17369",6,"F",3,"White","Middle",4,0,0,0,0,0,0,0,0,0,4,1,FALSE,0
"17370",6,"M",3,"Hispanic","Middle",4,0,0,0,0,0,1,0,0,1,4,1,TRUE,0
"17371",6,"M",3,"Hispanic","Middle",4,0,0,0,0,0,0,0,0,0,4,1,FALSE,0
"17372",6,"F",3,"White","Middle",4,0,0,0,0,0,0,0,0,0,4,1,FALSE,0
"17373",6,"F",3,"Black","Middle",4,0,0,0,0,0,0,0,0,0,4,1,FALSE,0
"17374",6,"F",3,"Black","Middle",4,0,0,0,0,0,0,0,0,0,2,1,FALSE,1
"17375",5,"F",3,"Hispanic","Middle",3,0,0,0,0,0,0,0,0,0,3,1,FALSE,0
"17376",5,"F",3,"White","Middle",4,0,0,0,0,0,0,0,0,0,2,NA,FALSE,1
"17377",5,"F",3,"White","Middle",4,0,0,0,0,0,0,0,0,0,3,1,FALSE,0
"17378",5,"M",3,"White","Middle",4,0,0,0,0,0,0,0,0,0,4,1,FALSE,0
"17379",9,"M",6,"White","High",3,0,0,0,0,0,0,0,0,0,4,NA,FALSE,0
"17380",8,"M",5,"White","High",2,0,0,0,0,0,0,0,0,0,4,NA,FALSE,0
"17381",8,"M",5,"White","High",2,0,0,0,0,0,0,0,0,1,1,1,TRUE,1
"17382",8,"M",5,"Hispanic","High",4,0,0,0,0,0,0,0,0,0,3,NA,FALSE,0
"17383",8,"M",5,"White","High",3,0,0,0,0,0,0,0,0,0,3,1,FALSE,0
"17384",8,"F",5,"White","High",4,0,0,0,0,0,0,0,0,0,4,1,FALSE,0
"17385",8,"M",5,"Asian","High",3,0,0,0,0,0,0,0,0,0,4,1,FALSE,0
"17386",8,"M",5,"White","High",2,0,1,0,0,0,0,0,0,0,3,1,TRUE,0
"17387",8,"M",5,"White","High",3,0,0,0,0,0,0,0,0,0,2,1,FALSE,1
"17388",8,"F",5,"White","High",4,0,0,0,0,0,0,0,0,0,4,1,FALSE,0
"17389",7,"M",5,"Hispanic","High",2,NA,1,1,0,0,1,0,0,1,1,NA,TRUE,1
"17390",8,"M",5,"White","High",2,0,0,0,0,0,0,0,0,0,4,1,FALSE,0
"17391",8,"M",5,"Hispanic","High",4,0,0,0,0,0,0,0,0,0,4,1,FALSE,0
"17392",8,"M",5,"White","High",4,0,0,0,NA,NA,NA,NA,NA,0,4,NA,NA,0
"17393",7,"F",4,"White","High",4,0,0,0,0,0,0,0,0,0,2,1,FALSE,1
"17394",7,"F",4,"White","High",4,0,0,0,0,0,0,0,0,0,4,1,FALSE,0
"17395",6,"F",4,"Hispanic","High",4,0,0,0,0,0,0,0,0,0,4,1,FALSE,0
"17396",6,"M",4,"White","High",4,0,0,0,0,0,0,0,0,0,4,1,FALSE,0
"17397",7,"M",4,"White","High",4,0,0,0,0,0,1,0,0,1,1,1,TRUE,1
"17398",6,"F",4,"White","High",3,0,0,0,0,0,0,0,0,0,3,NA,FALSE,0
"17399",7,"F",4,"White","High",4,NA,NA,0,0,0,0,0,0,0,4,NA,NA,0
"17400",7,"F",4,"White","High",4,0,0,0,0,0,0,0,0,0,4,1,FALSE,0
"17401",6,"M",4,"White","High",3,0,0,0,0,0,0,0,0,0,2,1,FALSE,1
"17402",7,"M",4,"White","High",4,0,0,0,0,0,0,0,0,0,3,1,FALSE,0
"17403",6,"F",4,"White","High",4,0,0,0,0,0,0,0,0,0,4,1,FALSE,0
"17404",7,"F",4,"White","High",4,0,0,0,0,0,0,0,0,0,4,1,FALSE,0
"17405",6,"F",4,"White","High",4,0,0,0,0,0,0,0,0,0,3,NA,FALSE,0
"17406",9,"M",7,"White","High",1,1,1,1,0,0,0,0,0,0,1,1,TRUE,1
"17407",7,"M",4,"White","High",4,0,0,0,0,0,0,0,0,0,4,1,FALSE,0
"17408",6,"M",4,"White","High",4,0,0,0,0,0,0,0,0,0,4,NA,FALSE,0
"17409",7,"M",4,"White","High",3,0,0,0,0,0,0,0,0,0,3,NA,FALSE,0
"17410",7,"M",NA,"White",NA,3,0,0,0,0,0,0,0,0,0,4,1,FALSE,0
"17411",7,"M",4,"White","High",4,0,0,0,0,0,0,0,0,0,4,1,FALSE,0
"17412",7,"M",4,"White","High",4,0,0,0,0,0,0,0,0,0,3,1,FALSE,0
"17413",7,"F",4,"Hispanic","High",4,0,0,0,0,0,0,0,0,0,4,1,FALSE,0
"17414",6,"M",4,"White","High",4,0,0,0,0,0,0,0,0,0,4,1,FALSE,0
"17415",7,"M",4,"White","High",1,0,0,0,0,0,1,0,0,1,1,1,TRUE,1
"17416",9,"F",7,"White","High",3,0,0,0,0,0,0,0,0,0,2,1,FALSE,1
"17417",10,"M",7,"White","High",3,0,1,0,0,0,0,0,0,0,1,1,TRUE,1
"17418",10,"M",7,"Hispanic","High",4,0,0,0,0,0,0,0,0,0,4,1,FALSE,0
"17419",10,"M",7,"White","High",3,1,0,0,0,0,0,0,0,0,2,1,TRUE,1
"17420",10,"F",7,"White","High",4,0,0,0,0,0,0,0,0,0,4,1,FALSE,0
"17421",10,"F",7,"White","High",4,0,0,0,0,0,0,0,0,0,2,1,FALSE,1
"17422",10,"F",7,"White","High",4,0,0,0,0,0,0,0,0,0,4,1,FALSE,0
"17423",10,"F",7,"White","High",3,0,0,0,0,0,0,0,0,0,4,1,FALSE,0
"17424",10,"M",7,"White","High",2,0,1,0,0,0,0,0,0,0,3,NA,TRUE,0
"17425",9,"M",7,"White","High",3,1,0,0,0,0,1,0,0,1,1,NA,TRUE,1
"17426",9,"M",7,"White","High",2,1,0,0,0,0,0,0,0,1,3,NA,TRUE,0
"17427",10,"M",7,"White","High",4,0,0,0,0,0,0,0,0,0,3,1,FALSE,0
"17428",9,NA,7,"White","High",4,0,0,0,0,0,0,0,0,0,4,1,FALSE,0
"17429",9,"F",7,"White","High",4,0,0,0,0,0,0,0,0,0,4,NA,FALSE,0
"17430",10,"M",7,"White","High",1,0,1,1,0,0,1,0,0,1,1,1,TRUE,1
"17431",10,"M",7,"White","High",1,0,1,0,0,0,0,0,0,1,1,1,TRUE,1
"17432",8,"M",6,"White","High",4,0,0,0,0,0,0,0,0,0,4,1,FALSE,0
"17433",8,"M",6,"White","High",1,0,1,1,0,0,0,0,0,0,4,1,TRUE,0
"17434",8,"F",6,"White","High",4,0,0,0,0,0,0,0,0,0,3,1,FALSE,0
"17435",8,"M",6,"White","High",4,0,0,0,0,0,0,0,0,0,4,1,FALSE,0
"17436",9,"F",6,"White","High",4,0,0,0,0,0,0,0,0,0,2,1,FALSE,1
"17437",8,"M",6,"Hispanic","High",4,0,0,0,0,0,0,0,0,0,4,1,FALSE,0
"17438",8,"F",6,"White","High",3,0,0,0,0,0,0,0,0,0,3,1,FALSE,0
"17439",9,"F",6,"Hispanic","High",3,0,0,0,0,0,0,0,0,0,3,1,FALSE,0
"17440",9,"M",6,"White","High",3,0,0,1,0,0,0,0,0,0,4,1,TRUE,0
"17441",9,"F",6,"White","High",3,0,0,0,0,0,0,0,0,0,4,NA,FALSE,0
"17442",8,"M",6,"White","High",4,0,0,0,0,0,0,0,0,0,3,1,FALSE,0
"17443",8,"F",6,"White","High",3,0,0,0,0,0,0,0,0,0,3,1,FALSE,0
"17444",8,"M",6,"White","High",4,0,0,0,0,0,0,0,0,0,4,1,FALSE,0
"17445",9,"F",6,"Asian","High",4,0,0,0,0,0,0,0,0,0,4,NA,FALSE,0
"17446",9,"M",6,"White","High",2,0,1,1,NA,NA,NA,NA,NA,1,1,1,TRUE,1
"17447",9,"M",6,"White","High",4,0,0,0,0,0,0,0,0,0,4,1,FALSE,0
"17448",9,"M",6,"Hispanic","High",3,NA,NA,1,0,0,0,0,0,1,1,1,TRUE,1
"17449",8,"F",6,"White","High",3,0,0,0,0,0,0,0,0,0,3,1,FALSE,0
"17450",9,"F",6,"White","High",4,0,0,0,0,0,0,0,0,0,4,1,FALSE,0
"17451",9,"M",6,"White","High",3,0,0,0,0,0,0,0,0,0,4,1,FALSE,0
"17452",9,"F",6,"White","High",3,0,0,0,0,0,0,0,0,0,2,NA,FALSE,1
"17453",8,"M",6,"White","High",4,0,0,0,0,0,0,0,0,0,4,1,FALSE,0
"17454",8,"M",6,"White","High",3,0,0,0,0,0,0,0,0,0,3,NA,FALSE,0
"17455",9,"M",6,"White","High",3,0,0,0,0,0,0,0,0,0,4,1,FALSE,0
"17456",9,"F",6,"White","High",4,0,0,0,0,0,0,0,0,0,4,1,FALSE,0
"17457",9,"F",6,"White","High",4,0,0,0,0,0,0,0,0,0,3,NA,FALSE,0
"17458",7,"F",5,"White","High",4,0,0,0,0,0,0,0,0,0,2,1,FALSE,1
"17459",8,"F",5,"White","High",4,0,0,0,0,0,0,0,0,0,4,1,FALSE,0
"17460",8,"F",5,"White","High",4,0,0,0,0,0,0,0,0,0,2,1,FALSE,1
"17461",8,"F",5,NA,"High",4,1,0,0,0,0,0,0,0,0,2,NA,TRUE,1
"17462",8,"F",4,"White","High",4,0,0,0,0,0,0,0,0,0,3,NA,FALSE,0
"17463",8,"F",5,"White","High",4,0,0,0,0,0,0,0,0,0,4,1,FALSE,0
"17464",8,"M",5,"White","High",3,0,0,0,0,0,0,0,0,1,2,NA,TRUE,1
"17465",7,"F",5,"White","High",3,0,0,0,0,0,0,0,0,0,2,NA,FALSE,1
"17466",8,"M",5,"White","High",3,0,0,0,0,0,0,0,0,0,3,NA,FALSE,0
"17467",7,"F",5,"White","High",4,0,0,0,0,0,0,0,0,0,4,NA,FALSE,0
"17468",7,"F",5,"White","High",3,0,0,0,0,0,0,0,0,0,1,1,FALSE,1
"17469",8,"M",5,"White","High",1,0,0,1,0,0,1,0,0,1,1,NA,TRUE,1
"17470",10,"M",7,"White","High",2,0,0,0,0,0,0,0,0,0,2,1,FALSE,1
"17471",10,"M",7,"White","High",3,0,0,0,0,0,0,0,0,0,4,1,FALSE,0
"17472",6,"F",4,"White","High",4,0,0,0,0,0,0,0,0,0,1,1,FALSE,1
"17473",7,"F",4,"White","High",4,0,0,0,0,0,0,0,0,0,3,NA,FALSE,0
"17474",7,"F",4,"White","High",4,0,0,0,0,0,0,0,0,0,2,1,FALSE,1
"17475",6,"F",4,"White","High",4,0,0,0,0,0,0,0,0,0,4,1,FALSE,0
"17476",7,"F",4,"Hispanic","High",4,0,0,0,0,0,0,0,0,0,4,NA,FALSE,0
"17477",7,"F",4,"White","High",4,0,0,0,0,0,0,0,0,0,4,NA,FALSE,0
"17478",7,"F",4,"White","High",3,0,0,0,0,0,0,0,0,1,1,NA,TRUE,1
"17479",7,"F",4,"White","High",4,0,0,0,0,0,0,0,0,0,2,NA,FALSE,1
"17480",6,"F",4,"White","High",3,0,0,0,0,0,0,0,0,0,2,1,FALSE,1
"17481",6,"M",4,"White","High",4,0,0,0,0,0,0,0,0,0,2,1,FALSE,1
"17482",7,"M",4,"White","High",4,0,0,0,0,0,0,0,0,0,4,1,FALSE,0
"17483",6,"F",4,"White","High",3,0,0,0,0,0,0,0,0,0,2,NA,FALSE,1
"17484",7,"F",4,"White","High",4,0,0,0,0,0,0,0,0,0,4,1,FALSE,0
"17485",7,"M",4,"White","High",2,0,0,0,0,0,0,0,0,0,2,NA,FALSE,1
"17486",7,"F",4,"White","High",4,0,0,0,0,0,0,0,0,0,4,1,FALSE,0
"17487",7,"F",4,"White","High",4,0,0,0,0,0,0,0,0,0,1,1,FALSE,1
"17488",7,"F",4,"White","High",4,0,0,0,0,0,0,0,0,0,4,1,FALSE,0
"17489",7,"M",4,"White","High",4,0,0,0,0,0,0,0,0,0,2,NA,FALSE,1
"17490",7,"M",4,"White","High",4,0,0,0,0,0,0,0,0,1,3,1,TRUE,0
"17491",7,"M",4,"White","High",4,0,0,0,0,0,0,0,0,0,4,1,FALSE,0
"17492",7,"F",5,"White","High",4,0,0,0,0,0,0,0,0,0,4,NA,FALSE,0
"17493",8,"F",5,"White","High",4,0,0,0,0,0,0,0,0,0,4,1,FALSE,0
"17494",8,"F",5,"White","High",4,0,0,0,0,0,0,0,0,0,2,NA,FALSE,1
"17495",10,"M",7,"White","High",3,0,0,0,0,0,0,0,0,0,3,1,FALSE,0
"17496",8,"F",5,"White","High",4,0,0,0,0,0,0,0,0,0,4,1,FALSE,0
"17497",7,"F",5,"White","High",4,0,0,0,0,0,0,0,0,0,4,1,FALSE,0
"17498",8,"M",5,"White","High",2,0,0,0,0,0,0,0,0,0,2,1,FALSE,1
"17499",7,"F",5,"White","High",3,0,0,0,0,0,0,0,0,0,2,NA,FALSE,1
"17500",7,"F",5,"White","High",3,0,0,0,0,0,0,0,0,0,2,1,FALSE,1
"17501",7,"F",5,"White","High",3,1,0,0,0,0,0,0,0,0,1,NA,TRUE,1
"17502",7,"F",5,"White","High",3,1,0,0,0,0,0,0,0,0,1,NA,TRUE,1
"17503",7,"F",5,"White","High",4,1,0,0,0,0,0,0,0,0,2,NA,TRUE,1
"17504",6,"F",5,"White","High",3,0,0,0,0,0,0,0,0,0,2,1,FALSE,1
"17505",8,NA,5,"White","High",3,0,0,0,0,0,0,0,0,0,1,NA,FALSE,1
"17506",8,"F",5,"White","High",1,0,0,0,0,0,0,0,0,0,1,NA,FALSE,1
"17507",8,"F",5,"White","High",3,0,0,0,0,0,0,0,0,1,1,NA,TRUE,1
"17508",8,"F",5,"Hispanic","High",4,1,0,0,0,0,0,0,0,0,1,1,TRUE,1
"17509",8,"M",6,"White","High",3,0,0,1,0,0,0,0,0,1,2,NA,TRUE,1
"17510",7,"F",5,"White","High",3,0,0,0,0,0,0,0,0,0,3,NA,FALSE,0
"17511",8,"F",5,"White","High",4,0,0,0,0,0,0,0,0,0,1,NA,FALSE,1
"17512",7,"F",5,"White","High",4,0,0,0,0,0,0,0,0,0,3,1,FALSE,0
"17513",10,"F",7,"White","High",4,0,0,0,0,0,0,0,0,0,4,1,FALSE,0
"17514",10,"F",7,"White","High",4,0,0,0,0,0,0,0,0,0,4,1,FALSE,0
"17515",10,"M",7,"White","High",4,0,0,0,0,0,0,0,0,0,2,NA,FALSE,1
"17516",9,"M",6,"White","High",3,0,0,0,NA,NA,NA,NA,NA,0,1,1,NA,1
"17517",9,"F",6,"White","High",3,0,0,0,0,0,0,0,0,0,2,1,FALSE,1
"17518",9,"F",7,"White","High",1,0,0,0,0,0,0,0,0,0,4,NA,FALSE,0
"17519",9,"F",6,"Asian","High",4,0,0,0,0,0,0,0,0,0,4,1,FALSE,0
"17520",8,"M",6,"White","High",4,0,0,0,0,0,0,0,0,0,4,1,FALSE,0
"17521",8,"F",6,"White","High",4,0,0,0,0,0,0,0,0,0,4,1,FALSE,0
"17522",9,"F",6,NA,"High",4,0,0,0,0,0,0,0,0,0,4,1,FALSE,0
"17523",8,"F",6,"White","High",3,0,0,0,0,0,0,0,0,0,2,NA,FALSE,1
"17524",9,"F",6,"White","High",4,0,0,0,0,0,0,0,0,0,4,1,FALSE,0
"17525",8,"M",6,"White","High",4,0,0,0,0,0,0,0,0,1,1,1,TRUE,1
"17526",9,"M",6,"White","High",3,1,0,0,0,0,0,0,0,0,2,1,TRUE,1
"17527",9,"F",6,"White","High",4,0,0,0,0,0,0,0,0,0,2,NA,FALSE,1
"17528",9,"F",6,"White","High",3,0,0,0,0,0,0,0,0,1,1,1,TRUE,1
"17529",9,"M",6,NA,"High",1,0,0,0,0,0,0,0,0,1,1,NA,TRUE,1
"17530",9,"F",6,"White","High",4,0,0,0,0,0,0,0,0,0,4,1,FALSE,0
"17531",8,"F",6,"White","High",4,0,0,0,0,0,0,0,0,0,4,NA,FALSE,0
"17532",8,"F",6,"White","High",3,0,0,0,0,0,0,0,0,0,1,1,FALSE,1
"17533",7,"F",4,"Hispanic","High",4,0,0,0,0,0,0,0,0,0,2,1,FALSE,1
"17534",9,"F",6,"White","High",3,0,0,0,0,0,0,0,0,0,1,1,FALSE,1
"17535",9,"F",6,"White","High",4,0,0,0,0,0,0,0,0,0,3,1,FALSE,0
"17536",8,"F",6,"White","High",4,0,0,0,0,0,0,0,0,0,1,NA,FALSE,1
"17537",8,"F",6,"White","High",NA,0,NA,NA,0,0,0,0,0,NA,NA,1,NA,NA
"17538",9,"F",6,"White","High",3,0,0,0,0,0,0,0,0,0,2,1,FALSE,1
"17539",8,"M",6,NA,"High",4,0,0,0,0,0,0,0,0,0,2,1,FALSE,1
"17540",9,"M",6,"White","High",3,0,0,0,0,0,0,0,0,0,3,1,FALSE,0
"17541",9,"M",6,"White","High",2,0,0,0,0,0,0,0,0,0,1,1,FALSE,1
"17542",9,"F",6,"White","High",4,0,0,0,0,0,0,0,0,0,3,NA,FALSE,0
"17543",9,"M",6,"White","High",4,0,0,0,0,0,0,0,0,0,1,NA,FALSE,1
"17544",10,"F",7,"White","High",4,0,0,0,0,0,0,0,0,0,4,1,FALSE,0
"17545",9,"F",7,"White","High",4,0,0,0,0,0,0,0,0,0,2,1,FALSE,1
"17546",9,"F",7,"White","High",4,0,0,0,0,0,0,0,0,0,4,1,FALSE,0
"17547",9,"F",7,"White","High",2,1,1,0,0,0,1,0,0,1,1,1,TRUE,1
"17548",9,"F",7,"White","High",4,0,0,0,0,0,0,0,0,0,4,NA,FALSE,0
"17549",10,"F",7,"White","High",3,0,0,0,0,0,0,0,0,0,2,NA,FALSE,1
"17550",10,"M",7,"White","High",4,0,0,0,0,0,0,0,0,0,4,NA,FALSE,0
"17551",9,"F",7,"White","High",4,0,0,0,0,0,0,0,0,0,4,1,FALSE,0
"17552",10,"F",7,"White","High",4,0,0,0,0,0,0,0,0,0,4,1,FALSE,0
"17553",10,"F",7,"White","High",3,0,0,0,0,0,0,0,0,0,2,1,FALSE,1
"17554",9,"F",7,"White","High",4,0,0,0,0,0,0,0,0,0,3,1,FALSE,0
"17555",10,"M",7,"Black","High",4,0,0,0,0,0,0,0,0,0,2,NA,FALSE,1
"17556",10,"M",7,"White","High",3,1,0,0,0,0,1,0,0,0,1,NA,TRUE,1
"17557",9,"F",7,"Asian","High",3,0,0,0,0,0,0,0,0,0,2,1,FALSE,1
"17558",10,"M",7,"White","High",2,0,1,0,0,0,0,0,0,1,1,NA,TRUE,1
"17559",10,"F",7,"White","High",4,0,0,0,0,0,0,0,0,0,4,1,FALSE,0
"17560",9,"F",7,"White","High",4,0,0,0,0,0,0,0,0,0,2,NA,FALSE,1
"17561",10,"M",7,"White","High",3,0,0,0,0,0,0,0,0,0,4,1,FALSE,0
"17562",10,"M",7,"White","High",4,0,0,0,0,0,0,0,0,0,1,1,FALSE,1
"17563",4,"F",2,"White","Middle",4,0,0,0,0,0,0,0,0,0,1,1,FALSE,1
"17564",5,"F",2,"White","Middle",4,0,0,0,0,0,0,0,0,0,4,NA,FALSE,0
"17565",5,"F",3,"Hispanic","Middle",3,0,0,0,0,0,0,0,0,1,1,NA,TRUE,1
"17566",4,"F",2,"Hispanic","Middle",4,0,0,0,0,0,0,0,0,0,2,NA,FALSE,1
"17567",5,"M",2,"Hispanic","Middle",4,0,0,0,0,0,0,0,0,0,4,1,FALSE,0
"17568",4,"M",2,"White","Middle",4,0,0,0,0,0,0,0,0,0,4,1,FALSE,0
"17569",4,"F",2,"White","Middle",4,0,0,0,0,0,0,0,0,0,4,1,FALSE,0
"17570",5,"F",2,"White","Middle",3,0,0,0,0,0,0,0,0,0,1,1,FALSE,1
"17571",5,"F",2,"Asian","Middle",3,0,0,0,0,0,0,0,0,0,3,NA,FALSE,0
"17572",4,"F",2,"White","Middle",3,0,0,0,0,0,0,0,0,0,2,NA,FALSE,1
"17573",5,"M",2,"White","Middle",4,0,0,0,0,0,0,0,0,0,4,1,FALSE,0
"17574",4,"M",2,"White","Middle",4,0,0,0,0,0,0,0,0,0,4,1,FALSE,0
"17575",5,"M",2,"Hispanic","Middle",3,0,0,NA,0,0,0,0,0,0,4,1,NA,0
"17576",5,"F",2,"White","Middle",4,0,0,0,0,0,0,0,0,0,4,1,FALSE,0
"17577",5,"M",2,"AI/AN","Middle",4,0,0,0,0,0,0,0,0,0,4,1,FALSE,0
"17578",6,"M",2,NA,"Middle",2,NA,NA,0,0,0,0,0,0,1,1,NA,TRUE,1
"17579",5,"F",2,"Asian","Middle",4,0,0,0,0,0,0,0,0,0,1,NA,FALSE,1
"17580",5,"M",2,"Asian","Middle",4,0,0,0,0,0,0,0,0,0,4,1,FALSE,0
"17581",4,"F",2,"White","Middle",4,0,0,0,0,0,0,0,0,0,3,1,FALSE,0
"17582",5,"F",2,"White","Middle",4,0,0,0,0,0,0,0,0,0,4,1,FALSE,0
"17583",5,"M",2,NA,"Middle",4,0,0,0,0,0,0,0,0,0,4,NA,FALSE,0
"17584",4,"M",2,"White","Middle",4,0,0,0,0,0,0,0,0,0,4,1,FALSE,0
"17585",5,"F",2,"Asian","Middle",4,0,0,0,0,0,0,0,0,0,3,NA,FALSE,0
"17586",5,"M",2,"White","Middle",4,0,0,0,0,0,0,0,0,0,1,NA,FALSE,1
"17587",5,"M",2,"Asian","Middle",4,0,0,0,0,0,0,0,0,0,4,1,FALSE,0
"17588",4,"F",2,"White","Middle",4,0,0,0,0,0,0,0,0,0,4,NA,FALSE,0
"17589",5,"F",2,"White","Middle",4,0,0,0,0,0,0,0,0,0,4,1,FALSE,0
"17590",5,"M",2,"Asian","Middle",4,0,0,0,NA,NA,NA,NA,NA,0,4,NA,NA,0
"17591",4,"M",2,"White","Middle",4,0,0,0,0,0,0,0,0,0,4,1,FALSE,0
"17592",5,"F",2,"White","Middle",4,0,0,0,NA,NA,NA,NA,NA,0,3,1,NA,0
"17593",6,"M",3,"White","Middle",4,0,0,0,0,0,0,0,0,0,4,NA,FALSE,0
"17594",6,"F",3,"Hispanic","Middle",3,1,0,0,NA,NA,NA,NA,NA,1,2,NA,TRUE,1
"17595",5,"F",3,"White","Middle",4,0,0,0,0,0,0,0,0,0,2,NA,FALSE,1
"17596",5,"M",3,"White","Middle",4,0,0,0,0,0,0,0,0,0,4,1,FALSE,0
"17597",6,"M",3,"White","Middle",4,0,0,0,0,0,0,0,0,0,4,1,FALSE,0
"17598",5,"F",3,"White","Middle",4,0,0,0,0,0,0,0,0,0,4,NA,FALSE,0
"17599",5,"F",3,"White","Middle",4,0,0,0,0,0,0,0,0,0,4,1,FALSE,0
"17600",6,"M",3,"Asian","Middle",3,1,0,0,0,0,0,0,0,1,1,NA,TRUE,1
"17601",5,"M",3,"Hispanic","Middle",4,0,0,0,0,0,0,0,0,0,4,NA,FALSE,0
"17602",6,"F",3,"Hispanic","Middle",4,0,0,0,0,0,0,0,0,0,4,1,FALSE,0
"17603",6,"F",3,"White","Middle",4,0,0,0,0,0,0,0,0,0,4,NA,FALSE,0
"17604",5,"M",3,"White","Middle",4,0,0,0,0,0,0,0,0,0,4,1,FALSE,0
"17605",6,"M",3,"White","Middle",4,0,0,0,0,0,0,0,0,0,4,1,FALSE,0
"17606",5,"M",3,"White","Middle",4,0,0,0,0,0,0,0,0,0,2,NA,FALSE,1
"17607",6,"M",3,"White","Middle",4,0,0,0,0,0,0,0,0,0,4,1,FALSE,0
"17608",5,"F",3,"White","Middle",4,0,0,0,0,0,0,0,0,0,3,1,FALSE,0
"17609",6,"M",3,"White","Middle",4,0,0,0,0,0,0,0,0,0,4,1,FALSE,0
"17610",6,"M",3,"White","Middle",4,0,0,0,0,0,0,0,0,0,4,1,FALSE,0
"17611",6,"F",3,"Hispanic","Middle",4,0,0,0,0,0,0,0,0,0,4,1,FALSE,0
"17612",5,"M",3,"White","Middle",4,0,0,0,0,0,0,0,0,0,4,NA,FALSE,0
"17613",5,"F",3,"White","Middle",4,0,0,0,0,0,0,0,0,0,4,NA,FALSE,0
"17614",6,"M",3,"White","Middle",4,0,0,0,0,0,0,0,0,0,4,1,FALSE,0
"17615",6,"F",3,"Asian","Middle",4,0,0,0,0,0,0,0,0,0,4,1,FALSE,0
"17616",6,"M",3,"White","Middle",4,0,0,0,0,0,0,0,0,0,4,1,FALSE,0
"17617",6,"F",3,"White","Middle",4,0,0,0,0,0,0,0,0,0,4,1,FALSE,0
"17618",6,"M",3,"White","Middle",4,0,0,0,0,0,0,0,0,0,4,1,FALSE,0
"17619",6,"F",3,"Hispanic","Middle",4,0,0,0,0,0,0,0,0,1,1,NA,TRUE,1
"17620",5,"M",3,"White","Middle",4,0,0,0,0,0,0,0,0,0,4,NA,FALSE,0
"17621",5,"F",3,"White","Middle",4,0,0,0,0,0,0,0,0,0,4,1,FALSE,0
"17622",6,"F",3,"Hispanic","Middle",4,0,0,0,0,0,0,0,0,0,4,1,FALSE,0
"17623",6,"F",3,"White","Middle",4,0,0,0,0,0,0,0,0,0,2,NA,FALSE,1
"17624",5,"M",3,"White","Middle",4,0,0,0,0,0,0,0,0,0,4,1,FALSE,0
"17625",6,"F",3,"White","Middle",4,0,0,0,0,0,0,0,0,0,4,1,FALSE,0
"17626",6,"M",3,"White","Middle",4,0,0,0,0,0,0,0,0,0,4,NA,FALSE,0
"17627",6,"M",3,"White","Middle",4,0,0,0,0,0,0,0,0,0,4,1,FALSE,0
"17628",5,"F",3,"Asian","Middle",4,0,0,0,0,0,0,0,0,0,2,1,FALSE,1
"17629",6,"M",3,"Asian","Middle",4,0,0,0,0,0,0,0,0,1,1,NA,TRUE,1
"17630",5,"M",3,"White","Middle",4,0,0,0,0,0,0,0,0,0,4,1,FALSE,0
"17631",6,"M",3,"White","Middle",4,0,0,0,0,0,0,0,0,0,4,1,FALSE,0
"17632",6,"F",3,"White","Middle",4,0,0,0,0,0,0,0,0,0,4,1,FALSE,0
"17633",6,"M",3,"White","Middle",4,0,0,0,0,0,0,0,0,0,4,1,FALSE,0
"17634",6,"F",3,"Hispanic","Middle",4,0,0,0,0,0,0,0,0,0,4,NA,FALSE,0
"17635",6,"M",3,"White","Middle",3,0,0,0,0,0,0,0,0,0,3,1,FALSE,0
"17636",5,"M",3,"Hispanic","Middle",4,0,0,0,0,0,0,0,0,0,1,NA,FALSE,1
"17637",6,"M",3,"Asian","Middle",4,0,0,0,0,0,0,0,0,0,4,1,FALSE,0
"17638",5,"M",2,"Asian","Middle",4,0,0,0,0,0,0,0,0,0,4,NA,FALSE,0
"17639",5,"M",2,NA,"Middle",4,0,0,0,0,0,0,0,0,0,4,1,FALSE,0
"17640",4,"M",2,"White","Middle",2,0,0,0,NA,NA,NA,NA,NA,0,1,NA,NA,1
"17641",4,"M",2,"Hispanic","Middle",4,0,0,0,0,0,0,0,0,0,3,NA,FALSE,0
"17642",4,"M",2,"White","Middle",4,0,0,0,0,0,0,0,0,0,4,1,FALSE,0
"17643",5,"F",2,"White","Middle",3,0,0,0,0,0,0,0,0,0,3,1,FALSE,0
"17644",5,"F",2,"White","Middle",4,0,0,0,0,0,0,0,0,0,4,1,FALSE,0
"17645",5,"M",2,"White","Middle",3,0,0,0,NA,NA,NA,NA,NA,0,2,NA,NA,1
"17646",5,"M",2,"Hispanic","Middle",3,0,0,0,0,0,0,0,0,0,3,1,FALSE,0
"17647",5,"M",2,"White","Middle",4,0,0,0,0,0,0,0,0,0,4,1,FALSE,0
"17648",5,"F",2,"Hispanic","Middle",4,0,0,0,0,0,0,0,0,0,1,NA,FALSE,1
"17649",5,"F",2,NA,"Middle",4,0,0,0,0,0,0,0,0,0,4,1,FALSE,0
"17650",5,"F",2,"White","Middle",4,0,0,0,NA,NA,NA,NA,NA,0,4,1,NA,0
"17651",5,"F",2,"Hispanic","Middle",4,0,0,0,0,0,0,0,0,0,4,NA,FALSE,0
"17652",5,"F",2,"AI/AN","Middle",3,1,0,0,0,0,0,0,0,1,1,NA,TRUE,1
"17653",5,"F",2,"White","Middle",4,0,0,0,0,0,0,0,0,0,3,1,FALSE,0
"17654",5,"F",2,"Asian","Middle",4,NA,NA,NA,NA,NA,NA,NA,NA,NA,3,NA,NA,0
"17655",5,"M",2,"Asian","Middle",4,0,0,0,0,0,0,0,0,0,4,NA,FALSE,0
"17656",5,"M",2,"Asian","Middle",4,0,0,0,0,0,0,0,0,0,4,1,FALSE,0
"17657",4,"M",2,"White","Middle",4,0,0,0,0,0,0,0,0,0,4,1,FALSE,0
"17658",5,"M",2,"White","Middle",4,0,0,0,0,0,0,0,0,0,4,1,FALSE,0
"17659",5,"M",2,"Asian","Middle",4,0,0,0,0,0,0,0,0,0,4,1,FALSE,0
"17660",5,"M",2,"Asian","Middle",3,0,0,0,0,0,0,0,0,0,4,NA,FALSE,0
"17661",4,"F",2,"White","Middle",4,0,0,0,0,0,0,0,0,0,4,NA,FALSE,0
"17662",6,"F",3,"Asian","Middle",4,NA,0,0,0,0,0,0,0,0,3,1,NA,0
"17663",6,"M",3,"White","Middle",4,0,0,0,0,0,0,0,0,0,4,1,FALSE,0
"17664",6,"M",3,"Black","Middle",3,0,0,0,0,0,0,0,0,0,2,NA,FALSE,1
"17665",5,"F",3,"Hispanic","Middle",4,0,0,0,0,0,0,0,0,0,4,1,FALSE,0
"17666",4,"F",1,"NHOPI","Middle",4,NA,0,0,0,0,0,0,0,0,3,NA,NA,0
"17667",4,"F",1,"White","Middle",4,0,0,0,0,0,0,0,0,0,4,1,FALSE,0
"17668",3,"F",1,"White","Middle",4,0,0,0,0,0,0,0,0,0,4,NA,FALSE,0
"17669",4,"M",1,NA,"Middle",4,0,0,0,0,0,0,0,0,0,4,NA,FALSE,0
"17670",4,"F",1,"White","Middle",4,0,0,0,0,0,0,0,0,0,4,1,FALSE,0
"17671",NA,NA,NA,NA,NA,4,NA,0,0,0,0,0,0,0,0,3,NA,NA,0
"17672",4,"M",1,NA,"Middle",4,0,0,0,0,0,0,0,0,0,4,1,FALSE,0
"17673",3,"M",1,"White","Middle",4,0,0,0,0,0,0,0,0,0,3,NA,FALSE,0
"17674",4,"M",1,"White","Middle",3,0,0,0,0,0,0,0,0,0,4,1,FALSE,0
"17675",4,"F",1,"Asian","Middle",4,0,0,0,0,0,0,0,0,0,4,1,FALSE,0
"17676",4,"M",1,"White","Middle",4,0,0,0,0,0,0,0,0,0,4,1,FALSE,0
"17677",3,"M",1,"Asian","Middle",3,0,0,0,0,0,0,0,0,0,4,NA,FALSE,0
"17678",3,"F",1,"Asian","Middle",4,0,0,0,0,0,0,0,0,0,4,1,FALSE,0
"17679",3,"F",1,"Asian","Middle",3,0,0,0,0,0,0,0,0,0,3,1,FALSE,0
"17680",4,"M",1,"White","Middle",4,0,0,0,0,0,0,0,0,0,4,NA,FALSE,0
"17681",4,"M",1,"White","Middle",4,0,0,0,0,0,0,0,0,0,4,NA,FALSE,0
"17682",4,"F",1,"Asian","Middle",4,0,0,0,0,0,0,0,0,0,2,1,FALSE,1
"17683",4,"M",1,NA,"Middle",4,0,0,0,0,0,0,0,0,0,3,1,FALSE,0
"17684",4,"M",1,"White","Middle",4,0,0,0,0,0,0,0,0,0,4,NA,FALSE,0
"17685",4,"F",1,"Asian","Middle",4,0,0,0,0,0,0,0,0,0,4,1,FALSE,0
"17686",4,"M",1,"Asian","Middle",4,0,0,0,0,0,0,0,0,0,4,NA,FALSE,0
"17687",3,"F",1,"AI/AN","Middle",4,0,0,0,0,0,0,0,0,0,4,1,FALSE,0
"17688",4,"M",1,"Hispanic","Middle",4,0,0,0,0,0,0,0,0,0,3,1,FALSE,0
"17689",3,"M",1,"White","Middle",NA,0,0,0,0,0,0,0,0,0,3,NA,FALSE,0
"17690",3,"F",1,"White","Middle",4,0,0,0,0,0,0,0,0,0,4,NA,FALSE,0
"17691",4,"M",1,"Hispanic","Middle",4,0,0,0,0,0,0,0,0,0,4,1,FALSE,0
"17692",4,"F",1,"White","Middle",4,0,0,0,0,0,0,0,0,0,1,NA,FALSE,1
"17693",4,"M",1,NA,"Middle",4,0,0,0,0,0,0,0,0,0,4,1,FALSE,0
"17694",4,"M",1,"Hispanic","Middle",4,0,0,0,0,0,0,0,0,0,3,1,FALSE,0
"17695",4,"F",1,"White","Middle",4,0,0,0,0,0,0,0,0,0,4,1,FALSE,0
"17696",4,"M",1,"White","Middle",NA,0,0,0,0,0,0,0,0,0,4,NA,FALSE,0
"17697",3,"M",1,"White","Middle",4,0,0,0,0,0,0,0,0,0,4,1,FALSE,0
"17698",4,"M",1,"Black","Middle",4,0,0,0,0,0,0,0,0,0,4,1,FALSE,0
"17699",4,"F",1,"White","Middle",4,0,0,0,0,0,0,0,0,0,4,1,FALSE,0
"17700",4,"M",1,"White","Middle",4,0,0,0,0,0,0,0,0,0,4,NA,FALSE,0
"17701",4,"F",1,"White","Middle",4,0,0,0,0,0,0,0,0,0,3,NA,FALSE,0
"17702",3,"F",1,"White","Middle",4,0,0,0,0,0,0,0,0,0,4,NA,FALSE,0
"17703",4,"M",1,"AI/AN","Middle",4,0,0,0,0,0,0,0,0,0,3,NA,FALSE,0
"17704",4,"F",1,"Hispanic","Middle",4,0,0,0,0,0,0,0,0,0,4,1,FALSE,0
"17705",3,"M",1,"White","Middle",4,0,0,0,0,0,0,0,0,0,4,NA,FALSE,0
"17706",4,"F",1,"White","Middle",4,0,0,0,0,0,0,0,0,0,4,1,FALSE,0
"17707",3,"M",1,"White","Middle",4,0,0,0,0,0,0,0,0,0,1,1,FALSE,1
"17708",4,"F",1,"Asian","Middle",4,0,0,0,0,0,0,0,0,0,4,1,FALSE,0
"17709",4,"F",1,"White","Middle",4,0,0,0,0,0,0,0,0,0,4,1,FALSE,0
"17710",4,"F",1,"Asian","Middle",4,0,0,0,0,0,0,0,0,0,4,NA,FALSE,0
"17711",3,"M",1,"Hispanic","Middle",4,0,0,0,0,0,0,0,0,0,4,NA,FALSE,0
